0 8 1 0 att0
1 8 0 0 att1
2 8 0 0 att2
3 8 0 0 att3
4 8 0 0 att4
5 8 0 0 att5
6 8 0 0 att6
7 8 0 0 att7
8 8 0 0 att8
9 8 0 0 att9
10 8 0 0 att10
11 8 0 0 att11
12 8 0 0 att12
13 8 0 0 att13
14 8 0 0 att14
15 8 0 0 att15
16 8 0 0 att16
17 8 0 0 att17
18 8 0 0 att18
19 8 0 0 att19
20 8 0 0 att20
21 8 0 0 att21
22 8 0 0 att22
23 8 0 0 att23
24 8 0 0 att24
25 8 0 0 att25
26 8 0 0 att26
27 8 0 0 att27
28 8 0 0 att28
29 8 0 0 att29
30 8 0 0 att30
31 8 0 0 att31
32 8 0 0 att32
33 8 0 0 att33
34 8 0 0 att34
35 8 0 0 att35
36 8 0 0 att36
37 8 0 0 att37
38 8 0 0 att38
39 8 0 0 att39
40 8 0 0 att40
41 8 0 0 att41
42 8 0 0 att42
43 8 0 0 att43
44 8 0 0 att44
45 8 0 0 att45
46 8 0 0 att46
47 8 0 0 att47
48 8 0 0 att48
49 8 0 0 att49
50 8 0 0 att50
51 8 0 0 att51
52 8 0 0 att52
53 8 0 0 att53
54 8 0 0 att54
55 8 0 0 att55
56 8 0 0 att56
57 8 0 0 att57
58 8 0 0 att58
59 8 0 0 att59
60 8 0 0 att60
61 8 0 0 att61
62 8 0 0 att62
63 8 0 0 att63
64 8 0 0 att64
65 8 0 0 att65
66 8 0 0 att66
67 8 0 0 att67
68 8 0 0 att68
69 8 0 0 att69
70 8 0 0 att70
71 8 0 0 att71
72 8 0 0 att72
73 8 0 0 att73
74 8 0 0 att74
75 8 0 0 att75
76 8 0 0 att76
77 8 0 0 att77
78 8 0 0 att78
79 8 0 0 att79
80 8 1 0 att80
81 8 0 0 att81
82 8 0 0 att82
83 8 0 0 att83
84 8 0 0 att84
85 8 0 0 att85
86 8 0 0 att86
87 8 0 0 att87
88 8 0 0 att88
89 8 0 0 att89
90 8 0 0 att90
91 8 0 0 att91
92 8 0 0 att92
93 8 0 0 att93
94 8 0 0 att94
95 8 0 0 att95
96 8 0 0 att96
97 8 0 0 att97
98 8 0 0 att98
99 8 0 0 att99
