"Dstat 0.7.2 CSV output"
"Author:","Dag Wieers <dag@wieers.com>",,,,"URL:","http://dag.wieers.com/home-made/dstat/"
"Host:","osd0.skyhook16osds.skyhook-pg0.wisc.cloudlab.us",,,,"User:","jlefevre"
"Cmdline:","dstat -av --epoch --integer --noheaders --output dstat-osd0.log 5",,,,"Date:","24 Apr 2017 21:15:42 CDT"

"total cpu usage",,,,,,"dsk/total",,"net/total",,"paging",,"system",,"procs",,,"memory usage",,,,"paging",,"dsk/total",,"system",,"total cpu usage",,,,,,"epoch"
"usr","sys","idl","wai","hiq","siq","read","writ","recv","send","in","out","int","csw","run","blk","new","used","buff","cach","free","in","out","read","writ","int","csw","usr","sys","idl","wai","hiq","siq","epoch"
0.025,0.020,99.945,0.010,0.0,0.0,0.0,4915.200,4328.600,6275.0,0.0,0.0,171.600,191.200,0.0,0.0,0.0,2279145472.0,1560576.0,216555520.0,1.66282932224e+11,0.0,0.0,0.0,4915.200,171.600,191.600,0.025,0.020,99.945,0.010,0.0,0.0,1493093427.876,
0.060,0.115,99.540,0.285,0.0,0.0,31025561.600,13926.400,36941.400,22221993.600,0.0,0.0,1214.400,802.800,0.0,0.600,0.0,2332790784.0,1576960.0,371580928.0,1.6607424512e+11,0.0,0.0,31025561.600,13926.400,1218.400,802.600,0.060,0.110,99.545,0.285,0.0,0.0,1493093432.876,
0.050,0.125,99.675,0.145,0.0,0.005,38632652.800,9830.400,71638.200,46120638.200,0.0,0.0,2426.400,942.600,0.400,0.200,0.0,2299502592.0,1585152.0,565018624.0,1.65914087424e+11,0.0,0.0,38842368.0,9830.400,2424.0,944.200,0.050,0.130,99.670,0.145,0.0,0.005,1493093437.876,
0.080,0.175,99.460,0.275,0.0,0.010,54444032.0,7372.800,82299.0,55889239.600,0.0,0.0,3027.0,1247.400,0.200,0.0,0.400,2300911616.0,1601536.0,837525504.0,1.65640155136e+11,0.0,0.0,54234316.800,7372.800,3025.600,1245.600,0.080,0.170,99.465,0.275,0.0,0.010,1493093442.876,
0.070,0.165,99.595,0.170,0.0,0.0,50772377.600,8192.0,78111.800,53173170.400,0.0,0.0,2774.600,1200.800,0.0,0.200,0.800,2299637760.0,1609728.0,1090179072.0,1.65388767232e+11,0.0,0.0,50772377.600,8192.0,2775.0,1200.800,0.070,0.165,99.595,0.170,0.0,0.0,1493093447.876,
0.095,0.235,99.365,0.300,0.0,0.005,67692134.400,2457.600,72778.600,50801558.0,0.0,0.0,2792.600,1447.200,0.200,0.0,0.0,2404081664.0,1617920.0,1427349504.0,1.64947144704e+11,0.0,0.0,67692134.400,2457.600,2795.400,1447.200,0.095,0.235,99.365,0.300,0.0,0.005,1493093452.876,
0.070,0.180,99.580,0.165,0.0,0.005,50203033.600,8192.0,116993.800,73054904.400,0.0,0.0,3888.0,1187.200,0.0,0.200,0.0,2300321792.0,1626112.0,1680801792.0,1.64797444096e+11,0.0,0.0,50412748.800,8192.0,3886.0,1189.800,0.070,0.180,99.580,0.165,0.0,0.005,1493093457.876,
0.085,0.195,99.535,0.180,0.0,0.005,56976179.200,7372.800,79555.400,64234269.0,0.0,0.0,2948.200,1314.400,0.0,0.0,0.400,2275975168.0,1642496.0,1964171264.0,1.64538404864e+11,0.0,0.0,56766464.0,7372.800,2950.0,1312.0,0.085,0.195,99.535,0.180,0.0,0.005,1493093462.876,
0.075,0.155,99.595,0.170,0.0,0.005,45153484.800,9011.200,68075.800,47419311.0,0.0,0.0,2415.600,1008.200,0.200,0.400,0.200,2273185792.0,1650688.0,2190880768.0,1.64314476544e+11,0.0,0.0,45153484.800,9011.200,2413.0,1008.0,0.075,0.160,99.590,0.170,0.0,0.005,1493093467.876,
0.065,0.140,99.645,0.150,0.0,0.0,39487078.400,9830.400,46976.400,30143874.400,0.0,0.0,1784.800,964.600,0.0,0.0,0.800,2334371840.0,1667072.0,2388000768.0,1.64056154112e+11,0.0,0.0,39487078.400,9830.400,1784.400,964.600,0.065,0.140,99.645,0.150,0.0,0.0,1493093472.876,
0.080,0.245,99.380,0.285,0.0,0.010,67692134.400,4915.200,94725.0,67777646.800,0.0,0.0,3550.400,1409.600,0.0,0.200,0.0,2347847680.0,1675264.0,2727006208.0,1.6370366464e+11,0.0,0.0,67692134.400,4915.200,3550.400,1409.600,0.080,0.240,99.385,0.285,0.0,0.010,1493093477.876,
0.085,0.220,99.440,0.245,0.0,0.010,59230617.600,8192.0,108541.0,72103372.400,0.0,0.0,3751.0,1326.200,0.0,0.200,0.400,2306064384.0,1683456.0,3022446592.0,1.6344999936e+11,0.0,0.0,59230617.600,8192.0,3751.600,1326.600,0.085,0.220,99.440,0.245,0.0,0.010,1493093482.876,
0.075,0.255,99.405,0.260,0.0,0.005,67692134.400,10649.600,75712.600,56083295.800,0.0,0.0,2920.800,1432.600,0.0,0.0,0.0,2381910016.0,1699840.0,3361038336.0,1.630355456e+11,0.0,0.0,67692134.400,10649.600,2924.400,1432.200,0.075,0.260,99.400,0.260,0.0,0.005,1493093487.876,
0.075,0.210,99.455,0.255,0.0,0.005,53589606.400,8192.0,95091.600,63786029.600,0.0,0.0,3276.600,1213.800,0.0,0.0,0.0,2336952320.0,1708032.0,3629543424.0,1.62811990016e+11,0.0,0.0,53589606.400,8192.0,3272.800,1213.800,0.075,0.205,99.460,0.255,0.0,0.005,1493093492.876,
0.095,0.215,99.475,0.215,0.0,0.0,62208409.600,7372.800,95525.800,65073398.600,0.0,0.0,3403.200,1348.200,0.0,0.200,0.800,2338025472.0,1724416.0,3940700160.0,1.62499743744e+11,0.0,0.0,62418124.800,7372.800,3404.200,1351.0,0.095,0.215,99.470,0.220,0.0,0.0,1493093497.876,
0.060,0.155,99.665,0.120,0.0,0.0,44970803.200,9830.400,81062.0,58427817.600,0.0,0.0,2792.200,1031.200,0.200,0.0,0.400,2280275968.0,1732608.0,4164030464.0,1.62334154752e+11,0.0,0.0,44761088.0,9830.400,2790.800,1028.400,0.060,0.155,99.670,0.115,0.0,0.0,1493093502.876,
0.070,0.215,99.485,0.220,0.0,0.010,62051123.200,3276.800,93146.400,62317090.800,0.0,0.0,3279.400,1328.800,0.0,0.0,0.0,2296741888.0,1740800.0,4474290176.0,1.62007420928e+11,0.0,0.0,62051123.200,3276.800,3279.400,1328.800,0.070,0.215,99.485,0.220,0.0,0.010,1493093507.876,
0.060,0.135,99.670,0.135,0.0,0.0,39487078.400,13107.200,58933.200,39023659.200,0.0,0.0,2079.0,994.600,0.0,0.0,0.0,2310995968.0,1757184.0,4673568768.0,1.61793871872e+11,0.0,0.0,39487078.400,13107.200,2079.0,994.600,0.060,0.135,99.670,0.135,0.0,0.0,1493093512.876,
0.085,0.275,99.415,0.225,0.0,0.0,76153651.200,8192.0,82070.600,72341716.400,0.0,0.0,3061.600,1559.400,0.400,0.200,0.0,2341994496.0,1765376.0,5053489152.0,1.61382944768e+11,0.0,0.0,76153651.200,8192.0,3070.200,1560.200,0.085,0.280,99.410,0.225,0.0,0.0,1493093517.876,
0.080,0.160,99.550,0.205,0.0,0.005,56410112.0,10649.600,72523.200,51361122.0,0.0,0.0,2122.0,1249.400,0.200,0.0,1.200,2383863808.0,1781760.0,5337055232.0,1.61057492992e+11,0.0,0.0,56567398.400,10649.600,2114.800,1250.600,0.080,0.155,99.555,0.205,0.0,0.005,1493093522.876,
0.060,0.185,99.545,0.210,0.0,0.0,53442969.600,4915.200,97100.0,71370237.800,0.0,0.0,2585.400,1147.200,0.0,0.200,0.0,2312499200.0,1789952.0,5603155968.0,1.60862748672e+11,0.0,0.0,53432320.0,4915.200,2587.200,1146.0,0.065,0.190,99.535,0.210,0.0,0.0,1493093527.876,
0.080,0.200,99.515,0.200,0.0,0.005,56556748.800,7372.800,93006.600,63739034.400,0.0,0.0,3135.0,1308.200,0.0,0.400,0.0,2283220992.0,1806336.0,5885943808.0,1.60609222656e+11,0.0,0.0,56410112.0,7372.800,3132.0,1307.400,0.075,0.200,99.520,0.200,0.0,0.005,1493093532.876,
0.070,0.155,99.595,0.180,0.0,0.0,50769100.800,12288.0,65639.400,50583061.0,0.0,0.0,2485.0,1153.0,0.0,0.200,0.0,2302640128.0,1814528.0,6139932672.0,1.60335806464e+11,0.0,0.0,50769100.800,12288.0,2485.400,1155.800,0.070,0.150,99.600,0.180,0.0,0.0,1493093537.876,
0.055,0.110,99.710,0.120,0.0,0.005,33846067.200,4915.200,42348.600,35407667.200,0.0,0.0,1685.600,867.600,0.200,0.0,0.400,2302144512.0,1822720.0,6309945344.0,1.60166281216e+11,0.0,0.0,33950924.800,4915.200,1686.200,867.0,0.055,0.115,99.705,0.120,0.0,0.005,1493093542.876,
0.075,0.205,99.480,0.235,0.0,0.005,64871628.800,13107.200,98178.800,68334013.800,0.0,0.0,3412.200,1397.0,0.0,0.0,0.0,2296721408.0,1839104.0,6632214528.0,1.59849418752e+11,0.0,0.0,64766771.200,13107.200,3411.200,1395.200,0.075,0.205,99.479,0.235,0.0,0.005,1493093547.876,
0.110,0.285,99.370,0.235,0.0,0.0,80547020.800,8192.0,97297.800,79158958.800,0.0,0.0,3573.400,1624.400,0.200,0.200,0.800,2322866176.0,1847296.0,7034916864.0,1.59420563456e+11,0.0,0.0,80730521.600,8192.0,3574.600,1627.400,0.110,0.280,99.374,0.235,0.0,0.0,1493093552.876,
0.055,0.105,99.760,0.075,0.0,0.005,32273203.200,5734.400,45183.400,36159415.0,0.0,0.0,1688.0,772.400,0.0,0.0,0.0,2316300288.0,1863680.0,7195529216.0,1.59266500608e+11,0.0,0.0,32089702.400,5734.400,1686.800,769.400,0.055,0.110,99.755,0.075,0.0,0.005,1493093557.876,
0.060,0.195,99.600,0.140,0.0,0.005,53589606.400,4915.200,80096.200,55512932.400,0.0,0.0,2939.200,1189.800,0.0,0.200,0.0,2315128832.0,1871872.0,7464554496.0,1.58998638592e+11,0.0,0.0,53589606.400,4915.200,2939.200,1189.800,0.060,0.190,99.605,0.140,0.0,0.005,1493093562.876,
0.060,0.135,99.710,0.090,0.0,0.005,39487078.400,10649.600,49750.600,37387558.800,0.0,0.0,1967.200,948.400,0.600,0.0,0.400,2330877952.0,1888256.0,7662637056.0,1.58784790528e+11,0.0,0.0,39487078.400,10649.600,1971.400,948.400,0.065,0.135,99.705,0.090,0.0,0.005,1493093567.876,
0.075,0.220,99.520,0.185,0.0,0.0,56410112.0,9830.400,97288.400,64704061.0,0.0,0.0,3454.0,1302.800,0.0,0.400,0.0,2314530816.0,1896448.0,7944704000.0,1.58519062528e+11,0.0,0.0,56410112.0,9830.400,3450.0,1302.800,0.070,0.220,99.525,0.185,0.0,0.0,1493093572.876,
0.035,0.065,99.860,0.035,0.0,0.005,14102528.0,3276.800,26402.400,18323618.400,0.0,0.0,1007.800,498.800,0.0,0.0,0.800,2283663360.0,1904640.0,8015470592.0,1.584791552e+11,0.0,0.0,14102528.0,3276.800,1007.400,498.800,0.035,0.070,99.855,0.035,0.0,0.005,1493093577.876,
0.020,0.025,99.945,0.010,0.0,0.0,0.0,13107.200,4824.200,6441.600,0.0,0.0,206.600,225.600,0.0,0.0,0.200,2287968256.0,1921024.0,8015470592.0,1.5847483392e+11,0.0,0.0,0.0,13107.200,206.600,225.600,0.020,0.020,99.950,0.010,0.0,0.0,1493093582.876,
