"Dstat 0.7.2 CSV output"
"Author:","Dag Wieers <dag@wieers.com>",,,,"URL:","http://dag.wieers.com/home-made/dstat/"
"Host:","client0.skyhook16osds.skyhook-pg0.wisc.cloudlab.us",,,,"User:","jlefevre"
"Cmdline:","dstat -av --epoch --integer --noheaders --output dstat-client0.log 5",,,,"Date:","24 Apr 2017 21:15:41 CDT"

"total cpu usage",,,,,,"dsk/total",,"net/total",,"paging",,"system",,"procs",,,"memory usage",,,,"paging",,"dsk/total",,"system",,"total cpu usage",,,,,,"epoch"
"usr","sys","idl","wai","hiq","siq","read","writ","recv","send","in","out","int","csw","run","blk","new","used","buff","cach","free","in","out","read","writ","int","csw","usr","sys","idl","wai","hiq","siq","epoch"
0.065,0.030,99.900,0.0,0.0,0.005,0.0,49971.200,59724.800,5847.600,0.0,0.0,543.400,7042.600,0.0,0.0,0.400,5054472192.0,242601984.0,1.61749180416e+11,1733939200.0,0.0,0.0,0.0,49971.200,543.600,7042.600,0.070,0.030,99.895,0.0,0.0,0.005,1493092691.510,
2.594,2.599,94.418,0.101,0.0,0.288,0.0,130252.800,758454726.400,1199432.200,0.0,0.0,29425.800,67702.400,2.200,0.0,5.0,5317505024.0,242610176.0,1.61749385216e+11,1470693376.0,0.0,0.0,0.0,130252.800,29442.0,67707.600,2.599,2.599,94.413,0.101,0.0,0.288,1493092696.510,
3.977,3.921,91.563,0.173,0.0,0.366,0.0,200704.0,1171649980.800,1846772.800,0.0,0.0,40608.800,112799.0,3.200,0.0,0.400,5345861632.0,242618368.0,1.6174972928e+11,1441984512.0,0.0,0.0,0.0,200704.0,40616.400,112843.800,3.972,3.921,91.568,0.173,0.0,0.366,1493092701.510,
3.966,3.946,91.641,0.168,0.0,0.280,0.0,206438.400,1175690416.400,1810361.200,0.0,0.0,39954.600,131903.0,2.400,0.200,0.400,5332942848.0,242630656.0,1.61750016e+11,1454604288.0,0.0,0.0,0.0,206438.400,39953.400,131915.800,3.960,3.950,91.642,0.168,0.0,0.280,1493092706.510,
3.568,4.126,91.825,0.203,0.0,0.279,0.0,199065.600,1083832883.600,1611351.600,0.0,0.0,34847.400,103748.800,2.600,0.0,0.800,5334433792.0,242638848.0,1.61741860864e+11,1461260288.0,0.0,0.0,0.0,199065.600,34841.0,103720.0,3.574,4.126,91.819,0.203,0.0,0.279,1493092711.510,
3.601,4.149,91.854,0.168,0.0,0.229,0.0,208076.800,1102703186.800,1674251.400,0.0,0.0,33895.800,86467.0,3.400,0.0,0.0,5355429888.0,242647040.0,1.61742184448e+11,1439932416.0,0.0,0.0,0.0,208076.800,33888.600,86436.800,3.601,4.149,91.854,0.168,0.0,0.229,1493092716.509,
3.674,4.080,91.820,0.163,0.0,0.264,0.0,181043.200,1120440389.800,1724267.0,0.0,0.0,34507.200,94792.200,3.0,0.200,0.400,5363785728.0,242651136.0,1.61742475264e+11,1431281664.0,0.0,0.0,0.0,181043.200,34515.0,94862.600,3.674,4.076,91.823,0.163,0.0,0.264,1493092721.510,
3.475,4.088,91.996,0.213,0.0,0.228,0.0,258867.200,1104070476.600,1700481.200,0.0,0.0,33843.800,85208.0,2.800,0.0,0.0,5357379584.0,242663424.0,1.61742852096e+11,1437298688.0,0.0,0.0,0.0,258867.200,33832.0,85134.200,3.470,4.094,91.995,0.213,0.0,0.228,1493092726.510,
3.367,4.163,92.054,0.142,0.0,0.274,0.0,192512.0,1068540265.600,1584138.0,0.0,0.0,32313.600,70725.400,3.0,0.200,0.800,5379362816.0,242671616.0,1.61743147008e+11,1415012352.0,0.0,0.0,0.0,192512.0,32323.600,70760.400,3.371,4.157,92.051,0.147,0.0,0.274,1493092731.510,
3.509,3.900,92.068,0.198,0.0,0.325,0.0,216268.800,1114400270.400,1720476.400,0.0,0.0,34831.0,86516.400,2.400,0.0,0.400,5346443264.0,242688000.0,1.61743519744e+11,1447542784.0,0.0,0.0,0.0,216268.800,34827.600,86485.400,3.510,3.906,92.067,0.193,0.0,0.325,1493092736.510,
2.975,4.071,92.394,0.141,0.0,0.419,0.0,217088.0,1028383300.800,1602765.600,0.0,0.0,31879.0,67166.600,2.600,0.0,0.400,5316063232.0,242696192.0,1.61743847424e+11,1477586944.0,0.0,0.0,0.0,217088.0,31888.600,67199.400,2.974,4.065,92.401,0.141,0.0,0.419,1493092741.510,
2.687,4.205,92.689,0.096,0.0,0.324,0.0,188416.0,992870701.400,1443339.0,0.0,0.0,30814.600,52348.400,2.800,0.200,0.800,5366915072.0,242704384.0,1.61744109568e+11,1426464768.0,0.0,0.0,0.0,188416.0,30811.400,52325.800,2.686,4.204,92.689,0.096,0.0,0.324,1493092746.510,
3.089,4.053,92.421,0.137,0.0,0.299,0.0,208896.0,1075874455.600,1565577.800,0.0,0.0,32676.200,55485.0,3.200,0.0,0.400,5346545664.0,242704384.0,1.61744453632e+11,1446490112.0,0.0,0.0,0.0,208896.0,32677.400,55480.800,3.089,4.064,92.411,0.137,0.0,0.299,1493092751.510,
3.011,4.055,92.361,0.218,0.0,0.355,0.0,229376.0,1096339264.800,1634030.200,0.0,0.0,33115.400,59656.200,2.800,0.0,0.800,5343444992.0,242720768.0,1.61744760832e+11,1449267200.0,0.0,0.0,0.0,229376.0,33110.600,59650.600,3.012,4.046,92.369,0.218,0.0,0.355,1493092756.510,
3.312,4.018,92.273,0.117,0.0,0.279,0.0,208076.800,1128810196.400,1719777.400,0.0,0.0,34508.200,80115.600,3.600,0.200,0.400,5337440256.0,242720768.0,1.61745129472e+11,1454903296.0,0.0,0.0,0.0,208076.800,34502.800,80114.400,3.317,4.023,92.265,0.117,0.0,0.279,1493092761.510,
3.433,4.200,91.965,0.173,0.0,0.229,0.0,201523.200,1128321416.400,1655896.800,0.0,0.0,33086.0,57938.800,2.800,0.0,0.0,5349896192.0,242733056.0,1.61745440768e+11,1442123776.0,0.0,0.0,0.0,201523.200,33098.800,57942.0,3.422,4.199,91.978,0.173,0.0,0.228,1493092766.510,
3.255,4.127,92.106,0.147,0.0,0.365,0.0,191692.800,1093248035.600,1564961.0,0.0,0.0,32506.400,61207.200,3.400,0.200,0.400,5345968128.0,242741248.0,1.61745743872e+11,1445740544.0,0.0,0.0,0.0,191692.800,32505.200,61208.800,3.260,4.122,92.095,0.152,0.0,0.370,1493092771.510,
3.196,4.239,92.069,0.157,0.0,0.339,0.0,219545.600,1078481198.200,1543838.800,0.0,0.0,31429.800,55101.800,2.400,0.0,0.0,5334249472.0,242749440.0,1.61746116608e+11,1457078272.0,0.0,0.0,0.0,219545.600,31429.0,55165.800,3.195,4.243,92.076,0.152,0.0,0.334,1493092776.509,
3.645,3.985,91.593,0.426,0.0,0.350,0.0,5499289.600,1149907806.800,1727908.600,0.0,0.0,35259.200,84663.0,3.0,0.200,1.200,5344985088.0,242765824.0,1.61744248832e+11,1448194048.0,0.0,0.0,0.0,5499289.600,35249.200,84593.600,3.646,3.981,91.596,0.427,0.0,0.350,1493092781.509,
3.665,3.854,92.130,0.137,0.0,0.214,0.0,176947.200,1172669757.600,1860805.400,0.0,0.0,38696.800,107511.0,2.800,0.200,0.0,5350580224.0,242769920.0,1.61744596992e+11,1442246656.0,0.0,0.0,0.0,176947.200,38693.800,107512.600,3.661,3.860,92.127,0.137,0.0,0.214,1493092786.510,
3.509,4.043,92.005,0.168,0.0,0.275,0.0,228556.800,1142767902.400,1720807.200,0.0,819.200,37567.0,87123.800,3.600,0.0,0.400,5332680704.0,242786304.0,1.61736425472e+11,1468301312.0,0.0,819.200,0.0,228556.800,37571.600,87164.200,3.510,4.044,92.003,0.168,0.0,0.275,1493092791.510,
3.463,4.077,92.094,0.127,0.0,0.239,0.0,252313.600,1139624155.200,1732829.800,0.0,0.0,35398.400,75688.400,3.600,0.0,0.0,5335912448.0,242794496.0,1.61736699904e+11,1464786944.0,0.0,0.0,0.0,252313.600,35403.800,75678.200,3.467,4.076,92.092,0.127,0.0,0.239,1493092796.510,
3.143,4.157,92.279,0.142,0.0,0.279,0.0,184320.0,1089132249.600,1602262.800,0.0,0.0,32949.800,60073.800,2.800,0.200,0.800,5335310336.0,242806784.0,1.61737056256e+11,1465020416.0,0.0,0.0,0.0,184320.0,32949.0,60042.400,3.143,4.157,92.279,0.142,0.0,0.279,1493092801.510,
3.143,4.218,92.152,0.152,0.0,0.335,0.0,231014.400,1103488417.0,1616649.600,0.0,0.0,33046.400,51997.400,3.400,0.0,0.0,5354340352.0,242819072.0,1.61737433088e+11,1445601280.0,0.0,0.0,0.0,231014.400,33033.400,51994.400,3.139,4.224,92.150,0.152,0.0,0.335,1493092806.510,
2.737,4.214,92.407,0.172,0.0,0.470,0.0,222822.400,1052169730.600,1505365.0,0.0,0.0,30384.0,45869.600,3.400,0.0,0.800,5380509696.0,242823168.0,1.61737728e+11,1419132928.0,0.0,0.0,0.0,222822.400,30406.0,45884.800,2.741,4.207,92.410,0.172,0.0,0.470,1493092811.510,
3.450,4.154,91.904,0.142,0.0,0.350,0.0,190054.400,1123536355.0,1670661.800,0.0,0.0,33603.400,68677.200,2.600,0.200,0.0,5353308160.0,242835456.0,1.6173809664e+11,1445953536.0,0.0,0.0,0.0,190054.400,33590.800,68668.800,3.451,4.155,91.903,0.142,0.0,0.350,1493092816.510,
3.443,3.939,92.162,0.101,0.0,0.354,0.0,201523.200,1115293296.600,1630058.200,0.0,0.0,32922.600,75769.600,3.0,0.0,0.800,5339856896.0,242843648.0,1.61738428416e+11,1459064832.0,0.0,0.0,0.0,201523.200,32930.400,75767.800,3.443,3.939,92.162,0.101,0.0,0.354,1493092821.510,
2.110,3.226,94.316,0.131,0.0,0.217,0.0,225280.0,774610753.600,1000422.200,0.0,0.0,20658.600,31243.600,2.400,0.0,0.400,5409595392.0,242868224.0,1.61738723328e+11,1389006848.0,0.0,0.0,0.0,225280.0,20638.200,31238.600,2.111,3.222,94.319,0.131,0.0,0.217,1493092826.510,
0.321,2.357,96.766,0.416,0.0,0.140,0.0,4388454.400,179754502.600,66594.0,0.0,819.200,3929.600,8616.600,1.0,0.200,0.800,5401636864.0,242876416.0,1.61707728896e+11,1427951616.0,0.0,819.200,0.0,4388454.400,3934.400,8618.0,0.316,2.356,96.772,0.416,0.0,0.140,1493092831.510,
0.236,1.589,97.985,0.025,0.0,0.165,0.0,20480.0,123505650.0,34321.800,0.0,0.0,2779.800,8354.600,0.600,0.0,1.400,5030694912.0,242884608.0,1.61707737088e+11,1798877184.0,0.0,0.0,0.0,20480.0,2775.200,8353.200,0.241,1.589,97.980,0.025,0.0,0.165,1493092836.510,
