"Dstat 0.7.2 CSV output"
"Author:","Dag Wieers <dag@wieers.com>",,,,"URL:","http://dag.wieers.com/home-made/dstat/"
"Host:","osd1.skyhook16osds.skyhook-pg0.wisc.cloudlab.us",,,,"User:","jlefevre"
"Cmdline:","dstat -av --epoch --integer --noheaders --output dstat-osd1.log 5",,,,"Date:","24 Apr 2017 21:15:43 CDT"

"total cpu usage",,,,,,"dsk/total",,"net/total",,"paging",,"system",,"procs",,,"memory usage",,,,"paging",,"dsk/total",,"system",,"total cpu usage",,,,,,"epoch"
"usr","sys","idl","wai","hiq","siq","read","writ","recv","send","in","out","int","csw","run","blk","new","used","buff","cach","free","in","out","read","writ","int","csw","usr","sys","idl","wai","hiq","siq","epoch"
0.020,0.015,99.950,0.015,0.0,0.0,4915.200,11468.800,4076.0,6825.400,0.0,0.0,205.800,234.600,0.0,0.0,0.200,2023063552.0,4018176.0,235855872.0,1.66517256192e+11,0.0,0.0,4915.200,11468.800,205.800,234.600,0.015,0.015,99.955,0.015,0.0,0.0,1493092143.679,
0.035,0.020,99.855,0.080,0.0,0.010,267878.400,4915.200,4840.600,8074.600,0.0,0.0,365.200,391.400,0.0,0.0,1.600,2022154240.0,5132288.0,236101632.0,1.66516805632e+11,0.0,0.0,267878.400,4915.200,365.200,391.400,0.035,0.020,99.855,0.080,0.0,0.010,1493092148.679,
0.065,0.200,99.520,0.205,0.0,0.010,47948595.200,23756.800,57585.600,50236412.0,0.0,0.0,2277.200,1135.600,0.0,0.0,0.800,2015522816.0,5148672.0,475840512.0,1.66283681792e+11,0.0,0.0,47948595.200,23756.800,2277.200,1135.600,0.065,0.200,99.520,0.205,0.0,0.010,1493092153.679,
0.080,0.250,99.505,0.165,0.0,0.0,67692134.400,22937.600,102019.200,68125758.600,0.0,0.0,3630.800,1506.600,0.0,0.0,0.400,2033381376.0,5156864.0,814309376.0,1.65927346176e+11,0.0,0.0,67692134.400,22937.600,3630.800,1506.600,0.080,0.250,99.505,0.165,0.0,0.0,1493092158.679,
0.050,0.150,99.700,0.095,0.0,0.005,39490355.200,12288.0,62039.600,38359155.600,0.0,0.0,2312.200,1037.400,0.0,0.200,0.0,2046033920.0,5173248.0,1011757056.0,1.65717229568e+11,0.0,0.0,39490355.200,12288.0,2312.200,1037.400,0.055,0.150,99.695,0.095,0.0,0.005,1493092163.679,
0.055,0.190,99.605,0.150,0.0,0.0,45128089.600,14745.600,77067.400,52936674.0,0.0,0.0,2705.400,1058.400,0.0,0.200,0.400,2015887360.0,5189632.0,1237409792.0,1.65521707008e+11,0.0,0.0,45128089.600,14745.600,2705.600,1058.800,0.055,0.190,99.605,0.150,0.0,0.0,1493092168.679,
0.055,0.140,99.720,0.080,0.0,0.005,39487078.400,9011.200,43877.0,26209545.0,0.0,0.0,1823.400,1051.0,0.200,0.0,1.0,2090606592.0,5197824.0,1434845184.0,1.65249544192e+11,0.0,0.0,39487078.400,9011.200,1823.200,1050.600,0.050,0.140,99.725,0.080,0.0,0.005,1493092173.679,
0.050,0.125,99.750,0.070,0.0,0.005,25384550.400,9830.400,65819.0,41653097.0,0.0,0.0,2273.200,774.0,0.0,0.200,0.800,2015576064.0,5214208.0,1561772032.0,1.65197631488e+11,0.0,0.0,25384550.400,9830.400,2273.200,774.0,0.050,0.125,99.750,0.070,0.0,0.005,1493092178.679,
0.040,0.110,99.765,0.080,0.0,0.005,28205056.0,12288.0,38632.400,26843115.600,0.0,0.0,1555.0,825.0,0.0,0.0,0.400,2032173056.0,5230592.0,1702068224.0,1.6504072192e+11,0.0,0.0,28205056.0,12288.0,1555.0,825.0,0.040,0.110,99.765,0.080,0.0,0.005,1493092183.679,
0.060,0.160,99.700,0.075,0.0,0.005,39487078.400,13926.400,50326.800,32360459.600,0.0,0.0,1940.0,1010.400,0.0,0.0,0.0,2077655040.0,5246976.0,1899311104.0,1.64797980672e+11,0.0,0.0,39487078.400,13926.400,1945.0,1010.400,0.060,0.160,99.700,0.075,0.0,0.005,1493092188.679,
0.045,0.165,99.690,0.100,0.0,0.0,33961574.400,10649.600,62188.0,44110732.200,0.0,0.0,2181.800,883.800,0.600,0.200,0.800,2031620096.0,5255168.0,2070761472.0,1.64672557056e+11,0.0,0.0,34197504.0,10649.600,2178.200,887.0,0.045,0.165,99.685,0.105,0.0,0.0,1493092193.679,
0.040,0.090,99.800,0.065,0.0,0.005,19628032.0,6553.600,30986.200,21287198.400,0.0,0.0,1283.200,626.0,0.200,0.0,0.800,2034913280.0,5263360.0,2168193024.0,1.64571824128e+11,0.0,0.0,19392102.400,6553.600,1281.800,622.800,0.040,0.090,99.805,0.060,0.0,0.005,1493092198.679,
0.045,0.095,99.790,0.070,0.0,0.0,22564044.800,14745.600,34685.0,23267654.200,0.0,0.0,1305.0,694.200,0.400,0.0,0.400,2035113984.0,5279744.0,2281148416.0,1.64458651648e+11,0.0,0.0,22564044.800,14745.600,1305.0,694.200,0.045,0.100,99.785,0.070,0.0,0.0,1493092203.679,
0.050,0.135,99.710,0.100,0.0,0.005,28205056.0,20480.0,38208.600,32215734.800,0.0,0.0,1463.600,775.400,0.200,0.0,0.0,2018840576.0,5296128.0,2422050816.0,1.64334006272e+11,0.0,0.0,28205056.0,20480.0,1463.600,775.400,0.050,0.130,99.715,0.100,0.0,0.005,1493092208.679,
0.050,0.095,99.775,0.080,0.0,0.0,31025561.600,10649.600,41782.800,29790221.400,0.0,0.0,1573.800,806.800,0.0,0.0,0.0,2032537600.0,5304320.0,2576531456.0,1.64165820416e+11,0.0,0.0,31025561.600,10649.600,1577.0,806.800,0.050,0.095,99.775,0.080,0.0,0.0,1493092213.679,
0.060,0.115,99.715,0.105,0.0,0.005,28205056.0,9011.200,51606.400,32255590.200,0.0,0.0,1783.800,824.200,0.0,0.0,0.800,2016309248.0,5320704.0,2718203904.0,1.64040359936e+11,0.0,0.0,28205056.0,9011.200,1780.600,824.200,0.060,0.115,99.715,0.105,0.0,0.005,1493092218.679,
0.070,0.205,99.515,0.205,0.0,0.005,59230617.600,13107.200,79473.600,56359015.600,0.0,0.0,2917.600,1339.200,0.0,0.0,0.400,2048274432.0,5328896.0,3014361088.0,1.63712229376e+11,0.0,0.0,59230617.600,13107.200,2917.600,1339.200,0.075,0.205,99.510,0.205,0.0,0.005,1493092223.679,
0.040,0.105,99.755,0.100,0.0,0.0,27455488.0,12288.0,37695.0,30583898.800,0.0,0.0,1409.400,745.800,0.0,0.200,0.0,2044170240.0,5345280.0,3152441344.0,1.63578236928e+11,0.0,0.0,27638988.800,12288.0,1410.600,748.0,0.035,0.105,99.760,0.100,0.0,0.0,1493092228.679,
0.040,0.120,99.730,0.105,0.0,0.005,23313612.800,10649.600,33224.600,28160966.600,0.0,0.0,1244.0,758.400,0.0,0.0,0.400,2015404032.0,5361664.0,3268206592.0,1.63491221504e+11,0.0,0.0,23130112.0,10649.600,1242.800,756.200,0.045,0.120,99.725,0.105,0.0,0.005,1493092233.679,
0.060,0.125,99.710,0.100,0.0,0.005,31025561.600,9011.200,37549.600,31788810.600,0.0,0.0,1496.800,867.400,0.200,0.0,0.400,2034171904.0,5369856.0,3423096832.0,1.633175552e+11,0.0,0.0,31025561.600,9011.200,1504.400,867.800,0.055,0.125,99.715,0.100,0.0,0.005,1493092238.679,
0.045,0.120,99.730,0.105,0.0,0.0,31025561.600,13107.200,36991.600,33127213.800,0.0,0.0,1500.400,804.0,0.0,0.0,0.0,2017415168.0,5386240.0,3578470400.0,1.63178921984e+11,0.0,0.0,31025561.600,13107.200,1492.800,803.600,0.045,0.120,99.730,0.105,0.0,0.0,1493092243.679,
0.075,0.230,99.439,0.250,0.0,0.005,67692134.400,13107.200,86242.800,62813901.200,0.0,0.0,3198.400,1478.0,0.0,0.400,0.400,2062868480.0,5402624.0,3915956224.0,1.62795966464e+11,0.0,0.0,67692134.400,13107.200,3198.400,1478.0,0.075,0.235,99.435,0.250,0.0,0.005,1493092248.679,
0.050,0.140,99.685,0.120,0.0,0.005,36666572.800,6553.600,57131.600,43977431.400,0.0,0.0,2099.200,931.200,0.0,0.0,0.400,2033868800.0,5410816.0,4099629056.0,1.6264128512e+11,0.0,0.0,36666572.800,6553.600,2099.200,931.200,0.050,0.140,99.685,0.120,0.0,0.005,1493092253.679,
0.080,0.185,99.615,0.115,0.0,0.005,42307584.0,12288.0,58802.600,44613835.800,0.0,0.0,2334.0,996.600,0.200,0.0,0.400,2034753536.0,5419008.0,4311810048.0,1.624282112e+11,0.0,0.0,42307584.0,12288.0,2334.0,996.600,0.080,0.180,99.620,0.115,0.0,0.005,1493092258.679,
0.075,0.215,99.505,0.195,0.0,0.010,59230617.600,7372.800,67757.600,60525005.800,0.0,0.0,2722.200,1391.800,0.0,0.0,0.0,2036932608.0,5435392.0,4607078400.0,1.62130747392e+11,0.0,0.0,59230617.600,7372.800,2722.200,1391.800,0.075,0.220,99.500,0.195,0.0,0.010,1493092263.679,
0.045,0.075,99.810,0.065,0.0,0.005,25384550.400,10649.600,38489.0,30125647.800,0.0,0.0,1495.0,686.0,0.0,0.0,0.0,2018553856.0,5443584.0,4734889984.0,1.62021306368e+11,0.0,0.0,25384550.400,10649.600,1495.0,686.0,0.045,0.075,99.810,0.065,0.0,0.005,1493092268.679,
0.040,0.080,99.840,0.040,0.0,0.0,16923033.600,16384.0,23475.800,17700527.800,0.0,0.0,948.800,556.400,0.0,0.0,0.800,2017710080.0,5459968.0,4819505152.0,1.61937518592e+11,0.0,0.0,16923033.600,16384.0,948.800,556.400,0.040,0.080,99.840,0.040,0.0,0.0,1493092273.679,
0.040,0.050,99.845,0.060,0.0,0.005,14102528.0,13107.200,24805.200,14759484.200,0.0,0.0,919.600,474.600,0.0,0.0,0.400,2018496512.0,5476352.0,4890021888.0,1.6186619904e+11,0.0,0.0,14102528.0,13107.200,921.200,475.0,0.040,0.045,99.850,0.060,0.0,0.005,1493092278.679,
0.050,0.115,99.740,0.090,0.0,0.005,26406912.0,13926.400,27305.800,26543632.0,0.0,0.0,1213.800,683.600,0.200,0.0,0.0,2025013248.0,5492736.0,5022334976.0,1.61727352832e+11,0.0,0.0,26616627.200,13926.400,1213.200,684.800,0.050,0.115,99.735,0.095,0.0,0.005,1493092283.679,
0.040,0.090,99.770,0.100,0.0,0.0,21541683.200,9830.400,32590.800,18204088.200,0.0,0.0,1165.400,733.600,0.0,0.0,0.0,2050043904.0,5500928.0,5129269248.0,1.61595379712e+11,0.0,0.0,21331968.0,9830.400,1164.400,732.0,0.040,0.095,99.770,0.095,0.0,0.0,1493092288.679,
0.060,0.140,99.665,0.135,0.0,0.0,41059942.400,15564.800,49290.200,46724687.800,0.0,0.0,2043.800,986.400,0.0,0.200,0.400,2027659264.0,5509120.0,5334904832.0,1.61412120576e+11,0.0,0.0,41243443.200,15564.800,2044.600,988.600,0.060,0.135,99.670,0.135,0.0,0.0,1493092293.679,
0.050,0.140,99.725,0.085,0.0,0.0,29452697.600,16384.0,42786.200,27448752.200,0.0,0.0,1555.600,742.0,0.0,0.0,0.800,2051600384.0,5525504.0,5482344448.0,1.61240723456e+11,0.0,0.0,29269196.800,16384.0,1554.800,739.800,0.050,0.145,99.720,0.085,0.0,0.0,1493092298.679,
0.035,0.075,99.825,0.060,0.0,0.005,16923033.600,10649.600,31300.0,22738447.400,0.0,0.0,1192.0,536.200,0.0,0.0,0.0,2020450304.0,5541888.0,5566959616.0,1.61187241984e+11,0.0,0.0,16923033.600,10649.600,1192.0,536.200,0.035,0.075,99.825,0.060,0.0,0.005,1493092303.679,
0.005,0.020,99.960,0.015,0.0,0.0,0.0,8192.0,6176.200,8288.200,0.0,0.0,227.800,262.0,0.0,0.0,0.0,2020573184.0,5550080.0,5566955520.0,1.61187115008e+11,0.0,0.0,0.0,8192.0,227.800,262.0,0.010,0.015,99.960,0.015,0.0,0.0,1493092308.679,
0.020,0.020,99.950,0.010,0.0,0.0,0.0,7372.800,5214.200,7346.400,0.0,0.0,222.600,246.400,0.0,0.0,0.400,2019680256.0,5558272.0,5566959616.0,1.61187995648e+11,0.0,0.0,0.0,7372.800,222.600,246.400,0.015,0.020,99.955,0.010,0.0,0.0,1493092313.679,
