"Dstat 0.7.2 CSV output"
"Author:","Dag Wieers <dag@wieers.com>",,,,"URL:","http://dag.wieers.com/home-made/dstat/"
"Host:","osd0.skyhook16osds.skyhook-pg0.wisc.cloudlab.us",,,,"User:","jlefevre"
"Cmdline:","dstat -av --epoch --integer --noheaders --output dstat-osd0.log 5",,,,"Date:","24 Apr 2017 21:15:42 CDT"

"total cpu usage",,,,,,"dsk/total",,"net/total",,"paging",,"system",,"procs",,,"memory usage",,,,"paging",,"dsk/total",,"system",,"total cpu usage",,,,,,"epoch"
"usr","sys","idl","wai","hiq","siq","read","writ","recv","send","in","out","int","csw","run","blk","new","used","buff","cach","free","in","out","read","writ","int","csw","usr","sys","idl","wai","hiq","siq","epoch"
0.025,0.020,99.945,0.010,0.0,0.0,0.0,15564.800,5688.600,7695.0,0.0,0.0,211.600,235.800,0.0,0.0,1.200,2268639232.0,1548288.0,216530944.0,1.66293475328e+11,0.0,0.0,0.0,15564.800,211.600,235.800,0.025,0.025,99.940,0.010,0.0,0.0,1493094457.876,
0.135,0.220,99.220,0.420,0.0,0.005,47948595.200,9830.400,79016.400,50361126.200,0.0,0.0,2494.800,1105.400,0.0,0.0,0.0,2270552064.0,1556480.0,456273920.0,1.66051811328e+11,0.0,0.0,47948595.200,9830.400,2495.0,1105.400,0.135,0.215,99.225,0.420,0.0,0.005,1493094462.876,
0.150,0.250,99.250,0.340,0.0,0.010,54113894.400,13107.200,77447.800,47650632.200,0.0,0.0,2685.400,1194.400,0.200,0.600,0.0,2320334848.0,1572864.0,727175168.0,1.65731110912e+11,0.0,0.0,54297395.200,13107.200,2687.0,1197.0,0.150,0.255,99.245,0.340,0.0,0.010,1493094467.876,
0.150,0.260,99.250,0.340,0.0,0.0,55889920.0,8192.0,98077.0,67502374.0,0.0,0.0,3437.800,1270.200,0.0,0.200,0.400,2266157056.0,1581056.0,1006292992.0,1.65506162688e+11,0.0,0.0,55706419.200,8192.0,3436.200,1267.600,0.150,0.255,99.255,0.340,0.0,0.0,1493094472.876,
0.170,0.300,99.074,0.450,0.0,0.005,70512640.0,7372.800,102554.200,64533348.800,0.0,0.0,3677.0,1497.400,0.0,0.600,0.400,2316636160.0,1597440.0,1357545472.0,1.6510441472e+11,0.0,0.0,70512640.0,7372.800,3681.0,1497.400,0.170,0.300,99.074,0.450,0.0,0.005,1493094477.876,
0.160,0.285,99.210,0.340,0.0,0.005,59237990.400,8192.0,113163.200,71177323.0,0.0,0.0,3862.0,1298.400,0.0,0.0,0.600,2274050048.0,1605632.0,1655287808.0,1.64849250304e+11,0.0,0.0,59237990.400,8192.0,3858.200,1298.400,0.160,0.290,99.205,0.340,0.0,0.005,1493094482.876,
0.170,0.295,99.205,0.320,0.0,0.010,64871628.800,2457.600,116348.800,67868344.200,0.0,0.0,4038.200,1373.800,0.0,0.0,0.0,2272817152.0,1613824.0,1979387904.0,1.64526374912e+11,0.0,0.0,64871628.800,2457.600,4038.0,1373.800,0.170,0.290,99.209,0.320,0.0,0.010,1493094487.876,
0.130,0.185,99.430,0.250,0.0,0.005,44090163.200,9011.200,71188.400,44244320.200,0.0,0.0,2452.400,1004.200,0.400,0.400,0.400,2276147200.0,1622016.0,2200567808.0,1.64301856768e+11,0.0,0.0,44247449.600,9011.200,2453.600,1006.0,0.130,0.190,99.425,0.250,0.0,0.005,1493094492.876,
0.140,0.190,99.455,0.205,0.0,0.010,46166016.0,15564.800,83467.600,50163026.800,0.0,0.0,2781.200,1044.600,0.0,0.0,0.400,2264313856.0,1638400.0,2430701568.0,1.64083539968e+11,0.0,0.0,46008729.600,15564.800,2780.0,1042.800,0.140,0.190,99.455,0.205,0.0,0.010,1493094497.876,
0.230,0.390,98.869,0.505,0.0,0.005,90256179.200,7372.800,131075.800,84967394.0,0.0,0.0,4525.0,1814.200,0.600,0.0,0.400,2311958528.0,1654784.0,2880446464.0,1.63586134016e+11,0.0,0.0,90256179.200,7372.800,4528.800,1814.200,0.230,0.390,98.869,0.505,0.0,0.005,1493094502.876,
0.120,0.180,99.490,0.210,0.0,0.0,39487078.400,4915.200,78319.800,48004549.0,0.0,0.0,2548.800,953.600,0.0,0.0,0.0,2283708416.0,1662976.0,3079553024.0,1.63415269376e+11,0.0,0.0,39487078.400,4915.200,2545.0,953.600,0.120,0.180,99.490,0.210,0.0,0.0,1493094507.876,
0.180,0.375,99.135,0.300,0.0,0.010,76153651.200,12288.0,135594.0,79626454.0,0.0,0.0,4597.200,1580.800,0.0,0.400,0.400,2284036096.0,1679360.0,3460325376.0,1.6303415296e+11,0.0,0.0,76153651.200,12288.0,4597.600,1580.800,0.180,0.370,99.139,0.300,0.0,0.010,1493094512.876,
0.180,0.285,99.149,0.385,0.0,0.0,70512640.0,2457.600,124498.600,75938531.200,0.0,0.0,4188.200,1486.200,0.200,0.0,0.0,2286366720.0,1687552.0,3812274176.0,1.62679865344e+11,0.0,0.0,70512640.0,2457.600,4192.800,1486.600,0.180,0.290,99.144,0.385,0.0,0.0,1493094517.876,
0.130,0.215,99.405,0.250,0.0,0.0,47948595.200,4915.200,74685.200,47941516.0,0.0,0.0,2575.600,1116.200,0.0,0.0,0.400,2287013888.0,1695744.0,4052242432.0,1.62439241728e+11,0.0,0.0,47948595.200,4915.200,2572.800,1115.800,0.130,0.210,99.410,0.250,0.0,0.0,1493094522.876,
0.165,0.290,99.189,0.345,0.0,0.010,70512640.0,9830.400,111210.800,67973431.400,0.0,0.0,3783.200,1451.200,0.200,0.0,0.400,2315624448.0,1712128.0,4405334016.0,1.620575232e+11,0.0,0.0,70512640.0,9830.400,3781.0,1451.200,0.165,0.290,99.189,0.345,0.0,0.010,1493094527.876,
0.145,0.240,99.365,0.250,0.0,0.0,48009216.0,7372.800,100897.400,58723493.0,0.0,0.0,3373.600,1158.800,0.0,0.200,0.800,2272468992.0,1720320.0,4645122048.0,1.61860882432e+11,0.0,0.0,48009216.0,7372.800,3373.600,1158.800,0.145,0.240,99.365,0.250,0.0,0.0,1493094532.876,
0.220,0.365,99.004,0.410,0.0,0.0,87435673.600,14745.600,110704.800,77000156.0,0.0,0.0,4081.200,1815.800,0.0,0.400,0.0,2349490176.0,1736704.0,5082271744.0,1.61346695168e+11,0.0,0.0,87435673.600,14745.600,4081.200,1815.800,0.220,0.365,99.004,0.410,0.0,0.0,1493094537.876,
0.155,0.300,99.305,0.235,0.0,0.005,58192691.200,8192.0,99993.200,71695099.200,0.0,0.0,3593.600,1355.600,0.400,0.200,0.0,2300907520.0,1744896.0,5374095360.0,1.61103446016e+11,0.0,0.0,58349977.600,8192.0,3600.0,1357.200,0.155,0.305,99.300,0.235,0.0,0.005,1493094542.876,
0.175,0.300,99.240,0.280,0.0,0.005,63414272.0,5734.400,100942.400,62163567.600,0.0,0.0,3575.800,1387.0,0.200,0.400,0.400,2316242944.0,1753088.0,5690716160.0,1.607714816e+11,0.0,0.0,63492915.200,5734.400,3580.400,1388.400,0.175,0.300,99.235,0.285,0.0,0.005,1493094547.876,
0.125,0.255,99.390,0.225,0.0,0.005,51702169.600,4915.200,98887.0,60620280.200,0.0,0.0,3263.400,1213.200,0.400,0.400,0.800,2278543360.0,1761280.0,5949624320.0,1.60550264832e+11,0.0,0.0,51675955.200,4915.200,3254.200,1213.400,0.125,0.250,99.400,0.220,0.0,0.005,1493094552.876,
0.130,0.230,99.450,0.185,0.0,0.005,49510809.600,7372.800,80617.200,53136494.800,0.0,0.0,2684.0,1084.0,0.0,0.200,0.0,2271404032.0,1777664.0,6196834304.0,1.60310177792e+11,0.0,0.0,49301094.400,7372.800,2682.200,1080.800,0.130,0.230,99.450,0.185,0.0,0.005,1493094557.876,
0.120,0.190,99.510,0.175,0.0,0.005,42307584.0,9830.400,64993.200,44251673.400,0.0,0.0,2439.0,1001.0,0.0,0.200,0.0,2272374784.0,1785856.0,6407954432.0,1.6009807872e+11,0.0,0.0,42307584.0,9830.400,2439.200,1001.0,0.120,0.190,99.510,0.175,0.0,0.005,1493094562.876,
0.180,0.335,99.260,0.220,0.0,0.005,70512640.0,10649.600,112205.600,71182906.600,0.0,0.0,3782.0,1532.600,0.400,0.0,0.0,2291617792.0,1802240.0,6759329792.0,1.59727443968e+11,0.0,0.0,70512640.0,10649.600,3782.0,1533.0,0.180,0.340,99.255,0.220,0.0,0.005,1493094567.876,
0.160,0.345,99.170,0.325,0.0,0.0,67692134.400,11468.800,104369.200,73533850.200,0.0,0.0,3683.400,1445.0,0.200,0.0,0.800,2273292288.0,1818624.0,7098982400.0,1.5940610048e+11,0.0,0.0,67692134.400,11468.800,3683.200,1444.600,0.160,0.340,99.174,0.325,0.0,0.0,1493094572.876,
0.125,0.190,99.495,0.185,0.0,0.005,47948595.200,4915.200,78456.0,47196797.200,0.0,0.0,2620.200,1043.200,0.400,0.200,0.400,2287915008.0,1826816.0,7338086400.0,1.59152365568e+11,0.0,0.0,47948595.200,4915.200,2620.800,1043.800,0.130,0.190,99.490,0.185,0.0,0.005,1493094577.876,
0.125,0.175,99.580,0.120,0.0,0.0,39487078.400,2457.600,72155.0,44283115.800,0.0,0.0,2328.0,983.0,0.0,0.0,0.0,2274017280.0,1835008.0,7536160768.0,1.58968180736e+11,0.0,0.0,39487078.400,2457.600,2327.400,982.400,0.120,0.180,99.580,0.120,0.0,0.0,1493094582.876,
0.175,0.290,99.309,0.220,0.0,0.005,67692134.400,4915.200,106634.600,67393870.200,0.0,0.0,3740.200,1456.400,0.200,0.200,0.0,2292154368.0,1843200.0,7873990656.0,1.58612205568e+11,0.0,0.0,67692134.400,4915.200,3740.200,1456.400,0.175,0.285,99.314,0.220,0.0,0.005,1493094587.876,
0.085,0.155,99.705,0.050,0.0,0.005,28205056.0,12288.0,55830.200,32933574.800,0.0,0.0,1913.400,774.0,0.0,0.200,0.400,2275504128.0,1859584.0,8015659008.0,1.58487171072e+11,0.0,0.0,28205056.0,12288.0,1913.200,774.0,0.085,0.155,99.705,0.050,0.0,0.005,1493094592.876,
0.025,0.020,99.945,0.010,0.0,0.0,0.0,8192.0,5239.800,8091.0,0.0,0.0,215.400,241.200,0.0,0.0,0.400,2276147200.0,1867776.0,8015663104.0,1.58486515712e+11,0.0,0.0,0.0,8192.0,215.400,241.200,0.025,0.020,99.945,0.010,0.0,0.0,1493094597.876,
0.015,0.010,99.965,0.010,0.0,0.0,0.0,9011.200,5124.400,7428.400,0.0,0.0,209.800,242.600,0.0,0.0,0.400,2276417536.0,1884160.0,8015663104.0,1.58486228992e+11,0.0,0.0,0.0,9011.200,209.800,242.600,0.015,0.015,99.960,0.010,0.0,0.0,1493094602.876,
