"Dstat 0.7.2 CSV output"
"Author:","Dag Wieers <dag@wieers.com>",,,,"URL:","http://dag.wieers.com/home-made/dstat/"
"Host:","osd1.skyhook16osds.skyhook-pg0.wisc.cloudlab.us",,,,"User:","jlefevre"
"Cmdline:","dstat -av --epoch --integer --noheaders --output dstat-osd1.log 5",,,,"Date:","24 Apr 2017 21:15:43 CDT"

"total cpu usage",,,,,,"dsk/total",,"net/total",,"paging",,"system",,"procs",,,"memory usage",,,,"paging",,"dsk/total",,"system",,"total cpu usage",,,,,,"epoch"
"usr","sys","idl","wai","hiq","siq","read","writ","recv","send","in","out","int","csw","run","blk","new","used","buff","cach","free","in","out","read","writ","int","csw","usr","sys","idl","wai","hiq","siq","epoch"
0.015,0.005,99.970,0.010,0.0,0.0,4096.0,2457.600,4717.400,7057.800,0.0,0.0,176.800,195.0,0.0,0.0,0.0,2012065792.0,1622016.0,234233856.0,1.66532272128e+11,0.0,0.0,4096.0,2457.600,176.800,195.0,0.015,0.005,99.970,0.010,0.0,0.0,1493101058.679,
0.385,0.200,99.110,0.300,0.0,0.005,39487078.400,4915.200,62879.200,41656631.800,0.0,0.0,2078.400,957.200,0.0,0.0,0.0,2010050560.0,1630208.0,431669248.0,1.66336843776e+11,0.0,0.0,39487078.400,4915.200,2078.400,957.200,0.380,0.200,99.115,0.300,0.0,0.005,1493101063.679,
0.590,0.350,98.829,0.225,0.0,0.005,70512640.0,2457.600,110693.0,69154256.200,0.0,0.0,3914.0,1450.400,0.400,0.0,0.0,2043547648.0,1638400.0,783368192.0,1.65951639552e+11,0.0,0.0,70512640.0,2457.600,3917.0,1454.400,0.595,0.350,98.824,0.225,0.0,0.005,1493101068.679,
0.415,0.175,99.259,0.150,0.0,0.0,43565875.200,8192.0,63944.400,43329293.800,0.0,0.0,2455.800,999.800,0.400,0.0,0.0,2048491520.0,1646592.0,1002983424.0,1.65727072256e+11,0.0,0.0,43854233.600,8192.0,2454.400,999.200,0.410,0.180,99.254,0.155,0.0,0.0,1493101073.679,
0.460,0.235,99.174,0.115,0.0,0.015,46690304.0,7372.800,89060.800,55643904.800,0.0,0.0,3313.200,1150.800,0.200,0.200,0.800,2005979136.0,1662976.0,1235517440.0,1.6553703424e+11,0.0,0.0,46401945.600,7372.800,3311.600,1147.400,0.460,0.235,99.179,0.110,0.0,0.015,1493101078.679,
0.415,0.210,99.245,0.130,0.0,0.0,45128089.600,0.0,58997.800,44540146.200,0.0,0.0,2263.600,995.800,0.200,0.0,0.0,2025664512.0,1662976.0,1461243904.0,1.652916224e+11,0.0,0.0,45128089.600,0.0,2263.600,995.800,0.415,0.205,99.249,0.130,0.0,0.0,1493101083.679,
0.290,0.165,99.490,0.055,0.0,0.0,31025561.600,8192.0,45629.200,26452794.0,0.0,0.0,1736.600,773.400,0.0,0.0,0.0,2054615040.0,1671168.0,1616289792.0,1.65107617792e+11,0.0,0.0,31025561.600,8192.0,1736.600,773.400,0.290,0.165,99.490,0.055,0.0,0.0,1493101088.679,
0.340,0.175,99.370,0.110,0.0,0.005,36666572.800,9830.400,70276.600,41169863.800,0.0,0.0,2580.400,902.200,0.800,0.0,0.0,2050785280.0,1687552.0,1798942720.0,1.6492877824e+11,0.0,0.0,36666572.800,9830.400,2581.0,902.400,0.345,0.180,99.360,0.110,0.0,0.005,1493101093.679,
0.330,0.155,99.400,0.115,0.0,0.0,33846067.200,8192.0,68749.600,41302998.0,0.0,0.0,2578.400,847.0,0.200,0.0,0.0,2006302720.0,1695744.0,1968857088.0,1.6480333824e+11,0.0,0.0,33846067.200,8192.0,2577.800,846.800,0.325,0.150,99.410,0.115,0.0,0.0,1493101098.679,
0.310,0.145,99.440,0.105,0.0,0.0,31025561.600,7372.800,51452.200,32444019.200,0.0,0.0,1891.0,827.200,0.0,0.0,0.800,2005917696.0,1712128.0,2123988992.0,1.64648574976e+11,0.0,0.0,31025561.600,7372.800,1891.400,827.200,0.310,0.145,99.440,0.105,0.0,0.0,1493101103.679,
0.230,0.095,99.600,0.070,0.0,0.005,22564044.800,8192.0,40152.600,23605717.0,0.0,0.0,1472.200,654.400,0.200,0.0,0.0,2005823488.0,1720320.0,2236809216.0,1.64535840768e+11,0.0,0.0,22564044.800,8192.0,1471.800,654.400,0.230,0.095,99.600,0.070,0.0,0.005,1493101108.679,
0.375,0.165,99.315,0.140,0.0,0.005,39487078.400,2457.600,53764.200,36149002.200,0.0,0.0,2100.400,939.400,0.200,0.0,0.0,2040860672.0,1728512.0,2433605632.0,1.64303998976e+11,0.0,0.0,39487078.400,2457.600,2100.400,939.400,0.380,0.165,99.310,0.140,0.0,0.005,1493101113.679,
0.265,0.155,99.485,0.095,0.0,0.0,28205056.0,5734.400,49580.0,34705463.400,0.0,0.0,1839.600,663.800,0.200,0.0,0.0,2008154112.0,1736704.0,2575273984.0,1.64195028992e+11,0.0,0.0,28205056.0,5734.400,1839.600,663.800,0.260,0.155,99.490,0.095,0.0,0.0,1493101118.679,
0.390,0.200,99.280,0.130,0.0,0.0,42307584.0,13107.200,60387.800,36662656.200,0.0,0.0,2263.200,1002.800,0.200,0.0,0.0,2064388096.0,1753088.0,2785943552.0,1.63928109056e+11,0.0,0.0,42307584.0,13107.200,2263.200,1002.800,0.390,0.200,99.280,0.130,0.0,0.0,1493101123.679,
0.455,0.205,99.169,0.155,0.0,0.015,47948595.200,9830.400,83582.800,57768163.0,0.0,0.0,2901.200,1138.600,1.0,0.0,0.800,2008694784.0,1769472.0,3026554880.0,1.63743174656e+11,0.0,0.0,47948595.200,9830.400,2901.200,1138.600,0.455,0.205,99.169,0.155,0.0,0.015,1493101128.679,
0.295,0.140,99.480,0.085,0.0,0.0,31025561.600,0.0,49654.800,32448953.200,0.0,0.0,1790.0,721.200,0.0,0.200,0.0,2008612864.0,1769472.0,3181682688.0,1.63588128768e+11,0.0,0.0,31025561.600,0.0,1790.0,721.200,0.295,0.140,99.480,0.085,0.0,0.0,1493101133.679,
0.450,0.245,99.175,0.125,0.0,0.005,47948595.200,2457.600,72998.200,47360231.800,0.0,0.0,2721.600,1051.400,0.400,0.200,0.0,2028494848.0,1777664.0,3421556736.0,1.63328364544e+11,0.0,0.0,47948595.200,2457.600,2721.600,1051.400,0.450,0.245,99.175,0.125,0.0,0.005,1493101138.679,
0.420,0.230,99.180,0.165,0.0,0.005,45135462.400,8192.0,79210.400,47174519.200,0.0,0.0,2937.400,1076.0,0.200,0.0,0.200,2033688576.0,1785856.0,3647062016.0,1.63097657344e+11,0.0,0.0,45135462.400,8192.0,2937.400,1076.0,0.425,0.230,99.175,0.165,0.0,0.005,1493101143.679,
0.645,0.300,98.799,0.250,0.0,0.005,67692134.400,2457.600,105038.800,66056187.600,0.0,0.0,3380.800,1433.200,0.400,0.200,0.0,2059976704.0,1794048.0,3985567744.0,1.62732855296e+11,0.0,0.0,67692134.400,2457.600,3385.400,1433.200,0.645,0.300,98.799,0.250,0.0,0.005,1493101148.679,
0.505,0.280,99.035,0.170,0.0,0.010,57851904.0,4915.200,107341.800,63594476.600,0.0,0.0,2701.0,1248.400,0.600,0.200,0.0,2042888192.0,1802240.0,4274937856.0,1.62460565504e+11,0.0,0.0,58035404.800,4915.200,2697.600,1250.800,0.500,0.280,99.040,0.170,0.0,0.010,1493101153.679,
0.545,0.295,98.974,0.180,0.0,0.005,57788825.600,12288.0,93446.0,62189746.800,0.0,0.0,2562.0,1292.800,0.600,0.200,0.800,2032340992.0,1818624.0,4563775488.0,1.62182258688e+11,0.0,0.0,57605324.800,12288.0,2564.0,1290.400,0.545,0.295,98.974,0.180,0.0,0.005,1493101158.679,
0.310,0.185,99.390,0.110,0.0,0.005,33846067.200,2457.600,57552.600,38079434.200,0.0,0.0,2058.400,806.400,0.200,0.0,0.0,2011729920.0,1826816.0,4733009920.0,1.62033627136e+11,0.0,0.0,33846067.200,2457.600,2055.200,806.400,0.310,0.185,99.390,0.110,0.0,0.005,1493101163.679,
0.160,0.080,99.715,0.045,0.0,0.0,16923033.600,8192.0,39679.600,17702226.400,0.0,0.0,1323.200,552.800,0.0,0.0,0.0,2011918336.0,1835008.0,4817629184.0,1.61948811264e+11,0.0,0.0,16923033.600,8192.0,1323.200,552.800,0.165,0.080,99.710,0.045,0.0,0.0,1493101168.679,
0.265,0.125,99.535,0.070,0.0,0.005,28205056.0,2457.600,42872.200,29492134.0,0.0,0.0,1625.200,705.600,0.400,0.0,0.0,2011766784.0,1843200.0,4958654464.0,1.61807929344e+11,0.0,0.0,28205056.0,2457.600,1625.200,705.600,0.265,0.125,99.535,0.070,0.0,0.005,1493101173.679,
0.300,0.155,99.440,0.105,0.0,0.0,31471206.400,4915.200,48038.0,29508670.400,0.0,0.0,1705.200,776.400,0.200,0.400,0.0,2031378432.0,1851392.0,5115850752.0,1.61631113216e+11,0.0,0.0,31733350.400,4915.200,1707.800,779.600,0.295,0.155,99.445,0.105,0.0,0.0,1493101178.679,
0.490,0.230,99.139,0.135,0.0,0.005,50323456.0,10649.600,86518.400,53498189.600,0.0,0.0,3153.0,1125.600,0.0,0.400,0.800,2029936640.0,1867776.0,5367287808.0,1.61381101568e+11,0.0,0.0,50061312.0,10649.600,3150.400,1122.400,0.490,0.230,99.139,0.135,0.0,0.005,1493101183.679,
0.320,0.140,99.460,0.075,0.0,0.005,31025561.600,0.0,63706.200,35032953.400,0.0,0.0,2159.600,740.0,0.0,0.200,0.0,2009444352.0,1867776.0,5522759680.0,1.61246121984e+11,0.0,0.0,31025561.600,0.0,2159.600,740.0,0.325,0.140,99.455,0.075,0.0,0.005,1493101188.679,
0.085,0.030,99.855,0.025,0.0,0.005,8461516.800,9011.200,17927.400,8852034.600,0.0,0.0,558.0,404.600,0.200,0.200,0.0,2010042368.0,1875968.0,5565067264.0,1.61203208192e+11,0.0,0.0,8461516.800,9011.200,558.0,404.600,0.085,0.030,99.855,0.025,0.0,0.005,1493101193.679,
0.015,0.010,99.965,0.010,0.0,0.0,0.0,13107.200,4162.200,6937.0,0.0,0.0,184.400,213.600,0.0,0.0,0.0,2010021888.0,1892352.0,5565071360.0,1.61203208192e+11,0.0,0.0,0.0,13107.200,184.400,213.600,0.010,0.010,99.970,0.010,0.0,0.0,1493101198.679,
