"Dstat 0.7.2 CSV output"
"Author:","Dag Wieers <dag@wieers.com>",,,,"URL:","http://dag.wieers.com/home-made/dstat/"
"Host:","client0.skyhook16osds.skyhook-pg0.wisc.cloudlab.us",,,,"User:","jlefevre"
"Cmdline:","dstat -av --epoch --integer --noheaders --output dstat-client0.log 5",,,,"Date:","24 Apr 2017 21:15:41 CDT"

"total cpu usage",,,,,,"dsk/total",,"net/total",,"paging",,"system",,"procs",,,"memory usage",,,,"paging",,"dsk/total",,"system",,"total cpu usage",,,,,,"epoch"
"usr","sys","idl","wai","hiq","siq","read","writ","recv","send","in","out","int","csw","run","blk","new","used","buff","cach","free","in","out","read","writ","int","csw","usr","sys","idl","wai","hiq","siq","epoch"
0.155,0.030,99.805,0.010,0.0,0.0,0.0,11468.800,64562.400,10198.600,0.0,0.0,629.600,7343.0,0.0,0.0,1.200,5038145536.0,252620800.0,1.61735716864e+11,1753710592.0,0.0,0.0,0.0,11468.800,629.400,7343.0,0.155,0.030,99.805,0.010,0.0,0.0,1493099571.510,
0.130,0.055,99.790,0.015,0.0,0.010,0.0,9011.200,64372.600,9745.0,0.0,0.0,634.0,7587.600,0.0,0.0,1.600,5037211648.0,252620800.0,1.61735716864e+11,1754644480.0,0.0,0.0,0.0,9011.200,634.600,7588.0,0.130,0.055,99.790,0.015,0.0,0.010,1493099576.510,
6.419,1.006,92.087,0.060,0.0,0.428,0.0,170393.600,617849364.600,894222.0,0.0,0.0,17254.600,25027.600,2.800,0.0,5.0,5118873600.0,252628992.0,1.6173600768e+11,1672683520.0,0.0,0.0,0.0,170393.600,17258.400,25037.400,6.419,1.006,92.086,0.060,0.0,0.428,1493099581.510,
5.999,0.945,92.588,0.035,0.0,0.432,0.0,225280.0,580025592.600,768245.400,0.0,0.0,15783.600,22703.200,4.0,0.0,0.0,5122506752.0,252633088.0,1.61736318976e+11,1668734976.0,0.0,0.0,0.0,225280.0,15785.0,22695.0,6.004,0.945,92.583,0.035,0.0,0.432,1493099586.510,
6.019,1.042,92.159,0.327,0.0,0.453,0.0,8853094.400,536071004.0,698864.600,0.0,0.0,17727.600,19812.800,2.0,0.200,0.0,5122408448.0,252653568.0,1.61732202496e+11,1672929280.0,0.0,0.0,0.0,8853094.400,17730.200,19815.0,6.019,1.042,92.154,0.327,0.0,0.458,1493099591.510,
5.760,0.969,92.538,0.171,0.0,0.562,0.0,236748.800,525839404.0,659286.600,0.0,0.0,16446.800,19090.600,2.400,0.0,0.0,5114257408.0,252661760.0,1.61732644864e+11,1680629760.0,0.0,0.0,0.0,236748.800,16455.600,19091.200,5.754,0.974,92.538,0.171,0.0,0.562,1493099596.510,
5.368,0.920,93.130,0.131,0.0,0.452,0.0,178585.600,495342150.600,631038.0,0.0,0.0,15867.400,18502.600,3.200,0.200,0.400,5124034560.0,252665856.0,1.61732968448e+11,1670524928.0,0.0,0.0,0.0,178585.600,15851.600,18500.0,5.373,0.915,93.134,0.131,0.0,0.447,1493099601.510,
2.258,0.361,97.004,0.161,0.0,0.216,0.0,241664.0,215831333.0,258918.400,0.0,0.0,6279.800,12286.0,0.800,0.0,0.0,5117837312.0,252674048.0,1.61733402624e+11,1676279808.0,0.0,0.0,0.0,241664.0,6279.0,12284.400,2.253,0.361,97.010,0.161,0.0,0.216,1493099606.510,
0.311,0.090,99.399,0.175,0.0,0.025,0.0,193331.200,21298407.400,18027.0,0.0,0.0,1107.200,7819.0,0.400,0.0,1.0,5047005184.0,252674048.0,1.61733668864e+11,1746845696.0,0.0,0.0,0.0,193331.200,1106.600,7818.400,0.311,0.090,99.399,0.175,0.0,0.025,1493099611.510,
