"Dstat 0.7.2 CSV output"
"Author:","Dag Wieers <dag@wieers.com>",,,,"URL:","http://dag.wieers.com/home-made/dstat/"
"Host:","client0.skyhook16osds.skyhook-pg0.wisc.cloudlab.us",,,,"User:","jlefevre"
"Cmdline:","dstat -av --epoch --integer --noheaders --output dstat-client0.log 5",,,,"Date:","24 Apr 2017 21:15:41 CDT"

"total cpu usage",,,,,,"dsk/total",,"net/total",,"paging",,"system",,"procs",,,"memory usage",,,,"paging",,"dsk/total",,"system",,"total cpu usage",,,,,,"epoch"
"usr","sys","idl","wai","hiq","siq","read","writ","recv","send","in","out","int","csw","run","blk","new","used","buff","cach","free","in","out","read","writ","int","csw","usr","sys","idl","wai","hiq","siq","epoch"
0.160,0.055,99.764,0.010,0.0,0.010,0.0,18841.600,66380.800,12372.200,0.0,0.0,712.200,7618.800,0.200,0.0,2.600,5039636480.0,245645312.0,1.61716867072e+11,1778044928.0,0.0,0.0,0.0,18841.600,712.800,7619.200,0.160,0.060,99.759,0.010,0.0,0.010,1493094456.510,
2.126,1.939,95.773,0.061,0.0,0.101,0.0,106496.0,556365680.800,892341.200,0.0,0.0,19892.800,63740.600,2.400,0.200,5.800,5360754688.0,245653504.0,1.6171698176e+11,1456803840.0,0.0,0.0,0.0,106496.0,19908.800,63801.400,2.131,1.939,95.769,0.061,0.0,0.101,1493094461.510,
4.036,4.087,91.561,0.117,0.0,0.199,0.0,198246.400,1158342363.600,1742550.800,0.0,0.0,36053.600,129670.200,3.600,0.0,0.200,5327204352.0,245653504.0,1.61717338112e+11,1489997824.0,0.0,0.0,0.0,198246.400,36056.400,129690.600,4.036,4.087,91.561,0.117,0.0,0.199,1493094466.510,
4.083,3.879,91.737,0.138,0.0,0.163,0.0,235929.600,1180860213.600,1778132.600,0.0,0.0,38270.600,147795.800,3.400,0.0,0.0,5340942336.0,245665792.0,1.61717706752e+11,1475878912.0,0.0,0.0,0.0,235929.600,38261.600,147732.800,4.083,3.879,91.732,0.138,0.0,0.168,1493094471.510,
3.863,4.204,91.648,0.081,0.0,0.204,0.0,181043.200,1136800659.200,1665758.400,0.0,0.0,34073.0,126985.400,3.800,0.200,1.600,5343674368.0,245665792.0,1.61718018048e+11,1472835584.0,0.0,0.0,0.0,181043.200,34083.800,127060.400,3.857,4.203,91.659,0.081,0.0,0.198,1493094476.510,
3.898,4.076,91.756,0.102,0.0,0.168,0.0,230195.200,1144820300.0,1735828.200,0.0,0.0,36143.400,132399.800,3.200,0.0,0.200,5371695104.0,245678080.0,1.61718362112e+11,1444458496.0,0.0,0.0,0.0,230195.200,36138.400,132318.200,3.909,4.072,91.749,0.102,0.0,0.168,1493094481.510,
4.060,4.091,91.553,0.148,0.0,0.148,0.0,228556.800,1163671596.0,1787245.200,0.0,0.0,35763.400,137598.0,3.600,0.0,0.0,5371281408.0,245686272.0,1.6171872256e+11,1444503552.0,0.0,0.0,0.0,228556.800,35767.200,137700.800,4.056,4.096,91.553,0.148,0.0,0.148,1493094486.509,
3.559,4.026,92.039,0.137,0.0,0.239,0.0,204800.0,1105099516.200,1647845.0,0.0,0.0,33196.200,101508.200,3.400,0.0,0.0,5362642944.0,245686272.0,1.61718992896e+11,1452871680.0,0.0,0.0,0.0,204800.0,33192.0,101425.0,3.554,4.026,92.044,0.137,0.0,0.239,1493094491.510,
3.585,4.164,91.931,0.142,0.0,0.178,0.0,186777.600,1066230227.600,1597152.400,0.0,0.0,30164.600,71988.0,2.400,0.200,1.600,5329068032.0,245698560.0,1.6171935744e+11,1486069760.0,0.0,0.0,0.0,186777.600,30166.800,71964.200,3.590,4.164,91.926,0.142,0.0,0.178,1493094496.510,
3.699,4.008,91.892,0.147,0.0,0.254,0.0,222822.400,1115923377.200,1674492.600,0.0,0.0,34132.600,106997.400,2.200,0.0,0.0,5357084672.0,245698560.0,1.61719701504e+11,1457709056.0,0.0,0.0,0.0,222822.400,34129.800,107055.200,3.703,4.003,91.893,0.147,0.0,0.254,1493094501.509,
3.367,4.036,92.288,0.117,0.0,0.193,0.0,194969.600,1102988428.400,1655268.400,0.0,0.0,32175.200,87901.600,2.800,0.0,0.0,5328470016.0,245710848.0,1.6171999232e+11,1486020608.0,0.0,0.0,0.0,194969.600,32177.600,87954.800,3.362,4.036,92.292,0.117,0.0,0.193,1493094506.509,
3.424,4.110,92.177,0.117,0.0,0.173,0.0,184320.0,1090027619.400,1652499.200,0.0,0.0,36201.0,92833.400,3.600,0.200,0.400,5344165888.0,245714944.0,1.61720344576e+11,1469968384.0,0.0,0.0,0.0,184320.0,36196.800,92722.200,3.434,4.114,92.162,0.117,0.0,0.173,1493094511.509,
3.661,3.859,92.013,0.193,0.0,0.274,0.0,229376.0,1129846651.600,1682497.0,0.0,0.0,33001.0,81455.600,2.600,0.0,0.800,5347684352.0,245735424.0,1.61720705024e+11,1466068992.0,0.0,0.0,0.0,229376.0,33007.800,81518.800,3.651,3.855,92.027,0.193,0.0,0.274,1493094516.510,
3.093,4.157,92.244,0.137,0.0,0.370,0.0,169574.400,1040589721.800,1431710.0,0.0,0.0,28563.800,54490.0,3.400,0.200,0.400,5333647360.0,245743616.0,1.61720979456e+11,1479823360.0,0.0,0.0,0.0,169574.400,28561.400,54470.800,3.098,4.161,92.234,0.137,0.0,0.370,1493094521.510,
3.634,4.065,91.920,0.152,0.0,0.228,0.0,243302.400,1101753756.600,1625530.400,0.0,0.0,32681.0,82382.200,2.800,0.0,0.0,5320790016.0,245743616.0,1.61721335808e+11,1492324352.0,0.0,0.0,0.0,243302.400,32673.0,82337.200,3.634,4.065,91.920,0.152,0.0,0.228,1493094526.510,
3.367,3.905,92.246,0.198,0.0,0.284,0.0,228556.800,1113615465.600,1696146.0,0.0,0.0,32432.800,73900.800,2.200,0.0,0.400,5319368704.0,245760000.0,1.61721696256e+11,1493368832.0,0.0,0.0,0.0,228556.800,32436.200,73895.0,3.358,3.905,92.255,0.198,0.0,0.284,1493094531.510,
3.561,4.150,91.863,0.167,0.0,0.259,0.0,187596.800,1095784750.200,1623039.800,0.0,0.0,31799.400,82132.200,3.200,0.200,0.800,5350350848.0,245764096.0,1.61721995264e+11,1462083584.0,0.0,0.0,0.0,187596.800,31802.800,82142.800,3.566,4.149,91.859,0.167,0.0,0.259,1493094536.510,
3.423,4.107,91.989,0.162,0.0,0.319,0.0,232652.800,1073138551.0,1513410.800,0.0,0.0,30309.0,67984.400,2.800,0.0,0.0,5330345984.0,245776384.0,1.61722372096e+11,1481699328.0,0.0,0.0,0.0,232652.800,30306.600,68044.800,3.423,4.108,91.987,0.162,0.0,0.319,1493094541.510,
4.101,3.999,91.489,0.153,0.0,0.259,0.0,172851.200,1150030731.400,1742594.600,0.0,0.0,34761.600,154032.800,2.800,0.200,0.400,5343055872.0,245776384.0,1.61722646528e+11,1468715008.0,0.0,0.0,0.0,173670.400,34767.0,154071.800,4.095,3.999,91.494,0.153,0.0,0.259,1493094546.510,
3.203,4.160,91.857,0.405,0.0,0.375,0.0,6021939.200,1040613333.600,1473814.400,0.0,0.0,31172.200,88844.0,3.0,0.200,0.800,5349040128.0,245788672.0,1.61722294272e+11,1463070720.0,0.0,0.0,0.0,6021120.0,31160.600,88735.0,3.207,4.160,91.852,0.405,0.0,0.375,1493094551.510,
3.368,4.042,92.083,0.264,0.0,0.243,0.0,3913318.400,1088450050.0,1598095.400,0.0,0.0,31610.800,71554.200,4.0,0.0,0.400,5333843968.0,245805056.0,1.61721024512e+11,1479520256.0,0.0,0.0,0.0,3913318.400,31624.400,71637.800,3.368,4.043,92.082,0.264,0.0,0.243,1493094556.510,
3.200,4.156,92.249,0.071,0.0,0.324,0.0,228556.800,1053110545.400,1509234.0,0.0,0.0,29571.800,63977.600,3.200,0.200,0.0,5340758016.0,245813248.0,1.6172138496e+11,1472237568.0,0.0,0.0,0.0,228556.800,29562.200,63895.400,3.195,4.151,92.259,0.071,0.0,0.324,1493094561.510,
3.051,4.203,92.309,0.157,0.0,0.279,0.0,228556.800,1039862715.200,1473911.400,0.0,0.0,30569.800,62367.400,3.400,0.0,0.0,5342703616.0,245813248.0,1.61721749504e+11,1469927424.0,0.0,0.0,0.0,228556.800,30559.600,62364.800,3.056,4.203,92.305,0.157,0.0,0.279,1493094566.510,
2.961,4.341,92.177,0.162,0.0,0.359,0.0,198246.400,1001987346.600,1377971.400,0.0,0.0,27974.400,45508.400,2.400,0.0,1.200,5353177088.0,245829632.0,1.61722028032e+11,1459159040.0,0.0,0.0,0.0,198246.400,27980.400,45508.200,2.961,4.346,92.172,0.162,0.0,0.359,1493094571.510,
3.092,4.355,92.178,0.147,0.0,0.228,0.0,174489.600,994677707.600,1355301.200,0.0,0.0,28188.200,47919.800,2.800,0.200,0.400,5359321088.0,245829632.0,1.6172234752e+11,1452695552.0,0.0,0.0,0.0,174489.600,28183.0,47921.0,3.092,4.354,92.178,0.147,0.0,0.228,1493094576.510,
2.885,4.416,92.314,0.167,0.0,0.218,0.0,227737.600,982618213.0,1331579.600,0.0,0.0,26618.800,50009.0,2.800,0.0,0.0,5336367104.0,245854208.0,1.61722712064e+11,1475260416.0,0.0,0.0,0.0,227737.600,26625.0,50013.0,2.890,4.415,92.310,0.167,0.0,0.218,1493094581.509,
3.488,4.215,92.027,0.127,0.0,0.142,0.0,203161.600,1104279503.200,1627093.0,0.0,0.0,32176.800,104858.600,3.400,0.0,0.0,5348921344.0,245870592.0,1.61722970112e+11,1462431744.0,0.0,0.0,0.0,203161.600,32180.800,104855.800,3.484,4.211,92.036,0.127,0.0,0.142,1493094586.510,
3.437,4.103,92.100,0.122,0.0,0.239,0.0,182681.600,1075577196.0,1575624.200,0.0,0.0,31496.200,81553.200,3.800,0.200,0.800,5322432512.0,245874688.0,1.61723318272e+11,1488568320.0,0.0,0.0,0.0,182681.600,31499.0,81640.800,3.442,4.102,92.095,0.122,0.0,0.239,1493094591.510,
0.734,2.606,96.307,0.262,0.0,0.091,0.0,4433510.400,374177048.600,295108.400,0.0,0.0,7506.800,11904.600,0.800,0.200,0.800,5408296960.0,245886976.0,1.61718140928e+11,1407868928.0,0.0,0.0,0.0,4433510.400,7492.200,11815.0,0.724,2.611,96.313,0.262,0.0,0.091,1493094596.510,
0.416,1.856,97.501,0.080,0.0,0.146,0.0,85196.800,207912288.0,55829.200,0.0,0.0,3929.200,7949.200,1.200,0.0,0.0,5408604160.0,245891072.0,1.61718198272e+11,1407500288.0,0.0,0.0,0.0,85196.800,3928.400,7949.0,0.421,1.852,97.501,0.080,0.0,0.146,1493094601.510,
