"Dstat 0.7.2 CSV output"
"Author:","Dag Wieers <dag@wieers.com>",,,,"URL:","http://dag.wieers.com/home-made/dstat/"
"Host:","osd1.skyhook16osds.skyhook-pg0.wisc.cloudlab.us",,,,"User:","jlefevre"
"Cmdline:","dstat -av --epoch --integer --noheaders --output dstat-osd1.log 5",,,,"Date:","24 Apr 2017 21:15:43 CDT"

"total cpu usage",,,,,,"dsk/total",,"net/total",,"paging",,"system",,"procs",,,"memory usage",,,,"paging",,"dsk/total",,"system",,"total cpu usage",,,,,,"epoch"
"usr","sys","idl","wai","hiq","siq","read","writ","recv","send","in","out","int","csw","run","blk","new","used","buff","cach","free","in","out","read","writ","int","csw","usr","sys","idl","wai","hiq","siq","epoch"
0.020,0.015,99.965,0.0,0.0,0.0,0.0,8192.0,7374.600,9648.800,0.0,0.0,278.0,338.400,0.0,0.0,0.400,2014765056.0,1458176.0,175706112.0,1.66588264448e+11,0.0,0.0,0.0,8192.0,278.0,338.400,0.015,0.015,99.970,0.0,0.0,0.0,1493090453.679,
0.200,0.556,97.718,1.516,0.0,0.010,190636032.0,14745.600,16411.600,17740.0,0.0,0.0,2059.800,3604.0,0.600,0.800,2.0,2044710912.0,1474560.0,1129631744.0,1.65604376576e+11,0.0,0.0,190845747.200,14745.600,2061.200,3606.600,0.205,0.555,97.708,1.521,0.0,0.010,1493090458.679,
0.195,0.605,97.905,1.285,0.0,0.010,195773235.200,6553.600,14110.0,15905.0,0.0,0.0,2160.600,3623.200,0.200,0.200,0.400,2009468928.0,1482752.0,2106531840.0,1.64662710272e+11,0.0,0.0,195563520.0,6553.600,2160.600,3623.800,0.190,0.610,97.909,1.280,0.0,0.010,1493090463.679,
0.190,0.645,98.149,1.005,0.0,0.010,203076403.200,12288.0,14782.600,15906.200,0.0,0.0,2108.200,3726.0,0.200,0.0,0.800,2010632192.0,1499136.0,3122376704.0,1.6364568576e+11,0.0,0.0,203076403.200,12288.0,2106.800,3722.800,0.190,0.645,98.149,1.005,0.0,0.010,1493090468.679,
0.235,0.716,97.436,1.602,0.0,0.010,258904883.200,8192.0,16922.400,17541.0,0.0,0.0,2602.600,4665.600,0.400,1.0,1.200,2037317632.0,1507328.0,4416815104.0,1.62324553728e+11,0.0,0.0,259077734.400,8192.0,2603.800,4667.200,0.235,0.711,97.441,1.602,0.0,0.010,1493090473.679,
0.175,0.445,98.564,0.805,0.0,0.010,157125017.600,2457.600,13527.800,15477.200,0.0,0.0,1705.400,3013.200,0.200,0.600,0.800,2020638720.0,1515520.0,5202690048.0,1.61555349504e+11,0.0,0.0,157188096.0,2457.600,1705.600,3014.0,0.175,0.445,98.564,0.805,0.0,0.010,1493090478.679,
0.090,0.205,99.415,0.285,0.0,0.005,60635545.600,9830.400,11918.800,14847.800,0.0,0.0,912.200,1465.600,0.0,0.0,1.200,2014814208.0,1523712.0,5506498560.0,1.61257357312e+11,0.0,0.0,60399616.0,9830.400,910.800,1463.200,0.090,0.205,99.415,0.285,0.0,0.005,1493090483.679,
0.015,0.010,99.960,0.015,0.0,0.0,0.0,10649.600,4630.0,6937.600,0.0,0.0,225.400,249.800,0.200,0.0,0.400,2016768000.0,1540096.0,5506510848.0,1.61255374848e+11,0.0,0.0,0.0,10649.600,225.400,250.0,0.020,0.010,99.955,0.015,0.0,0.0,1493090488.679,
