"Dstat 0.7.2 CSV output"
"Author:","Dag Wieers <dag@wieers.com>",,,,"URL:","http://dag.wieers.com/home-made/dstat/"
"Host:","client0.skyhook16osds.skyhook-pg0.wisc.cloudlab.us",,,,"User:","jlefevre"
"Cmdline:","dstat -av --epoch --integer --noheaders --output dstat-client0.log 5",,,,"Date:","24 Apr 2017 21:15:41 CDT"

"total cpu usage",,,,,,"dsk/total",,"net/total",,"paging",,"system",,"procs",,,"memory usage",,,,"paging",,"dsk/total",,"system",,"total cpu usage",,,,,,"epoch"
"usr","sys","idl","wai","hiq","siq","read","writ","recv","send","in","out","int","csw","run","blk","new","used","buff","cach","free","in","out","read","writ","int","csw","usr","sys","idl","wai","hiq","siq","epoch"
0.195,0.095,99.695,0.005,0.0,0.010,0.0,29491.200,63733.400,10011.400,0.0,0.0,633.600,7205.200,0.0,0.0,1.400,5050994688.0,251097088.0,1.61732624384e+11,1745477632.0,0.0,0.0,0.0,29491.200,632.800,7204.800,0.195,0.095,99.695,0.005,0.0,0.010,1493098441.510,
7.776,4.304,87.764,0.071,0.0,0.086,0.0,154009.600,814536092.400,1085789.800,0.0,0.0,23800.400,67173.800,5.800,0.0,5.400,5326340096.0,251097088.0,1.61732837376e+11,1469919232.0,0.0,0.0,0.0,154009.600,23811.600,67235.800,7.779,4.313,87.751,0.071,0.0,0.086,1493098446.510,
8.692,5.109,85.915,0.162,0.0,0.122,0.0,221184.0,914509466.800,1101612.200,0.0,0.0,27706.600,60290.800,5.600,0.0,0.800,5323612160.0,251105280.0,1.61733165056e+11,1472311296.0,0.0,0.0,0.0,221184.0,27697.600,60230.200,8.694,5.105,85.917,0.162,0.0,0.122,1493098451.510,
8.234,5.164,86.279,0.142,0.0,0.182,0.0,202342.400,854518840.0,924484.800,0.0,0.0,30761.600,44844.400,5.800,0.200,0.400,5318320128.0,251105280.0,1.61733455872e+11,1477312512.0,0.0,0.0,0.0,202342.400,30766.600,44847.0,8.234,5.164,86.279,0.142,0.0,0.182,1493098456.510,
8.529,5.026,86.080,0.172,0.0,0.192,0.0,223641.600,899747904.400,1043888.800,0.0,0.0,25040.0,52658.0,5.400,0.0,0.0,5324038144.0,251113472.0,1.61733791744e+11,1471250432.0,0.0,0.0,0.0,223641.600,25047.400,52658.600,8.528,5.026,86.082,0.172,0.0,0.192,1493098461.510,
8.426,5.052,86.228,0.117,0.0,0.177,0.0,211353.600,886140911.200,989949.0,0.0,0.0,24119.400,42362.200,5.0,0.0,0.400,5325811712.0,251121664.0,1.61734045696e+11,1469214720.0,0.0,0.0,0.0,211353.600,24110.600,42358.0,8.425,5.051,86.231,0.117,0.0,0.177,1493098466.510,
9.843,4.911,84.966,0.132,0.0,0.147,0.0,186777.600,1004959292.600,1292636.400,0.0,0.0,28836.200,90164.800,6.200,0.200,0.0,5282697216.0,251133952.0,1.6173438976e+11,1511972864.0,0.0,0.0,0.0,186777.600,28839.200,90166.200,9.851,4.913,84.957,0.132,0.0,0.147,1493098471.510,
8.605,4.935,85.995,0.192,0.0,0.273,0.0,220364.800,931283269.600,1116621.600,0.0,0.0,25917.800,58423.200,4.800,0.0,0.800,5313892352.0,251150336.0,1.61734750208e+11,1480400896.0,0.0,0.0,0.0,220364.800,25917.200,58422.400,8.602,4.936,85.997,0.192,0.0,0.273,1493098476.510,
8.567,5.068,86.025,0.157,0.0,0.182,0.0,217907.200,903487052.200,1038650.800,0.0,0.0,23996.600,52265.400,4.800,0.0,0.200,5300654080.0,251158528.0,1.61735073792e+11,1493307392.0,0.0,0.0,0.0,217907.200,23996.0,52264.800,8.571,5.068,86.022,0.157,0.0,0.182,1493098481.510,
8.569,4.839,86.248,0.122,0.0,0.223,0.0,179404.800,967259192.400,1231494.600,0.0,0.0,28477.400,74702.0,5.0,0.200,0.400,5327228928.0,251166720.0,1.6173535232e+11,1466445824.0,0.0,0.0,0.0,179404.800,28485.400,74741.200,8.566,4.838,86.251,0.122,0.0,0.223,1493098486.509,
8.157,4.894,86.404,0.141,0.0,0.404,0.0,237568.0,934563395.400,1131474.800,0.0,0.0,25994.800,58540.800,6.400,0.0,0.0,5295611904.0,251179008.0,1.61735712768e+11,1497690112.0,0.0,0.0,0.0,237568.0,25989.200,58526.800,8.151,4.891,86.412,0.141,0.0,0.404,1493098491.510,
7.214,5.167,86.557,0.753,0.0,0.308,0.0,9981132.800,869456538.600,981844.800,0.0,0.0,23691.400,40821.200,5.800,0.200,0.400,5318168576.0,251199488.0,1.61733312512e+11,1477513216.0,0.0,0.0,0.0,9981132.800,23688.400,40827.600,7.215,5.167,86.556,0.753,0.0,0.308,1493098496.509,
7.409,5.329,86.694,0.186,0.0,0.383,0.0,222822.400,808689102.200,792298.200,0.0,0.0,20230.0,22701.800,4.600,0.0,0.400,5329227776.0,251207680.0,1.61733648384e+11,1466109952.0,0.0,0.0,0.0,222822.400,20231.400,22674.600,7.421,5.332,86.679,0.186,0.0,0.383,1493098501.510,
7.594,5.198,86.734,0.131,0.0,0.343,0.0,216268.800,853151968.600,900331.400,0.0,0.0,22669.800,29647.200,5.400,0.0,0.0,5339713536.0,251215872.0,1.61733955584e+11,1455308800.0,0.0,0.0,0.0,216268.800,22667.800,29667.200,7.583,5.202,86.741,0.131,0.0,0.343,1493098506.509,
7.726,5.062,86.425,0.343,0.0,0.444,0.0,3816652.800,888348920.400,1014651.600,0.0,0.0,24212.600,44370.400,3.800,0.400,0.400,5347397632.0,251224064.0,1.61729826816e+11,1451745280.0,0.0,0.0,0.0,3816652.800,24210.800,44346.0,7.729,5.058,86.425,0.343,0.0,0.444,1493098511.510,
8.491,5.047,86.008,0.147,0.0,0.308,0.0,225280.0,926905858.800,1093851.200,0.0,0.0,26315.600,49590.400,6.600,0.0,0.0,5292675072.0,251224064.0,1.6173017088e+11,1506123776.0,0.0,0.0,0.0,225280.0,26326.200,49591.200,8.498,5.046,86.001,0.147,0.0,0.308,1493098516.510,
7.455,5.262,86.973,0.147,0.0,0.162,0.0,232652.800,826708233.200,890587.200,0.0,0.0,22144.800,33060.0,4.600,0.200,0.400,5321551872.0,251232256.0,1.61730465792e+11,1476943872.0,0.0,0.0,0.0,232652.800,22131.800,33060.200,7.444,5.260,86.981,0.152,0.0,0.162,1493098521.509,
7.382,5.110,86.967,0.162,0.0,0.379,0.0,219545.600,881521732.600,982825.0,0.0,0.0,23488.600,43808.200,3.400,0.0,0.400,5344550912.0,251236352.0,1.61730813952e+11,1453592576.0,0.0,0.0,0.0,219545.600,23486.200,43806.800,7.382,5.110,86.972,0.157,0.0,0.379,1493098526.509,
7.682,5.076,86.727,0.167,0.0,0.349,0.0,215449.600,868483815.400,965822.400,0.0,0.0,23438.400,36923.200,5.800,0.0,0.400,5307899904.0,251244544.0,1.61731125248e+11,1489924096.0,0.0,0.0,0.0,215449.600,23449.200,36924.800,7.688,5.078,86.714,0.167,0.0,0.353,1493098531.509,
8.428,4.935,86.181,0.172,0.0,0.283,0.0,175308.800,920021967.800,1085648.600,0.0,0.0,24737.400,49924.800,6.0,0.200,0.0,5316354048.0,251244544.0,1.61731395584e+11,1481199616.0,0.0,0.0,0.0,175308.800,24737.800,49926.200,8.434,4.931,86.185,0.172,0.0,0.278,1493098536.509,
7.184,5.264,86.982,0.217,0.0,0.354,0.0,222822.400,808822159.800,841226.400,0.0,0.0,21838.0,28967.400,5.400,0.0,0.400,5330477056.0,251256832.0,1.61731760128e+11,1466699776.0,0.0,0.0,0.0,222822.400,21835.600,28964.400,7.170,5.265,86.993,0.217,0.0,0.354,1493098541.509,
7.423,5.498,86.751,0.192,0.0,0.136,0.0,218726.400,803174179.0,805863.200,0.0,0.0,22169.0,26427.600,4.600,0.0,0.0,5327040512.0,251265024.0,1.61732038656e+11,1469849600.0,0.0,0.0,0.0,218726.400,22172.800,26430.800,7.424,5.505,86.743,0.192,0.0,0.136,1493098546.510,
8.559,5.096,85.991,0.157,0.0,0.197,0.0,176128.0,898741605.400,1048127.800,0.0,0.0,24433.200,50404.400,6.400,0.0,0.0,5327470592.0,251265024.0,1.61732337664e+11,1469120512.0,0.0,0.0,0.0,176128.0,24427.0,50402.200,8.562,5.093,85.991,0.157,0.0,0.197,1493098551.510,
8.843,5.115,85.768,0.091,0.0,0.182,0.0,217088.0,913735784.600,1076707.400,0.0,0.0,26076.400,55313.0,6.0,0.0,0.400,5360996352.0,251273216.0,1.61732685824e+11,1435238400.0,0.0,0.0,0.0,217088.0,26089.800,55323.800,8.842,5.115,85.769,0.091,0.0,0.182,1493098556.510,
8.451,5.131,86.115,0.101,0.0,0.202,0.0,233472.0,887529183.200,1042886.200,0.0,0.0,25680.600,48010.400,4.800,0.0,0.400,5346426880.0,251273216.0,1.61732968448e+11,1449525248.0,0.0,0.0,0.0,233472.0,25666.200,48002.200,8.447,5.132,86.118,0.101,0.0,0.202,1493098561.509,
7.355,5.320,86.926,0.126,0.0,0.273,0.0,176128.0,822652768.600,860778.600,0.0,0.0,21715.0,28449.800,5.600,0.200,0.400,5323780096.0,251289600.0,1.6173328384e+11,1471840256.0,0.0,0.0,0.0,176128.0,21731.0,28466.600,7.358,5.319,86.923,0.126,0.0,0.273,1493098566.509,
7.404,5.267,86.925,0.152,0.0,0.253,0.0,222003.200,823979791.600,842085.600,0.0,0.0,21815.800,32628.200,6.200,0.0,0.200,5321248768.0,251293696.0,1.61733632e+11,1474019328.0,0.0,0.0,0.0,222003.200,21798.800,32611.800,7.404,5.268,86.924,0.152,0.0,0.253,1493098571.509,
7.970,5.320,86.457,0.091,0.0,0.162,0.0,222003.200,846194648.600,910775.200,0.0,0.0,22285.800,32959.0,5.200,0.200,0.0,5345558528.0,251301888.0,1.61733902336e+11,1449431040.0,0.0,0.0,0.0,222003.200,22283.0,32957.600,7.970,5.320,86.451,0.096,0.0,0.162,1493098576.509,
8.422,5.215,86.060,0.111,0.0,0.192,0.0,186777.600,879149587.600,965087.200,0.0,0.0,23290.800,39407.800,6.600,0.0,0.400,5367025664.0,251314176.0,1.61734234112e+11,1427619840.0,0.0,0.0,0.0,186777.600,23293.0,39409.0,8.426,5.210,86.065,0.106,0.0,0.192,1493098581.510,
8.268,4.993,86.273,0.182,0.0,0.283,0.0,208076.800,875149494.400,965049.800,0.0,0.0,24185.0,44940.200,4.800,0.0,0.800,5360889856.0,251314176.0,1.61734557696e+11,1433432064.0,0.0,0.0,0.0,208076.800,24197.600,44941.800,8.268,4.993,86.274,0.182,0.0,0.283,1493098586.510,
7.070,5.351,86.682,0.529,0.0,0.368,0.0,8352563.200,802673852.400,823143.600,0.0,0.0,21376.600,26147.400,3.200,0.400,0.0,5308997632.0,251363328.0,1.61730699264e+11,1489133568.0,0.0,0.0,0.0,8352563.200,21360.800,26142.0,7.063,5.354,86.686,0.529,0.0,0.368,1493098591.510,
7.834,5.181,86.600,0.182,0.0,0.203,0.0,258048.0,842414270.600,929962.0,0.0,0.0,22168.200,37332.200,5.0,0.0,0.0,5362880512.0,251363328.0,1.61731014656e+11,1434935296.0,0.0,0.0,0.0,258048.0,22169.800,37339.400,7.837,5.184,86.594,0.182,0.0,0.203,1493098596.510,
8.184,5.174,86.202,0.172,0.0,0.268,0.0,222822.400,871214370.200,989464.800,0.0,0.0,24602.200,41214.0,4.800,0.200,0.200,5325082624.0,251375616.0,1.6173129728e+11,1472438272.0,0.0,0.0,0.0,222822.400,24606.600,41231.600,8.181,5.171,86.208,0.172,0.0,0.268,1493098601.510,
7.387,5.250,87.050,0.076,0.0,0.237,0.0,176947.200,835227545.600,904521.400,0.0,0.0,22666.800,36068.400,3.800,0.200,0.800,5316657152.0,251375616.0,1.6173162496e+11,1480536064.0,0.0,0.0,0.0,176947.200,22680.0,36128.0,7.390,5.253,87.039,0.076,0.0,0.242,1493098606.510,
4.266,3.378,92.025,0.040,0.0,0.291,0.0,212172.800,514028936.200,321821.400,0.0,0.0,11407.400,12837.200,2.600,0.0,0.400,5401235456.0,251383808.0,1.61731915776e+11,1395658752.0,0.0,0.0,0.0,212172.800,11390.0,12764.0,4.266,3.373,92.035,0.040,0.0,0.286,1493098611.510,
0.957,0.662,98.341,0.010,0.0,0.030,0.0,66355.200,110480760.600,55484.200,0.0,0.0,2242.0,9453.0,0.600,0.0,1.0,5041692672.0,251392000.0,1.61731977216e+11,1755131904.0,0.0,0.0,0.0,66355.200,2240.400,9442.200,0.957,0.662,98.341,0.010,0.0,0.030,1493098616.510,
