"Dstat 0.7.2 CSV output"
"Author:","Dag Wieers <dag@wieers.com>",,,,"URL:","http://dag.wieers.com/home-made/dstat/"
"Host:","client0.skyhook16osds.skyhook-pg0.wisc.cloudlab.us",,,,"User:","jlefevre"
"Cmdline:","dstat -av --epoch --integer --noheaders --output dstat-client0.log 5",,,,"Date:","24 Apr 2017 21:15:41 CDT"

"total cpu usage",,,,,,"dsk/total",,"net/total",,"paging",,"system",,"procs",,,"memory usage",,,,"paging",,"dsk/total",,"system",,"total cpu usage",,,,,,"epoch"
"usr","sys","idl","wai","hiq","siq","read","writ","recv","send","in","out","int","csw","run","blk","new","used","buff","cach","free","in","out","read","writ","int","csw","usr","sys","idl","wai","hiq","siq","epoch"
0.150,0.050,99.785,0.005,0.0,0.010,0.0,9830.400,64776.400,10648.0,0.0,0.0,653.200,7123.0,0.400,0.0,2.0,5039415296.0,243814400.0,1.61713041408e+11,1783922688.0,0.0,0.0,0.0,9830.400,653.200,7123.0,0.145,0.055,99.785,0.005,0.0,0.010,1493093426.510,
0.200,0.080,99.700,0.010,0.0,0.010,0.0,17203.200,69959.200,26222.200,0.0,0.0,826.600,7651.400,0.200,0.0,6.600,5047275520.0,243822592.0,1.617130496e+11,1776046080.0,0.0,0.0,0.0,17203.200,827.800,7654.200,0.200,0.075,99.704,0.010,0.0,0.010,1493093431.510,
3.480,4.232,91.877,0.122,0.0,0.290,0.0,209715.200,1049459131.0,1577666.600,0.0,0.0,40593.200,66015.0,3.0,0.0,0.0,5308317696.0,243830784.0,1.61713328128e+11,1514717184.0,0.0,0.0,0.0,209715.200,40608.400,66022.600,3.485,4.232,91.871,0.122,0.0,0.290,1493093436.510,
3.461,4.623,91.571,0.086,0.0,0.259,0.0,183500.800,1067997151.400,1498124.0,0.0,0.0,37184.800,58991.400,3.400,0.200,0.0,5293457408.0,243830784.0,1.61713664e+11,1529241600.0,0.0,0.0,0.0,183500.800,37184.600,58985.0,3.461,4.628,91.567,0.086,0.0,0.259,1493093441.510,
3.264,4.592,91.616,0.193,0.0,0.335,0.0,230195.200,1021976120.800,1395507.600,0.0,0.0,34279.0,57119.200,3.600,0.0,1.400,5332516864.0,243838976.0,1.61714024448e+11,1489813504.0,0.0,0.0,0.0,230195.200,34274.600,57121.0,3.264,4.592,91.616,0.193,0.0,0.335,1493093446.510,
3.608,4.425,91.312,0.355,0.0,0.299,0.0,4888166.400,1073735957.400,1561117.200,0.0,0.0,35854.600,70351.600,3.400,0.200,0.400,5337272320.0,243847168.0,1.61707679744e+11,1491394560.0,0.0,0.0,0.0,4888166.400,35850.200,70356.600,3.608,4.420,91.317,0.355,0.0,0.299,1493093451.509,
3.666,4.183,91.674,0.162,0.0,0.315,0.0,219545.600,1104039305.0,1604362.200,0.0,0.0,35084.200,80433.0,3.200,0.0,0.0,5310279680.0,243863552.0,1.61708023808e+11,1518026752.0,0.0,0.0,0.0,219545.600,35096.0,80432.0,3.666,4.184,91.673,0.162,0.0,0.315,1493093456.510,
3.026,4.846,91.813,0.157,0.0,0.157,0.0,231014.400,963432929.0,1287041.800,0.0,0.0,28984.200,40236.600,3.600,0.0,0.0,5336952832.0,243875840.0,1.61708367872e+11,1490997248.0,0.0,0.0,0.0,231014.400,28973.800,40255.200,3.022,4.848,91.815,0.157,0.0,0.157,1493093461.510,
3.341,4.548,91.746,0.122,0.0,0.243,0.0,184320.0,1022659406.600,1447442.800,0.0,0.0,31833.0,58725.400,3.600,0.200,0.400,5314031616.0,243879936.0,1.61708650496e+11,1513631744.0,0.0,0.0,0.0,184320.0,31840.600,58761.400,3.345,4.551,91.739,0.122,0.0,0.243,1493093466.510,
2.741,4.813,91.996,0.132,0.0,0.319,0.0,226918.400,964300094.400,1303958.0,0.0,0.0,29261.0,43163.600,3.0,0.0,1.200,5332582400.0,243888128.0,1.61709031424e+11,1494691840.0,0.0,0.0,0.0,226918.400,29265.0,43110.400,2.741,4.807,92.001,0.132,0.0,0.319,1493093471.510,
3.557,4.257,91.765,0.142,0.0,0.279,0.0,190873.600,1062290618.800,1529948.400,0.0,0.0,33940.0,70234.200,3.200,0.0,0.0,5328572416.0,243888128.0,1.61709338624e+11,1498394624.0,0.0,0.0,0.0,190873.600,33935.200,70229.600,3.563,4.258,91.758,0.142,0.0,0.279,1493093476.510,
3.280,4.478,91.912,0.157,0.0,0.173,0.0,187596.800,1047763459.0,1470199.400,0.0,0.0,34212.0,60733.600,4.0,0.200,0.0,5305831424.0,243904512.0,1.61709637632e+11,1520820224.0,0.0,0.0,0.0,187596.800,34199.800,60727.200,3.269,4.488,91.913,0.157,0.0,0.173,1493093481.510,
2.726,4.550,92.298,0.122,0.0,0.304,0.0,231833.600,1010553616.600,1393631.600,0.0,0.0,30094.0,48233.400,2.600,0.0,0.400,5346078720.0,243904512.0,1.61710006272e+11,1480204288.0,0.0,0.0,0.0,231833.600,30106.400,48235.800,2.727,4.546,92.302,0.122,0.0,0.304,1493093486.510,
2.878,4.739,91.914,0.162,0.0,0.308,0.0,239206.400,981224584.400,1292696.600,0.0,0.0,29820.600,38670.0,3.400,0.0,0.800,5339168768.0,243916800.0,1.61710288896e+11,1486819328.0,0.0,0.0,0.0,239206.400,29813.400,38668.600,2.882,4.733,91.914,0.162,0.0,0.308,1493093491.510,
3.089,4.452,92.018,0.096,0.0,0.344,0.0,178585.600,1023465055.800,1461789.800,0.0,0.0,32125.800,55065.0,3.200,0.200,0.400,5334376448.0,243924992.0,1.61710624768e+11,1491267584.0,0.0,0.0,0.0,178585.600,32130.600,55097.400,3.089,4.452,92.018,0.096,0.0,0.344,1493093496.509,
3.311,4.455,91.783,0.106,0.0,0.344,0.0,231833.600,1035870384.0,1484645.0,0.0,0.0,32313.800,62498.200,2.800,0.0,0.200,5368012800.0,243941376.0,1.61710985216e+11,1457254400.0,0.0,0.0,0.0,231833.600,32303.200,62468.600,3.306,4.460,91.783,0.106,0.0,0.344,1493093501.510,
2.397,4.905,92.253,0.106,0.0,0.339,0.0,194969.600,945179956.200,1230117.400,0.0,0.0,28026.800,33700.800,4.0,0.200,0.400,5328515072.0,243957760.0,1.6171128832e+11,1496432640.0,0.0,0.0,0.0,194969.600,28043.400,33702.800,2.407,4.905,92.244,0.106,0.0,0.339,1493093506.510,
2.818,4.806,92.058,0.081,0.0,0.238,0.0,217907.200,997251588.800,1409942.200,0.0,0.0,31263.200,40730.400,3.400,0.0,0.800,5298622464.0,243961856.0,1.61711611904e+11,1525997568.0,0.0,0.0,0.0,217907.200,31246.800,40724.800,2.812,4.800,92.070,0.081,0.0,0.238,1493093511.510,
2.761,4.759,92.045,0.162,0.0,0.273,0.0,235110.400,913887535.800,1143541.0,0.0,0.0,27323.0,30107.0,3.800,0.0,0.0,5341954048.0,243978240.0,1.61711951872e+11,1482309632.0,0.0,0.0,0.0,235110.400,27321.200,30107.800,2.758,4.766,92.041,0.162,0.0,0.273,1493093516.510,
2.692,4.694,92.295,0.106,0.0,0.213,0.0,200704.0,976716895.400,1316128.600,0.0,0.0,32445.800,47223.600,2.600,0.200,0.0,5350014976.0,243986432.0,1.6171225088e+11,1473941504.0,0.0,0.0,0.0,200704.0,32458.800,47227.400,2.700,4.690,92.291,0.106,0.0,0.213,1493093521.510,
3.387,4.515,91.723,0.137,0.0,0.239,0.0,212992.0,1048992226.800,1496089.600,0.0,0.0,33588.0,66338.200,3.200,0.0,0.800,5323329536.0,243994624.0,1.6171259904e+11,1500270592.0,0.0,0.0,0.0,212992.0,33612.0,66408.0,3.382,4.509,91.733,0.137,0.0,0.239,1493093526.509,
3.082,4.730,91.747,0.177,0.0,0.264,0.0,222003.200,1014970455.200,1412037.600,0.0,0.0,32646.600,47262.600,3.200,0.0,0.800,5358882816.0,244006912.0,1.61712939008e+11,1464365056.0,0.0,0.0,0.0,222003.200,32641.600,47209.600,3.090,4.732,91.737,0.177,0.0,0.263,1493093531.510,
3.148,4.621,91.821,0.111,0.0,0.299,0.0,181043.200,975638041.600,1311499.600,0.0,0.0,29360.200,36891.0,3.0,0.200,0.0,5345558528.0,244015104.0,1.61713246208e+11,1477373952.0,0.0,0.0,0.0,181043.200,29362.800,36882.200,3.139,4.633,91.813,0.111,0.0,0.304,1493093536.510,
3.126,4.638,91.546,0.548,0.0,0.142,0.0,8237056.0,1008734429.200,1423514.200,0.0,0.0,31097.800,49689.800,3.200,0.200,0.0,5319680000.0,244023296.0,1.61725288448e+11,1491202048.0,0.0,0.0,0.0,8237056.0,31067.800,49677.200,3.134,4.633,91.547,0.549,0.0,0.137,1493093541.510,
3.101,4.718,91.746,0.248,0.0,0.187,0.0,1774387.200,1002621751.0,1364474.0,0.0,0.0,31083.200,44687.800,3.200,0.0,0.400,5325246464.0,244031488.0,1.61711685632e+11,1499230208.0,0.0,0.0,0.0,1774387.200,31089.800,44695.200,3.095,4.716,91.753,0.248,0.0,0.187,1493093546.510,
3.177,4.613,91.896,0.147,0.0,0.167,0.0,181862.400,1021599833.0,1446703.0,0.0,0.0,31308.800,58304.200,3.600,0.200,0.800,5330464768.0,244043776.0,1.61712017408e+11,1493667840.0,0.0,0.0,0.0,181862.400,31312.600,58316.200,3.177,4.608,91.901,0.147,0.0,0.167,1493093551.510,
2.587,4.861,92.141,0.197,0.0,0.213,0.0,258048.0,926356889.400,1159570.0,0.0,0.0,27573.800,27260.600,2.200,0.0,0.400,5298876416.0,244056064.0,1.61712365568e+11,1524895744.0,0.0,0.0,0.0,258048.0,27577.600,27297.0,2.582,4.861,92.147,0.197,0.0,0.213,1493093556.510,
2.808,4.713,91.992,0.147,0.0,0.340,0.0,178585.600,984031631.400,1320313.600,0.0,0.0,29904.200,38740.200,3.0,0.200,0.0,5362499584.0,244068352.0,1.61712652288e+11,1460973568.0,0.0,0.0,0.0,178585.600,29884.800,38684.800,2.808,4.719,91.986,0.147,0.0,0.340,1493093561.510,
2.931,4.723,91.834,0.177,0.0,0.334,0.0,224460.800,1000290710.0,1390965.200,0.0,0.0,32055.0,45779.600,3.200,0.0,0.0,5330874368.0,244084736.0,1.61713016832e+11,1492217856.0,0.0,0.0,0.0,224460.800,32065.0,45779.0,2.931,4.723,91.835,0.177,0.0,0.334,1493093566.510,
2.664,4.832,92.018,0.162,0.0,0.324,0.0,225280.0,946233989.400,1267920.200,0.0,0.0,29554.0,38476.600,3.400,0.0,0.800,5320130560.0,244097024.0,1.61713303552e+11,1502662656.0,0.0,0.0,0.0,225280.0,29547.200,38476.400,2.669,4.831,92.014,0.162,0.0,0.324,1493093571.509,
2.432,4.752,92.478,0.106,0.0,0.233,0.0,181043.200,898681536.400,1160893.600,0.0,0.0,26141.800,30522.0,3.0,0.0,0.800,5390774272.0,244121600.0,1.61713635328e+11,1431662592.0,0.0,0.0,0.0,181043.200,26142.400,30523.600,2.427,4.753,92.482,0.106,0.0,0.233,1493093576.510,
0.643,2.000,97.051,0.166,0.0,0.141,0.0,207257.600,398720838.400,313661.200,0.0,0.0,9128.0,15790.0,1.200,0.0,1.200,5037641728.0,244142080.0,1.61713856512e+11,1784553472.0,0.0,0.0,0.0,207257.600,9123.600,15788.400,0.648,1.994,97.051,0.166,0.0,0.141,1493093581.510,
