"Dstat 0.7.2 CSV output"
"Author:","Dag Wieers <dag@wieers.com>",,,,"URL:","http://dag.wieers.com/home-made/dstat/"
"Host:","client0.skyhook16osds.skyhook-pg0.wisc.cloudlab.us",,,,"User:","jlefevre"
"Cmdline:","dstat -av --epoch --integer --noheaders --output dstat-client0.log 5",,,,"Date:","24 Apr 2017 21:15:41 CDT"

"total cpu usage",,,,,,"dsk/total",,"net/total",,"paging",,"system",,"procs",,,"memory usage",,,,"paging",,"dsk/total",,"system",,"total cpu usage",,,,,,"epoch"
"usr","sys","idl","wai","hiq","siq","read","writ","recv","send","in","out","int","csw","run","blk","new","used","buff","cach","free","in","out","read","writ","int","csw","usr","sys","idl","wai","hiq","siq","epoch"
0.045,0.020,99.920,0.010,0.0,0.005,0.0,11468.800,60661.0,4841.400,0.0,0.0,518.0,6766.0,0.0,0.0,0.400,5063561216.0,253632512.0,1.61734565888e+11,1728434176.0,0.0,0.0,0.0,11468.800,517.0,6755.600,0.045,0.020,99.920,0.010,0.0,0.005,1493100481.510,
6.997,3.448,89.160,0.101,0.0,0.293,0.0,149094.400,777308024.200,1154710.0,0.0,0.0,32549.400,79036.800,6.0,0.0,5.0,5326139392.0,253632512.0,1.617347584e+11,1465663488.0,0.0,0.0,0.0,149094.400,32559.800,79038.400,7.002,3.458,89.146,0.101,0.0,0.293,1493100486.510,
8.450,4.916,85.949,0.146,0.0,0.539,0.0,222822.400,916390312.0,1132598.400,0.0,0.0,27357.400,68287.200,5.800,0.0,0.0,5328236544.0,253640704.0,1.6173508608e+11,1463230464.0,0.0,0.0,0.0,222822.400,27362.400,68338.0,8.455,4.911,85.949,0.146,0.0,0.539,1493100491.510,
8.479,4.855,86.271,0.132,0.0,0.263,0.0,184320.0,926686577.200,1163293.200,0.0,0.0,28439.600,67920.600,5.400,0.200,0.0,5329084416.0,253644800.0,1.61735409664e+11,1462054912.0,0.0,0.0,0.0,184320.0,28440.200,67895.400,8.480,4.855,86.270,0.132,0.0,0.263,1493100496.510,
8.425,4.955,86.070,0.131,0.0,0.419,0.0,231833.600,921542712.0,1144139.200,0.0,0.0,33523.600,72052.200,5.600,0.0,0.400,5353156608.0,253652992.0,1.61735704576e+11,1437679616.0,0.0,0.0,0.0,231833.600,33509.800,72025.200,8.424,4.954,86.071,0.131,0.0,0.419,1493100501.510,
7.917,4.953,86.630,0.091,0.0,0.409,0.0,171212.800,904630232.600,1093550.400,0.0,0.0,25929.800,45981.200,4.800,0.200,0.800,5291593728.0,253661184.0,1.61736024064e+11,1498914816.0,0.0,0.0,0.0,171212.800,25943.600,45996.0,7.917,4.953,86.630,0.091,0.0,0.409,1493100506.510,
7.857,5.026,86.577,0.106,0.0,0.434,0.0,220364.800,871288221.800,1079003.600,0.0,0.0,24703.600,43142.0,4.800,0.0,0.0,5307191296.0,253661184.0,1.6173635584e+11,1482985472.0,0.0,0.0,0.0,220364.800,24708.200,43227.600,7.862,5.026,86.573,0.106,0.0,0.434,1493100511.510,
7.780,5.158,86.617,0.136,0.0,0.308,0.0,212172.800,880570508.200,1010394.600,0.0,0.0,24917.400,42001.800,4.400,0.0,0.0,5352140800.0,253669376.0,1.61736658944e+11,1437724672.0,0.0,0.0,0.0,212172.800,24909.400,41906.800,7.775,5.158,86.622,0.136,0.0,0.308,1493100516.510,
8.312,5.097,86.121,0.142,0.0,0.329,0.0,215449.600,890928769.0,1071916.800,0.0,0.0,24971.800,49649.600,6.0,0.0,0.0,5328486400.0,253669376.0,1.61736966144e+11,1461071872.0,0.0,0.0,0.0,216268.800,24980.400,49730.600,8.308,5.097,86.125,0.142,0.0,0.329,1493100521.510,
8.055,5.219,86.166,0.161,0.0,0.398,0.0,182681.600,857536138.400,997979.600,0.0,0.0,23774.0,41126.400,5.400,0.200,0.800,5303648256.0,253677568.0,1.61737289728e+11,1485578240.0,0.0,0.0,0.0,181862.400,23764.400,41040.200,8.060,5.219,86.161,0.161,0.0,0.398,1493100526.510,
7.887,5.105,86.301,0.399,0.0,0.308,0.0,5808947.200,861567917.400,1012662.800,0.0,0.0,24906.600,33483.0,5.0,0.400,0.0,5344579584.0,253677568.0,1.61734918144e+11,1447018496.0,0.0,0.0,0.0,5808947.200,24911.400,33482.600,7.882,5.105,86.306,0.399,0.0,0.308,1493100531.510,
7.281,5.284,86.718,0.403,0.0,0.313,0.0,3764224.0,812986096.400,859452.600,0.0,0.0,24458.600,24417.200,4.400,0.200,0.0,5322846208.0,253693952.0,1.61751445504e+11,1452208128.0,0.0,0.0,0.0,3764224.0,24447.200,24451.200,7.281,5.284,86.719,0.403,0.0,0.313,1493100536.510,
7.331,5.225,86.909,0.191,0.0,0.343,0.0,232652.800,789805021.800,840574.0,0.0,0.0,25306.200,28312.0,5.200,0.0,0.0,5329907712.0,253702144.0,1.61731137536e+11,1465446400.0,0.0,0.0,0.0,232652.800,25320.200,28405.400,7.341,5.220,86.905,0.191,0.0,0.343,1493100541.510,
7.460,5.156,86.766,0.121,0.0,0.498,0.0,173670.400,836094281.0,844807.800,0.0,0.0,21877.400,32221.400,5.400,0.200,0.0,5326163968.0,253702144.0,1.61731457024e+11,1468870656.0,0.0,0.0,0.0,173670.400,21866.200,32095.200,7.454,5.166,86.761,0.121,0.0,0.498,1493100546.510,
7.057,4.993,87.276,0.191,0.0,0.483,0.0,215449.600,776934648.200,827157.400,0.0,0.0,20934.400,29792.200,4.600,0.0,0.600,5380661248.0,253710336.0,1.61731780608e+11,1414041600.0,0.0,0.0,0.0,215449.600,20928.400,29809.0,7.052,4.983,87.290,0.191,0.0,0.483,1493100551.510,
6.514,5.266,87.571,0.206,0.0,0.443,0.0,210534.400,739392966.0,732911.200,0.0,0.0,20387.0,20559.400,5.0,0.0,0.400,5343035392.0,253710336.0,1.6173203456e+11,1451413504.0,0.0,0.0,0.0,210534.400,20390.600,20544.200,6.518,5.270,87.562,0.206,0.0,0.443,1493100556.510,
6.813,5.251,87.498,0.126,0.0,0.312,0.0,174489.600,751423958.0,703535.400,0.0,0.0,19529.600,17707.200,5.200,0.200,0.0,5379092480.0,253718528.0,1.6173236224e+11,1415020544.0,0.0,0.0,0.0,174489.600,19534.400,17708.0,6.810,5.247,87.504,0.126,0.0,0.313,1493100561.510,
6.191,5.286,87.840,0.166,0.0,0.518,0.0,239206.400,697741657.400,590696.400,0.0,0.0,18338.200,15716.400,4.600,0.0,0.0,5370994688.0,253718528.0,1.61732661248e+11,1422819328.0,0.0,0.0,0.0,239206.400,18337.600,15729.400,6.189,5.290,87.838,0.166,0.0,0.517,1493100566.510,
7.776,5.048,86.570,0.207,0.0,0.398,0.0,218726.400,838437588.400,942291.200,0.0,0.0,22566.0,33814.600,5.400,0.0,0.400,5354156032.0,253726720.0,1.61732939776e+11,1439371264.0,0.0,0.0,0.0,218726.400,22569.200,33798.400,7.787,5.048,86.559,0.207,0.0,0.398,1493100571.510,
6.969,5.323,87.224,0.081,0.0,0.403,0.0,176128.0,798640337.200,833456.400,0.0,0.0,21343.400,23670.400,4.800,0.200,0.400,5336862720.0,253734912.0,1.6173326336e+11,1456332800.0,0.0,0.0,0.0,176128.0,21335.0,23670.600,6.965,5.328,87.224,0.081,0.0,0.403,1493100576.510,
6.903,5.398,87.125,0.151,0.0,0.423,0.0,209715.200,790208405.600,832729.400,0.0,0.0,21627.400,23053.200,6.800,0.0,0.400,5366931456.0,253739008.0,1.61733521408e+11,1426001920.0,0.0,0.0,0.0,209715.200,21628.0,23057.600,6.904,5.393,87.129,0.151,0.0,0.423,1493100581.510,
8.540,4.965,86.080,0.142,0.0,0.273,0.0,174489.600,869849213.600,999732.0,0.0,0.0,23956.0,46944.200,6.0,0.200,0.200,5378514944.0,253747200.0,1.6173385728e+11,1414074368.0,0.0,0.0,0.0,174489.600,23953.400,46939.400,8.531,4.961,86.094,0.142,0.0,0.273,1493100586.509,
8.301,5.049,86.286,0.131,0.0,0.232,0.0,210534.400,839616535.0,899762.800,0.0,0.0,22750.800,30412.200,5.600,0.0,0.0,5343490048.0,253747200.0,1.61734160384e+11,1448796160.0,0.0,0.0,0.0,210534.400,22756.400,30414.0,8.306,5.054,86.276,0.131,0.0,0.232,1493100591.510,
8.626,5.083,86.018,0.061,0.0,0.212,0.0,210534.400,865199151.200,1024193.0,0.0,0.0,25710.0,46215.600,5.400,0.0,0.400,5365080064.0,253755392.0,1.617344512e+11,1426907136.0,0.0,0.0,0.0,210534.400,25713.800,46261.800,8.621,5.079,86.028,0.061,0.0,0.212,1493100596.509,
8.164,5.175,86.243,0.040,0.0,0.378,0.0,178585.600,838721428.600,902226.200,0.0,0.0,23002.0,32678.400,4.800,0.200,0.200,5344440320.0,253755392.0,1.61734770688e+11,1447227392.0,0.0,0.0,0.0,178585.600,23004.600,32679.800,8.173,5.180,86.229,0.040,0.0,0.378,1493100601.510,
8.033,5.223,86.194,0.161,0.0,0.389,0.0,222003.200,835131115.400,945889.200,0.0,0.0,23301.600,33905.0,6.800,0.0,0.400,5325217792.0,253763584.0,1.61735094272e+11,1466118144.0,0.0,0.0,0.0,222003.200,23303.0,33900.600,8.032,5.222,86.196,0.161,0.0,0.388,1493100606.510,
8.209,5.045,86.216,0.131,0.0,0.399,0.0,215449.600,851634379.600,975158.0,0.0,0.0,24315.600,41040.400,5.400,0.0,0.0,5334020096.0,253771776.0,1.61735397376e+11,1457004544.0,0.0,0.0,0.0,215449.600,24305.800,41013.400,8.205,5.046,86.218,0.131,0.0,0.399,1493100611.510,
7.433,5.230,86.913,0.126,0.0,0.298,0.0,192512.0,858877767.200,961518.0,0.0,0.0,23800.0,33315.200,5.0,0.200,0.400,5314625536.0,253779968.0,1.61735708672e+11,1476079616.0,0.0,0.0,0.0,192512.0,23815.600,33399.800,7.440,5.228,86.903,0.131,0.0,0.298,1493100616.510,
7.582,5.238,86.581,0.217,0.0,0.383,0.0,203980.800,839250102.0,942727.0,0.0,0.0,22601.200,36467.800,6.200,0.0,0.0,5329534976.0,253788160.0,1.6173602816e+11,1460842496.0,0.0,0.0,0.0,203980.800,22592.800,36368.600,7.578,5.239,86.588,0.212,0.0,0.383,1493100621.510,
7.522,5.199,86.654,0.171,0.0,0.453,0.0,210534.400,850856636.400,841385.200,0.0,0.0,22223.200,29989.200,5.400,0.0,0.0,5315010560.0,253788160.0,1.61736310784e+11,1475084288.0,0.0,0.0,0.0,210534.400,22226.800,30029.400,7.522,5.199,86.654,0.171,0.0,0.453,1493100626.510,
7.139,5.268,86.979,0.121,0.0,0.493,0.0,193331.200,821265411.0,890636.800,0.0,0.0,22733.400,28296.800,6.400,0.200,0.400,5338218496.0,253796352.0,1.61736609792e+11,1451569152.0,0.0,0.0,0.0,193331.200,22741.600,28262.400,7.139,5.262,86.985,0.121,0.0,0.493,1493100631.510,
6.594,5.294,87.678,0.096,0.0,0.338,0.0,207257.600,771336016.200,748763.200,0.0,0.0,20671.200,21658.600,4.800,0.0,0.0,5317357568.0,253796352.0,1.61736921088e+11,1472118784.0,0.0,0.0,0.0,207257.600,20650.0,21649.600,6.594,5.300,87.673,0.096,0.0,0.338,1493100636.510,
6.990,5.278,87.077,0.277,0.0,0.378,0.0,5033984.0,761097190.400,743904.200,0.0,0.0,20127.200,20369.200,5.0,0.200,0.400,5329375232.0,253808640.0,1.61732755456e+11,1464254464.0,0.0,0.0,0.0,5033984.0,20134.400,20381.600,6.990,5.278,87.078,0.277,0.0,0.378,1493100641.510,
7.070,5.242,87.194,0.136,0.0,0.358,0.0,215449.600,772543430.400,748062.200,0.0,0.0,21058.800,22687.0,4.800,0.0,0.0,5362921472.0,253820928.0,1.61733054464e+11,1430396928.0,0.0,0.0,0.0,215449.600,21052.200,22675.600,7.070,5.242,87.195,0.136,0.0,0.358,1493100646.510,
6.682,5.234,87.505,0.111,0.0,0.468,0.0,210534.400,749103134.400,679793.600,0.0,0.0,19663.400,17932.0,4.200,0.0,0.0,5319397376.0,253829120.0,1.61733316608e+11,1473650688.0,0.0,0.0,0.0,210534.400,19670.600,17930.600,6.683,5.235,87.504,0.111,0.0,0.468,1493100651.509,
7.202,5.326,86.958,0.141,0.0,0.373,0.0,181043.200,816026914.800,860273.200,0.0,0.0,22841.400,24484.200,5.0,0.200,0.400,5347061760.0,253841408.0,1.6173365248e+11,1445638144.0,0.0,0.0,0.0,181043.200,22841.200,24516.600,7.202,5.326,86.957,0.141,0.0,0.373,1493100656.510,
2.787,2.456,94.461,0.146,0.0,0.151,0.0,208076.800,288546413.800,72796.400,0.0,0.0,5750.600,8447.800,1.600,0.0,0.0,5410488320.0,253853696.0,1.61733894144e+11,1381957632.0,0.0,0.0,0.0,208076.800,5740.200,8416.0,2.777,2.455,94.472,0.146,0.0,0.151,1493100661.510,
1.966,2.343,95.520,0.030,0.0,0.140,0.0,62259.200,219141862.600,38297.800,0.0,0.0,4113.800,7891.800,2.0,0.0,0.400,5402812416.0,253861888.0,1.61733926912e+11,1389592576.0,0.0,0.0,0.0,62259.200,4113.400,7891.400,1.971,2.342,95.516,0.030,0.0,0.140,1493100666.510,
0.080,0.080,99.815,0.015,0.0,0.010,0.0,13107.200,1071786.400,5064.200,0.0,0.0,682.0,7416.800,0.200,0.0,1.0,5035347968.0,253861888.0,1.61733926912e+11,1757057024.0,0.0,0.0,0.0,13107.200,682.0,7428.600,0.075,0.075,99.825,0.015,0.0,0.010,1493100671.510,
