"Dstat 0.7.2 CSV output"
"Author:","Dag Wieers <dag@wieers.com>",,,,"URL:","http://dag.wieers.com/home-made/dstat/"
"Host:","osd1.skyhook16osds.skyhook-pg0.wisc.cloudlab.us",,,,"User:","jlefevre"
"Cmdline:","dstat -av --epoch --integer --noheaders --output dstat-osd1.log 5",,,,"Date:","24 Apr 2017 21:15:43 CDT"

"total cpu usage",,,,,,"dsk/total",,"net/total",,"paging",,"system",,"procs",,,"memory usage",,,,"paging",,"dsk/total",,"system",,"total cpu usage",,,,,,"epoch"
"usr","sys","idl","wai","hiq","siq","read","writ","recv","send","in","out","int","csw","run","blk","new","used","buff","cach","free","in","out","read","writ","int","csw","usr","sys","idl","wai","hiq","siq","epoch"
0.015,0.005,99.965,0.015,0.0,0.0,0.0,10649.600,6130.400,7888.0,0.0,0.0,230.200,265.200,0.0,0.0,0.0,2010554368.0,1925120.0,5565227008.0,1.61202487296e+11,0.0,0.0,0.0,10649.600,228.800,265.200,0.010,0.005,99.970,0.015,0.0,0.0,1493099063.679,
0.030,0.060,99.910,0.0,0.0,0.0,0.0,8192.0,29690.200,13019156.200,0.0,0.0,712.200,255.400,0.0,0.0,0.0,2077794304.0,1933312.0,5565227008.0,1.61135239168e+11,0.0,0.0,0.0,8192.0,716.200,255.800,0.035,0.060,99.905,0.0,0.0,0.0,1493099068.679,
0.075,0.180,99.730,0.015,0.0,0.0,0.0,9011.200,115500.600,66941871.400,0.0,0.0,3443.0,500.800,0.200,0.0,0.400,2066518016.0,1949696.0,5565227008.0,1.61146499072e+11,0.0,0.0,0.0,9011.200,3442.800,500.400,0.075,0.185,99.725,0.015,0.0,0.0,1493099073.679,
0.070,0.210,99.705,0.010,0.0,0.005,0.0,13107.200,109005.400,66397563.800,0.0,0.0,3233.600,467.0,0.200,0.0,0.400,2057998336.0,1966080.0,5565235200.0,1.61154994176e+11,0.0,0.0,0.0,13107.200,3231.600,467.200,0.065,0.205,99.715,0.010,0.0,0.005,1493099078.679,
0.065,0.160,99.765,0.010,0.0,0.0,0.0,9830.400,95425.0,53637129.200,0.0,0.0,2762.800,496.600,0.0,0.0,0.400,2073759744.0,1974272.0,5565239296.0,1.6113922048e+11,0.0,0.0,0.0,9830.400,2766.0,496.600,0.065,0.160,99.765,0.010,0.0,0.0,1493099083.679,
0.050,0.120,99.820,0.010,0.0,0.0,0.0,10649.600,86896.0,51061832.200,0.0,0.0,2458.400,370.200,0.0,0.0,0.0,2054287360.0,1990656.0,5565235200.0,1.61158680576e+11,0.0,0.0,0.0,10649.600,2453.400,370.0,0.055,0.120,99.815,0.010,0.0,0.0,1493099088.679,
0.060,0.070,99.855,0.015,0.0,0.0,0.0,5734.400,50466.800,26569431.600,0.0,0.0,1507.400,411.0,0.0,0.0,0.800,2059296768.0,1998848.0,5565243392.0,1.61153654784e+11,0.0,0.0,0.0,5734.400,1508.800,411.0,0.055,0.070,99.860,0.015,0.0,0.0,1493099093.679,
0.055,0.105,99.830,0.010,0.0,0.0,0.0,14745.600,70179.0,38478171.200,0.0,0.0,1981.200,361.800,0.0,0.200,0.400,2055401472.0,2015232.0,5565243392.0,1.61157533696e+11,0.0,0.0,0.0,14745.600,1979.800,361.800,0.055,0.105,99.830,0.010,0.0,0.0,1493099098.679,
0.055,0.140,99.785,0.015,0.0,0.005,0.0,9011.200,73017.200,44136850.0,0.0,0.0,2207.0,346.0,0.0,0.0,0.400,2061266944.0,2023424.0,5565251584.0,1.6115165184e+11,0.0,0.0,0.0,9011.200,2207.0,346.0,0.055,0.140,99.785,0.015,0.0,0.005,1493099103.679,
0.050,0.105,99.825,0.015,0.0,0.005,0.0,17203.200,53180.0,32511260.400,0.0,0.0,1612.800,387.200,0.0,0.0,0.400,2053349376.0,2039808.0,5565251584.0,1.61159553024e+11,0.0,0.0,0.0,17203.200,1612.800,387.200,0.055,0.105,99.820,0.015,0.0,0.005,1493099108.679,
0.040,0.070,99.875,0.015,0.0,0.0,0.0,7372.800,48350.0,23658555.800,0.0,0.0,1435.200,316.200,0.0,0.0,0.400,2042228736.0,2056192.0,5565243392.0,1.61170665472e+11,0.0,0.0,0.0,7372.800,1435.200,316.200,0.035,0.070,99.880,0.015,0.0,0.0,1493099113.679,
0.050,0.105,99.835,0.010,0.0,0.0,0.0,10649.600,58612.800,37005167.400,0.0,0.0,1853.200,372.200,0.0,0.0,0.400,2033176576.0,2064384.0,5565255680.0,1.61179697152e+11,0.0,0.0,0.0,10649.600,1855.600,372.200,0.050,0.105,99.835,0.010,0.0,0.0,1493099118.679,
0.060,0.080,99.860,0.0,0.0,0.0,0.0,13107.200,58160.200,33830445.200,0.0,0.0,1636.200,366.800,0.0,0.0,0.400,2036744192.0,2080768.0,5565255680.0,1.61176113152e+11,0.0,0.0,0.0,13107.200,1633.800,366.800,0.060,0.080,99.860,0.0,0.0,0.0,1493099123.679,
0.055,0.090,99.835,0.020,0.0,0.0,0.0,15564.800,58081.400,32476862.200,0.0,0.0,1646.0,372.600,0.0,0.0,0.400,2048548864.0,2097152.0,5565263872.0,1.61164283904e+11,0.0,0.0,0.0,15564.800,1646.0,372.600,0.060,0.090,99.830,0.020,0.0,0.0,1493099128.679,
0.075,0.175,99.745,0.005,0.0,0.0,0.0,9830.400,100727.200,61948426.0,0.0,0.0,2180.400,420.400,0.200,0.0,0.800,2049851392.0,2105344.0,5565267968.0,1.61162969088e+11,0.0,0.0,0.0,9830.400,2180.400,422.0,0.075,0.175,99.745,0.005,0.0,0.0,1493099133.679,
0.045,0.085,99.850,0.015,0.0,0.005,0.0,15564.800,58134.0,32762199.200,0.0,0.0,1201.200,392.600,0.0,0.0,0.0,2076299264.0,2121728.0,5565272064.0,1.61136500736e+11,0.0,0.0,0.0,15564.800,1201.200,391.0,0.040,0.085,99.855,0.015,0.0,0.005,1493099138.679,
0.075,0.115,99.785,0.020,0.0,0.005,0.0,16384.0,78510.0,41037121.0,0.0,0.0,1637.800,494.600,0.0,0.0,0.800,2069733376.0,2138112.0,5565280256.0,1.61143042048e+11,0.0,0.0,0.0,16384.0,1638.0,495.0,0.075,0.115,99.785,0.020,0.0,0.005,1493099143.679,
0.055,0.105,99.820,0.020,0.0,0.0,0.0,14745.600,69789.0,38392558.400,0.0,0.0,1396.400,419.800,0.0,0.0,0.800,2057576448.0,2154496.0,5565280256.0,1.61155182592e+11,0.0,0.0,0.0,14745.600,1396.200,419.400,0.055,0.105,99.820,0.020,0.0,0.0,1493099148.679,
0.100,0.185,99.700,0.015,0.0,0.0,0.0,11468.800,97387.400,60481757.200,0.0,0.0,2098.600,581.800,0.400,0.0,1.600,2091540480.0,2162688.0,5565288448.0,1.61121202176e+11,0.0,0.0,0.0,11468.800,2100.200,583.600,0.100,0.185,99.700,0.015,0.0,0.0,1493099153.679,
0.065,0.140,99.770,0.020,0.0,0.005,0.0,18022.400,91182.800,54647688.800,0.0,0.0,1868.800,454.800,0.0,0.0,1.200,2049916928.0,2179072.0,5565288448.0,1.61162809344e+11,0.0,0.0,0.0,18022.400,1867.200,453.0,0.065,0.140,99.770,0.020,0.0,0.005,1493099158.679,
0.100,0.175,99.710,0.015,0.0,0.0,819.200,6553.600,81432.0,55418285.0,0.0,0.0,1883.0,575.200,0.0,0.0,1.0,2093142016.0,2187264.0,5565304832.0,1.6111955968e+11,0.0,0.0,819.200,6553.600,1883.200,575.200,0.100,0.175,99.710,0.015,0.0,0.0,1493099163.679,
0.075,0.160,99.750,0.015,0.0,0.0,0.0,15564.800,96210.400,63207183.800,0.0,0.0,2267.0,525.400,0.200,0.0,0.800,2067431424.0,2203648.0,5565304832.0,1.61145253888e+11,0.0,0.0,0.0,15564.800,2270.600,525.400,0.080,0.160,99.745,0.015,0.0,0.0,1493099168.679,
0.055,0.055,99.880,0.010,0.0,0.0,0.0,13926.400,38865.0,20294909.200,0.0,0.0,1214.400,386.800,0.0,0.0,1.200,2056617984.0,2220032.0,5565313024.0,1.61156042752e+11,0.0,0.0,0.0,13926.400,1210.600,386.800,0.050,0.055,99.885,0.010,0.0,0.0,1493099173.679,
0.035,0.055,99.900,0.010,0.0,0.0,0.0,13107.200,26954.600,14549883.200,0.0,0.0,840.800,332.400,0.0,0.0,0.800,2046038016.0,2228224.0,5565317120.0,1.61166610432e+11,0.0,0.0,0.0,13107.200,840.800,332.400,0.035,0.055,99.900,0.010,0.0,0.0,1493099178.679,
0.060,0.095,99.820,0.025,0.0,0.0,27852.800,13926.400,42920.600,27241838.200,0.0,0.0,1359.0,443.0,0.200,0.0,1.200,2059874304.0,2383872.0,5565181952.0,1.61152753664e+11,0.0,0.0,27852.800,13926.400,1364.400,443.400,0.060,0.095,99.820,0.025,0.0,0.0,1493099183.679,
0.045,0.100,99.835,0.020,0.0,0.0,0.0,14745.600,49161.200,28856680.600,0.0,0.0,1431.0,433.0,0.200,0.0,0.800,2055839744.0,2400256.0,5565317120.0,1.61156636672e+11,0.0,0.0,0.0,14745.600,1425.600,432.600,0.050,0.100,99.830,0.020,0.0,0.0,1493099188.679,
0.090,0.140,99.760,0.010,0.0,0.0,0.0,13926.400,79821.600,53130479.0,0.0,0.0,2460.400,469.800,0.400,0.0,1.200,2042077184.0,2408448.0,5565333504.0,1.61170374656e+11,0.0,0.0,0.0,13926.400,2460.400,469.800,0.085,0.140,99.765,0.010,0.0,0.0,1493099193.679,
0.060,0.090,99.825,0.020,0.0,0.005,0.0,16384.0,53431.0,31957290.600,0.0,0.0,1665.400,405.800,0.200,0.0,0.800,2069856256.0,2424832.0,5565337600.0,1.61142575104e+11,0.0,0.0,0.0,16384.0,1669.0,405.800,0.065,0.090,99.820,0.020,0.0,0.005,1493099198.679,
0.050,0.045,99.880,0.020,0.0,0.005,0.0,8192.0,25624.200,12322115.400,0.0,0.0,848.0,385.600,0.0,0.0,1.200,2039853056.0,2433024.0,5565341696.0,1.61172566016e+11,0.0,0.0,0.0,8192.0,844.400,385.600,0.045,0.045,99.885,0.020,0.0,0.005,1493099203.679,
0.040,0.015,99.945,0.0,0.0,0.0,0.0,16384.0,8862.800,11822.600,0.0,0.0,317.800,374.0,0.0,0.0,1.200,2027323392.0,2441216.0,5565345792.0,1.61185083392e+11,0.0,0.0,0.0,16384.0,317.800,374.0,0.040,0.015,99.945,0.0,0.0,0.0,1493099208.679,
0.015,0.010,99.955,0.020,0.0,0.0,0.0,10649.600,5678.800,7877.0,0.0,0.0,228.0,288.800,0.0,0.0,0.0,2025922560.0,2457600.0,5565341696.0,1.61186471936e+11,0.0,0.0,0.0,10649.600,228.0,288.800,0.015,0.010,99.955,0.020,0.0,0.0,1493099213.679,
