"Dstat 0.7.2 CSV output"
"Author:","Dag Wieers <dag@wieers.com>",,,,"URL:","http://dag.wieers.com/home-made/dstat/"
"Host:","osd0.skyhook16osds.skyhook-pg0.wisc.cloudlab.us",,,,"User:","jlefevre"
"Cmdline:","dstat -av --epoch --integer --noheaders --output dstat-osd0.log 5",,,,"Date:","24 Apr 2017 21:15:42 CDT"

"total cpu usage",,,,,,"dsk/total",,"net/total",,"paging",,"system",,"procs",,,"memory usage",,,,"paging",,"dsk/total",,"system",,"total cpu usage",,,,,,"epoch"
"usr","sys","idl","wai","hiq","siq","read","writ","recv","send","in","out","int","csw","run","blk","new","used","buff","cach","free","in","out","read","writ","int","csw","usr","sys","idl","wai","hiq","siq","epoch"
0.025,0.015,99.945,0.015,0.0,0.0,4096.0,4915.200,6859.400,9342.400,0.0,0.0,264.0,307.600,0.0,0.0,0.800,2269097984.0,1552384.0,260915200.0,1.66248628224e+11,0.0,0.0,4096.0,4915.200,263.800,307.600,0.025,0.010,99.950,0.015,0.0,0.0,1493098437.876,
0.050,0.110,99.440,0.395,0.0,0.005,28556492.800,59801.600,21705.400,11013294.200,0.0,0.0,950.400,840.0,0.0,0.200,1.800,2391244800.0,1994752.0,401592320.0,1.6598536192e+11,0.0,0.0,28556492.800,59801.600,950.400,840.0,0.050,0.110,99.440,0.395,0.0,0.005,1493098442.876,
0.045,0.125,99.720,0.100,0.0,0.010,27709440.0,16384.0,51779.800,39983509.400,0.0,0.0,1853.400,818.0,0.200,0.0,1.200,2336374784.0,2002944.0,541749248.0,1.65900066816e+11,0.0,0.0,27892940.800,16384.0,1858.0,819.600,0.045,0.135,99.705,0.105,0.0,0.010,1493098447.876,
0.040,0.145,99.645,0.165,0.0,0.005,34359705.600,7372.800,53482.800,43554786.800,0.0,0.0,2025.600,831.0,0.200,0.0,0.0,2291531776.0,2019328.0,713662464.0,1.65772980224e+11,0.0,0.0,34176204.800,7372.800,2021.0,829.400,0.040,0.140,99.655,0.160,0.0,0.005,1493098452.876,
0.070,0.245,99.450,0.235,0.0,0.0,62051123.200,8192.0,61480.200,56888939.200,0.0,0.0,2600.400,1322.400,0.0,0.200,0.400,2337685504.0,2027520.0,1023279104.0,1.65417201664e+11,0.0,0.0,62051123.200,8192.0,2603.400,1322.400,0.070,0.240,99.455,0.235,0.0,0.0,1493098457.876,
0.035,0.135,99.695,0.135,0.0,0.0,33846067.200,7372.800,44790.800,34754090.600,0.0,0.0,1817.400,871.800,0.0,0.0,0.0,2336989184.0,2043904.0,1193144320.0,1.65248016384e+11,0.0,0.0,33846067.200,7372.800,1816.600,871.800,0.035,0.135,99.695,0.135,0.0,0.0,1493098462.876,
0.075,0.225,99.475,0.210,0.0,0.015,59912192.0,0.0,91642.800,62850137.400,0.0,0.0,3019.200,1308.400,0.200,0.200,0.400,2343956480.0,2043904.0,1492590592.0,1.64941602816e+11,0.0,0.0,60095692.800,0.0,3018.600,1311.400,0.075,0.230,99.470,0.210,0.0,0.015,1493098467.876,
0.065,0.175,99.540,0.215,0.0,0.005,48525312.0,12288.0,77899.200,53338800.200,0.0,0.0,2858.0,1100.600,0.0,0.200,0.400,2328363008.0,2060288.0,1736171520.0,1.64713598976e+11,0.0,0.0,48499097.600,12288.0,2857.600,1100.0,0.065,0.180,99.535,0.215,0.0,0.005,1493098472.876,
0.065,0.220,99.505,0.205,0.0,0.005,55151820.800,17203.200,84289.0,60310997.400,0.0,0.0,2946.600,1258.0,0.0,0.0,0.400,2309574656.0,2068480.0,2010714112.0,1.64457836544e+11,0.0,0.0,54994534.400,17203.200,2945.400,1255.600,0.065,0.215,99.510,0.205,0.0,0.005,1493098477.876,
0.055,0.160,99.590,0.190,0.0,0.005,42307584.0,14745.600,58177.200,45227127.600,0.0,0.0,2182.400,1049.400,0.0,0.0,0.600,2308341760.0,2084864.0,2222653440.0,1.64247113728e+11,0.0,0.0,42307584.0,14745.600,2184.800,1049.400,0.055,0.155,99.595,0.190,0.0,0.005,1493098482.876,
0.045,0.105,99.750,0.095,0.0,0.005,28676915.200,9830.400,42098.400,28939352.0,0.0,0.0,1587.200,789.200,0.200,0.200,0.400,2310205440.0,2101248.0,2366439424.0,1.6410144768e+11,0.0,0.0,28834201.600,9830.400,1587.200,792.0,0.045,0.110,99.740,0.100,0.0,0.005,1493098487.876,
0.050,0.175,99.475,0.295,0.0,0.005,58758758.400,9830.400,75086.800,54065247.200,0.0,0.0,2780.400,1265.800,0.0,0.0,0.0,2349375488.0,2109440.0,2660102144.0,1.6376860672e+11,0.0,0.0,58601472.0,9830.400,2778.0,1263.0,0.050,0.175,99.480,0.290,0.0,0.005,1493098492.876,
0.070,0.220,99.415,0.295,0.0,0.0,59230617.600,7372.800,43920.400,34500493.400,0.0,0.0,2092.400,1321.200,0.400,0.0,0.400,2484903936.0,2125824.0,2955997184.0,1.63337166848e+11,0.0,0.0,59230617.600,7372.800,2092.400,1321.200,0.070,0.215,99.420,0.295,0.0,0.0,1493098497.876,
0.050,0.150,99.625,0.175,0.0,0.0,31392563.200,8192.0,70583.600,70848517.200,0.0,0.0,2675.600,858.400,0.0,0.200,0.800,2288132096.0,2134016.0,3113803776.0,1.63376123904e+11,0.0,0.0,31576064.0,8192.0,2676.800,861.0,0.050,0.155,99.620,0.175,0.0,0.0,1493098502.876,
0.070,0.220,99.355,0.345,0.0,0.010,64504627.200,7372.800,83672.200,63088749.600,0.0,0.0,2765.800,1440.600,0.200,0.200,0.400,2318102528.0,2150400.0,3433299968.0,1.63026640896e+11,0.0,0.0,64321126.400,7372.800,2764.600,1438.0,0.070,0.220,99.355,0.345,0.0,0.010,1493098507.876,
0.075,0.180,99.425,0.315,0.0,0.005,56410112.0,4915.200,75114.200,58077057.0,0.0,0.0,2712.800,1256.200,0.0,0.600,0.400,2322366464.0,2150400.0,3717300224.0,1.62738376704e+11,0.0,0.0,56410112.0,4915.200,2712.800,1256.200,0.075,0.175,99.430,0.315,0.0,0.005,1493098512.876,
0.060,0.175,99.570,0.185,0.0,0.010,50769100.800,13107.200,61335.200,53764293.0,0.0,0.0,2372.400,1141.200,0.0,0.0,0.0,2315735040.0,2166784.0,3971166208.0,1.6249112576e+11,0.0,0.0,50769100.800,13107.200,2372.400,1141.600,0.060,0.175,99.570,0.185,0.0,0.010,1493098517.876,
0.055,0.130,99.655,0.155,0.0,0.005,36666572.800,9830.400,55453.400,41311045.600,0.0,0.0,2023.200,927.600,0.200,0.0,0.400,2295537664.0,2183168.0,4154560512.0,1.62327912448e+11,0.0,0.0,36666572.800,9830.400,2027.800,927.200,0.055,0.135,99.650,0.155,0.0,0.005,1493098522.876,
0.090,0.195,99.545,0.170,0.0,0.0,59230617.600,8192.0,60874.800,45663915.600,0.0,0.0,2417.400,1347.800,0.0,0.400,0.400,2383003648.0,2191360.0,4450758656.0,1.61944240128e+11,0.0,0.0,59230617.600,8192.0,2412.800,1347.800,0.090,0.195,99.545,0.170,0.0,0.0,1493098527.876,
0.045,0.125,99.720,0.110,0.0,0.0,36850073.600,7372.800,46422.800,40081785.400,0.0,0.0,1945.400,908.800,0.400,0.0,0.400,2371293184.0,2207744.0,4634210304.0,1.6177248256e+11,0.0,0.0,37007360.0,7372.800,1947.0,913.0,0.045,0.130,99.715,0.110,0.0,0.0,1493098532.876,
0.080,0.235,99.515,0.170,0.0,0.0,56593612.800,0.0,92109.600,72636394.200,0.0,0.0,3314.400,1247.400,0.200,0.0,0.400,2300203008.0,2207744.0,4918710272.0,1.61559072768e+11,0.0,0.0,56672256.0,0.0,3314.200,1245.600,0.080,0.235,99.515,0.170,0.0,0.0,1493098537.876,
0.060,0.230,99.425,0.275,0.0,0.010,64043417.600,10649.600,44597.400,46404204.600,0.0,0.0,2318.200,1357.0,0.200,0.400,0.0,2412351488.0,2224128.0,5237940224.0,1.61127677952e+11,0.0,0.0,63964774.400,10649.600,2317.800,1357.0,0.060,0.220,99.435,0.275,0.0,0.010,1493098542.876,
0.050,0.160,99.640,0.145,0.0,0.005,40918220.800,9011.200,79124.0,65895783.800,0.0,0.0,2372.400,997.800,0.0,0.400,0.400,2286702592.0,2232320.0,5443981312.0,1.61047277568e+11,0.0,0.0,40996864.0,9011.200,2372.800,998.600,0.050,0.170,99.630,0.145,0.0,0.005,1493098547.876,
0.075,0.175,99.560,0.185,0.0,0.005,49799168.0,13107.200,59444.800,47634470.800,0.0,0.0,1676.600,1103.400,0.0,0.0,0.400,2310705152.0,2248704.0,5692178432.0,1.60775061504e+11,0.0,0.0,49563238.400,13107.200,1675.200,1100.200,0.075,0.170,99.565,0.185,0.0,0.005,1493098552.876,
0.065,0.185,99.560,0.190,0.0,0.0,47948595.200,9830.400,70852.0,55656264.0,0.0,0.0,1862.600,1110.800,0.0,0.0,0.400,2280931328.0,2265088.0,5931663360.0,1.60565334016e+11,0.0,0.0,47948595.200,9830.400,1862.600,1110.800,0.065,0.180,99.565,0.190,0.0,0.0,1493098557.876,
0.060,0.160,99.630,0.145,0.0,0.005,47948595.200,8192.0,60041.0,48079019.0,0.0,0.0,2418.800,1123.0,0.200,0.0,0.0,2298916864.0,2273280.0,6171406336.0,1.60307597312e+11,0.0,0.0,47948595.200,8192.0,2418.800,1123.0,0.060,0.165,99.625,0.145,0.0,0.005,1493098562.876,
0.035,0.080,99.745,0.140,0.0,0.0,22589440.0,10649.600,30411.200,25690468.600,0.0,0.0,1299.200,635.600,0.0,0.200,0.600,2281332736.0,2289664.0,6284222464.0,1.60212348928e+11,0.0,0.0,22589440.0,10649.600,1299.200,635.600,0.035,0.080,99.745,0.140,0.0,0.0,1493098567.876,
0.060,0.175,99.510,0.250,0.0,0.005,47948595.200,0.0,46951.0,38730703.800,0.0,0.0,1946.800,1053.0,0.0,0.0,0.0,2342723584.0,2289664.0,6523752448.0,1.59911428096e+11,0.0,0.0,47948595.200,0.0,1946.800,1053.0,0.060,0.170,99.515,0.250,0.0,0.005,1493098572.876,
0.065,0.190,99.475,0.270,0.0,0.0,53589606.400,11468.800,75070.0,58884213.200,0.0,0.0,2763.600,1282.400,0.0,0.0,0.400,2330017792.0,2306048.0,6791544832.0,1.5965632512e+11,0.0,0.0,53589606.400,11468.800,2763.600,1282.800,0.070,0.195,99.465,0.270,0.0,0.0,1493098577.876,
0.080,0.265,99.375,0.270,0.0,0.010,70512640.0,8192.0,73113.200,67291984.600,0.0,0.0,2917.0,1501.600,0.400,0.200,0.800,2359042048.0,2314240.0,7144423424.0,1.5927441408e+11,0.0,0.0,70512640.0,8192.0,2917.0,1501.200,0.075,0.260,99.385,0.270,0.0,0.010,1493098582.876,
0.045,0.125,99.685,0.145,0.0,0.0,31025561.600,11468.800,53879.400,47545131.600,0.0,0.0,1997.800,792.200,0.0,0.0,0.400,2282905600.0,2330624.0,7299031040.0,1.59195926528e+11,0.0,0.0,31025561.600,11468.800,1997.800,792.200,0.045,0.130,99.680,0.145,0.0,0.0,1493098587.876,
0.045,0.145,99.660,0.150,0.0,0.0,42307584.0,13107.200,44822.400,42381294.600,0.0,0.0,1890.200,1015.800,0.0,0.0,0.0,2301894656.0,2347008.0,7511175168.0,1.5896477696e+11,0.0,0.0,42307584.0,13107.200,1890.200,1015.800,0.045,0.145,99.660,0.150,0.0,0.0,1493098592.876,
0.045,0.115,99.725,0.110,0.0,0.005,33846067.200,4915.200,26838.400,23402465.400,0.0,0.0,1140.800,808.800,0.0,0.0,0.0,2360700928.0,2355200.0,7679733760.0,1.58737403904e+11,0.0,0.0,33846067.200,4915.200,1140.800,808.800,0.045,0.115,99.725,0.110,0.0,0.005,1493098597.876,
0.065,0.185,99.520,0.225,0.0,0.005,50769100.800,2457.600,83266.800,64239162.0,0.0,0.0,2262.800,1188.600,0.0,0.0,0.0,2302550016.0,2363392.0,7934369792.0,1.58540910592e+11,0.0,0.0,50769100.800,2457.600,2262.800,1188.600,0.065,0.180,99.525,0.225,0.0,0.005,1493098602.876,
0.050,0.090,99.760,0.100,0.0,0.0,25384550.400,8192.0,33361.200,29318476.600,0.0,0.0,1071.600,757.600,0.0,0.200,1.200,2285531136.0,2371584.0,8061296640.0,1.58430994432e+11,0.0,0.0,25384550.400,8192.0,1071.600,757.600,0.050,0.090,99.760,0.100,0.0,0.0,1493098607.876,
0.015,0.020,99.955,0.010,0.0,0.0,0.0,15564.800,4177.400,7096.600,0.0,0.0,194.0,229.400,0.0,0.0,0.400,2285662208.0,2387968.0,8061300736.0,1.5843084288e+11,0.0,0.0,0.0,15564.800,194.0,229.400,0.015,0.025,99.950,0.010,0.0,0.0,1493098612.876,
0.025,0.020,99.945,0.010,0.0,0.0,0.0,9011.200,5854.600,7555.200,0.0,0.0,226.600,258.0,0.0,0.0,0.0,2286305280.0,2396160.0,8061300736.0,1.58430191616e+11,0.0,0.0,0.0,9011.200,226.600,258.0,0.025,0.015,99.950,0.010,0.0,0.0,1493098617.876,
