"Dstat 0.7.2 CSV output"
"Author:","Dag Wieers <dag@wieers.com>",,,,"URL:","http://dag.wieers.com/home-made/dstat/"
"Host:","osd1.skyhook16osds.skyhook-pg0.wisc.cloudlab.us",,,,"User:","jlefevre"
"Cmdline:","dstat -av --epoch --integer --noheaders --output dstat-osd1.log 5",,,,"Date:","24 Apr 2017 21:15:43 CDT"

"total cpu usage",,,,,,"dsk/total",,"net/total",,"paging",,"system",,"procs",,,"memory usage",,,,"paging",,"dsk/total",,"system",,"total cpu usage",,,,,,"epoch"
"usr","sys","idl","wai","hiq","siq","read","writ","recv","send","in","out","int","csw","run","blk","new","used","buff","cach","free","in","out","read","writ","int","csw","usr","sys","idl","wai","hiq","siq","epoch"
0.020,0.005,99.965,0.010,0.0,0.0,4096.0,13107.200,4682.600,7243.0,0.0,0.0,198.0,223.600,0.0,0.0,0.0,2014453760.0,1564672.0,234246144.0,1.66529929216e+11,0.0,0.0,4096.0,13107.200,198.0,223.600,0.020,0.005,99.965,0.010,0.0,0.0,1493098438.679,
0.045,0.090,99.575,0.285,0.0,0.005,20090880.0,55705.600,24661.400,12584532.400,0.0,0.0,1008.200,653.600,0.0,0.0,1.800,2081382400.0,1994752.0,334348288.0,1.66362468352e+11,0.0,0.0,20090880.0,55705.600,1008.200,653.600,0.040,0.090,99.580,0.285,0.0,0.005,1493098443.679,
0.060,0.200,99.445,0.290,0.0,0.005,59248640.0,19660.800,72288.200,50141509.800,0.0,0.0,2706.800,1311.0,0.200,0.0,1.200,2135732224.0,2002944.0,629571584.0,1.6601288704e+11,0.0,0.0,59248640.0,19660.800,2706.800,1311.0,0.060,0.200,99.445,0.290,0.0,0.005,1493098448.679,
0.045,0.120,99.705,0.125,0.0,0.005,36666572.800,15564.800,69103.600,58379538.200,0.0,0.0,2396.200,919.400,0.0,0.0,0.0,2022797312.0,2011136.0,813928448.0,1.65941456896e+11,0.0,0.0,36666572.800,15564.800,2396.200,919.400,0.050,0.120,99.700,0.125,0.0,0.005,1493098453.679,
0.045,0.125,99.715,0.115,0.0,0.0,39487078.400,4096.0,54725.400,36599795.800,0.0,0.0,2136.400,941.800,0.0,0.200,0.0,2055434240.0,2019328.0,1010724864.0,1.6571201536e+11,0.0,0.0,39487078.400,4096.0,2136.400,941.800,0.045,0.125,99.715,0.115,0.0,0.0,1493098458.679,
0.055,0.145,99.675,0.120,0.0,0.005,42307584.0,9830.400,53656.800,43945337.0,0.0,0.0,2116.200,958.0,0.0,0.0,0.0,2057129984.0,2035712.0,1222393856.0,1.6549863424e+11,0.0,0.0,42307584.0,9830.400,2116.200,958.0,0.050,0.145,99.680,0.120,0.0,0.005,1493098463.679,
0.040,0.100,99.775,0.080,0.0,0.005,31025561.600,4915.200,45949.600,37274313.0,0.0,0.0,1465.200,826.400,0.0,0.200,0.400,2024476672.0,2043904.0,1377587200.0,1.65376086016e+11,0.0,0.0,31025561.600,4915.200,1465.200,826.400,0.045,0.100,99.770,0.080,0.0,0.005,1493098468.679,
0.045,0.130,99.690,0.130,0.0,0.005,36666572.800,9830.400,46494.200,35858713.400,0.0,0.0,1425.400,863.0,0.0,0.0,0.400,2041491456.0,2052096.0,1560727552.0,1.65175922688e+11,0.0,0.0,36666572.800,9830.400,1425.400,863.0,0.040,0.130,99.695,0.130,0.0,0.005,1493098473.679,
0.040,0.065,99.835,0.060,0.0,0.0,16923033.600,11468.800,25179.200,20445169.800,0.0,0.0,769.200,495.400,0.0,0.0,0.400,2023161856.0,2068480.0,1645985792.0,1.65108977664e+11,0.0,0.0,16923033.600,11468.800,769.200,495.400,0.040,0.065,99.835,0.060,0.0,0.0,1493098478.679,
0.040,0.095,99.735,0.125,0.0,0.005,33846067.200,9011.200,36936.0,30336250.800,0.0,0.0,1208.200,822.800,0.0,0.0,0.0,2055163904.0,2084864.0,1815719936.0,1.64907225088e+11,0.0,0.0,33846067.200,9011.200,1208.200,822.800,0.045,0.095,99.730,0.125,0.0,0.005,1493098483.679,
0.050,0.105,99.755,0.090,0.0,0.0,31025561.600,13107.200,43081.800,36560053.600,0.0,0.0,1266.0,903.600,0.0,0.200,0.600,2041663488.0,2093056.0,1969336320.0,1.64767100928e+11,0.0,0.0,31025561.600,13107.200,1270.200,903.800,0.050,0.105,99.755,0.090,0.0,0.0,1493098488.679,
0.040,0.075,99.800,0.085,0.0,0.0,25384550.400,14745.600,38797.200,27532938.0,0.0,0.0,1103.800,701.800,0.0,0.200,0.400,2025381888.0,2109440.0,2097274880.0,1.64655427584e+11,0.0,0.0,25384550.400,14745.600,1099.600,701.600,0.040,0.075,99.800,0.085,0.0,0.0,1493098493.679,
0.040,0.050,99.840,0.065,0.0,0.005,16923033.600,16384.0,22190.400,17699230.0,0.0,0.0,709.200,541.400,0.200,0.0,0.400,2014666752.0,2125824.0,2181894144.0,1.64581507072e+11,0.0,0.0,16923033.600,16384.0,709.200,541.400,0.035,0.050,99.845,0.065,0.0,0.005,1493098498.679,
0.040,0.095,99.765,0.100,0.0,0.0,36666572.800,11468.800,30109.200,33208685.600,0.0,0.0,1176.400,884.800,0.0,0.0,0.400,2051530752.0,2134016.0,2365231104.0,1.6436129792e+11,0.0,0.0,36666572.800,11468.800,1176.600,884.800,0.045,0.095,99.760,0.100,0.0,0.0,1493098503.679,
0.045,0.060,99.845,0.050,0.0,0.0,19743539.200,5734.400,32542.600,25807203.600,0.0,0.0,1257.200,584.600,0.0,0.0,0.0,2020765696.0,2142208.0,2463944704.0,1.64293341184e+11,0.0,0.0,19743539.200,5734.400,1257.0,584.600,0.040,0.060,99.850,0.050,0.0,0.0,1493098508.679,
0.045,0.065,99.810,0.075,0.0,0.005,25384550.400,10649.600,36863.800,26550196.200,0.0,0.0,1348.200,724.600,0.0,0.0,0.400,2022604800.0,2158592.0,2590457856.0,1.64164972544e+11,0.0,0.0,25384550.400,10649.600,1348.200,724.600,0.045,0.065,99.810,0.075,0.0,0.005,1493098513.679,
0.050,0.115,99.775,0.060,0.0,0.0,31025561.600,14745.600,40604.0,31397940.200,0.0,0.0,1572.200,790.600,0.0,0.0,0.400,2038263808.0,2166784.0,2745499648.0,1.63994263552e+11,0.0,0.0,31025561.600,14745.600,1576.0,791.0,0.055,0.115,99.770,0.060,0.0,0.0,1493098518.679,
0.065,0.155,99.655,0.115,0.0,0.010,53589606.400,10649.600,59158.800,44972059.400,0.0,0.0,2358.200,1198.600,0.0,0.0,0.0,2079539200.0,2183168.0,3013951488.0,1.63684519936e+11,0.0,0.0,53589606.400,10649.600,2359.200,1198.200,0.065,0.155,99.655,0.115,0.0,0.010,1493098523.679,
0.050,0.080,99.800,0.070,0.0,0.0,25384550.400,15564.800,48787.200,35903514.600,0.0,0.0,1752.400,723.800,0.0,0.0,0.800,2036334592.0,2199552.0,3140485120.0,1.63601174528e+11,0.0,0.0,25384550.400,15564.800,1747.600,723.800,0.045,0.080,99.805,0.070,0.0,0.0,1493098528.679,
0.045,0.080,99.780,0.090,0.0,0.005,25384550.400,7372.800,38705.0,29399524.800,0.0,0.0,1402.600,790.0,0.200,0.0,0.400,2021699584.0,2207744.0,3267805184.0,1.6348848128e+11,0.0,0.0,25384550.400,7372.800,1402.600,790.0,0.045,0.080,99.780,0.090,0.0,0.005,1493098533.679,
0.050,0.120,99.710,0.120,0.0,0.0,36939366.400,10649.600,41241.400,33328977.400,0.0,0.0,1456.600,892.600,0.200,0.200,0.400,2053025792.0,2224128.0,3452370944.0,1.63272572928e+11,0.0,0.0,37149081.600,10649.600,1458.200,895.200,0.050,0.120,99.705,0.125,0.0,0.0,1493098538.679,
0.030,0.080,99.825,0.065,0.0,0.0,25111756.800,4915.200,30927.800,29420849.200,0.0,0.0,978.800,720.800,0.0,0.0,0.0,2036867072.0,2224128.0,3578068992.0,1.631630336e+11,0.0,0.0,24902041.600,4915.200,977.200,718.200,0.035,0.080,99.825,0.060,0.0,0.0,1493098543.679,
0.060,0.170,99.630,0.140,0.0,0.0,50769100.800,12288.0,49056.0,35576773.600,0.0,0.0,1544.0,1190.400,0.0,0.0,0.400,2121043968.0,2240512.0,3831762944.0,1.62825146368e+11,0.0,0.0,50769100.800,12288.0,1544.0,1190.400,0.060,0.170,99.630,0.140,0.0,0.0,1493098548.679,
0.075,0.210,99.540,0.170,0.0,0.005,50769100.800,11468.800,73831.0,55762280.600,0.0,0.0,2123.0,1175.600,0.0,0.0,0.800,2107965440.0,2256896.0,4085764096.0,1.6258420736e+11,0.0,0.0,50769100.800,11468.800,2123.0,1175.600,0.075,0.210,99.540,0.170,0.0,0.005,1493098553.679,
0.055,0.160,99.695,0.090,0.0,0.0,42307584.0,12288.0,78261.600,54273832.200,0.0,0.0,2722.400,1051.600,0.0,0.200,0.400,2066567168.0,2265088.0,4297027584.0,1.62414333952e+11,0.0,0.0,42307584.0,12288.0,2730.800,1051.600,0.055,0.160,99.695,0.090,0.0,0.0,1493098558.679,
0.060,0.135,99.670,0.130,0.0,0.005,42307584.0,12288.0,59598.0,51382567.400,0.0,0.0,2142.0,1070.600,0.0,0.0,0.400,2019037184.0,2281472.0,4508835840.0,1.62250039296e+11,0.0,0.0,42307584.0,12288.0,2133.600,1070.600,0.060,0.135,99.670,0.130,0.0,0.005,1493098563.679,
0.050,0.110,99.680,0.160,0.0,0.0,39487078.400,13926.400,40459.600,41295699.200,0.0,0.0,1846.0,926.200,0.200,0.0,0.0,2017955840.0,2297856.0,4706279424.0,1.62053660672e+11,0.0,0.0,39487078.400,13926.400,1846.0,926.200,0.045,0.110,99.685,0.160,0.0,0.0,1493098568.679,
0.045,0.055,99.835,0.065,0.0,0.0,14102528.0,12288.0,14548.600,8976666.800,0.0,0.0,632.600,556.0,0.0,0.0,0.800,2051825664.0,2314240.0,4776787968.0,1.6194926592e+11,0.0,0.0,14102528.0,12288.0,633.800,556.200,0.045,0.055,99.835,0.065,0.0,0.0,1493098573.679,
0.030,0.045,99.875,0.050,0.0,0.0,11282022.400,9830.400,17307.600,15249517.200,0.0,0.0,723.0,440.800,0.0,0.0,0.400,2033868800.0,2322432.0,4833214464.0,1.61910788096e+11,0.0,0.0,11282022.400,9830.400,721.800,440.600,0.030,0.045,99.875,0.050,0.0,0.0,1493098578.679,
0.035,0.065,99.835,0.065,0.0,0.0,25384550.400,14745.600,28879.200,26740062.800,0.0,0.0,1150.600,734.800,0.0,0.0,0.400,2034868224.0,2330624.0,4959973376.0,1.61783021568e+11,0.0,0.0,25384550.400,14745.600,1150.600,734.800,0.040,0.065,99.830,0.065,0.0,0.0,1493098583.679,
0.040,0.080,99.780,0.100,0.0,0.0,25384550.400,10649.600,23836.800,23480532.800,0.0,0.0,1045.600,673.800,0.0,0.0,0.0,2053328896.0,2347008.0,5086228480.0,1.61638289408e+11,0.0,0.0,25384550.400,10649.600,1045.600,673.800,0.035,0.080,99.785,0.100,0.0,0.0,1493098588.679,
0.065,0.110,99.705,0.115,0.0,0.005,31261491.200,8192.0,37018.0,29030483.400,0.0,0.0,1417.800,826.400,0.200,0.200,0.800,2069364736.0,2355200.0,5243084800.0,1.61465389056e+11,0.0,0.0,31418777.600,8192.0,1418.800,827.800,0.070,0.115,99.695,0.115,0.0,0.005,1493098593.679,
0.040,0.085,99.740,0.135,0.0,0.0,25148620.800,12288.0,44264.400,32673886.200,0.0,0.0,1520.400,732.0,0.0,0.0,0.0,2036244480.0,2371584.0,5369004032.0,1.61372573696e+11,0.0,0.0,24991334.400,12288.0,1519.400,730.600,0.035,0.080,99.750,0.135,0.0,0.0,1493098598.679,
0.045,0.095,99.775,0.080,0.0,0.005,28205056.0,4915.200,47285.600,32066998.400,0.0,0.0,1748.400,807.0,0.0,0.200,0.400,2020270080.0,2379776.0,5510148096.0,1.6124739584e+11,0.0,0.0,28205056.0,4915.200,1748.400,807.0,0.045,0.095,99.775,0.080,0.0,0.005,1493098603.679,
0.040,0.040,99.885,0.030,0.0,0.005,11282022.400,9830.400,16384.0,11802750.800,0.0,0.0,701.400,454.0,0.0,0.0,0.800,2020491264.0,2387968.0,5566562304.0,1.61190752256e+11,0.0,0.0,11282022.400,9830.400,701.400,454.0,0.040,0.040,99.885,0.030,0.0,0.005,1493098608.679,
0.030,0.005,99.950,0.015,0.0,0.0,0.0,13107.200,6478.800,9057.800,0.0,0.0,234.200,261.600,0.0,0.0,0.400,2020397056.0,2404352.0,5566562304.0,1.6119083008e+11,0.0,0.0,0.0,13107.200,234.200,261.600,0.030,0.005,99.950,0.015,0.0,0.0,1493098613.679,
