"Dstat 0.7.2 CSV output"
"Author:","Dag Wieers <dag@wieers.com>",,,,"URL:","http://dag.wieers.com/home-made/dstat/"
"Host:","osd1.skyhook16osds.skyhook-pg0.wisc.cloudlab.us",,,,"User:","jlefevre"
"Cmdline:","dstat -av --epoch --integer --noheaders --output dstat-osd1.log 5",,,,"Date:","24 Apr 2017 21:15:43 CDT"

"total cpu usage",,,,,,"dsk/total",,"net/total",,"paging",,"system",,"procs",,,"memory usage",,,,"paging",,"dsk/total",,"system",,"total cpu usage",,,,,,"epoch"
"usr","sys","idl","wai","hiq","siq","read","writ","recv","send","in","out","int","csw","run","blk","new","used","buff","cach","free","in","out","read","writ","int","csw","usr","sys","idl","wai","hiq","siq","epoch"
0.020,0.020,99.950,0.010,0.0,0.0,0.0,13926.400,5195.0,7477.400,0.0,0.0,215.800,260.400,0.0,0.0,0.400,2025820160.0,1957888.0,5523492864.0,1.6122892288e+11,0.0,0.0,0.0,13926.400,215.800,260.400,0.015,0.020,99.955,0.010,0.0,0.0,1493093958.679,
0.020,0.010,99.970,0.0,0.0,0.0,0.0,14745.600,5350.600,7966.600,0.0,0.0,236.600,263.800,0.600,0.0,0.800,2022100992.0,1974272.0,5523505152.0,1.61232613376e+11,0.0,0.0,0.0,14745.600,236.600,263.800,0.020,0.010,99.970,0.0,0.0,0.0,1493093963.679,
0.085,0.205,99.700,0.005,0.0,0.005,0.0,13107.200,109073.0,59351430.200,0.0,0.0,3130.400,533.400,0.0,0.0,0.400,2097631232.0,1982464.0,5523505152.0,1.61157074944e+11,0.0,0.0,0.0,13107.200,3133.200,533.400,0.090,0.205,99.695,0.005,0.0,0.005,1493093968.679,
0.075,0.205,99.695,0.020,0.0,0.005,0.0,18022.400,120090.200,68081096.0,0.0,0.0,3495.600,477.800,0.0,0.0,0.0,2052988928.0,1998848.0,5523509248.0,1.61201696768e+11,0.0,0.0,0.0,18022.400,3492.800,477.800,0.070,0.205,99.700,0.020,0.0,0.005,1493093973.679,
0.045,0.140,99.790,0.020,0.0,0.005,0.0,13107.200,80080.800,46655750.400,0.0,0.0,2336.200,380.800,0.0,0.0,0.400,2022551552.0,2015232.0,5523513344.0,1.61232113664e+11,0.0,0.0,0.0,13107.200,2336.200,380.800,0.045,0.145,99.785,0.020,0.0,0.005,1493093978.679,
0.070,0.140,99.790,0.0,0.0,0.0,0.0,2457.600,85023.200,44515572.200,0.0,0.0,2349.0,452.200,0.0,0.0,0.400,2054602752.0,2015232.0,5523517440.0,1.61200058368e+11,0.0,0.0,0.0,2457.600,2349.0,452.200,0.070,0.135,99.795,0.0,0.0,0.0,1493093983.679,
0.060,0.160,99.770,0.010,0.0,0.0,0.0,16384.0,94801.600,54902135.200,0.0,0.0,2732.0,437.400,0.200,0.0,0.800,2039746560.0,2031616.0,5523517440.0,1.61214898176e+11,0.0,0.0,0.0,16384.0,2740.800,437.800,0.060,0.165,99.765,0.010,0.0,0.0,1493093988.679,
0.045,0.085,99.835,0.030,0.0,0.005,0.0,15564.800,51246.200,27478515.200,0.0,0.0,1538.600,310.600,0.0,0.0,0.0,2023129088.0,2048000.0,5523525632.0,1.61231491072e+11,0.0,0.0,0.0,15564.800,1529.800,310.200,0.045,0.080,99.840,0.030,0.0,0.005,1493093993.679,
0.055,0.085,99.855,0.005,0.0,0.0,0.0,9011.200,55134.0,29537716.400,0.0,0.0,1709.400,391.0,0.0,0.0,0.400,2022088704.0,2056192.0,5523525632.0,1.61232523264e+11,0.0,0.0,0.0,9011.200,1709.400,391.0,0.060,0.085,99.850,0.005,0.0,0.0,1493093998.679,
0.060,0.160,99.760,0.015,0.0,0.005,0.0,13107.200,85605.200,47580738.200,0.0,0.0,2488.0,469.600,0.200,0.0,0.400,2037993472.0,2072576.0,5523525632.0,1.61216602112e+11,0.0,0.0,0.0,13107.200,2488.200,469.600,0.060,0.160,99.760,0.015,0.0,0.005,1493094003.679,
0.055,0.080,99.845,0.020,0.0,0.0,0.0,11468.800,47053.400,26199425.200,0.0,0.0,1404.600,325.200,0.0,0.0,0.400,2021609472.0,2088960.0,5523529728.0,1.61232965632e+11,0.0,0.0,0.0,11468.800,1404.400,325.200,0.050,0.080,99.850,0.020,0.0,0.0,1493094008.679,
0.050,0.155,99.755,0.040,0.0,0.0,0.0,13107.200,81572.400,44274046.600,0.0,0.0,2272.400,399.200,0.0,0.0,0.400,2028789760.0,2105344.0,5523537920.0,1.61225760768e+11,0.0,0.0,0.0,13107.200,2272.400,399.200,0.050,0.160,99.750,0.040,0.0,0.0,1493094013.679,
0.050,0.075,99.875,0.0,0.0,0.0,0.0,5734.400,59435.0,32448887.600,0.0,0.0,1694.600,367.200,0.200,0.0,0.400,2033811456.0,2105344.0,5523537920.0,1.61220739072e+11,0.0,0.0,0.0,5734.400,1694.800,367.200,0.050,0.075,99.875,0.0,0.0,0.0,1493094018.679,
0.050,0.105,99.840,0.005,0.0,0.0,0.0,6553.600,54538.800,32455568.400,0.0,0.0,1632.0,395.600,0.0,0.0,0.800,2020999168.0,2121728.0,5523542016.0,1.6123353088e+11,0.0,0.0,0.0,6553.600,1634.600,398.800,0.050,0.100,99.845,0.005,0.0,0.0,1493094023.679,
0.070,0.195,99.725,0.010,0.0,0.0,0.0,9830.400,90046.200,57057065.600,0.0,0.0,2762.600,449.600,0.0,0.0,0.0,2082471936.0,2129920.0,5523550208.0,1.61172041728e+11,0.0,0.0,0.0,9830.400,2766.600,446.600,0.075,0.195,99.720,0.010,0.0,0.0,1493094028.679,
0.060,0.090,99.840,0.005,0.0,0.005,0.0,15564.800,83670.200,43311297.600,0.0,0.0,2302.400,407.0,0.200,0.0,0.0,2022735872.0,2146304.0,5523546112.0,1.61231765504e+11,0.0,0.0,0.0,15564.800,2296.400,406.800,0.055,0.090,99.845,0.005,0.0,0.005,1493094033.679,
0.055,0.110,99.805,0.030,0.0,0.0,0.0,16384.0,80130.200,38372799.800,0.0,0.0,2264.200,377.400,0.0,0.0,0.800,2021855232.0,2162688.0,5523554304.0,1.61232621568e+11,0.0,0.0,0.0,16384.0,2263.400,377.400,0.055,0.110,99.805,0.030,0.0,0.0,1493094038.679,
0.040,0.130,99.820,0.010,0.0,0.0,0.0,10649.600,74665.200,39112893.800,0.0,0.0,2165.600,424.400,0.0,0.0,0.800,2038358016.0,2170880.0,5523558400.0,1.61216106496e+11,0.0,0.0,0.0,10649.600,2170.800,424.400,0.040,0.130,99.820,0.010,0.0,0.0,1493094043.679,
0.085,0.215,99.685,0.010,0.0,0.005,0.0,20480.0,115584.800,59260535.600,0.0,0.0,3145.400,535.0,0.0,0.0,0.0,2110824448.0,2187264.0,5523558400.0,1.6114362368e+11,0.0,0.0,0.0,20480.0,3144.0,535.0,0.085,0.215,99.685,0.010,0.0,0.005,1493094048.679,
0.050,0.155,99.775,0.020,0.0,0.0,0.0,8192.0,112257.400,62409325.400,0.0,0.0,3019.600,450.800,0.0,0.0,0.400,2039660544.0,2195456.0,5523570688.0,1.61214767104e+11,0.0,0.0,0.0,8192.0,3020.200,450.800,0.050,0.155,99.775,0.020,0.0,0.0,1493094053.679,
0.080,0.215,99.695,0.010,0.0,0.0,27033.600,14745.600,130833.0,69871374.200,0.0,0.0,3623.800,465.0,0.400,0.0,0.0,2040905728.0,2338816.0,5523570688.0,1.6121337856e+11,0.0,0.0,27033.600,14745.600,3619.600,465.0,0.080,0.215,99.695,0.010,0.0,0.0,1493094058.679,
0.090,0.160,99.730,0.015,0.0,0.005,0.0,11468.800,96721.400,52726732.600,0.0,0.0,2728.0,476.0,0.0,0.0,1.200,2021806080.0,2355200.0,5531967488.0,1.61224065024e+11,0.0,0.0,0.0,11468.800,2727.800,476.0,0.090,0.160,99.730,0.015,0.0,0.005,1493094063.679,
0.035,0.065,99.885,0.015,0.0,0.0,0.0,18022.400,37229.800,20669943.600,0.0,0.0,1118.800,275.600,0.0,0.0,0.0,2022744064.0,2371584.0,5531967488.0,1.61223110656e+11,0.0,0.0,0.0,18022.400,1118.800,275.600,0.035,0.070,99.880,0.015,0.0,0.0,1493094068.679,
0.035,0.070,99.875,0.020,0.0,0.0,0.0,10649.600,36555.600,17701415.400,0.0,0.0,1055.600,369.200,0.0,0.0,0.400,2022490112.0,2387968.0,5531971584.0,1.61223344128e+11,0.0,0.0,0.0,10649.600,1055.600,369.200,0.035,0.065,99.880,0.020,0.0,0.0,1493094073.679,
0.055,0.115,99.795,0.030,0.0,0.005,0.0,14745.600,61865.400,35428027.800,0.0,0.0,1787.200,341.800,0.0,0.0,0.0,2021822464.0,2404352.0,5531963392.0,1.61224003584e+11,0.0,0.0,0.0,14745.600,1787.200,341.800,0.055,0.115,99.795,0.030,0.0,0.005,1493094078.679,
0.075,0.145,99.780,0.0,0.0,0.0,0.0,15564.800,87829.400,50181808.600,0.0,0.0,2440.0,485.600,0.0,0.0,0.800,2022334464.0,2412544.0,5531979776.0,1.61223467008e+11,0.0,0.0,0.0,15564.800,2440.0,485.600,0.075,0.145,99.780,0.0,0.0,0.0,1493094083.679,
0.050,0.085,99.855,0.010,0.0,0.0,0.0,7372.800,56515.200,29517432.200,0.0,0.0,1623.400,356.400,0.200,0.0,0.400,2021396480.0,2428928.0,5531975680.0,1.61224392704e+11,0.0,0.0,0.0,7372.800,1623.400,356.400,0.050,0.085,99.855,0.010,0.0,0.0,1493094088.679,
0.045,0.085,99.870,0.0,0.0,0.0,0.0,2457.600,52139.0,26560781.0,0.0,0.0,1503.600,331.600,0.0,0.0,0.400,2022334464.0,2428928.0,5531983872.0,1.61223446528e+11,0.0,0.0,0.0,2457.600,1503.800,331.600,0.045,0.085,99.870,0.0,0.0,0.0,1493094093.679,
0.010,0.020,99.955,0.015,0.0,0.0,0.0,12288.0,7277.400,9168.600,0.0,0.0,257.0,292.0,0.200,0.0,0.400,2022342656.0,2445312.0,5531983872.0,1.61223421952e+11,0.0,0.0,0.0,12288.0,256.800,292.0,0.010,0.020,99.955,0.015,0.0,0.0,1493094098.679,
0.015,0.010,99.945,0.030,0.0,0.0,0.0,14745.600,5039.400,7017.600,0.0,0.0,223.800,251.600,0.0,0.0,0.400,2022821888.0,2461696.0,5531992064.0,1.61222918144e+11,0.0,0.0,0.0,14745.600,223.800,251.600,0.020,0.010,99.940,0.030,0.0,0.0,1493094103.679,
