"Dstat 0.7.2 CSV output"
"Author:","Dag Wieers <dag@wieers.com>",,,,"URL:","http://dag.wieers.com/home-made/dstat/"
"Host:","osd1.skyhook16osds.skyhook-pg0.wisc.cloudlab.us",,,,"User:","jlefevre"
"Cmdline:","dstat -av --epoch --integer --noheaders --output dstat-osd1.log 5",,,,"Date:","24 Apr 2017 21:15:43 CDT"

"total cpu usage",,,,,,"dsk/total",,"net/total",,"paging",,"system",,"procs",,,"memory usage",,,,"paging",,"dsk/total",,"system",,"total cpu usage",,,,,,"epoch"
"usr","sys","idl","wai","hiq","siq","read","writ","recv","send","in","out","int","csw","run","blk","new","used","buff","cach","free","in","out","read","writ","int","csw","usr","sys","idl","wai","hiq","siq","epoch"
0.015,0.015,99.965,0.005,0.0,0.0,4096.0,4915.200,6132.800,7861.400,0.0,0.0,205.200,236.800,0.0,0.0,0.0,2008670208.0,1294336.0,175648768.0,1.6659458048e+11,0.0,0.0,4096.0,4915.200,205.400,237.200,0.015,0.015,99.965,0.005,0.0,0.0,1493089413.679,
0.015,0.045,99.790,0.150,0.0,0.0,11282022.400,17203.200,5406.800,418793.800,0.0,0.0,345.800,413.0,0.400,0.0,0.400,2062598144.0,1310720.0,229138432.0,1.66487146496e+11,0.0,0.0,11386880.0,17203.200,360.200,414.400,0.020,0.045,99.785,0.150,0.0,0.0,1493089418.679,
0.080,0.250,99.535,0.130,0.0,0.005,59230617.600,5734.400,88437.400,60252591.200,0.0,0.0,2819.800,1372.200,0.0,0.0,0.0,2078429184.0,1318912.0,526884864.0,1.66173560832e+11,0.0,0.0,59125760.0,5734.400,2811.200,1370.800,0.075,0.250,99.540,0.130,0.0,0.005,1493089423.679,
0.070,0.215,99.605,0.110,0.0,0.0,47487385.600,8192.0,88729.200,60547700.200,0.0,0.0,2993.0,1090.600,0.0,0.200,0.400,2015404032.0,1335296.0,765399040.0,1.65998055424e+11,0.0,0.0,47670886.400,8192.0,2988.800,1093.0,0.070,0.215,99.605,0.110,0.0,0.0,1493089428.679,
0.060,0.200,99.600,0.140,0.0,0.0,45648281.600,0.0,78999.400,48885557.800,0.0,0.0,2778.0,1025.600,0.0,0.200,0.0,2019704832.0,1613824.0,993390592.0,1.65765484544e+11,0.0,0.0,45464780.800,0.0,2778.0,1023.200,0.060,0.200,99.600,0.140,0.0,0.0,1493089433.679,
0.050,0.205,99.610,0.135,0.0,0.0,39487078.400,23756.800,66251.0,42787115.0,0.0,0.0,2396.200,985.0,0.0,0.0,0.400,2003066880.0,1630208.0,1191067648.0,1.65584429056e+11,0.0,0.0,39487078.400,23756.800,2396.400,984.600,0.050,0.205,99.610,0.135,0.0,0.0,1493089438.679,
0.070,0.270,99.550,0.105,0.0,0.005,53596979.200,4915.200,93026.0,55154401.0,0.0,0.0,3128.200,1313.800,0.400,0.0,0.200,2023161856.0,1638400.0,1459179520.0,1.65296214016e+11,0.0,0.0,53596979.200,4915.200,3134.600,1313.800,0.070,0.270,99.550,0.105,0.0,0.005,1493089443.679,
0.050,0.115,99.755,0.075,0.0,0.005,25402572.800,7372.800,45788.400,27505339.200,0.0,0.0,1594.800,740.0,0.0,0.0,0.800,2011242496.0,1654784.0,1586229248.0,1.65181067264e+11,0.0,0.0,25402572.800,7372.800,1586.400,740.0,0.050,0.120,99.750,0.075,0.0,0.005,1493089448.679,
0.040,0.150,99.725,0.085,0.0,0.0,31025561.600,8192.0,42565.800,27954993.400,0.0,0.0,1577.800,779.200,0.0,0.0,0.0,2043768832.0,1662976.0,1740558336.0,1.64994203648e+11,0.0,0.0,31025561.600,8192.0,1579.0,779.200,0.040,0.150,99.725,0.085,0.0,0.0,1493089453.679,
0.060,0.180,99.650,0.105,0.0,0.005,33846067.200,22118.400,63572.200,39928540.800,0.0,0.0,2246.400,884.200,0.0,0.0,0.400,2004652032.0,1679360.0,1910435840.0,1.6486342656e+11,0.0,0.0,33846067.200,22118.400,2245.200,884.200,0.060,0.175,99.655,0.105,0.0,0.005,1493089458.679,
0.045,0.140,99.735,0.075,0.0,0.005,31025561.600,4915.200,52428.200,32453431.400,0.0,0.0,1877.800,834.0,0.0,0.0,0.400,2003861504.0,1687552.0,2065563648.0,1.64709081088e+11,0.0,0.0,31025561.600,4915.200,1877.800,834.0,0.045,0.145,99.730,0.075,0.0,0.005,1493089463.679,
0.045,0.100,99.790,0.060,0.0,0.005,22564044.800,7372.800,41699.600,23606499.400,0.0,0.0,1413.200,707.800,0.0,0.0,0.0,2004025344.0,1695744.0,2178387968.0,1.64596084736e+11,0.0,0.0,22564044.800,7372.800,1413.200,707.800,0.045,0.100,99.790,0.060,0.0,0.005,1493089468.679,
0.050,0.190,99.630,0.120,0.0,0.010,40981299.200,10649.600,67368.800,41319585.800,0.0,0.0,2339.800,997.400,0.0,0.200,0.0,2012131328.0,1712128.0,2383523840.0,1.64382826496e+11,0.0,0.0,41191014.400,10649.600,2341.0,999.800,0.050,0.190,99.630,0.120,0.0,0.010,1493089473.679,
0.040,0.130,99.780,0.050,0.0,0.0,29531340.800,4915.200,60161.0,32468273.800,0.0,0.0,2052.800,761.600,0.0,0.0,0.0,2004291584.0,1720320.0,2530947072.0,1.64243234816e+11,0.0,0.0,29321625.600,4915.200,2051.600,759.200,0.045,0.125,99.780,0.050,0.0,0.0,1493089478.679,
0.075,0.175,99.665,0.080,0.0,0.005,42308403.200,7372.800,75967.600,42355863.800,0.0,0.0,2548.800,1141.400,0.0,0.0,1.0,2027708416.0,1736704.0,2741907456.0,1.64008841216e+11,0.0,0.0,42308403.200,7372.800,2548.800,1141.400,0.070,0.175,99.670,0.080,0.0,0.005,1493089483.679,
0.050,0.180,99.645,0.120,0.0,0.005,47356313.600,11468.800,72420.800,49108463.400,0.0,0.0,2606.800,1073.800,0.600,0.0,0.0,2021359616.0,1744896.0,2980827136.0,1.63776262144e+11,0.0,0.0,47566028.800,11468.800,2608.0,1076.0,0.055,0.180,99.640,0.120,0.0,0.005,1493089488.679,
0.045,0.125,99.760,0.070,0.0,0.0,28797337.600,8192.0,45535.200,32486581.0,0.0,0.0,1657.200,744.600,0.0,0.0,0.0,2012520448.0,1753088.0,3123269632.0,1.63642650624e+11,0.0,0.0,28587622.400,8192.0,1656.200,742.800,0.040,0.125,99.765,0.070,0.0,0.0,1493089493.679,
0.050,0.190,99.655,0.105,0.0,0.0,45128089.600,7372.800,79010.600,47198089.0,0.0,0.0,2668.600,1031.800,0.200,0.0,0.0,2013155328.0,1769472.0,3348893696.0,1.63416375296e+11,0.0,0.0,45128089.600,7372.800,2668.400,1031.400,0.050,0.190,99.655,0.105,0.0,0.0,1493089498.679,
0.080,0.160,99.690,0.070,0.0,0.0,33846067.200,4915.200,60336.0,35413135.0,0.0,0.0,2059.400,894.200,0.200,0.0,0.800,2016002048.0,1777664.0,3518140416.0,1.63244273664e+11,0.0,0.0,33846067.200,4915.200,2059.400,894.200,0.080,0.160,99.690,0.070,0.0,0.0,1493089503.679,
0.085,0.295,99.370,0.245,0.0,0.005,73936076.800,10649.600,126034.200,74059157.600,0.0,0.0,4279.200,1635.0,0.400,0.0,0.0,2037665792.0,1794048.0,3888021504.0,1.62852712448e+11,0.0,0.0,74119577.600,10649.600,4280.400,1637.400,0.090,0.295,99.365,0.245,0.0,0.005,1493089508.679,
0.060,0.185,99.640,0.115,0.0,0.0,44525158.400,4915.200,82637.400,49877186.400,0.0,0.0,2754.200,1074.0,0.0,0.200,0.0,2016452608.0,1802240.0,4110417920.0,1.62651521024e+11,0.0,0.0,44341657.600,4915.200,2753.0,1071.600,0.060,0.185,99.640,0.115,0.0,0.0,1493089513.679,
0.075,0.230,99.485,0.200,0.0,0.010,59230617.600,7372.800,91167.400,59209842.400,0.0,0.0,3220.600,1305.800,0.0,0.0,0.0,2032852992.0,1818624.0,4406042624.0,1.62339479552e+11,0.0,0.0,59230617.600,7372.800,3220.600,1305.800,0.070,0.230,99.490,0.200,0.0,0.010,1493089518.679,
0.070,0.205,99.625,0.100,0.0,0.0,47948595.200,1638.400,76290.0,50639024.600,0.0,0.0,2667.600,1169.200,0.0,0.0,0.800,2029076480.0,1818624.0,4645576704.0,1.62103721984e+11,0.0,0.0,47948595.200,1638.400,2671.600,1169.400,0.070,0.205,99.625,0.100,0.0,0.0,1493089523.679,
0.030,0.085,99.850,0.035,0.0,0.0,16923033.600,17203.200,30069.400,17745276.800,0.0,0.0,1108.600,543.0,0.200,0.0,0.0,2028208128.0,1835008.0,4730646528.0,1.62019504128e+11,0.0,0.0,16923033.600,17203.200,1104.600,542.800,0.035,0.085,99.845,0.035,0.0,0.0,1493089528.679,
0.040,0.070,99.810,0.075,0.0,0.005,19743539.200,9830.400,33508.800,17444045.400,0.0,0.0,1173.800,586.200,0.0,0.0,0.0,2040819712.0,1851392.0,4829073408.0,1.6190844928e+11,0.0,0.0,19743539.200,9830.400,1184.400,586.400,0.035,0.075,99.810,0.075,0.0,0.005,1493089533.679,
0.040,0.130,99.765,0.065,0.0,0.0,28205056.0,7372.800,59748.800,35066202.0,0.0,0.0,2008.800,737.800,0.0,0.0,0.0,2011181056.0,1859584.0,4970717184.0,1.61796435968e+11,0.0,0.0,28205056.0,7372.800,1998.200,737.600,0.040,0.125,99.770,0.065,0.0,0.0,1493089538.679,
0.040,0.135,99.735,0.085,0.0,0.005,29699276.800,7372.800,47525.800,29511551.800,0.0,0.0,1630.800,774.0,0.0,0.400,0.400,2018426880.0,1875968.0,5118676992.0,1.61641213952e+11,0.0,0.0,29882777.600,7372.800,1632.200,776.600,0.040,0.135,99.735,0.085,0.0,0.005,1493089543.679,
0.060,0.215,99.595,0.130,0.0,0.0,43633868.800,8192.0,66768.400,44443273.800,0.0,0.0,2336.0,993.0,0.0,0.0,0.0,2028441600.0,1884160.0,5337116672.0,1.6141275136e+11,0.0,0.0,43450368.0,8192.0,2334.600,990.400,0.065,0.215,99.590,0.130,0.0,0.0,1493089548.679,
0.050,0.110,99.760,0.080,0.0,0.0,28205056.0,7372.800,48186.600,29828042.600,0.0,0.0,1685.800,808.400,0.200,0.0,0.400,2030903296.0,1900544.0,5476839424.0,1.61270550528e+11,0.0,0.0,28205056.0,7372.800,1685.800,808.400,0.045,0.110,99.765,0.080,0.0,0.0,1493089553.679,
0.020,0.030,99.915,0.035,0.0,0.0,5641011.200,4915.200,20619.600,8397694.400,0.0,0.0,655.200,362.800,0.0,0.0,0.0,2012401664.0,1908736.0,5506617344.0,1.61259266048e+11,0.0,0.0,5641011.200,4915.200,655.200,362.800,0.020,0.030,99.915,0.035,0.0,0.0,1493089558.679,
0.020,0.020,99.950,0.010,0.0,0.0,0.0,13107.200,4428.600,7437.0,0.0,0.0,200.800,231.0,0.0,0.0,0.400,2012348416.0,1925120.0,5506625536.0,1.6125929472e+11,0.0,0.0,0.0,13107.200,200.800,231.0,0.020,0.020,99.950,0.010,0.0,0.0,1493089563.679,
