"Dstat 0.7.2 CSV output"
"Author:","Dag Wieers <dag@wieers.com>",,,,"URL:","http://dag.wieers.com/home-made/dstat/"
"Host:","osd0.skyhook16osds.skyhook-pg0.wisc.cloudlab.us",,,,"User:","jlefevre"
"Cmdline:","dstat -av --epoch --integer --noheaders --output dstat-osd0.log 5",,,,"Date:","24 Apr 2017 21:15:42 CDT"

"total cpu usage",,,,,,"dsk/total",,"net/total",,"paging",,"system",,"procs",,,"memory usage",,,,"paging",,"dsk/total",,"system",,"total cpu usage",,,,,,"epoch"
"usr","sys","idl","wai","hiq","siq","read","writ","recv","send","in","out","int","csw","run","blk","new","used","buff","cach","free","in","out","read","writ","int","csw","usr","sys","idl","wai","hiq","siq","epoch"
0.015,0.030,99.945,0.010,0.0,0.0,0.0,4915.200,9497.600,11341.200,0.0,0.0,300.600,324.200,0.0,0.0,0.400,2261979136.0,1576960.0,260861952.0,1.66255775744e+11,0.0,0.0,0.0,4915.200,300.600,324.200,0.015,0.030,99.945,0.010,0.0,0.0,1493099572.876,
0.565,0.180,98.570,0.665,0.0,0.020,69238784.0,13107.200,18690.800,6880810.400,0.0,0.0,1219.200,1374.0,0.200,1.400,0.800,2287394816.0,1593344.0,605724672.0,1.6588548096e+11,0.0,0.0,69448499.200,13107.200,1221.400,1377.200,0.570,0.180,98.565,0.665,0.0,0.020,1493099577.876,
2.658,0.806,93.263,3.213,0.0,0.060,323582361.600,5734.400,52377.400,34515394.200,0.0,0.0,4804.800,5493.200,1.600,1.600,0.0,2283360256.0,1601536.0,2224394240.0,1.6427083776e+11,0.0,0.0,323582361.600,5734.400,4804.0,5492.200,2.653,0.806,93.263,3.218,0.0,0.060,1493099582.876,
2.562,0.816,93.580,3.012,0.0,0.030,320824934.400,10649.600,48382.600,33484451.200,0.0,0.0,4585.200,5467.200,1.800,1.400,0.0,2310590464.0,1617920.0,3830472704.0,1.62637512704e+11,0.0,0.0,320877363.200,10649.600,4585.600,5468.400,2.562,0.811,93.584,3.013,0.0,0.030,1493099587.876,
2.573,0.761,94.137,2.483,0.0,0.045,295637811.200,4915.200,47931.600,31424194.800,0.0,0.0,4277.0,5111.200,2.200,1.400,0.0,2312564736.0,1626112.0,5306433536.0,1.61159569408e+11,0.0,0.0,295585382.400,4915.200,4276.200,5110.200,2.573,0.761,94.137,2.483,0.0,0.045,1493099592.876,
2.152,0.631,95.090,2.087,0.0,0.040,262595379.200,10649.600,42305.800,28138184.200,0.0,0.0,3752.800,4505.800,1.600,0.200,0.400,2300174336.0,1642496.0,6620512256.0,1.59857864704e+11,0.0,0.0,262621593.600,10649.600,3754.400,4505.800,2.157,0.631,95.090,2.082,0.0,0.040,1493099597.876,
2.262,0.681,94.781,2.232,0.0,0.045,268383027.200,4915.200,39831.800,28447323.800,0.0,0.0,3778.200,4604.600,1.600,0.800,0.800,2302926848.0,1650688.0,7961878528.0,1.58513737728e+11,0.0,0.0,268330598.400,4915.200,3778.200,4605.600,2.262,0.685,94.771,2.232,0.0,0.050,1493099602.876,
0.210,0.060,99.615,0.105,0.0,0.010,19481395.200,10649.600,9769.200,2705263.800,0.0,0.0,488.800,589.400,0.0,0.0,0.0,2273759232.0,1667072.0,8059592704.0,1.58445174784e+11,0.0,0.0,19297894.400,10649.600,486.400,586.400,0.205,0.060,99.625,0.105,0.0,0.005,1493099607.876,
0.020,0.020,99.960,0.0,0.0,0.0,0.0,4915.200,4462.800,6676.0,0.0,0.0,198.400,227.400,0.0,0.0,0.400,2273120256.0,1667072.0,8059596800.0,1.58445809664e+11,0.0,0.0,0.0,4915.200,198.400,227.800,0.020,0.020,99.960,0.0,0.0,0.0,1493099612.876,
