"Dstat 0.7.2 CSV output"
"Author:","Dag Wieers <dag@wieers.com>",,,,"URL:","http://dag.wieers.com/home-made/dstat/"
"Host:","client0.skyhook16osds.skyhook-pg0.wisc.cloudlab.us",,,,"User:","jlefevre"
"Cmdline:","dstat -av --epoch --integer --noheaders --output dstat-client0.log 5",,,,"Date:","24 Apr 2017 21:15:41 CDT"

"total cpu usage",,,,,,"dsk/total",,"net/total",,"paging",,"system",,"procs",,,"memory usage",,,,"paging",,"dsk/total",,"system",,"total cpu usage",,,,,,"epoch"
"usr","sys","idl","wai","hiq","siq","read","writ","recv","send","in","out","int","csw","run","blk","new","used","buff","cach","free","in","out","read","writ","int","csw","usr","sys","idl","wai","hiq","siq","epoch"
0.070,0.070,99.855,0.0,0.0,0.005,0.0,22937.600,58806.800,4673.800,0.0,0.0,622.200,7667.0,0.200,0.0,0.0,5027700736.0,236535808.0,1.61786023936e+11,1729933312.0,0.0,0.0,0.0,22937.600,623.0,7667.400,0.070,0.070,99.855,0.0,0.0,0.005,1493089951.510,
0.296,0.351,99.318,0.015,0.0,0.020,0.0,14745.600,66998960.200,125844.600,0.0,0.0,2857.0,10496.0,1.200,0.0,5.0,5256867840.0,236544000.0,1.6178601984e+11,1500762112.0,0.0,0.0,0.0,18022.400,2869.400,10520.200,0.291,0.361,99.308,0.020,0.0,0.020,1493089956.510,
3.517,4.081,92.005,0.081,0.0,0.315,0.0,200704.0,1153879219.200,1702170.0,0.0,0.0,35608.600,82866.200,3.0,0.0,0.800,5330276352.0,236568576.0,1.61786355712e+11,1426993152.0,0.0,0.0,0.0,197427.200,35601.800,82842.600,3.523,4.072,92.014,0.076,0.0,0.315,1493089961.510,
3.552,4.055,92.108,0.081,0.0,0.204,0.0,224460.800,1156764974.200,1754400.600,0.0,0.0,36951.600,89860.200,3.200,0.0,0.0,5308751872.0,236580864.0,1.61786699776e+11,1448161280.0,0.0,0.0,0.0,224460.800,36959.200,89963.400,3.546,4.055,92.114,0.081,0.0,0.204,1493089966.510,
3.310,4.143,92.160,0.056,0.0,0.330,0.0,194969.600,1118298089.400,1574559.400,0.0,0.0,33365.600,72862.200,2.800,0.200,0.400,5327970304.0,236597248.0,1.61787035648e+11,1428590592.0,0.0,0.0,0.0,194969.600,33352.200,72759.0,3.310,4.148,92.156,0.056,0.0,0.330,1493089971.510,
2.973,4.393,92.132,0.254,0.0,0.249,0.0,4721049.600,1099008770.0,1575721.800,0.0,0.0,32755.600,65958.800,2.400,0.0,0.0,5300367360.0,236609536.0,1.61781280768e+11,1461936128.0,0.0,0.0,0.0,4721049.600,32776.800,66043.0,2.978,4.393,92.127,0.254,0.0,0.249,1493089976.509,
3.268,4.233,92.098,0.137,0.0,0.264,0.0,217907.200,1120642552.0,1626805.400,0.0,0.0,34543.0,77158.0,3.800,0.0,1.200,5337817088.0,236634112.0,1.61781587968e+11,1424154624.0,0.0,0.0,0.0,217907.200,34537.200,77084.400,3.263,4.233,92.103,0.137,0.0,0.264,1493089981.510,
3.184,4.198,91.990,0.304,0.0,0.324,0.0,3623321.600,1108881572.0,1621206.200,0.0,0.0,34604.800,69463.800,4.800,0.200,0.0,5328453632.0,236638208.0,1.61779183616e+11,1435918336.0,0.0,0.0,0.0,3623321.600,34610.0,69474.800,3.184,4.198,91.990,0.304,0.0,0.324,1493089986.510,
2.666,4.625,92.259,0.172,0.0,0.278,0.0,225280.0,991412051.0,1327158.800,0.0,0.0,30469.200,48305.0,3.0,0.0,0.0,5311647744.0,236654592.0,1.6177952768e+11,1452363776.0,0.0,0.0,0.0,225280.0,30465.200,48317.200,2.667,4.620,92.263,0.172,0.0,0.278,1493089991.509,
2.932,4.063,92.788,0.041,0.0,0.178,0.0,206438.400,1101515473.200,1650199.400,0.0,0.0,32579.0,75775.200,2.400,0.0,0.400,5329465344.0,236666880.0,1.61779843072e+11,1434218496.0,0.0,0.0,0.0,206438.400,32573.800,75746.600,2.936,4.067,92.774,0.041,0.0,0.183,1493089996.510,
2.604,4.448,92.614,0.066,0.0,0.268,0.0,158105.600,1013157990.0,1361393.400,0.0,0.0,28338.800,45397.200,3.200,0.200,0.800,5287542784.0,236670976.0,1.6178016256e+11,1475817472.0,0.0,0.0,0.0,158105.600,28344.200,45453.200,2.604,4.448,92.619,0.066,0.0,0.263,1493090001.510,
2.681,4.253,92.584,0.152,0.0,0.329,0.0,218726.400,1043297198.200,1489469.800,0.0,0.0,30079.800,53103.0,2.400,0.0,0.0,5353758720.0,236683264.0,1.61780486144e+11,1409265664.0,0.0,0.0,0.0,218726.400,30063.200,53041.400,2.682,4.253,92.583,0.152,0.0,0.330,1493090006.510,
2.854,4.042,92.723,0.173,0.0,0.208,0.0,206438.400,1102715988.400,1645944.0,0.0,0.0,33145.0,81422.0,2.0,0.0,0.0,5310767104.0,236720128.0,1.61780822016e+11,1451884544.0,0.0,0.0,0.0,206438.400,33150.800,81433.600,2.854,4.037,92.728,0.173,0.0,0.208,1493090011.510,
2.781,4.143,92.544,0.147,0.0,0.385,0.0,172032.0,1064460517.800,1551303.0,0.0,0.0,31719.200,60871.200,3.200,0.200,0.400,5342048256.0,236752896.0,1.61781133312e+11,1420259328.0,0.0,0.0,0.0,172032.0,31730.600,60862.800,2.786,4.149,92.534,0.147,0.0,0.385,1493090016.510,
2.863,4.289,92.372,0.208,0.0,0.269,0.0,265420.800,1053769712.600,1518484.200,0.0,0.0,29741.600,60475.400,2.600,0.0,0.800,5312716800.0,236769280.0,1.6178147328e+11,1449234432.0,0.0,0.0,0.0,265420.800,29740.0,60547.0,2.857,4.288,92.377,0.208,0.0,0.269,1493090021.510,
3.024,4.007,92.477,0.157,0.0,0.334,0.0,199065.600,1092148338.400,1616628.600,0.0,0.0,32369.600,81998.200,3.0,0.0,0.200,5324935168.0,236793856.0,1.61781796864e+11,1436667904.0,0.0,0.0,0.0,199065.600,32374.0,81970.400,3.019,4.002,92.487,0.157,0.0,0.334,1493090026.510,
2.625,4.383,92.526,0.142,0.0,0.324,0.0,198246.400,1045644327.0,1483000.200,0.0,0.0,30443.800,53333.0,2.800,0.0,0.0,5312499712.0,236806144.0,1.61782140928e+11,1448747008.0,0.0,0.0,0.0,198246.400,30438.400,53292.800,2.629,4.387,92.517,0.142,0.0,0.324,1493090031.510,
2.734,4.395,92.399,0.182,0.0,0.289,0.0,220364.800,1051080851.400,1523498.400,0.0,0.0,33199.200,64904.200,2.600,0.0,0.400,5323657216.0,236810240.0,1.617824768e+11,1437249536.0,0.0,0.0,0.0,220364.800,33200.800,64909.600,2.735,4.391,92.404,0.182,0.0,0.289,1493090036.510,
2.716,4.344,92.358,0.177,0.0,0.405,0.0,192512.0,1058172548.400,1471614.200,0.0,0.0,30648.200,62840.400,2.600,0.200,0.0,5313789952.0,236822528.0,1.61782796288e+11,1446785024.0,0.0,0.0,0.0,192512.0,30649.400,62831.0,2.716,4.344,92.354,0.177,0.0,0.410,1493090041.510,
2.793,4.366,92.371,0.172,0.0,0.298,0.0,217907.200,1031320109.200,1402290.200,0.0,0.0,30870.200,53772.0,3.0,0.0,0.800,5328629760.0,236838912.0,1.61783148544e+11,1431576576.0,0.0,0.0,0.0,217907.200,30869.200,53871.600,2.793,4.371,92.371,0.172,0.0,0.293,1493090046.510,
2.057,4.528,92.996,0.136,0.0,0.283,0.0,206438.400,915584519.200,1125787.800,0.0,0.0,24987.800,27865.800,2.400,0.0,0.0,5377445888.0,236859392.0,1.61783463936e+11,1382424576.0,0.0,0.0,0.0,206438.400,24971.800,27763.0,2.057,4.528,92.996,0.136,0.0,0.283,1493090051.510,
2.685,4.132,92.794,0.086,0.0,0.303,0.0,174489.600,1040438208.200,1421861.0,0.0,0.0,28570.600,50633.600,2.800,0.200,0.400,5314564096.0,236867584.0,1.61783758848e+11,1445003264.0,0.0,0.0,0.0,174489.600,28580.200,50650.600,2.686,4.133,92.792,0.086,0.0,0.303,1493090056.510,
2.814,4.155,92.598,0.239,0.0,0.193,0.0,227737.600,1089374336.600,1584182.600,0.0,0.0,31512.800,66757.0,3.400,0.0,0.0,5333368832.0,236892160.0,1.61784098816e+11,1425833984.0,0.0,0.0,0.0,227737.600,31511.400,66741.400,2.814,4.150,92.604,0.239,0.0,0.193,1493090061.510,
2.481,4.400,92.703,0.172,0.0,0.243,0.0,214630.400,1002644592.0,1378900.800,0.0,0.0,27950.0,38972.800,2.200,0.0,0.0,5351661568.0,236912640.0,1.61784418304e+11,1407201280.0,0.0,0.0,0.0,214630.400,27960.0,38974.400,2.481,4.405,92.698,0.172,0.0,0.243,1493090066.510,
2.411,4.411,92.748,0.157,0.0,0.273,0.0,196608.0,971697961.0,1323969.0,0.0,0.0,27091.0,41173.400,3.0,0.0,0.800,5336256512.0,236929024.0,1.61784754176e+11,1422254080.0,0.0,0.0,0.0,196608.0,27087.800,41178.600,2.411,4.411,92.748,0.157,0.0,0.273,1493090071.510,
2.619,4.448,92.487,0.157,0.0,0.289,0.0,211353.600,1002883080.0,1373650.400,0.0,0.0,30307.200,53182.600,2.400,0.0,0.400,5315190784.0,236945408.0,1.61785032704e+11,1443024896.0,0.0,0.0,0.0,211353.600,30305.600,53183.0,2.619,4.448,92.487,0.157,0.0,0.289,1493090076.510,
2.462,4.231,92.807,0.116,0.0,0.384,0.0,200704.0,1029537616.400,1421532.800,0.0,0.0,29256.600,45760.0,2.600,0.0,0.0,5337747456.0,236945408.0,1.61785397248e+11,1420103680.0,0.0,0.0,0.0,200704.0,29264.0,45767.0,2.462,4.226,92.812,0.116,0.0,0.384,1493090081.510,
2.658,4.370,92.466,0.162,0.0,0.344,0.0,199065.600,1021991794.400,1413237.200,0.0,0.0,29977.200,56314.0,2.600,0.0,0.0,5336858624.0,236957696.0,1.61785729024e+11,1420648448.0,0.0,0.0,0.0,199065.600,29978.800,56351.800,2.653,4.374,92.467,0.162,0.0,0.344,1493090086.510,
2.343,4.341,92.897,0.147,0.0,0.273,0.0,228556.800,1029053523.200,1419859.600,0.0,0.0,29850.0,50598.800,3.400,0.0,0.800,5369081856.0,236974080.0,1.61786044416e+11,1388093440.0,0.0,0.0,0.0,228556.800,29837.400,50551.800,2.348,4.337,92.895,0.147,0.0,0.273,1493090091.509,
1.137,3.279,95.228,0.070,0.0,0.287,0.0,187596.800,623290965.200,686372.0,0.0,0.0,15014.0,19914.600,2.0,0.200,0.800,5398073344.0,236986368.0,1.61786376192e+11,1358757888.0,0.0,0.0,0.0,187596.800,15006.800,19910.800,1.137,3.279,95.228,0.070,0.0,0.287,1493090096.510,
0.341,1.584,97.889,0.035,0.0,0.150,0.0,138444.800,288830379.200,124438.600,0.0,0.0,4475.600,12328.600,1.600,0.0,1.400,5028696064.0,236998656.0,1.61786482688e+11,1728016384.0,0.0,0.0,0.0,138444.800,4472.800,12355.200,0.341,1.589,97.884,0.035,0.0,0.150,1493090101.510,
