"Dstat 0.7.2 CSV output"
"Author:","Dag Wieers <dag@wieers.com>",,,,"URL:","http://dag.wieers.com/home-made/dstat/"
"Host:","osd0.skyhook16osds.skyhook-pg0.wisc.cloudlab.us",,,,"User:","jlefevre"
"Cmdline:","dstat -av --epoch --integer --noheaders --output dstat-osd0.log 5",,,,"Date:","24 Apr 2017 21:15:42 CDT"

"total cpu usage",,,,,,"dsk/total",,"net/total",,"paging",,"system",,"procs",,,"memory usage",,,,"paging",,"dsk/total",,"system",,"total cpu usage",,,,,,"epoch"
"usr","sys","idl","wai","hiq","siq","read","writ","recv","send","in","out","int","csw","run","blk","new","used","buff","cach","free","in","out","read","writ","int","csw","usr","sys","idl","wai","hiq","siq","epoch"
0.010,0.015,99.975,0.0,0.0,0.0,0.0,21299.200,4120.800,6909.0,0.0,0.0,191.600,251.0,0.0,0.0,0.400,2275082240.0,4759552.0,268406784.0,1.66231945216e+11,0.0,0.0,0.0,21299.200,191.600,251.0,0.010,0.015,99.975,0.0,0.0,0.0,1493092147.876,
0.090,0.170,99.420,0.315,0.0,0.005,47948595.200,9011.200,77886.200,49545079.600,0.0,0.0,1891.600,1122.800,0.0,0.0,0.800,2268971008.0,4767744.0,507518976.0,1.65998936064e+11,0.0,0.0,47948595.200,9011.200,1893.800,1123.200,0.090,0.165,99.425,0.315,0.0,0.005,1493092152.876,
0.055,0.150,99.710,0.080,0.0,0.005,39487078.400,7372.800,63975.200,41999708.200,0.0,0.0,1675.800,986.200,0.200,0.0,0.0,2265645056.0,4784128.0,705597440.0,1.65804167168e+11,0.0,0.0,39487078.400,7372.800,1673.800,985.800,0.055,0.150,99.710,0.080,0.0,0.005,1493092157.876,
0.090,0.250,99.475,0.180,0.0,0.005,64871628.800,8192.0,81765.800,62702840.0,0.0,0.0,2317.0,1451.0,0.200,0.200,0.800,2296152064.0,4792320.0,1029951488.0,1.6544929792e+11,0.0,0.0,64871628.800,8192.0,2317.0,1451.0,0.090,0.250,99.475,0.180,0.0,0.005,1493092162.876,
0.070,0.135,99.645,0.150,0.0,0.0,47516876.800,12288.0,66586.600,41341597.0,0.0,0.0,1833.200,1105.0,0.200,0.0,0.800,2337857536.0,4808704.0,1266995200.0,1.65170532352e+11,0.0,0.0,47674163.200,12288.0,1834.400,1107.400,0.075,0.135,99.640,0.150,0.0,0.0,1493092167.876,
0.090,0.205,99.545,0.155,0.0,0.005,62486118.400,21299.200,110762.800,73179958.800,0.0,0.0,2660.800,1364.600,0.200,0.200,0.0,2295201792.0,4816896.0,1578749952.0,1.64901425152e+11,0.0,0.0,62328832.0,21299.200,2659.600,1362.200,0.090,0.205,99.545,0.155,0.0,0.005,1493092172.876,
0.090,0.210,99.550,0.135,0.0,0.015,62051123.200,13926.400,81305.0,58128781.0,0.0,0.0,2301.200,1402.0,0.200,0.0,0.800,2337718272.0,4833280.0,1888661504.0,1.64548980736e+11,0.0,0.0,62051123.200,13926.400,2301.200,1402.0,0.085,0.210,99.555,0.135,0.0,0.015,1493092177.876,
0.065,0.170,99.690,0.065,0.0,0.010,45128089.600,2457.600,81497.400,54452325.0,0.0,0.0,2501.0,1096.200,0.0,0.0,0.400,2292826112.0,4841472.0,2115481600.0,1.64367044608e+11,0.0,0.0,45128089.600,2457.600,2501.0,1096.200,0.065,0.175,99.685,0.065,0.0,0.010,1493092182.876,
0.075,0.110,99.720,0.085,0.0,0.010,36666572.800,9830.400,70946.200,41329862.0,0.0,0.0,2330.400,1058.400,0.200,0.0,0.800,2279723008.0,4849664.0,2298585088.0,1.64197036032e+11,0.0,0.0,36666572.800,9830.400,2342.800,1058.400,0.075,0.105,99.725,0.085,0.0,0.010,1493092187.876,
0.085,0.205,99.535,0.165,0.0,0.010,59230617.600,7372.800,68020.800,47117440.600,0.0,0.0,2783.0,1298.0,0.0,0.200,0.400,2355552256.0,4866048.0,2594926592.0,1.63824848896e+11,0.0,0.0,59230617.600,7372.800,2772.400,1298.0,0.085,0.210,99.530,0.165,0.0,0.010,1493092192.876,
0.095,0.275,99.440,0.175,0.0,0.015,67692134.400,8192.0,93341.200,76364145.800,0.0,0.0,3449.0,1507.200,0.0,0.0,0.800,2326425600.0,4874240.0,2932953088.0,1.63515940864e+11,0.0,0.0,67692134.400,8192.0,3447.400,1507.200,0.095,0.270,99.445,0.175,0.0,0.015,1493092197.876,
0.065,0.150,99.650,0.130,0.0,0.005,36666572.800,11468.800,54826.0,44776005.600,0.0,0.0,2027.400,1029.600,0.0,0.200,1.200,2295554048.0,4890624.0,3116171264.0,1.63363577856e+11,0.0,0.0,36666572.800,11468.800,2027.600,1029.600,0.065,0.150,99.650,0.130,0.0,0.005,1493092202.876,
0.070,0.200,99.530,0.190,0.0,0.010,59230617.600,9011.200,61253.400,59455677.800,0.0,0.0,2108.600,1306.400,0.0,0.0,0.0,2308268032.0,4898816.0,3413250048.0,1.63053776896e+11,0.0,0.0,59230617.600,9011.200,2111.600,1306.400,0.070,0.205,99.525,0.190,0.0,0.010,1493092207.876,
0.080,0.205,99.505,0.205,0.0,0.005,53589606.400,15564.800,62661.800,52612316.0,0.0,0.0,1852.400,1220.200,0.200,0.400,0.400,2326126592.0,4915200.0,3681296384.0,1.62767855616e+11,0.0,0.0,53589606.400,15564.800,1849.0,1220.200,0.080,0.200,99.510,0.205,0.0,0.005,1493092212.876,
0.075,0.190,99.600,0.130,0.0,0.005,53589606.400,9830.400,77906.200,62285585.600,0.0,0.0,2108.600,1208.200,0.200,0.0,0.0,2296614912.0,4931584.0,3949244416.0,1.6252940288e+11,0.0,0.0,53589606.400,9830.400,2108.600,1208.200,0.075,0.190,99.600,0.130,0.0,0.005,1493092217.876,
0.085,0.145,99.655,0.115,0.0,0.0,42307584.0,9830.400,59851.200,48567953.200,0.0,0.0,1812.0,1088.800,0.0,0.0,1.600,2283094016.0,4939776.0,4159909888.0,1.62332250112e+11,0.0,0.0,42307584.0,9830.400,1812.0,1088.800,0.085,0.145,99.655,0.115,0.0,0.0,1493092222.876,
0.080,0.220,99.560,0.140,0.0,0.0,64871628.800,2457.600,87962.200,66018940.600,0.0,0.0,2242.400,1393.600,0.0,0.200,0.0,2283327488.0,4947968.0,4484509696.0,1.6200740864e+11,0.0,0.0,64871628.800,2457.600,2242.800,1393.600,0.080,0.220,99.560,0.140,0.0,0.0,1493092227.876,
0.050,0.100,99.780,0.065,0.0,0.005,31025561.600,4915.200,44430.400,35209756.0,0.0,0.0,1279.600,873.400,0.0,0.0,0.400,2266611712.0,4956160.0,4639936512.0,1.61868689408e+11,0.0,0.0,31025561.600,4915.200,1279.200,873.400,0.050,0.100,99.780,0.065,0.0,0.005,1493092232.876,
0.075,0.160,99.630,0.130,0.0,0.005,50769100.800,10649.600,56493.0,48092751.600,0.0,0.0,1711.600,1199.200,0.0,0.200,1.200,2299817984.0,4972544.0,4894130176.0,1.61581273088e+11,0.0,0.0,50769100.800,10649.600,1711.400,1199.200,0.075,0.165,99.625,0.130,0.0,0.005,1493092237.876,
0.095,0.250,99.435,0.210,0.0,0.010,70512640.0,9830.400,73126.400,60452124.0,0.0,0.0,2246.200,1579.200,0.200,0.400,0.0,2375536640.0,4980736.0,5245747200.0,1.61153929216e+11,0.0,0.0,70512640.0,9830.400,2246.600,1579.200,0.095,0.250,99.435,0.210,0.0,0.010,1493092242.876,
0.075,0.210,99.595,0.120,0.0,0.0,47948595.200,8192.0,92033.200,68523247.400,0.0,0.0,2332.600,1181.200,0.200,0.0,0.800,2268839936.0,4997120.0,5486440448.0,1.61019916288e+11,0.0,0.0,47948595.200,8192.0,2333.200,1181.200,0.075,0.205,99.600,0.120,0.0,0.0,1493092247.876,
0.075,0.195,99.595,0.130,0.0,0.005,64200704.0,12288.0,69636.400,51889385.600,0.0,0.0,2128.200,1332.800,0.0,0.200,0.0,2354290688.0,5013504.0,5807394816.0,1.60613494784e+11,0.0,0.0,64410419.200,12288.0,2135.200,1335.600,0.075,0.200,99.585,0.130,0.0,0.010,1493092252.876,
0.065,0.175,99.620,0.130,0.0,0.010,40824012.800,9830.400,68167.600,52101020.800,0.0,0.0,1885.800,1058.200,0.0,1.0,1.0,2304528384.0,5021696.0,6011854848.0,1.60458788864e+11,0.0,0.0,40824012.800,9830.400,1879.200,1057.400,0.065,0.170,99.630,0.130,0.0,0.005,1493092257.876,
0.065,0.135,99.730,0.065,0.0,0.005,38821068.800,7372.800,66323.0,43788195.600,0.0,0.0,1748.0,963.200,0.0,0.0,0.200,2288746496.0,5038080.0,6205816832.0,1.60280592384e+11,0.0,0.0,38611353.600,7372.800,1747.800,964.200,0.065,0.140,99.725,0.065,0.0,0.005,1493092262.876,
0.060,0.140,99.670,0.125,0.0,0.005,39512473.600,8192.0,54706.400,38444391.400,0.0,0.0,1577.600,952.600,0.0,0.400,0.200,2303287296.0,5046272.0,6402240512.0,1.60069619712e+11,0.0,0.0,39512473.600,8192.0,1576.600,949.600,0.060,0.135,99.675,0.125,0.0,0.005,1493092267.876,
0.080,0.200,99.535,0.180,0.0,0.005,59230617.600,12288.0,74612.200,57527559.400,0.0,0.0,2164.800,1326.600,0.0,0.0,1.200,2331439104.0,5062656.0,6699290624.0,1.59744401408e+11,0.0,0.0,59230617.600,12288.0,2166.0,1327.0,0.085,0.200,99.530,0.180,0.0,0.005,1493092272.876,
0.095,0.225,99.530,0.145,0.0,0.005,64871628.800,4096.0,92127.600,77903895.800,0.0,0.0,2350.800,1408.400,0.0,0.0,0.400,2272825344.0,5062656.0,7023300608.0,1.59479005184e+11,0.0,0.0,64871628.800,4096.0,2349.800,1408.0,0.090,0.225,99.535,0.145,0.0,0.005,1493092277.876,
0.065,0.120,99.735,0.075,0.0,0.005,36666572.800,10649.600,46403.0,35647944.400,0.0,0.0,1417.600,917.0,0.0,0.0,0.400,2292080640.0,5079040.0,7206465536.0,1.59276568576e+11,0.0,0.0,36666572.800,10649.600,1417.800,917.0,0.065,0.120,99.735,0.075,0.0,0.005,1493092282.876,
0.070,0.180,99.645,0.105,0.0,0.0,47948595.200,13107.200,50004.200,42255706.200,0.0,0.0,1573.800,1101.600,0.200,0.0,0.0,2335674368.0,5095424.0,7446212608.0,1.58993211392e+11,0.0,0.0,47948595.200,13107.200,1573.400,1101.600,0.070,0.180,99.645,0.105,0.0,0.0,1493092287.876,
0.070,0.130,99.730,0.070,0.0,0.0,31025561.600,9830.400,55449.600,40930068.0,0.0,0.0,1565.400,980.600,0.200,0.0,1.200,2294059008.0,5103616.0,7600975872.0,1.58880055296e+11,0.0,0.0,31025561.600,9830.400,1565.400,980.600,0.070,0.130,99.730,0.070,0.0,0.0,1493092292.876,
0.090,0.205,99.500,0.195,0.0,0.010,64698777.600,7372.800,58710.800,46862431.0,0.0,0.0,1882.400,1437.800,0.0,0.400,0.400,2392985600.0,5120000.0,7926104064.0,1.58455984128e+11,0.0,0.0,64871628.800,7372.800,1883.800,1439.200,0.095,0.205,99.495,0.195,0.0,0.010,1493092297.876,
0.065,0.135,99.720,0.080,0.0,0.0,28377907.200,8192.0,56681.0,49951581.600,0.0,0.0,1557.600,815.600,0.0,0.0,0.400,2290409472.0,5128192.0,8066736128.0,1.5841792e+11,0.0,0.0,28205056.0,8192.0,1556.200,814.200,0.060,0.135,99.725,0.080,0.0,0.0,1493092302.876,
0.015,0.015,99.965,0.005,0.0,0.0,0.0,10649.600,7244.0,2690935.200,0.0,0.0,240.200,236.0,0.0,0.0,0.0,2274152448.0,5144576.0,8067371008.0,1.5843352576e+11,0.0,0.0,0.0,10649.600,240.0,236.0,0.015,0.020,99.960,0.005,0.0,0.0,1493092307.876,
0.035,0.020,99.945,0.0,0.0,0.0,0.0,819.200,7009.600,9282.800,0.0,0.0,280.400,334.200,0.0,0.0,1.200,2274369536.0,5144576.0,8067379200.0,1.5843330048e+11,0.0,0.0,0.0,819.200,280.400,334.200,0.035,0.020,99.945,0.0,0.0,0.0,1493092312.876,
