"Dstat 0.7.2 CSV output"
"Author:","Dag Wieers <dag@wieers.com>",,,,"URL:","http://dag.wieers.com/home-made/dstat/"
"Host:","osd1.skyhook16osds.skyhook-pg0.wisc.cloudlab.us",,,,"User:","jlefevre"
"Cmdline:","dstat -av --epoch --integer --noheaders --output dstat-osd1.log 5",,,,"Date:","24 Apr 2017 21:15:43 CDT"

"total cpu usage",,,,,,"dsk/total",,"net/total",,"paging",,"system",,"procs",,,"memory usage",,,,"paging",,"dsk/total",,"system",,"total cpu usage",,,,,,"epoch"
"usr","sys","idl","wai","hiq","siq","read","writ","recv","send","in","out","int","csw","run","blk","new","used","buff","cach","free","in","out","read","writ","int","csw","usr","sys","idl","wai","hiq","siq","epoch"
0.010,0.010,99.965,0.015,0.0,0.0,0.0,8192.0,6661.400,7993.400,0.0,0.0,213.400,237.0,0.0,0.0,0.0,2010722304.0,1519616.0,184012800.0,1.66583939072e+11,0.0,0.0,0.0,8192.0,213.400,237.0,0.015,0.010,99.960,0.015,0.0,0.0,1493091838.679,
0.180,0.450,97.838,1.527,0.0,0.005,164207001.600,7372.800,27354.0,16892349.400,0.0,0.0,2193.0,2954.800,0.600,0.800,0.0,2029113344.0,1527808.0,1004388352.0,1.65745164288e+11,0.0,0.0,164416716.800,7372.800,2194.400,2957.200,0.175,0.450,97.843,1.527,0.0,0.005,1493091843.679,
0.220,0.620,97.704,1.431,0.0,0.025,213744844.800,6553.600,36727.400,22710736.0,0.0,0.0,2819.200,3805.600,0.600,0.400,0.200,2012610560.0,1536000.0,2072547328.0,1.64693499904e+11,0.0,0.0,213535129.600,6553.600,2818.0,3803.800,0.220,0.620,97.704,1.431,0.0,0.025,1493091848.679,
0.195,0.546,98.053,1.201,0.0,0.005,199191756.800,12288.0,31202.800,20661976.0,0.0,0.0,2570.400,3596.800,0.400,1.400,0.600,2019135488.0,1552384.0,3070410752.0,1.63689095168e+11,0.0,0.0,199375257.600,12288.0,2571.400,3598.400,0.195,0.546,98.053,1.201,0.0,0.005,1493091853.679,
0.290,0.645,97.653,1.406,0.0,0.005,237986611.200,4915.200,33050.600,25086865.0,0.0,0.0,2943.600,4154.600,0.400,1.0,0.0,2014199808.0,1560576.0,4258627584.0,1.62505805824e+11,0.0,0.0,237803110.400,4915.200,2942.400,4152.400,0.290,0.645,97.653,1.406,0.0,0.005,1493091858.679,
0.170,0.415,98.534,0.871,0.0,0.010,159180390.400,2457.600,26266.200,16537251.0,0.0,0.0,2090.400,2857.800,0.200,1.400,0.0,2024816640.0,1568768.0,5056344064.0,1.6169746432e+11,0.0,0.0,159416320.0,2457.600,2091.600,2860.400,0.170,0.420,98.529,0.870,0.0,0.010,1493091863.679,
0.100,0.235,99.179,0.485,0.0,0.0,91844608.0,4915.200,15677.800,9745552.400,0.0,0.0,1263.400,1742.400,0.0,0.200,0.400,2017419264.0,1576960.0,5514797056.0,1.61246400512e+11,0.0,0.0,91608678.400,4915.200,1262.200,1739.800,0.100,0.230,99.184,0.485,0.0,0.0,1493091868.679,
0.015,0.010,99.965,0.010,0.0,0.0,0.0,10649.600,8555.800,10639.200,0.0,0.0,267.600,311.800,0.0,0.0,0.400,2019254272.0,1593344.0,5514801152.0,1.61244545024e+11,0.0,0.0,0.0,10649.600,267.600,311.800,0.020,0.010,99.960,0.010,0.0,0.0,1493091873.679,
