"Dstat 0.7.2 CSV output"
"Author:","Dag Wieers <dag@wieers.com>",,,,"URL:","http://dag.wieers.com/home-made/dstat/"
"Host:","osd1.skyhook16osds.skyhook-pg0.wisc.cloudlab.us",,,,"User:","jlefevre"
"Cmdline:","dstat -av --epoch --integer --noheaders --output dstat-osd1.log 5",,,,"Date:","24 Apr 2017 21:15:43 CDT"

"total cpu usage",,,,,,"dsk/total",,"net/total",,"paging",,"system",,"procs",,,"memory usage",,,,"paging",,"dsk/total",,"system",,"total cpu usage",,,,,,"epoch"
"usr","sys","idl","wai","hiq","siq","read","writ","recv","send","in","out","int","csw","run","blk","new","used","buff","cach","free","in","out","read","writ","int","csw","usr","sys","idl","wai","hiq","siq","epoch"
0.010,0.010,99.980,0.0,0.0,0.0,0.0,4915.200,5697.800,7208.600,0.0,0.0,218.200,221.800,0.0,0.0,0.0,2011582464.0,1765376.0,5565272064.0,1.61201573888e+11,0.0,0.0,0.0,4915.200,218.200,221.800,0.010,0.010,99.980,0.0,0.0,0.0,1493100478.679,
0.035,0.050,99.900,0.015,0.0,0.0,0.0,10649.600,35332.200,15041932.800,0.0,0.0,793.0,276.200,0.0,0.0,0.0,2047283200.0,1781760.0,5565276160.0,1.61165852672e+11,0.0,0.0,0.0,10649.600,793.0,276.200,0.030,0.050,99.905,0.015,0.0,0.0,1493100483.679,
0.090,0.170,99.715,0.020,0.0,0.005,60620.800,13926.400,95093.200,54038413.600,0.0,0.0,2622.200,458.800,0.0,0.0,0.800,2065104896.0,1798144.0,5565587456.0,1.61147703296e+11,0.0,0.0,60620.800,13926.400,2627.400,458.800,0.090,0.175,99.710,0.020,0.0,0.005,1493100488.679,
0.050,0.150,99.775,0.020,0.0,0.005,0.0,12288.0,89815.800,52034976.800,0.0,0.0,2266.200,401.0,0.0,0.0,0.0,2064302080.0,1814528.0,5565583360.0,1.61148493824e+11,0.0,0.0,0.0,12288.0,2261.0,401.0,0.050,0.145,99.780,0.020,0.0,0.005,1493100493.679,
0.050,0.110,99.840,0.0,0.0,0.0,0.0,6553.600,54873.0,30384273.400,0.0,0.0,1521.800,356.600,0.0,0.0,0.0,2082910208.0,1822720.0,5565587456.0,1.61129873408e+11,0.0,0.0,0.0,6553.600,1521.800,356.600,0.050,0.110,99.840,0.0,0.0,0.0,1493100498.679,
0.060,0.155,99.775,0.010,0.0,0.0,0.0,17203.200,97029.800,57387263.0,0.0,0.0,2535.800,418.600,0.200,0.0,0.400,2080989184.0,1839104.0,5565591552.0,1.61131773952e+11,0.0,0.0,0.0,17203.200,2535.800,418.600,0.060,0.155,99.775,0.010,0.0,0.0,1493100503.679,
0.060,0.080,99.855,0.005,0.0,0.0,0.0,7372.800,53767.200,30262501.800,0.0,0.0,1396.600,322.200,0.0,0.0,0.400,2060210176.0,1847296.0,5565591552.0,1.61152544768e+11,0.0,0.0,0.0,7372.800,1396.600,322.200,0.060,0.085,99.850,0.005,0.0,0.0,1493100508.679,
0.040,0.105,99.845,0.010,0.0,0.0,0.0,9830.400,60975.800,35410228.800,0.0,0.0,1638.600,353.200,0.0,0.0,0.0,2038870016.0,1863680.0,5565595648.0,1.61173864448e+11,0.0,0.0,0.0,9830.400,1638.600,353.200,0.040,0.100,99.850,0.010,0.0,0.0,1493100513.679,
0.030,0.060,99.910,0.0,0.0,0.0,0.0,10649.600,33323.200,20647941.600,0.0,0.0,953.0,262.400,0.0,0.0,0.0,2047463424.0,1871872.0,5565595648.0,1.61165262848e+11,0.0,0.0,0.0,10649.600,953.0,262.400,0.030,0.060,99.910,0.0,0.0,0.0,1493100518.679,
0.040,0.085,99.870,0.0,0.0,0.005,0.0,10649.600,38195.800,24008581.0,0.0,0.0,1054.400,306.400,0.0,0.200,0.0,2055413760.0,1888256.0,5565599744.0,1.61157292032e+11,0.0,0.0,0.0,10649.600,1054.400,306.400,0.040,0.085,99.870,0.0,0.0,0.005,1493100523.679,
0.050,0.095,99.855,0.0,0.0,0.0,0.0,9830.400,57713.200,29093672.600,0.0,0.0,1488.800,448.0,0.0,0.0,0.400,2043842560.0,1896448.0,5565595648.0,1.61168859136e+11,0.0,0.0,0.0,9830.400,1488.800,448.0,0.050,0.095,99.855,0.0,0.0,0.0,1493100528.679,
0.050,0.115,99.825,0.005,0.0,0.005,0.0,5734.400,52297.600,32696422.400,0.0,0.0,1391.0,354.600,0.200,0.0,0.400,2056650752.0,1904640.0,5565599744.0,1.61156038656e+11,0.0,0.0,0.0,5734.400,1391.0,354.600,0.050,0.115,99.825,0.005,0.0,0.005,1493100533.679,
0.040,0.050,99.910,0.0,0.0,0.0,0.0,2457.600,37122.400,20497254.0,0.0,0.0,977.400,253.400,0.0,0.0,0.400,2050129920.0,1912832.0,5565603840.0,1.611625472e+11,0.0,0.0,0.0,2457.600,977.400,253.400,0.040,0.050,99.910,0.0,0.0,0.0,1493100538.679,
0.040,0.060,99.895,0.005,0.0,0.0,0.0,5734.400,29734.0,17704645.0,0.0,0.0,873.0,373.400,0.0,0.0,0.400,2047176704.0,1921024.0,5565603840.0,1.61165492224e+11,0.0,0.0,0.0,5734.400,873.0,373.400,0.040,0.060,99.895,0.005,0.0,0.0,1493100543.679,
0.040,0.090,99.850,0.020,0.0,0.0,0.0,12288.0,51167.0,32446032.0,0.0,0.0,1298.800,439.600,0.200,0.200,0.0,2047729664.0,1937408.0,5565607936.0,1.61164918784e+11,0.0,0.0,0.0,12288.0,1298.800,439.600,0.040,0.095,99.845,0.020,0.0,0.0,1493100548.679,
0.050,0.085,99.865,0.0,0.0,0.0,0.0,12288.0,41122.0,28889211.200,0.0,0.0,1010.600,279.200,0.0,0.0,0.800,2058977280.0,1953792.0,5565607936.0,1.61153654784e+11,0.0,0.0,0.0,12288.0,1015.600,279.200,0.055,0.080,99.865,0.0,0.0,0.0,1493100553.679,
0.050,0.060,99.880,0.010,0.0,0.0,0.0,13107.200,36921.800,18336962.800,0.0,0.0,917.200,294.400,0.0,0.0,0.0,2037764096.0,1961984.0,5565612032.0,1.6117485568e+11,0.0,0.0,0.0,13107.200,912.200,294.400,0.045,0.060,99.885,0.010,0.0,0.0,1493100558.679,
0.035,0.080,99.875,0.010,0.0,0.0,0.0,12288.0,45348.400,26565569.0,0.0,0.0,1150.800,334.800,0.0,0.0,0.0,2055004160.0,1978368.0,5565612032.0,1.61157599232e+11,0.0,0.0,0.0,12288.0,1150.800,334.800,0.035,0.085,99.870,0.010,0.0,0.0,1493100563.679,
0.060,0.130,99.810,0.0,0.0,0.0,0.0,5734.400,68732.800,44246847.800,0.0,0.0,1896.400,357.800,0.200,0.0,0.0,2029109248.0,1986560.0,5565612032.0,1.61183485952e+11,0.0,0.0,0.0,5734.400,1896.400,357.800,0.060,0.125,99.815,0.0,0.0,0.0,1493100568.679,
0.040,0.100,99.860,0.0,0.0,0.0,0.0,9830.400,43004.600,29503644.0,0.0,0.0,1214.0,324.400,0.0,0.0,0.400,2032771072.0,2002944.0,5565612032.0,1.61179807744e+11,0.0,0.0,0.0,9830.400,1214.0,324.400,0.045,0.100,99.855,0.0,0.0,0.0,1493100573.679,
0.035,0.065,99.885,0.015,0.0,0.0,0.0,9830.400,31017.800,17955282.200,0.0,0.0,844.600,283.600,0.0,0.200,0.0,2048364544.0,2019328.0,5565612032.0,1.61164197888e+11,0.0,0.0,0.0,9830.400,844.600,283.600,0.030,0.065,99.890,0.015,0.0,0.0,1493100578.679,
0.050,0.110,99.820,0.015,0.0,0.005,0.0,13107.200,57074.200,38975657.800,0.0,0.0,1528.200,429.600,0.400,0.0,0.400,2074083328.0,2027520.0,5565620224.0,1.6113846272e+11,0.0,0.0,0.0,13107.200,1528.200,429.600,0.050,0.110,99.820,0.015,0.0,0.005,1493100583.679,
0.045,0.090,99.845,0.020,0.0,0.0,0.0,12288.0,52361.400,34521491.0,0.0,0.0,1370.0,336.600,0.400,0.0,0.0,2049196032.0,2043904.0,5565624320.0,1.61163329536e+11,0.0,0.0,0.0,12288.0,1370.0,336.600,0.045,0.095,99.840,0.020,0.0,0.0,1493100588.679,
0.080,0.120,99.770,0.030,0.0,0.0,0.0,11468.800,64709.200,38622074.800,0.0,0.0,1747.200,389.200,0.0,0.0,0.400,2067464192.0,2060288.0,5565624320.0,1.61145044992e+11,0.0,0.0,0.0,11468.800,1747.200,389.200,0.085,0.115,99.770,0.030,0.0,0.0,1493100593.679,
0.055,0.145,99.785,0.010,0.0,0.005,0.0,9011.200,92400.800,55819328.800,0.0,0.0,2413.200,399.200,0.0,0.0,0.0,2022232064.0,2068480.0,5565624320.0,1.61190268928e+11,0.0,0.0,0.0,9011.200,2413.200,399.200,0.050,0.145,99.790,0.010,0.0,0.005,1493100598.679,
0.060,0.125,99.810,0.005,0.0,0.0,0.0,6553.600,64601.200,38590412.600,0.0,0.0,1818.600,449.400,0.0,0.0,0.200,2084458496.0,2076672.0,5565624320.0,1.61128034304e+11,0.0,0.0,0.0,6553.600,1818.600,449.400,0.060,0.125,99.810,0.005,0.0,0.0,1493100603.679,
0.055,0.145,99.775,0.025,0.0,0.0,0.0,16384.0,74808.800,50560253.600,0.0,0.0,2015.0,339.0,0.0,0.0,0.400,2063835136.0,2093056.0,5565628416.0,1.61148637184e+11,0.0,0.0,0.0,16384.0,2015.0,339.0,0.055,0.145,99.775,0.025,0.0,0.0,1493100608.679,
0.050,0.120,99.820,0.010,0.0,0.0,0.0,4915.200,80673.800,46603651.0,0.0,0.0,2000.200,429.400,0.0,0.0,0.0,2028195840.0,2101248.0,5565628416.0,1.61184268288e+11,0.0,0.0,0.0,4915.200,2000.200,429.400,0.050,0.120,99.820,0.010,0.0,0.0,1493100613.679,
0.035,0.075,99.870,0.020,0.0,0.0,0.0,7372.800,38188.200,20661419.400,0.0,0.0,1037.400,336.0,0.0,0.0,0.400,2018041856.0,2117632.0,5565628416.0,1.61194405888e+11,0.0,0.0,0.0,10649.600,1038.200,336.0,0.035,0.075,99.870,0.020,0.0,0.0,1493100618.679,
0.030,0.055,99.915,0.0,0.0,0.0,0.0,3276.800,23965.600,17698922.800,0.0,0.0,730.200,256.600,0.0,0.0,0.0,2043351040.0,2117632.0,5565632512.0,1.61169092608e+11,0.0,0.0,0.0,0.0,729.400,256.600,0.030,0.060,99.910,0.0,0.0,0.0,1493100623.679,
0.035,0.045,99.890,0.030,0.0,0.0,0.0,11468.800,25170.800,14760184.400,0.0,0.0,714.200,267.200,0.0,0.0,0.0,2042789888.0,2134016.0,5565628416.0,1.61169641472e+11,0.0,0.0,0.0,11468.800,714.200,267.200,0.035,0.040,99.895,0.030,0.0,0.0,1493100628.679,
0.045,0.085,99.835,0.035,0.0,0.0,0.0,11468.800,47444.0,26573588.600,0.0,0.0,1235.0,327.400,0.200,0.0,0.400,2056474624.0,2150400.0,5565632512.0,1.61155936256e+11,0.0,0.0,0.0,11468.800,1235.0,327.400,0.045,0.090,99.830,0.035,0.0,0.0,1493100633.679,
0.025,0.060,99.915,0.0,0.0,0.0,0.0,2457.600,29550.400,17697245.0,0.0,0.0,725.800,189.400,0.0,0.0,0.0,2051649536.0,2150400.0,5565632512.0,1.61160761344e+11,0.0,0.0,0.0,2457.600,725.800,189.400,0.025,0.055,99.920,0.0,0.0,0.0,1493100638.679,
0.065,0.130,99.785,0.015,0.0,0.005,0.0,9830.400,64991.800,44260367.800,0.0,0.0,1711.200,428.400,0.0,0.0,0.400,2044227584.0,2166784.0,5565636608.0,1.61168162816e+11,0.0,0.0,0.0,9830.400,1711.400,428.400,0.065,0.130,99.785,0.015,0.0,0.005,1493100643.679,
0.045,0.080,99.845,0.025,0.0,0.005,0.0,17203.200,31062.600,21824529.800,0.0,0.0,866.800,274.800,0.0,0.0,0.0,2054447104.0,2183168.0,5565640704.0,1.61157922816e+11,0.0,0.0,0.0,17203.200,870.200,274.800,0.045,0.080,99.845,0.025,0.0,0.005,1493100648.679,
0.030,0.060,99.910,0.0,0.0,0.0,0.0,7372.800,39944.400,22472405.400,0.0,0.0,982.800,319.400,0.0,0.0,0.0,2061389824.0,2191360.0,5565640704.0,1.61150971904e+11,0.0,0.0,0.0,7372.800,979.200,319.400,0.030,0.060,99.910,0.0,0.0,0.0,1493100653.679,
0.025,0.030,99.945,0.0,0.0,0.0,0.0,5734.400,17581.200,8864871.0,0.0,0.0,556.800,241.200,0.0,0.0,0.400,2070740992.0,2199552.0,5565640704.0,1.61141612544e+11,0.0,0.0,0.0,5734.400,556.800,241.200,0.025,0.030,99.945,0.0,0.0,0.0,1493100658.679,
0.015,0.020,99.965,0.0,0.0,0.0,0.0,6553.600,4923.400,8000.200,0.0,0.0,212.600,232.0,0.0,0.0,0.400,2056056832.0,2215936.0,5565644800.0,1.61156276224e+11,0.0,0.0,0.0,6553.600,212.600,232.0,0.020,0.020,99.960,0.0,0.0,0.0,1493100663.679,
0.015,0.015,99.970,0.0,0.0,0.0,0.0,7372.800,5807.400,7789.200,0.0,0.0,210.800,227.200,0.0,0.0,0.0,2056372224.0,2224128.0,5565648896.0,1.61155948544e+11,0.0,0.0,0.0,7372.800,210.800,227.200,0.015,0.015,99.970,0.0,0.0,0.0,1493100668.679,
