"Dstat 0.7.2 CSV output"
"Author:","Dag Wieers <dag@wieers.com>",,,,"URL:","http://dag.wieers.com/home-made/dstat/"
"Host:","client0.skyhook16osds.skyhook-pg0.wisc.cloudlab.us",,,,"User:","jlefevre"
"Cmdline:","dstat -av --epoch --integer --noheaders --output dstat-client0.log 5",,,,"Date:","24 Apr 2017 21:15:41 CDT"

"total cpu usage",,,,,,"dsk/total",,"net/total",,"paging",,"system",,"procs",,,"memory usage",,,,"paging",,"dsk/total",,"system",,"total cpu usage",,,,,,"epoch"
"usr","sys","idl","wai","hiq","siq","read","writ","recv","send","in","out","int","csw","run","blk","new","used","buff","cach","free","in","out","read","writ","int","csw","usr","sys","idl","wai","hiq","siq","epoch"
0.065,0.040,99.870,0.015,0.0,0.010,0.0,10649.600,58869.800,4198.200,0.0,0.0,482.400,7123.200,0.200,0.0,0.0,5033492480.0,254922752.0,1.6163524608e+11,1856532480.0,0.0,0.0,0.0,10649.600,482.600,7123.200,0.070,0.040,99.865,0.015,0.0,0.010,1493101596.510,
1.028,0.672,98.215,0.030,0.0,0.055,0.0,31948.800,102060677.400,186370.200,0.0,0.0,4111.400,9145.600,1.200,0.0,5.200,5327974400.0,254930944.0,1.6163524608e+11,1562042368.0,0.0,0.0,0.0,31948.800,4125.400,9158.400,1.028,0.677,98.210,0.030,0.0,0.055,1493101601.509,
11.087,4.546,83.856,0.152,0.0,0.359,0.0,172032.0,1084374282.0,1524626.800,0.0,0.0,49521.800,58258.200,6.800,0.200,0.400,5479460864.0,254930944.0,1.6163555328e+11,1410248704.0,0.0,0.0,0.0,172032.0,49520.200,58247.0,11.089,4.545,83.855,0.152,0.0,0.359,1493101606.510,
11.301,4.528,83.529,0.167,0.0,0.476,0.0,214630.400,1101833609.800,1480680.0,0.0,0.0,30129.400,47332.800,7.0,0.0,0.0,5514326016.0,254939136.0,1.61635905536e+11,1375023104.0,0.0,0.0,0.0,214630.400,30130.800,47331.200,11.301,4.529,83.527,0.167,0.0,0.476,1493101611.510,
12.607,4.358,82.741,0.036,0.0,0.259,0.0,218726.400,1157054555.800,1716290.400,0.0,0.0,44839.0,78303.600,7.400,0.0,0.0,5427376128.0,254939136.0,1.6163620864e+11,1461669888.0,0.0,0.0,0.0,218726.400,44836.400,78310.800,12.611,4.358,82.737,0.036,0.0,0.259,1493101616.509,
9.810,4.749,84.972,0.045,0.0,0.424,0.0,175308.800,1021334543.200,1383010.400,0.0,0.0,28850.0,30819.0,5.0,0.200,0.0,5423136768.0,254947328.0,1.61636560896e+11,1465548800.0,0.0,0.0,0.0,175308.800,28851.400,30825.400,9.802,4.745,84.984,0.045,0.0,0.424,1493101621.509,
10.704,4.787,83.878,0.146,0.0,0.484,0.0,234291.200,1099119667.200,1527214.600,0.0,0.0,32141.0,37536.600,6.400,0.0,0.0,5414039552.0,254959616.0,1.6163690496e+11,1474289664.0,0.0,0.0,0.0,234291.200,32137.200,37523.400,10.716,4.791,83.863,0.146,0.0,0.484,1493101626.510,
10.509,4.458,84.282,0.166,0.0,0.584,0.0,214630.400,1079235539.400,1484504.400,0.0,0.0,31150.0,34868.400,5.400,0.0,0.200,5435465728.0,254959616.0,1.61637216256e+11,1452552192.0,0.0,0.0,0.0,214630.400,31146.800,34871.0,10.504,4.459,84.286,0.166,0.0,0.584,1493101631.510,
10.079,4.717,84.544,0.141,0.0,0.519,0.0,177766.400,1030796053.0,1392321.600,0.0,0.0,30036.200,25991.200,5.800,0.200,0.400,5447573504.0,254967808.0,1.61637564416e+11,1440088064.0,0.0,0.0,0.0,177766.400,30037.200,25989.0,10.080,4.718,84.542,0.141,0.0,0.519,1493101636.510,
10.166,4.587,84.017,0.650,0.0,0.580,0.0,9041510.400,1064905269.200,1477179.0,0.0,0.0,30611.0,35086.800,6.200,0.200,0.0,5481672704.0,254967808.0,1.61633234944e+11,1410318336.0,0.0,0.0,0.0,9041510.400,30604.0,35086.0,10.161,4.584,84.025,0.650,0.0,0.580,1493101641.510,
9.668,4.809,84.708,0.191,0.0,0.624,0.0,198246.400,986073058.200,1222364.200,0.0,0.0,26399.800,24369.800,7.400,0.200,0.0,5430579200.0,254976000.0,1.61633542144e+11,1461096448.0,0.0,0.0,0.0,198246.400,26419.0,24395.600,9.676,4.810,84.695,0.196,0.0,0.623,1493101646.509,
8.016,4.610,86.665,0.166,0.0,0.543,0.0,191692.800,853685170.200,847028.800,0.0,0.0,21501.400,18001.600,6.400,0.0,0.0,5468155904.0,254976000.0,1.6163387392e+11,1423187968.0,0.0,0.0,0.0,191692.800,21493.200,17978.800,8.013,4.605,86.677,0.161,0.0,0.544,1493101651.510,
7.994,4.515,86.737,0.226,0.0,0.528,0.0,222822.400,814706914.0,791216.0,0.0,0.0,21630.0,17308.200,5.400,0.0,0.0,5480730624.0,254984192.0,1.61634185216e+11,1410293760.0,0.0,0.0,0.0,222822.400,21625.400,17309.600,7.993,4.514,86.738,0.226,0.0,0.528,1493101656.510,
8.902,4.479,85.870,0.156,0.0,0.594,0.0,194969.600,951565804.200,1158987.200,0.0,0.0,26382.0,21220.800,5.0,0.200,0.400,5460054016.0,254992384.0,1.61634459648e+11,1430687744.0,0.0,0.0,0.0,194969.600,26384.200,21237.600,8.895,4.480,85.874,0.156,0.0,0.594,1493101661.509,
9.462,4.487,85.063,0.373,0.0,0.615,0.0,3636428.800,1030520757.600,1354052.0,0.0,0.0,26441.0,24470.200,5.200,0.200,0.0,5532962816.0,254992384.0,1.61649463296e+11,1342775296.0,0.0,0.0,0.0,3636428.800,26435.0,24450.200,9.464,4.487,85.061,0.373,0.0,0.615,1493101666.510,
9.309,4.660,85.335,0.237,0.0,0.459,0.0,269516.800,938979476.400,1127373.800,0.0,0.0,25499.200,20516.0,6.600,0.0,0.0,5547171840.0,255000576.0,1.61630068736e+11,1347952640.0,0.0,0.0,0.0,269516.800,25511.800,20527.200,9.320,4.657,85.328,0.237,0.0,0.459,1493101671.510,
9.650,4.525,85.110,0.146,0.0,0.569,0.0,169574.400,1002222050.0,1226751.800,0.0,0.0,29807.200,21364.200,6.200,0.200,0.0,5535600640.0,255000576.0,1.61630420992e+11,1359171584.0,0.0,0.0,0.0,169574.400,29792.600,21351.800,9.639,4.527,85.119,0.146,0.0,0.569,1493101676.510,
10.380,4.401,84.369,0.181,0.0,0.669,0.0,221184.0,1095173725.600,1523439.200,0.0,0.0,28471.800,31349.400,6.800,0.0,0.200,5485953024.0,255008768.0,1.61630752768e+11,1408479232.0,0.0,0.0,0.0,221184.0,28485.400,31361.400,10.386,4.399,84.366,0.181,0.0,0.669,1493101681.510,
11.302,4.285,83.612,0.146,0.0,0.654,0.0,217907.200,1148575250.800,1614967.800,0.0,0.0,29202.800,37754.0,6.200,0.200,0.400,5510549504.0,255008768.0,1.6163106816e+11,1383567360.0,0.0,0.0,0.0,217907.200,29209.400,37753.0,11.308,4.286,83.607,0.146,0.0,0.654,1493101686.510,
10.893,4.450,83.892,0.161,0.0,0.604,0.0,181862.400,1107930166.600,1596889.400,0.0,0.0,30695.600,37078.600,6.400,0.0,0.0,5556875264.0,255016960.0,1.61631428608e+11,1336872960.0,0.0,0.0,0.0,181862.400,30679.200,37092.400,10.884,4.452,83.898,0.161,0.0,0.604,1493101691.509,
11.697,4.365,83.211,0.156,0.0,0.570,0.0,253132.800,1189131897.400,1846085.200,0.0,0.0,34500.400,65601.600,7.0,0.0,0.0,5515030528.0,255025152.0,1.61631739904e+11,1378398208.0,0.0,0.0,0.0,253132.800,34505.800,65579.600,11.700,4.367,83.206,0.156,0.0,0.570,1493101696.509,
11.176,4.606,83.757,0.076,0.0,0.385,0.0,157286.400,1151264617.0,1751725.800,0.0,0.0,33062.400,41673.400,7.600,0.200,0.0,5492412416.0,255025152.0,1.61632063488e+11,1400692736.0,0.0,0.0,0.0,157286.400,33059.0,41674.0,11.172,4.604,83.763,0.076,0.0,0.385,1493101701.509,
10.944,4.346,83.803,0.191,0.0,0.715,0.0,228556.800,1139698448.400,1653851.800,0.0,0.0,29749.800,36018.200,4.800,0.0,0.0,5529931776.0,255033344.0,1.61632423936e+11,1362804736.0,0.0,0.0,0.0,228556.800,29757.400,36023.0,10.947,4.349,83.798,0.191,0.0,0.715,1493101706.509,
10.426,4.434,84.364,0.166,0.0,0.610,0.0,199065.600,1111101225.200,1569234.600,0.0,0.0,28882.400,30653.600,6.600,0.0,0.400,5537001472.0,255033344.0,1.61632763904e+11,1355395072.0,0.0,0.0,0.0,199065.600,28881.600,30657.400,10.425,4.434,84.360,0.166,0.0,0.615,1493101711.509,
10.653,4.440,84.162,0.146,0.0,0.599,0.0,175308.800,1142816577.600,1680253.0,0.0,0.0,29415.600,44284.800,6.800,0.0,0.0,5493403648.0,255041536.0,1.61633067008e+11,1398681600.0,0.0,0.0,0.0,175308.800,29420.600,44283.600,10.647,4.445,84.168,0.146,0.0,0.594,1493101716.509,
11.345,4.434,83.635,0.162,0.0,0.425,0.0,217907.200,1156307806.400,1788612.600,0.0,0.0,33187.200,53915.800,5.600,0.0,0.0,5525303296.0,255041536.0,1.61633411072e+11,1366437888.0,0.0,0.0,0.0,217907.200,33172.200,53905.0,11.347,4.427,83.639,0.162,0.0,0.425,1493101721.510,
11.176,4.256,84.001,0.152,0.0,0.414,0.0,220364.800,1154977536.0,1762010.400,0.0,0.0,30673.600,51708.800,5.600,0.0,0.400,5485957120.0,255049728.0,1.61633792e+11,1405394944.0,0.0,0.0,0.0,220364.800,30678.800,51709.0,11.173,4.255,84.006,0.152,0.0,0.414,1493101726.509,
10.932,4.487,83.910,0.121,0.0,0.550,0.0,191692.800,1129339674.400,1705831.600,0.0,0.0,32502.0,49292.800,6.800,0.200,0.0,5466849280.0,255057920.0,1.61634082816e+11,1424203776.0,0.0,0.0,0.0,191692.800,32499.800,49294.600,10.935,4.488,83.905,0.121,0.0,0.550,1493101731.510,
10.094,4.670,84.659,0.162,0.0,0.414,0.0,219545.600,1093280064.0,1585411.400,0.0,0.0,32670.0,40341.0,6.800,0.0,0.0,5508108288.0,255057920.0,1.61634439168e+11,1382588416.0,0.0,0.0,0.0,219545.600,32690.800,40412.0,10.098,4.673,84.653,0.161,0.0,0.414,1493101736.510,
2.960,2.362,94.401,0.111,0.0,0.166,0.0,209715.200,339483525.400,238490.600,0.0,0.0,6571.200,10328.0,2.0,0.200,0.0,5549989888.0,255066112.0,1.6163469312e+11,1340444672.0,0.0,0.0,0.0,210534.400,6551.200,10270.200,2.948,2.354,94.416,0.116,0.0,0.166,1493101741.510,
1.795,1.023,97.037,0.045,0.0,0.100,0.0,84377.600,201331135.200,90914.200,0.0,0.0,3668.800,10329.800,1.0,0.0,1.400,5039849472.0,255066112.0,1.61634787328e+11,1850490880.0,0.0,0.0,0.0,83558.400,3662.0,10314.600,1.795,1.023,97.042,0.040,0.0,0.100,1493101746.510,
