"Dstat 0.7.2 CSV output"
"Author:","Dag Wieers <dag@wieers.com>",,,,"URL:","http://dag.wieers.com/home-made/dstat/"
"Host:","osd1.skyhook16osds.skyhook-pg0.wisc.cloudlab.us",,,,"User:","jlefevre"
"Cmdline:","dstat -av --epoch --integer --noheaders --output dstat-osd1.log 5",,,,"Date:","24 Apr 2017 21:15:43 CDT"

"total cpu usage",,,,,,"dsk/total",,"net/total",,"paging",,"system",,"procs",,,"memory usage",,,,"paging",,"dsk/total",,"system",,"total cpu usage",,,,,,"epoch"
"usr","sys","idl","wai","hiq","siq","read","writ","recv","send","in","out","int","csw","run","blk","new","used","buff","cach","free","in","out","read","writ","int","csw","usr","sys","idl","wai","hiq","siq","epoch"
0.015,0.010,99.965,0.010,0.0,0.0,0.0,2457.600,5078.600,7091.400,0.0,0.0,213.200,237.600,0.0,0.0,0.0,2012925952.0,1646592.0,200806400.0,1.66564814848e+11,0.0,0.0,0.0,2457.600,213.200,237.600,0.015,0.010,99.965,0.010,0.0,0.0,1493094458.679,
0.175,0.285,99.094,0.440,0.0,0.005,59230617.600,8192.0,83835.400,53575814.600,0.0,0.0,2180.200,1358.600,0.0,0.400,0.800,2056577024.0,1654784.0,496971776.0,1.66224990208e+11,0.0,0.0,59230617.600,8192.0,2181.800,1358.600,0.175,0.290,99.090,0.440,0.0,0.005,1493094463.679,
0.160,0.335,99.229,0.270,0.0,0.005,64875724.800,10649.600,120860.0,69523646.200,0.0,0.0,3485.0,1435.200,0.200,0.200,0.400,2057617408.0,1671168.0,821645312.0,1.65899259904e+11,0.0,0.0,64875724.800,10649.600,3483.600,1435.200,0.160,0.330,99.234,0.270,0.0,0.005,1493094468.679,
0.120,0.220,99.510,0.150,0.0,0.0,42307584.0,8192.0,78803.400,51131027.400,0.0,0.0,2726.800,992.800,0.0,0.0,0.400,2006544384.0,1679360.0,1032888320.0,1.65739081728e+11,0.0,0.0,42307584.0,8192.0,2726.600,992.800,0.120,0.220,99.510,0.150,0.0,0.0,1493094473.679,
0.125,0.220,99.510,0.140,0.0,0.005,47948595.200,9830.400,72677.0,44381703.600,0.0,0.0,2559.0,1102.0,0.0,0.0,0.0,2038661120.0,1695744.0,1271635968.0,1.6546820096e+11,0.0,0.0,47948595.200,9830.400,2559.0,1102.0,0.130,0.220,99.505,0.140,0.0,0.005,1493094478.679,
0.160,0.240,99.445,0.150,0.0,0.005,47955968.0,9011.200,91443.800,54472627.0,0.0,0.0,2914.800,1180.0,0.200,0.0,1.400,2026962944.0,1703936.0,1512271872.0,1.6523925504e+11,0.0,0.0,47955968.0,9011.200,2917.400,1180.0,0.155,0.240,99.450,0.150,0.0,0.005,1493094483.679,
0.090,0.110,99.685,0.110,0.0,0.005,25384550.400,13926.400,52877.600,28118978.600,0.0,0.0,1304.400,695.0,0.0,0.0,0.0,2009423872.0,1720320.0,1639325696.0,1.65129723904e+11,0.0,0.0,25384550.400,13926.400,1302.600,697.400,0.090,0.110,99.685,0.110,0.0,0.005,1493094488.679,
0.070,0.145,99.655,0.130,0.0,0.0,28205056.0,13107.200,52461.0,29508561.600,0.0,0.0,1369.0,776.200,0.0,0.0,0.0,2007920640.0,1736704.0,1780359168.0,1.6499017728e+11,0.0,0.0,28205056.0,13107.200,1368.200,773.800,0.075,0.145,99.650,0.130,0.0,0.0,1493094493.679,
0.115,0.215,99.470,0.190,0.0,0.010,45128089.600,4915.200,72448.600,47208928.800,0.0,0.0,2093.0,1040.600,0.400,0.400,0.400,2006659072.0,1744896.0,2006011904.0,1.6476577792e+11,0.0,0.0,45128089.600,4915.200,2093.0,1040.600,0.110,0.215,99.475,0.190,0.0,0.010,1493094498.679,
0.095,0.135,99.660,0.105,0.0,0.005,25384550.400,11468.800,47385.200,26563247.400,0.0,0.0,1632.600,796.800,0.0,0.0,1.200,2004283392.0,1761280.0,2132938752.0,1.64641210368e+11,0.0,0.0,25384550.400,11468.800,1632.600,796.800,0.095,0.135,99.660,0.105,0.0,0.005,1493094503.679,
0.120,0.160,99.545,0.170,0.0,0.005,42307584.0,0.0,69178.200,41717481.200,0.0,0.0,2424.600,1024.600,0.200,0.0,0.0,2022068224.0,1761280.0,2344484864.0,1.64411879424e+11,0.0,0.0,42307584.0,0.0,2424.600,1024.600,0.125,0.160,99.540,0.170,0.0,0.005,1493094508.679,
0.090,0.140,99.660,0.105,0.0,0.005,28205056.0,10649.600,54288.600,32049604.800,0.0,0.0,1889.0,782.200,0.200,0.0,0.0,2004152320.0,1777664.0,2485415936.0,1.64288847872e+11,0.0,0.0,28205056.0,10649.600,1889.0,782.200,0.085,0.140,99.665,0.105,0.0,0.005,1493094513.679,
0.105,0.185,99.530,0.175,0.0,0.005,33846067.200,5734.400,60711.600,33287025.800,0.0,0.0,2109.800,862.200,0.0,0.200,0.800,2019508224.0,1785856.0,2654736384.0,1.64104163328e+11,0.0,0.0,33846067.200,5734.400,2119.200,862.600,0.110,0.185,99.525,0.175,0.0,0.005,1493094518.679,
0.150,0.285,99.350,0.210,0.0,0.005,53589606.400,14745.600,86436.200,55406737.800,0.0,0.0,3131.0,1242.0,0.0,0.0,0.800,2023215104.0,1802240.0,2922430464.0,1.63832745984e+11,0.0,0.0,53589606.400,14745.600,3121.600,1241.600,0.145,0.285,99.355,0.210,0.0,0.005,1493094523.679,
0.090,0.205,99.540,0.165,0.0,0.0,37479219.200,9011.200,75035.0,41156059.0,0.0,0.0,2263.0,987.800,0.200,0.0,0.0,2011820032.0,1818624.0,3110662144.0,1.63655892992e+11,0.0,0.0,37688934.400,9011.200,2264.400,990.400,0.090,0.205,99.535,0.170,0.0,0.0,1493094528.679,
0.100,0.135,99.580,0.185,0.0,0.0,35025715.200,8192.0,60336.0,35441218.600,0.0,0.0,2010.0,855.0,0.0,0.200,0.0,2017087488.0,1826816.0,3285651456.0,1.63475628032e+11,0.0,0.0,34999500.800,8192.0,2009.600,855.0,0.100,0.140,99.580,0.180,0.0,0.0,1493094533.679,
0.105,0.220,99.470,0.195,0.0,0.010,40315289.600,10649.600,78550.800,44269088.0,0.0,0.0,2659.800,972.200,0.200,0.200,0.400,2004979712.0,1843200.0,3486810112.0,1.63286560768e+11,0.0,0.0,40131788.800,10649.600,2659.0,970.0,0.105,0.220,99.470,0.195,0.0,0.010,1493094538.679,
0.145,0.305,99.215,0.330,0.0,0.005,56410112.0,10649.600,92402.0,52033646.600,0.0,0.0,3221.800,1388.200,0.0,0.0,0.800,2052796416.0,1859584.0,3768782848.0,1.62956754944e+11,0.0,0.0,56410112.0,10649.600,3225.200,1387.800,0.150,0.300,99.215,0.330,0.0,0.005,1493094543.679,
0.145,0.300,99.290,0.260,0.0,0.005,56410112.0,8192.0,105052.400,66029703.800,0.0,0.0,3521.200,1275.800,0.200,0.0,0.400,2008129536.0,1867776.0,4050919424.0,1.62719277056e+11,0.0,0.0,56410112.0,8192.0,3517.600,1275.800,0.140,0.300,99.295,0.260,0.0,0.005,1493094548.679,
0.105,0.240,99.475,0.180,0.0,0.0,45128089.600,8192.0,72149.0,47235177.800,0.0,0.0,2564.600,1045.600,0.200,0.0,0.0,2008068096.0,1884160.0,4276563968.0,1.62493677568e+11,0.0,0.0,45128089.600,8192.0,2564.600,1045.600,0.110,0.240,99.470,0.180,0.0,0.0,1493094553.679,
0.165,0.335,99.225,0.270,0.0,0.005,64871628.800,11468.800,108194.0,67850739.400,0.0,0.0,3658.400,1411.600,0.200,0.0,0.400,2006675456.0,1892352.0,4600643584.0,1.621709824e+11,0.0,0.0,64871628.800,11468.800,3658.400,1411.600,0.160,0.340,99.225,0.270,0.0,0.005,1493094558.679,
0.070,0.115,99.710,0.100,0.0,0.005,22564044.800,13107.200,40994.0,20725973.800,0.0,0.0,1342.800,664.600,0.200,0.200,0.800,2029932544.0,1908736.0,4713881600.0,1.62034470912e+11,0.0,0.0,22564044.800,13107.200,1344.0,665.0,0.070,0.120,99.705,0.100,0.0,0.005,1493094563.679,
0.065,0.095,99.755,0.085,0.0,0.0,16923033.600,7372.800,39061.800,20667950.800,0.0,0.0,1336.400,546.400,0.200,0.0,0.0,2008936448.0,1916928.0,4798365696.0,1.6197097472e+11,0.0,0.0,16923033.600,7372.800,1335.200,546.0,0.070,0.085,99.760,0.085,0.0,0.0,1493094568.679,
0.065,0.130,99.690,0.115,0.0,0.0,25384550.400,10649.600,43820.800,26564392.200,0.0,0.0,1625.600,714.800,0.0,0.0,0.400,2006818816.0,1933312.0,4925284352.0,1.61846157312e+11,0.0,0.0,25384550.400,10649.600,1625.600,714.800,0.065,0.130,99.690,0.115,0.0,0.0,1493094573.679,
0.085,0.145,99.660,0.110,0.0,0.0,28205056.0,0.0,50948.800,29499066.200,0.0,0.0,1738.200,793.400,0.200,0.0,0.400,2005483520.0,1933312.0,5066313728.0,1.61706463232e+11,0.0,0.0,28205056.0,0.0,1738.200,793.400,0.080,0.145,99.665,0.110,0.0,0.0,1493094578.679,
0.130,0.245,99.405,0.215,0.0,0.005,45128089.600,10649.600,77553.200,47205380.0,0.0,0.0,2692.0,1034.800,0.0,0.0,0.400,2009583616.0,1949696.0,5291958272.0,1.61476702208e+11,0.0,0.0,45128089.600,10649.600,2692.0,1034.800,0.130,0.250,99.400,0.215,0.0,0.005,1493094583.679,
0.085,0.175,99.575,0.165,0.0,0.0,36666572.800,6553.600,64122.200,32210977.400,0.0,0.0,2185.200,978.600,0.0,0.0,0.0,2041368576.0,1957888.0,5475291136.0,1.61261576192e+11,0.0,0.0,36666572.800,6553.600,2187.400,978.600,0.085,0.175,99.575,0.165,0.0,0.0,1493094588.679,
0.040,0.090,99.815,0.055,0.0,0.0,11282022.400,12288.0,34642.0,17982738.200,0.0,0.0,1167.200,486.0,0.0,0.0,0.400,2009096192.0,1974272.0,5531709440.0,1.61237413888e+11,0.0,0.0,11282022.400,12288.0,1165.0,486.0,0.045,0.085,99.815,0.055,0.0,0.0,1493094593.679,
0.025,0.020,99.935,0.020,0.0,0.0,0.0,7372.800,12052.400,14111.800,0.0,0.0,367.200,430.600,0.0,0.0,0.800,2007957504.0,1990656.0,5531701248.0,1.61238544384e+11,0.0,0.0,0.0,7372.800,367.200,430.600,0.025,0.020,99.935,0.020,0.0,0.0,1493094598.679,
0.025,0.015,99.960,0.0,0.0,0.0,0.0,9830.400,8838.800,11083.200,0.0,0.0,302.800,369.200,0.0,0.0,0.800,2011222016.0,1998848.0,5531717632.0,1.61235255296e+11,0.0,0.0,0.0,9830.400,302.800,369.200,0.025,0.015,99.960,0.0,0.0,0.0,1493094603.679,
