"Dstat 0.7.2 CSV output"
"Author:","Dag Wieers <dag@wieers.com>",,,,"URL:","http://dag.wieers.com/home-made/dstat/"
"Host:","osd0.skyhook16osds.skyhook-pg0.wisc.cloudlab.us",,,,"User:","jlefevre"
"Cmdline:","dstat -av --epoch --integer --noheaders --output dstat-osd0.log 5",,,,"Date:","24 Apr 2017 21:15:42 CDT"

"total cpu usage",,,,,,"dsk/total",,"net/total",,"paging",,"system",,"procs",,,"memory usage",,,,"paging",,"dsk/total",,"system",,"total cpu usage",,,,,,"epoch"
"usr","sys","idl","wai","hiq","siq","read","writ","recv","send","in","out","int","csw","run","blk","new","used","buff","cach","free","in","out","read","writ","int","csw","usr","sys","idl","wai","hiq","siq","epoch"
0.020,0.015,99.950,0.015,0.0,0.0,0.0,10649.600,6631.0,8801.400,0.0,0.0,225.800,247.400,0.0,0.0,0.800,2267148288.0,1351680.0,260857856.0,1.66250835968e+11,0.0,0.0,0.0,10649.600,225.800,247.400,0.020,0.015,99.950,0.015,0.0,0.0,1493101057.876,
0.405,0.165,99.105,0.325,0.0,0.0,39491174.400,1638.400,59542.0,34769279.800,0.0,0.0,2248.200,935.0,0.0,0.0,0.0,2315526144.0,1351680.0,457625600.0,1.66005690368e+11,0.0,0.0,39491174.400,1638.400,2248.400,935.0,0.405,0.165,99.105,0.325,0.0,0.0,1493101062.876,
0.440,0.220,99.150,0.180,0.0,0.010,45128089.600,17203.200,81249.0,51155569.600,0.0,0.0,2977.200,1110.400,0.400,0.0,0.0,2284077056.0,1368064.0,683335680.0,1.65811412992e+11,0.0,0.0,45128089.600,17203.200,2980.600,1110.400,0.440,0.215,99.155,0.180,0.0,0.010,1493101067.876,
0.615,0.280,98.804,0.285,0.0,0.015,64871628.800,4915.200,87502.400,56364229.0,0.0,0.0,3326.200,1386.800,0.200,0.0,0.400,2339774464.0,1376256.0,1008058368.0,1.65430984704e+11,0.0,0.0,64871628.800,4915.200,3322.800,1386.800,0.615,0.280,98.804,0.285,0.0,0.015,1493101072.876,
0.520,0.240,99.035,0.200,0.0,0.005,53589606.400,10649.600,87213.0,53114783.800,0.0,0.0,3102.0,1236.0,0.400,0.200,0.400,2352095232.0,1392640.0,1275236352.0,1.65151469568e+11,0.0,0.0,53589606.400,10649.600,3102.0,1236.0,0.520,0.245,99.030,0.200,0.0,0.005,1493101077.876,
0.640,0.325,98.784,0.240,0.0,0.010,67692134.400,8192.0,113534.400,79237737.0,0.0,0.0,3932.600,1443.800,0.200,0.200,0.400,2308268032.0,1400832.0,1614663680.0,1.64855861248e+11,0.0,0.0,67692134.400,8192.0,3935.0,1443.800,0.640,0.325,98.784,0.240,0.0,0.010,1493101082.876,
0.660,0.310,98.754,0.265,0.0,0.010,67692134.400,2457.600,109709.600,65159743.0,0.0,0.0,4111.0,1395.200,0.400,0.0,0.0,2334810112.0,1409024.0,1952825344.0,1.64491149312e+11,0.0,0.0,67692134.400,2457.600,4108.600,1395.200,0.660,0.310,98.754,0.265,0.0,0.010,1493101087.876,
0.450,0.275,99.104,0.170,0.0,0.0,50769100.800,13107.200,94862.0,58017262.800,0.0,0.0,3384.200,1164.200,0.200,0.0,0.400,2311475200.0,1417216.0,2204594176.0,1.642627072e+11,0.0,0.0,50769100.800,13107.200,3390.600,1164.200,0.450,0.270,99.109,0.170,0.0,0.0,1493101092.876,
0.350,0.185,99.350,0.105,0.0,0.010,37584076.800,8192.0,72620.400,43580571.400,0.0,0.0,2483.800,908.200,0.400,0.0,0.0,2304843776.0,1433600.0,2394263552.0,1.64079652864e+11,0.0,0.0,37715148.800,8192.0,2479.200,909.200,0.350,0.185,99.350,0.105,0.0,0.010,1493101097.876,
0.655,0.360,98.675,0.300,0.0,0.010,71508787.200,4096.0,100752.400,66394118.600,0.0,0.0,3821.200,1532.0,0.600,0.200,1.200,2333556736.0,1441792.0,2752049152.0,1.63693146112e+11,0.0,0.0,71561216.0,4096.0,3820.200,1533.200,0.655,0.360,98.675,0.300,0.0,0.010,1493101102.876,
0.580,0.270,98.874,0.265,0.0,0.010,62654054.400,9011.200,110244.200,73579921.0,0.0,0.0,3914.200,1360.800,0.400,0.0,0.400,2289471488.0,1449984.0,3065634816.0,1.63423637504e+11,0.0,0.0,62627840.0,9011.200,3914.800,1360.600,0.585,0.270,98.864,0.270,0.0,0.010,1493101107.876,
0.640,0.300,98.800,0.250,0.0,0.010,65175552.0,7372.800,83807.200,65340748.200,0.0,0.0,3110.400,1377.0,0.200,0.200,0.0,2311892992.0,1466368.0,3391426560.0,1.63075407872e+11,0.0,0.0,65018265.600,7372.800,3109.600,1375.800,0.635,0.300,98.810,0.245,0.0,0.010,1493101112.876,
0.510,0.265,98.909,0.305,0.0,0.010,56410112.0,4915.200,101857.400,64505819.600,0.0,0.0,3615.200,1211.400,0.200,0.0,0.0,2282373120.0,1474560.0,3673714688.0,1.62822631424e+11,0.0,0.0,56410112.0,4915.200,3619.800,1210.600,0.510,0.265,98.909,0.305,0.0,0.010,1493101117.876,
0.590,0.295,98.804,0.305,0.0,0.005,64871628.800,10649.600,94850.600,63438797.200,0.0,0.0,3623.0,1382.0,0.600,0.200,0.400,2315055104.0,1490944.0,3998052352.0,1.62465595392e+11,0.0,0.0,64871628.800,10649.600,3617.800,1382.0,0.590,0.295,98.804,0.305,0.0,0.005,1493101122.876,
0.410,0.150,99.229,0.195,0.0,0.015,42307584.0,8192.0,81434.200,51634430.0,0.0,0.0,2846.600,1007.200,0.0,0.200,0.800,2267230208.0,1499136.0,4209623040.0,1.62301841408e+11,0.0,0.0,42307584.0,8192.0,2846.600,1007.200,0.410,0.150,99.229,0.195,0.0,0.015,1493101127.876,
0.610,0.290,98.755,0.320,0.0,0.025,67692134.400,7372.800,99045.400,67827116.400,0.0,0.0,3659.800,1444.0,0.400,0.600,0.0,2281263104.0,1507328.0,4547072000.0,1.6195035136e+11,0.0,0.0,67692134.400,7372.800,3660.200,1444.0,0.610,0.295,98.750,0.320,0.0,0.025,1493101132.876,
0.651,0.300,98.759,0.290,0.0,0.0,67692134.400,9830.400,115160.600,70892663.400,0.0,0.0,4122.200,1418.0,0.400,0.200,0.400,2287366144.0,1523712.0,4885770240.0,1.61605533696e+11,0.0,0.0,67692134.400,9830.400,4121.800,1418.0,0.651,0.295,98.764,0.290,0.0,0.0,1493101137.876,
0.766,0.290,98.483,0.441,0.0,0.020,82798182.400,10649.600,148750.800,88383987.800,0.0,0.0,5193.400,1736.800,0.0,0.200,0.200,2280538112.0,1531904.0,5301276672.0,1.61196847104e+11,0.0,0.0,82981683.200,10649.600,5195.200,1739.200,0.766,0.295,98.478,0.441,0.0,0.020,1493101142.876,
0.540,0.240,99.005,0.205,0.0,0.010,55413964.800,7372.800,88597.400,56937970.0,0.0,0.0,3331.400,1212.200,0.200,0.200,0.0,2291474432.0,1548288.0,5577342976.0,1.60909828096e+11,0.0,0.0,55230464.0,7372.800,3335.200,1210.200,0.540,0.240,99.005,0.205,0.0,0.010,1493101147.876,
0.635,0.280,98.764,0.295,0.0,0.025,69527142.400,8192.0,106523.0,67746111.200,0.0,0.0,3947.600,1475.600,0.600,0.200,0.400,2315882496.0,1556480.0,5924786176.0,1.6053796864e+11,0.0,0.0,69684428.800,8192.0,3946.200,1477.400,0.635,0.280,98.764,0.295,0.0,0.025,1493101152.876,
0.520,0.225,99.030,0.220,0.0,0.005,51754598.400,2457.600,95632.400,58371703.400,0.0,0.0,3183.0,1223.0,0.400,0.0,1.200,2295709696.0,1564672.0,6183395328.0,1.60299524096e+11,0.0,0.0,51597312.0,2457.600,3178.800,1220.800,0.520,0.220,99.034,0.220,0.0,0.005,1493101157.876,
0.420,0.150,99.224,0.200,0.0,0.005,42307584.0,9011.200,79257.400,47063383.400,0.0,0.0,2676.200,996.200,0.200,0.0,0.0,2274713600.0,1572864.0,6395564032.0,1.60108343296e+11,0.0,0.0,42307584.0,9011.200,2676.200,996.200,0.420,0.155,99.220,0.200,0.0,0.005,1493101162.876,
0.635,0.280,98.764,0.315,0.0,0.005,67692134.400,9011.200,118082.200,70782335.600,0.0,0.0,4129.0,1430.200,0.400,0.0,0.0,2275717120.0,1589248.0,6734028800.0,1.59768858624e+11,0.0,0.0,67692134.400,9011.200,4129.0,1430.200,0.635,0.275,98.769,0.315,0.0,0.005,1493101167.876,
0.751,0.310,98.513,0.416,0.0,0.010,81794662.400,11468.800,148037.400,85529582.0,0.0,0.0,5088.400,1710.400,0.200,0.600,0.400,2273542144.0,1605632.0,7142998016.0,1.59362048e+11,0.0,0.0,81794662.400,11468.800,5088.400,1710.400,0.751,0.310,98.513,0.416,0.0,0.010,1493101172.876,
0.525,0.205,98.999,0.265,0.0,0.005,56410112.0,4915.200,82493.400,54726853.200,0.0,0.0,2917.0,1235.0,0.800,0.200,0.0,2305761280.0,1613824.0,7425232896.0,1.59047585792e+11,0.0,0.0,56410112.0,4915.200,2919.200,1235.200,0.525,0.210,98.994,0.265,0.0,0.005,1493101177.876,
0.400,0.190,99.200,0.210,0.0,0.0,43723161.600,12288.0,64384.600,43107399.200,0.0,0.0,2300.600,1035.400,0.0,0.200,0.800,2313744384.0,1630208.0,7642148864.0,1.58822670336e+11,0.0,0.0,43854233.600,12288.0,2299.200,1037.0,0.400,0.190,99.200,0.210,0.0,0.0,1493101182.876,
0.675,0.305,98.729,0.275,0.0,0.015,69097062.400,0.0,114546.0,73820014.200,0.0,0.0,4101.0,1510.600,0.200,0.0,0.400,2315087872.0,1630208.0,7988445184.0,1.58475030528e+11,0.0,0.0,68965990.400,0.0,4100.600,1508.800,0.675,0.305,98.729,0.275,0.0,0.015,1493101187.876,
0.145,0.085,99.680,0.085,0.0,0.005,14102528.0,7372.800,32260.800,20084163.200,0.0,0.0,1177.0,496.800,0.0,0.0,0.0,2275336192.0,1646592.0,8059674624.0,1.58443536384e+11,0.0,0.0,14102528.0,7372.800,1176.400,496.800,0.145,0.085,99.680,0.085,0.0,0.005,1493101192.876,
0.010,0.010,99.970,0.010,0.0,0.0,0.0,5734.400,5508.0,7380.600,0.0,0.0,192.600,229.600,0.0,0.0,0.0,2275422208.0,1654784.0,8059674624.0,1.58443442176e+11,0.0,0.0,0.0,5734.400,192.600,229.600,0.010,0.010,99.970,0.010,0.0,0.0,1493101197.876,
