"Dstat 0.7.2 CSV output"
"Author:","Dag Wieers <dag@wieers.com>",,,,"URL:","http://dag.wieers.com/home-made/dstat/"
"Host:","osd1.skyhook16osds.skyhook-pg0.wisc.cloudlab.us",,,,"User:","jlefevre"
"Cmdline:","dstat -av --epoch --integer --noheaders --output dstat-osd1.log 5",,,,"Date:","24 Apr 2017 21:15:43 CDT"

"total cpu usage",,,,,,"dsk/total",,"net/total",,"paging",,"system",,"procs",,,"memory usage",,,,"paging",,"dsk/total",,"system",,"total cpu usage",,,,,,"epoch"
"usr","sys","idl","wai","hiq","siq","read","writ","recv","send","in","out","int","csw","run","blk","new","used","buff","cach","free","in","out","read","writ","int","csw","usr","sys","idl","wai","hiq","siq","epoch"
0.005,0.015,99.940,0.040,0.0,0.0,0.0,14745.600,5270.400,7590.600,0.0,0.0,242.400,262.600,0.0,0.0,0.400,2013196288.0,1269760.0,175693824.0,1.6659003392e+11,0.0,0.0,0.0,14745.600,242.400,262.600,0.010,0.015,99.935,0.040,0.0,0.0,1493090723.679,
0.080,0.190,99.485,0.240,0.0,0.005,47948595.200,7372.800,56151.800,48103804.0,0.0,0.0,2085.200,1157.800,0.200,0.0,0.400,2023952384.0,1277952.0,415440896.0,1.6633952256e+11,0.0,0.0,47948595.200,7372.800,2085.200,1157.800,0.075,0.190,99.490,0.240,0.0,0.005,1493090728.679,
0.090,0.280,99.435,0.190,0.0,0.005,67692134.400,16384.0,106912.0,70567376.800,0.0,0.0,3786.800,1574.200,0.0,0.0,0.0,2022711296.0,1294336.0,753905664.0,1.66002282496e+11,0.0,0.0,67692134.400,16384.0,3793.400,1574.200,0.090,0.280,99.435,0.190,0.0,0.005,1493090733.679,
0.045,0.165,99.695,0.095,0.0,0.0,39487078.400,4915.200,56635.600,35729195.600,0.0,0.0,2059.0,943.400,0.0,0.0,0.0,2048659456.0,1302528.0,950947840.0,1.65779283968e+11,0.0,0.0,39487078.400,4915.200,2052.600,943.600,0.045,0.165,99.695,0.095,0.0,0.0,1493090738.679,
0.075,0.220,99.625,0.075,0.0,0.005,45128089.600,13107.200,78113.0,55209407.800,0.0,0.0,2841.200,1114.0,0.0,0.0,0.800,2004344832.0,1318912.0,1176985600.0,1.65597544448e+11,0.0,0.0,45128089.600,13107.200,2841.200,1113.800,0.075,0.225,99.620,0.075,0.0,0.005,1493090743.679,
0.060,0.150,99.700,0.090,0.0,0.0,38082150.400,17203.200,49644.200,35814560.400,0.0,0.0,1765.0,952.600,0.0,0.200,0.400,2031353856.0,1335296.0,1366962176.0,1.65380542464e+11,0.0,0.0,38265651.200,17203.200,1766.0,955.0,0.060,0.145,99.705,0.090,0.0,0.0,1493090748.679,
0.060,0.130,99.730,0.080,0.0,0.0,26792755.200,12288.0,45089.0,32061553.600,0.0,0.0,1589.200,762.800,0.0,0.0,0.0,2006757376.0,1343488.0,1501360128.0,1.652707328e+11,0.0,0.0,26609254.400,12288.0,1588.0,760.400,0.060,0.130,99.730,0.080,0.0,0.0,1493090753.679,
0.045,0.105,99.810,0.035,0.0,0.005,25384550.400,5734.400,40918.200,26561597.0,0.0,0.0,1441.200,697.200,0.0,0.0,0.400,2005192704.0,1351680.0,1628295168.0,1.6514535424e+11,0.0,0.0,25384550.400,5734.400,1441.400,697.600,0.050,0.105,99.805,0.035,0.0,0.005,1493090758.679,
0.040,0.115,99.780,0.065,0.0,0.0,25384550.400,11468.800,43144.400,26551129.400,0.0,0.0,1679.200,735.800,0.200,0.0,0.400,2004971520.0,1368064.0,1755222016.0,1.65018632192e+11,0.0,0.0,25384550.400,11468.800,1679.0,735.400,0.040,0.115,99.780,0.065,0.0,0.0,1493090763.679,
0.065,0.180,99.650,0.095,0.0,0.010,45128089.600,9830.400,63341.200,44378410.600,0.0,0.0,2357.800,1090.800,0.0,0.0,0.400,2024136704.0,1376256.0,1980624896.0,1.64774055936e+11,0.0,0.0,45128089.600,9830.400,2361.0,1090.800,0.060,0.180,99.655,0.095,0.0,0.010,1493090768.679,
0.040,0.100,99.835,0.025,0.0,0.0,19743539.200,14745.600,34708.800,20740474.800,0.0,0.0,1287.800,628.0,0.200,0.0,0.0,2025226240.0,1392640.0,2079977472.0,1.6467359744e+11,0.0,0.0,19743539.200,14745.600,1284.600,628.0,0.040,0.105,99.830,0.025,0.0,0.0,1493090773.679,
0.045,0.125,99.780,0.050,0.0,0.0,25384550.400,12288.0,42552.600,29325412.0,0.0,0.0,1614.0,720.0,0.0,0.0,0.400,2010198016.0,1409024.0,2206507008.0,1.64562079744e+11,0.0,0.0,25384550.400,12288.0,1614.0,720.0,0.045,0.120,99.785,0.050,0.0,0.0,1493090778.679,
0.060,0.155,99.685,0.100,0.0,0.0,36666572.800,10649.600,62686.600,38371195.600,0.0,0.0,2134.600,921.200,0.0,0.200,0.400,2010390528.0,1417216.0,2388979712.0,1.64379406336e+11,0.0,0.0,36666572.800,10649.600,2134.600,921.200,0.060,0.155,99.685,0.100,0.0,0.0,1493090783.679,
0.045,0.115,99.795,0.040,0.0,0.005,28205056.0,14745.600,38757.400,26872638.0,0.0,0.0,1446.600,744.600,0.0,0.0,0.0,2026164224.0,1433600.0,2530234368.0,1.642223616e+11,0.0,0.0,28205056.0,14745.600,1446.600,744.600,0.045,0.120,99.790,0.040,0.0,0.005,1493090788.679,
0.050,0.145,99.725,0.075,0.0,0.005,33846067.200,8192.0,57174.400,36019829.400,0.0,0.0,2010.0,835.200,0.0,0.0,0.400,2026180608.0,1441792.0,2699063296.0,1.64053508096e+11,0.0,0.0,33846067.200,8192.0,2011.400,835.200,0.050,0.140,99.730,0.075,0.0,0.005,1493090793.679,
0.080,0.230,99.580,0.105,0.0,0.005,53589606.400,15564.800,81140.0,58108073.200,0.0,0.0,2932.0,1218.800,0.0,0.200,0.400,2010165248.0,1458176.0,2967957504.0,1.63800612864e+11,0.0,0.0,53589606.400,15564.800,2930.600,1218.800,0.080,0.230,99.580,0.105,0.0,0.005,1493090798.679,
0.045,0.130,99.765,0.055,0.0,0.005,28205056.0,10649.600,42178.0,27934449.400,0.0,0.0,1625.200,837.400,0.0,0.0,0.400,2028208128.0,1474560.0,3108753408.0,1.63641757696e+11,0.0,0.0,28205056.0,10649.600,1632.200,837.600,0.045,0.130,99.765,0.055,0.0,0.005,1493090803.679,
0.045,0.100,99.780,0.075,0.0,0.0,28205056.0,16384.0,51228.200,30365872.200,0.0,0.0,1847.800,744.400,0.200,0.200,0.0,2015043584.0,1490944.0,3250110464.0,1.635135488e+11,0.0,0.0,28205056.0,16384.0,1843.600,744.200,0.045,0.105,99.775,0.075,0.0,0.0,1493090808.679,
0.055,0.180,99.635,0.125,0.0,0.005,42307584.0,4915.200,64505.800,44965686.400,0.0,0.0,2421.0,1013.400,0.0,0.0,0.0,2009198592.0,1499136.0,3460947968.0,1.63308548096e+11,0.0,0.0,42307584.0,4915.200,2418.200,1013.400,0.055,0.175,99.640,0.125,0.0,0.005,1493090813.679,
0.050,0.145,99.700,0.105,0.0,0.0,33846067.200,14745.600,43557.600,31784420.800,0.0,0.0,1712.200,861.600,0.0,0.200,0.800,2041413632.0,1515520.0,3629862912.0,1.63107401728e+11,0.0,0.0,33846067.200,14745.600,1712.200,861.600,0.050,0.150,99.695,0.105,0.0,0.0,1493090818.679,
0.070,0.255,99.535,0.130,0.0,0.010,59256012.800,8192.0,93377.600,65587963.400,0.0,0.0,3305.0,1347.800,0.400,0.0,0.200,2010587136.0,1523712.0,3927162880.0,1.62840920064e+11,0.0,0.0,59256012.800,8192.0,3305.0,1347.800,0.070,0.250,99.540,0.130,0.0,0.010,1493090823.679,
0.070,0.180,99.615,0.130,0.0,0.005,45128089.600,6553.600,67379.200,46317898.0,0.0,0.0,2309.400,1044.800,0.0,0.0,0.400,2028630016.0,1531904.0,4151652352.0,1.6259837952e+11,0.0,0.0,45128089.600,6553.600,2312.600,1045.200,0.070,0.180,99.615,0.130,0.0,0.005,1493090828.679,
0.080,0.235,99.495,0.180,0.0,0.010,53589606.400,14745.600,77293.400,57037091.200,0.0,0.0,2801.400,1238.0,0.0,0.0,0.0,2010873856.0,1548288.0,4420759552.0,1.62347012096e+11,0.0,0.0,53589606.400,14745.600,2798.200,1237.600,0.080,0.235,99.495,0.180,0.0,0.010,1493090833.679,
0.060,0.195,99.615,0.125,0.0,0.005,47948595.200,11468.800,71142.800,48034237.400,0.0,0.0,2622.600,1119.600,0.200,0.0,0.400,2030157824.0,1564672.0,4659220480.0,1.62089250816e+11,0.0,0.0,47948595.200,11468.800,2622.600,1119.600,0.060,0.195,99.615,0.125,0.0,0.005,1493090838.679,
0.035,0.065,99.865,0.035,0.0,0.0,14102528.0,10649.600,27214.0,14821445.200,0.0,0.0,800.600,602.800,0.0,0.0,0.400,2028691456.0,1572864.0,4731023360.0,1.62018906112e+11,0.0,0.0,14102528.0,10649.600,800.600,602.800,0.035,0.065,99.865,0.035,0.0,0.0,1493090843.679,
0.045,0.045,99.880,0.030,0.0,0.0,13588889.600,13107.200,21822.200,13875672.400,0.0,0.0,675.600,481.400,0.400,0.0,0.400,2024513536.0,1589248.0,4799758336.0,1.61954332672e+11,0.0,0.0,13772390.400,13107.200,676.800,484.0,0.045,0.045,99.880,0.030,0.0,0.0,1493090848.679,
0.035,0.090,99.805,0.070,0.0,0.0,20257177.600,10649.600,33687.600,23602841.400,0.0,0.0,979.0,610.200,0.0,0.0,0.0,2012827648.0,1605632.0,4900253696.0,1.61865506816e+11,0.0,0.0,20073676.800,10649.600,977.800,607.600,0.040,0.090,99.800,0.070,0.0,0.0,1493090853.679,
0.040,0.130,99.760,0.070,0.0,0.0,28205056.0,6553.600,50168.0,29526998.400,0.0,0.0,1296.800,771.800,0.0,0.200,0.400,2013208576.0,1613824.0,5041287168.0,1.61724084224e+11,0.0,0.0,28205056.0,6553.600,1296.800,771.800,0.040,0.130,99.760,0.070,0.0,0.0,1493090858.679,
0.050,0.200,99.600,0.150,0.0,0.0,48981606.400,12288.0,72185.800,47247085.800,0.0,0.0,1902.600,1162.600,0.0,0.600,0.0,2032693248.0,1630208.0,5286551552.0,1.61459318784e+11,0.0,0.0,49206886.400,12288.0,1903.800,1164.600,0.045,0.200,99.605,0.150,0.0,0.0,1493090863.679,
0.050,0.110,99.780,0.060,0.0,0.0,23916544.0,12288.0,39791.800,26545720.400,0.0,0.0,1116.600,683.600,0.200,0.200,0.800,2025996288.0,1646592.0,5406175232.0,1.6134637568e+11,0.0,0.0,23953408.0,12288.0,1117.0,684.800,0.050,0.110,99.775,0.065,0.0,0.0,1493090868.679,
0.045,0.110,99.785,0.055,0.0,0.005,20178534.400,11468.800,38549.400,23628137.600,0.0,0.0,1134.400,593.400,0.0,0.0,0.0,2015330304.0,1654784.0,5506678784.0,1.6125652992e+11,0.0,0.0,19916390.400,11468.800,1132.800,590.200,0.050,0.110,99.785,0.050,0.0,0.005,1493090873.679,
0.015,0.015,99.965,0.005,0.0,0.0,0.0,11468.800,6192.200,8687.200,0.0,0.0,226.600,268.200,0.0,0.0,0.400,2014797824.0,1671168.0,5506678784.0,1.61257046016e+11,0.0,0.0,0.0,11468.800,226.600,268.200,0.010,0.015,99.970,0.005,0.0,0.0,1493090878.679,
0.015,0.025,99.940,0.020,0.0,0.0,0.0,8192.0,4830.800,7073.0,0.0,0.0,218.800,260.400,0.0,0.0,0.200,2018992128.0,1687552.0,5506678784.0,1.61252835328e+11,0.0,0.0,0.0,8192.0,218.800,260.400,0.015,0.025,99.940,0.020,0.0,0.0,1493090883.679,
