"Dstat 0.7.2 CSV output"
"Author:","Dag Wieers <dag@wieers.com>",,,,"URL:","http://dag.wieers.com/home-made/dstat/"
"Host:","osd0.skyhook16osds.skyhook-pg0.wisc.cloudlab.us",,,,"User:","jlefevre"
"Cmdline:","dstat -av --epoch --integer --noheaders --output dstat-osd0.log 5",,,,"Date:","24 Apr 2017 21:15:42 CDT"

"total cpu usage",,,,,,"dsk/total",,"net/total",,"paging",,"system",,"procs",,,"memory usage",,,,"paging",,"dsk/total",,"system",,"total cpu usage",,,,,,"epoch"
"usr","sys","idl","wai","hiq","siq","read","writ","recv","send","in","out","int","csw","run","blk","new","used","buff","cach","free","in","out","read","writ","int","csw","usr","sys","idl","wai","hiq","siq","epoch"
0.015,0.015,99.970,0.0,0.0,0.0,0.0,4915.200,5412.400,7372.800,0.0,0.0,198.400,228.800,0.0,0.0,0.0,2276929536.0,1830912.0,8007081984.0,1.5849435136e+11,0.0,0.0,0.0,4915.200,198.400,228.800,0.015,0.020,99.965,0.0,0.0,0.0,1493089952.876,
0.060,0.110,99.820,0.005,0.0,0.005,0.0,10649.600,40858.400,23043893.200,0.0,0.0,933.800,338.800,0.0,0.0,0.0,2359943168.0,1847296.0,8007077888.0,1.5841132544e+11,0.0,0.0,0.0,10649.600,937.200,338.800,0.060,0.110,99.820,0.005,0.0,0.005,1493089957.876,
0.075,0.165,99.745,0.015,0.0,0.0,0.0,4915.200,87532.800,58362566.200,0.0,0.0,2091.0,475.400,0.0,0.0,0.800,2308919296.0,1855488.0,8007077888.0,1.5846234112e+11,0.0,0.0,0.0,4915.200,2091.0,475.600,0.075,0.160,99.750,0.015,0.0,0.0,1493089962.876,
0.095,0.180,99.720,0.0,0.0,0.005,0.0,2457.600,81504.0,54954790.800,0.0,0.0,2520.200,471.400,0.0,0.0,0.0,2366529536.0,1863680.0,8007094272.0,1.58404706304e+11,0.0,0.0,0.0,2457.600,2519.600,471.200,0.095,0.185,99.715,0.0,0.0,0.005,1493089967.876,
0.065,0.140,99.785,0.005,0.0,0.005,0.0,11468.800,85254.400,58398935.200,0.0,0.0,2566.200,416.0,0.0,0.0,0.400,2280914944.0,1871872.0,8007094272.0,1.58490312704e+11,0.0,0.0,0.0,11468.800,2563.600,416.0,0.065,0.140,99.785,0.005,0.0,0.005,1493089972.876,
0.085,0.220,99.690,0.0,0.0,0.005,0.0,11468.800,102537.0,72517901.800,0.0,0.0,2693.600,493.800,0.0,0.0,0.0,2322391040.0,1888256.0,8007098368.0,1.58448816128e+11,0.0,0.0,0.0,11468.800,2695.400,494.200,0.085,0.215,99.695,0.0,0.0,0.005,1493089977.876,
0.080,0.200,99.715,0.0,0.0,0.005,0.0,10649.600,95048.0,63494000.200,0.0,0.0,2067.600,537.0,0.0,0.0,1.0,2327826432.0,1904640.0,8007102464.0,1.58443360256e+11,0.0,0.0,0.0,10649.600,2065.800,536.600,0.080,0.205,99.710,0.0,0.0,0.005,1493089982.876,
0.070,0.125,99.805,0.0,0.0,0.0,0.0,4915.200,92250.800,58751283.400,0.0,0.0,1942.400,398.600,0.0,0.0,0.0,2290679808.0,1912832.0,8007106560.0,1.58480494592e+11,0.0,0.0,0.0,4915.200,1942.400,398.600,0.070,0.125,99.805,0.0,0.0,0.0,1493089987.876,
0.060,0.105,99.825,0.010,0.0,0.0,0.0,10649.600,53307.600,38360989.200,0.0,0.0,1169.0,356.400,0.0,0.0,0.0,2279120896.0,1929216.0,8007106560.0,1.5849203712e+11,0.0,0.0,0.0,10649.600,1169.0,356.400,0.060,0.105,99.825,0.010,0.0,0.0,1493089992.876,
0.090,0.170,99.730,0.0,0.0,0.010,0.0,8192.0,103434.800,63676320.800,0.0,0.0,2117.600,438.600,0.0,0.0,0.400,2301054976.0,1937408.0,8007106560.0,1.58470094848e+11,0.0,0.0,0.0,8192.0,2120.0,438.600,0.090,0.165,99.735,0.0,0.0,0.010,1493089997.876,
0.080,0.200,99.710,0.005,0.0,0.005,0.0,10649.600,99347.200,72094587.400,0.0,0.0,2129.0,487.0,0.0,0.0,0.800,2298413056.0,1953792.0,8007114752.0,1.58472712192e+11,0.0,0.0,0.0,10649.600,2126.600,487.0,0.080,0.200,99.710,0.005,0.0,0.005,1493090002.876,
0.065,0.145,99.790,0.0,0.0,0.0,0.0,6553.600,84287.0,50641860.400,0.0,0.0,1725.600,376.800,0.0,0.0,0.0,2317656064.0,1961984.0,8007114752.0,1.58453460992e+11,0.0,0.0,0.0,6553.600,1729.400,377.0,0.065,0.150,99.785,0.0,0.0,0.0,1493090007.876,
0.075,0.180,99.745,0.0,0.0,0.0,0.0,7372.800,114319.600,70363829.0,0.0,0.0,2284.200,427.800,0.0,0.0,0.0,2278596608.0,1970176.0,8007118848.0,1.5849250816e+11,0.0,0.0,0.0,7372.800,2280.400,427.600,0.075,0.175,99.750,0.0,0.0,0.0,1493090012.876,
0.095,0.225,99.665,0.010,0.0,0.005,0.0,13107.200,119284.600,79051986.200,0.0,0.0,2459.800,514.400,0.0,0.0,0.400,2310348800.0,1986560.0,8007114752.0,1.5846074368e+11,0.0,0.0,0.0,13107.200,2461.800,514.400,0.095,0.225,99.665,0.010,0.0,0.005,1493090017.876,
0.065,0.140,99.785,0.010,0.0,0.0,0.0,8192.0,83012.600,50368351.600,0.0,0.0,1722.800,404.200,0.200,0.0,0.800,2280165376.0,1994752.0,8007122944.0,1.5849091072e+11,0.0,0.0,0.0,8192.0,1724.0,404.200,0.065,0.145,99.780,0.010,0.0,0.0,1493090022.876,
0.080,0.200,99.700,0.010,0.0,0.010,0.0,10649.600,104375.400,74173753.200,0.0,0.0,2069.600,438.800,0.200,0.0,0.0,2278400000.0,2011136.0,8007127040.0,1.58492655616e+11,0.0,0.0,0.0,10649.600,2066.600,438.800,0.080,0.195,99.705,0.010,0.0,0.010,1493090027.876,
0.055,0.120,99.825,0.0,0.0,0.0,0.0,4915.200,69031.600,43931853.400,0.0,0.0,1445.200,356.800,0.0,0.0,0.0,2280144896.0,2019328.0,8007127040.0,1.58490902528e+11,0.0,0.0,0.0,4915.200,1447.0,356.800,0.055,0.120,99.825,0.0,0.0,0.0,1493090032.876,
0.095,0.265,99.620,0.015,0.0,0.005,0.0,10649.600,112594.200,73912720.0,0.0,0.0,2363.600,541.800,0.200,0.0,0.400,2370502656.0,2035712.0,8007131136.0,1.58400524288e+11,0.0,0.0,0.0,10649.600,2361.600,541.800,0.095,0.265,99.620,0.015,0.0,0.005,1493090037.876,
0.070,0.185,99.740,0.005,0.0,0.0,0.0,9830.400,103380.400,73992091.200,0.0,0.0,2656.400,460.800,0.0,0.0,0.400,2291949568.0,2043904.0,8007131136.0,1.58479069184e+11,0.0,0.0,0.0,9830.400,2656.400,460.800,0.070,0.190,99.735,0.005,0.0,0.0,1493090042.876,
0.075,0.150,99.775,0.0,0.0,0.0,0.0,11468.800,83943.800,56043726.0,0.0,0.0,2527.800,388.200,0.0,0.0,0.400,2283827200.0,2060288.0,8007135232.0,1.58487171072e+11,0.0,0.0,0.0,11468.800,2527.800,388.200,0.075,0.150,99.775,0.0,0.0,0.0,1493090047.876,
0.060,0.160,99.770,0.005,0.0,0.005,0.0,4915.200,74124.0,54078426.0,0.0,0.0,2241.0,396.200,0.0,0.0,0.0,2301489152.0,2068480.0,8007139328.0,1.58469496832e+11,0.0,0.0,0.0,4915.200,2249.200,396.200,0.065,0.155,99.770,0.005,0.0,0.005,1493090052.876,
0.080,0.135,99.770,0.010,0.0,0.005,60620.800,8192.0,65227.0,49224422.200,0.0,0.0,2000.0,437.400,0.0,0.0,0.800,2276794368.0,2076672.0,8007442432.0,1.5849388032e+11,0.0,0.0,60620.800,8192.0,1991.800,437.400,0.075,0.135,99.775,0.010,0.0,0.005,1493090057.876,
0.065,0.125,99.805,0.0,0.0,0.005,0.0,7372.800,60298.600,44258426.0,0.0,0.0,1869.200,428.400,0.200,0.0,0.400,2285637632.0,2093056.0,8007458816.0,1.58485004288e+11,0.0,0.0,0.0,7372.800,1869.200,428.400,0.065,0.125,99.805,0.0,0.0,0.005,1493090062.876,
0.080,0.195,99.710,0.015,0.0,0.0,0.0,9830.400,87694.800,70779727.0,0.0,0.0,2803.200,501.400,0.0,0.0,0.0,2279968768.0,2101248.0,8007450624.0,1.58490673152e+11,0.0,0.0,0.0,9830.400,2803.800,501.800,0.080,0.195,99.710,0.015,0.0,0.0,1493090067.876,
0.090,0.240,99.660,0.0,0.0,0.010,0.0,7372.800,96731.600,76862498.400,0.0,0.0,2835.400,482.0,0.400,0.0,0.400,2306572288.0,2117632.0,8007458816.0,1.58464045056e+11,0.0,0.0,0.0,7372.800,2834.800,481.600,0.090,0.245,99.655,0.0,0.0,0.010,1493090072.876,
0.060,0.150,99.785,0.005,0.0,0.0,0.0,8192.0,69114.400,44287166.800,0.0,0.0,2034.0,408.800,0.0,0.0,0.0,2293788672.0,2125824.0,8007450624.0,1.58476828672e+11,0.0,0.0,0.0,8192.0,2045.0,408.800,0.060,0.145,99.790,0.005,0.0,0.0,1493090077.876,
0.080,0.135,99.785,0.0,0.0,0.0,0.0,12288.0,62034.0,47568847.200,0.0,0.0,1903.800,449.600,0.200,0.0,0.800,2296025088.0,2142208.0,8007458816.0,1.5847456768e+11,0.0,0.0,0.0,12288.0,1892.800,449.600,0.080,0.140,99.780,0.0,0.0,0.0,1493090082.876,
0.090,0.170,99.725,0.015,0.0,0.0,0.0,14745.600,75963.0,55507303.800,0.0,0.0,2172.200,446.200,0.0,0.0,0.400,2288680960.0,2158592.0,8007462912.0,1.58481891328e+11,0.0,0.0,0.0,14745.600,2172.600,446.600,0.090,0.165,99.730,0.015,0.0,0.0,1493090087.876,
0.060,0.130,99.810,0.0,0.0,0.0,0.0,0.0,71578.200,50056475.400,0.0,0.0,1718.400,421.200,0.0,0.0,0.0,2279227392.0,2158592.0,8007471104.0,1.58491336704e+11,0.0,0.0,0.0,0.0,1726.0,421.200,0.060,0.130,99.810,0.0,0.0,0.0,1493090092.876,
0.035,0.030,99.925,0.010,0.0,0.0,0.0,10649.600,9904.600,3050303.600,0.0,0.0,340.600,309.200,0.0,0.0,1.200,2278612992.0,2174976.0,8007471104.0,1.5849193472e+11,0.0,0.0,0.0,10649.600,332.400,308.800,0.035,0.030,99.925,0.010,0.0,0.0,1493090097.876,
0.025,0.015,99.960,0.0,0.0,0.0,0.0,4915.200,6612.200,9757.200,0.0,0.0,256.600,309.400,0.0,0.0,0.800,2278998016.0,2183168.0,8007479296.0,1.58491533312e+11,0.0,0.0,0.0,4915.200,256.600,309.400,0.025,0.020,99.955,0.0,0.0,0.0,1493090102.876,
