"Dstat 0.7.2 CSV output"
"Author:","Dag Wieers <dag@wieers.com>",,,,"URL:","http://dag.wieers.com/home-made/dstat/"
"Host:","client0.skyhook16osds.skyhook-pg0.wisc.cloudlab.us",,,,"User:","jlefevre"
"Cmdline:","dstat -av --epoch --integer --noheaders --output dstat-client0.log 5",,,,"Date:","24 Apr 2017 21:15:41 CDT"

"total cpu usage",,,,,,"dsk/total",,"net/total",,"paging",,"system",,"procs",,,"memory usage",,,,"paging",,"dsk/total",,"system",,"total cpu usage",,,,,,"epoch"
"usr","sys","idl","wai","hiq","siq","read","writ","recv","send","in","out","int","csw","run","blk","new","used","buff","cach","free","in","out","read","writ","int","csw","usr","sys","idl","wai","hiq","siq","epoch"
0.045,0.025,99.895,0.035,0.0,0.0,0.0,11468.800,58961.800,4195.0,0.0,0.0,505.0,6497.200,0.0,0.0,0.0,5033570304.0,251949056.0,1.61731244032e+11,1763430400.0,0.0,0.0,0.0,11468.800,505.600,6497.800,0.050,0.025,99.895,0.030,0.0,0.0,1493099066.510,
9.456,2.965,87.190,0.101,0.0,0.288,0.0,174489.600,922678835.400,1474227.800,0.0,0.0,30750.200,151799.600,5.400,0.0,5.0,5337645056.0,251961344.0,1.61731465216e+11,1459122176.0,0.0,0.0,0.0,174489.600,30768.600,151864.400,9.466,2.965,87.180,0.101,0.0,0.288,1493099071.510,
12.415,3.802,83.386,0.153,0.0,0.244,0.0,228556.800,1210055572.800,1905135.0,0.0,0.0,48588.600,215030.0,6.400,0.0,6.800,5365624832.0,251961344.0,1.61731866624e+11,1430740992.0,0.0,0.0,0.0,228556.800,48592.200,214985.400,12.418,3.805,83.380,0.153,0.0,0.244,1493099076.510,
12.860,3.827,82.982,0.148,0.0,0.183,0.0,178585.600,1227032188.0,1965221.400,0.0,0.0,39956.400,238239.600,6.0,0.200,0.400,5360054272.0,251969536.0,1.61732165632e+11,1436004352.0,0.0,0.0,0.0,178585.600,39943.400,238233.600,12.847,3.825,82.996,0.148,0.0,0.184,1493099081.509,
11.925,3.850,83.783,0.203,0.0,0.239,0.0,224460.800,1159571459.0,1795345.400,0.0,0.0,34302.0,190747.0,6.800,0.0,0.0,5342384128.0,251969536.0,1.6173254656e+11,1453293568.0,0.0,0.0,0.0,224460.800,34306.0,190749.0,11.926,3.848,83.779,0.203,0.0,0.244,1493099086.510,
12.234,3.600,83.464,0.157,0.0,0.545,0.0,226918.400,1196210593.0,1876338.0,0.0,0.0,34663.400,159484.0,5.400,0.0,0.400,5354565632.0,251981824.0,1.6173283328e+11,1440813056.0,0.0,0.0,0.0,226918.400,34668.200,159561.600,12.233,3.605,83.465,0.157,0.0,0.540,1493099091.510,
12.081,3.788,83.765,0.117,0.0,0.249,0.0,187596.800,1199526389.0,1899067.600,0.0,0.0,36982.400,194524.600,5.800,0.200,1.200,5322203136.0,251981824.0,1.6173320192e+11,1472806912.0,0.0,0.0,0.0,187596.800,36977.800,194575.200,12.081,3.785,83.768,0.117,0.0,0.249,1493099096.509,
11.294,4.152,84.224,0.198,0.0,0.132,0.0,237568.0,1116222336.0,1693160.400,0.0,0.0,33651.600,144872.200,6.0,0.0,0.800,5367238656.0,251998208.0,1.61733586944e+11,1427369984.0,0.0,0.0,0.0,237568.0,33654.200,144772.400,11.301,4.151,84.219,0.198,0.0,0.132,1493099101.510,
10.557,3.998,84.894,0.167,0.0,0.384,0.0,198246.400,1072040323.200,1547122.0,0.0,0.0,29655.0,104799.0,7.0,0.200,0.0,5359030272.0,252010496.0,1.6173387776e+11,1435275264.0,0.0,0.0,0.0,198246.400,29656.800,104768.200,10.556,4.002,84.891,0.167,0.0,0.384,1493099106.510,
10.381,4.202,84.967,0.162,0.0,0.288,0.0,210534.400,1047853838.800,1451474.800,0.0,0.0,29598.0,85936.200,4.600,0.0,0.0,5394907136.0,252010496.0,1.61734209536e+11,1399066624.0,0.0,0.0,0.0,210534.400,29586.0,85924.600,10.377,4.197,84.975,0.162,0.0,0.288,1493099111.510,
10.674,4.120,84.735,0.132,0.0,0.339,0.0,225280.0,1065488661.200,1559472.0,0.0,0.0,31669.400,111803.200,6.200,0.0,0.400,5351800832.0,252018688.0,1.61734569984e+11,1441804288.0,0.0,0.0,0.0,225280.0,31666.0,111802.0,10.675,4.120,84.735,0.132,0.0,0.339,1493099116.510,
10.280,4.202,85.022,0.157,0.0,0.339,0.0,207257.600,1020256556.400,1435022.600,0.0,0.0,29969.400,88847.400,4.200,0.200,0.0,5346070528.0,252018688.0,1.61734852608e+11,1447251968.0,0.0,0.0,0.0,207257.600,29977.600,88869.400,10.285,4.207,85.012,0.157,0.0,0.339,1493099121.510,
10.287,4.146,85.096,0.162,0.0,0.309,0.0,200704.0,1036809339.600,1457697.200,0.0,0.0,28778.200,84815.200,5.0,0.0,0.400,5403463680.0,252030976.0,1.61735196672e+11,1389502464.0,0.0,0.0,0.0,200704.0,28773.400,84795.400,10.278,4.152,85.099,0.162,0.0,0.309,1493099126.510,
10.338,4.118,84.948,0.182,0.0,0.414,0.0,220364.800,1040291527.400,1438191.600,0.0,0.0,29008.0,104770.800,5.600,0.0,0.0,5358018560.0,252030976.0,1.61735520256e+11,1434624000.0,0.0,0.0,0.0,220364.800,29016.0,104777.400,10.340,4.112,84.952,0.182,0.0,0.414,1493099131.510,
10.398,4.005,85.238,0.040,0.0,0.318,0.0,181862.400,1056571790.0,1479483.400,0.0,0.0,29252.400,83185.0,6.800,0.200,0.400,5376847872.0,252039168.0,1.61735856128e+11,1415450624.0,0.0,0.0,0.0,181862.400,29251.600,83183.200,10.409,4.0,85.232,0.040,0.0,0.318,1493099136.510,
10.281,4.167,84.763,0.465,0.0,0.324,0.0,6374195.200,1049596108.600,1485839.0,0.0,0.0,28862.800,81615.200,7.200,0.200,0.0,5342703616.0,252051456.0,1.61733476352e+11,1451962368.0,0.0,0.0,0.0,6374195.200,28861.400,81612.200,10.277,4.168,84.766,0.465,0.0,0.324,1493099141.510,
10.698,4.214,84.647,0.172,0.0,0.268,0.0,215449.600,1077644568.200,1550572.800,0.0,0.0,31182.200,124371.800,6.0,0.0,0.0,5353857024.0,252051456.0,1.6173375488e+11,1440530432.0,0.0,0.0,0.0,215449.600,31185.600,124380.600,10.701,4.214,84.644,0.172,0.0,0.268,1493099146.510,
10.868,4.007,84.744,0.122,0.0,0.259,0.0,180224.0,1091302464.800,1643395.200,0.0,0.0,33515.800,132000.400,5.600,0.200,0.400,5344284672.0,252059648.0,1.6173410304e+11,1449746432.0,0.0,0.0,0.0,180224.0,33516.200,132138.400,10.863,4.012,84.744,0.122,0.0,0.259,1493099151.510,
10.926,4.091,84.183,0.425,0.0,0.375,0.0,3788800.0,1073591132.400,1552184.400,0.0,0.0,31412.800,120172.800,6.0,0.0,0.400,5337288704.0,252076032.0,1.61730052096e+11,1460776960.0,0.0,0.0,0.0,3788800.0,31406.600,120037.800,10.929,4.092,84.179,0.425,0.0,0.375,1493099156.510,
10.043,4.128,85.263,0.182,0.0,0.384,0.0,196608.0,1030796271.400,1433802.600,0.0,0.0,29820.800,78675.0,6.600,0.200,0.200,5335285760.0,252088320.0,1.61730322432e+11,1462497280.0,0.0,0.0,0.0,196608.0,29818.200,78658.600,10.046,4.122,85.266,0.182,0.0,0.384,1493099161.510,
10.454,3.916,85.119,0.177,0.0,0.334,0.0,205619.200,1068131832.200,1531877.200,0.0,0.0,28952.0,93723.800,5.400,0.0,0.0,5340872704.0,252088320.0,1.61730674688e+11,1456558080.0,0.0,0.0,0.0,205619.200,28952.600,93766.0,10.443,3.921,85.124,0.177,0.0,0.334,1493099166.510,
9.984,4.216,85.228,0.177,0.0,0.394,0.0,231014.400,1058267604.800,1549129.200,0.0,0.0,30277.200,108215.200,4.0,0.0,0.800,5347704832.0,252096512.0,1.61731067904e+11,1449324544.0,0.0,0.0,0.0,231014.400,30275.0,108174.800,9.984,4.213,85.232,0.177,0.0,0.394,1493099171.510,
8.851,4.095,86.433,0.126,0.0,0.494,0.0,222003.200,1003559425.600,1395783.800,0.0,0.0,27700.0,50321.600,5.800,0.200,0.0,5349527552.0,252104704.0,1.61731346432e+11,1447215104.0,0.0,0.0,0.0,222003.200,27701.200,50319.600,8.848,4.099,86.433,0.126,0.0,0.494,1493099176.510,
9.063,4.282,86.050,0.136,0.0,0.470,0.0,217088.0,981213110.800,1338484.800,0.0,0.0,29113.0,48649.800,5.0,0.0,0.800,5321994240.0,252108800.0,1.61731682304e+11,1474408448.0,0.0,0.0,0.0,217088.0,29116.0,48652.0,9.072,4.276,86.047,0.136,0.0,0.469,1493099181.510,
9.534,4.130,85.626,0.161,0.0,0.549,0.0,219545.600,1003636213.400,1350533.600,0.0,0.0,26635.600,73576.600,6.400,0.0,0.0,5340835840.0,252116992.0,1.617319936e+11,1455247360.0,0.0,0.0,0.0,219545.600,26638.400,73633.200,9.535,4.135,85.619,0.161,0.0,0.549,1493099186.510,
9.641,4.176,85.584,0.126,0.0,0.473,0.0,179404.800,1013393553.0,1387187.800,0.0,0.0,27352.200,61260.800,5.400,0.400,0.800,5320712192.0,252116992.0,1.61732313088e+11,1475051520.0,0.0,0.0,0.0,179404.800,27362.0,61335.400,9.638,4.169,85.593,0.126,0.0,0.473,1493099191.510,
9.955,4.372,85.323,0.137,0.0,0.213,0.0,227737.600,1028043348.200,1485761.0,0.0,0.0,28037.600,85108.0,5.400,0.0,0.400,5369188352.0,252125184.0,1.61732653056e+11,1426227200.0,0.0,0.0,0.0,227737.600,28021.800,84974.800,9.952,4.383,85.315,0.137,0.0,0.213,1493099196.510,
9.650,4.291,85.679,0.167,0.0,0.213,0.0,225280.0,1011377223.400,1420762.200,0.0,0.0,27599.400,57296.600,6.800,0.0,0.200,5307375616.0,252141568.0,1.61732972544e+11,1487704064.0,0.0,0.0,0.0,225280.0,27605.600,57359.400,9.661,4.286,85.673,0.167,0.0,0.213,1493099201.509,
3.704,2.384,93.511,0.050,0.0,0.351,0.0,188416.0,408346079.0,372250.200,0.0,0.0,8368.0,16765.800,2.0,0.400,0.800,5404295168.0,252149760.0,1.61733275648e+11,1390473216.0,0.0,0.0,0.0,188416.0,8357.400,16702.0,3.690,2.380,93.529,0.050,0.0,0.351,1493099206.509,
1.952,1.992,95.864,0.065,0.0,0.125,0.0,117145.600,219031651.800,56548.0,0.0,0.0,4102.0,8091.200,1.400,0.0,0.400,5404504064.0,252162048.0,1.61733357568e+11,1390170112.0,0.0,0.0,0.0,117145.600,4100.0,8091.200,1.952,1.992,95.866,0.065,0.0,0.125,1493099211.510,
