"Dstat 0.7.2 CSV output"
"Author:","Dag Wieers <dag@wieers.com>",,,,"URL:","http://dag.wieers.com/home-made/dstat/"
"Host:","osd0.skyhook16osds.skyhook-pg0.wisc.cloudlab.us",,,,"User:","jlefevre"
"Cmdline:","dstat -av --epoch --integer --noheaders --output dstat-osd0.log 5",,,,"Date:","24 Apr 2017 21:15:42 CDT"

"total cpu usage",,,,,,"dsk/total",,"net/total",,"paging",,"system",,"procs",,,"memory usage",,,,"paging",,"dsk/total",,"system",,"total cpu usage",,,,,,"epoch"
"usr","sys","idl","wai","hiq","siq","read","writ","recv","send","in","out","int","csw","run","blk","new","used","buff","cach","free","in","out","read","writ","int","csw","usr","sys","idl","wai","hiq","siq","epoch"
0.025,0.025,99.940,0.010,0.0,0.0,0.0,12288.0,5106.400,7794.800,0.0,0.0,242.800,286.600,0.0,0.0,0.800,2269437952.0,1880064.0,216571904.0,1.66292303872e+11,0.0,0.0,0.0,12288.0,242.800,286.600,0.025,0.025,99.940,0.010,0.0,0.0,1493093162.876,
0.310,0.746,95.534,3.390,0.0,0.020,325794201.600,11468.800,16958.800,16931.600,0.0,0.0,3090.400,5515.600,1.0,1.800,0.200,2302042112.0,1888256.0,1844740096.0,1.64631523328e+11,0.0,0.0,326030131.200,11468.800,3092.200,5518.800,0.310,0.741,95.534,3.395,0.0,0.020,1493093167.876,
0.330,0.781,96.357,2.517,0.0,0.015,331891507.200,9830.400,19304.200,19757.400,0.0,0.0,3214.200,5686.600,0.800,1.600,0.800,2283483136.0,1904640.0,3506352128.0,1.62988453888e+11,0.0,0.0,331943936.0,9830.400,3215.0,5689.400,0.335,0.781,96.352,2.517,0.0,0.015,1493093172.876,
0.286,0.671,96.834,2.189,0.0,0.020,322837708.800,8192.0,20538.0,20788.400,0.0,0.0,3119.600,5531.600,0.800,0.400,0.0,2282090496.0,1912832.0,5118435328.0,1.61377755136e+11,0.0,0.0,322706636.800,8192.0,3118.200,5527.400,0.281,0.671,96.844,2.184,0.0,0.020,1493093177.876,
0.235,0.661,97.402,1.667,0.0,0.035,290811084.800,7372.800,18636.800,19186.200,0.0,0.0,2868.0,5033.600,0.200,2.200,0.400,2299498496.0,1929216.0,6572916736.0,1.59905849344e+11,0.0,0.0,290889728.0,7372.800,2868.600,5034.400,0.235,0.661,97.402,1.667,0.0,0.035,1493093182.876,
0.255,0.631,96.891,2.208,0.0,0.015,284729344.0,9830.400,16064.200,17663.200,0.0,0.0,2774.400,4868.600,0.200,1.800,0.400,2285727744.0,1937408.0,7996801024.0,1.58495727616e+11,0.0,0.0,284703129.600,9830.400,2774.200,4868.800,0.255,0.636,96.886,2.208,0.0,0.015,1493093187.876,
0.030,0.020,99.920,0.030,0.0,0.0,3705241.600,7372.800,6145.400,10233.600,0.0,0.0,276.800,340.600,0.0,0.0,0.0,2274566144.0,1953792.0,8015429632.0,1.58488244224e+11,0.0,0.0,3495526.400,7372.800,275.200,337.800,0.030,0.020,99.920,0.030,0.0,0.0,1493093192.876,
0.020,0.030,99.945,0.005,0.0,0.0,0.0,9830.400,5348.200,7307.800,0.0,0.0,217.0,250.800,0.0,0.0,0.800,2276253696.0,1961984.0,8015425536.0,1.58486552576e+11,0.0,0.0,0.0,9830.400,217.0,250.800,0.020,0.025,99.950,0.005,0.0,0.0,1493093197.876,
