"Dstat 0.7.2 CSV output"
"Author:","Dag Wieers <dag@wieers.com>",,,,"URL:","http://dag.wieers.com/home-made/dstat/"
"Host:","client0.skyhook16osds.skyhook-pg0.wisc.cloudlab.us",,,,"User:","jlefevre"
"Cmdline:","dstat -av --epoch --integer --noheaders --output dstat-client0.log 5",,,,"Date:","24 Apr 2017 21:15:41 CDT"

"total cpu usage",,,,,,"dsk/total",,"net/total",,"paging",,"system",,"procs",,,"memory usage",,,,"paging",,"dsk/total",,"system",,"total cpu usage",,,,,,"epoch"
"usr","sys","idl","wai","hiq","siq","read","writ","recv","send","in","out","int","csw","run","blk","new","used","buff","cach","free","in","out","read","writ","int","csw","usr","sys","idl","wai","hiq","siq","epoch"
0.180,0.045,99.754,0.010,0.0,0.010,0.0,16384.0,66009.600,11184.0,0.0,0.0,699.200,7464.200,0.400,0.0,1.800,5042266112.0,237801472.0,1.617872896e+11,1712836608.0,0.0,0.0,0.0,16384.0,698.200,7457.800,0.180,0.045,99.754,0.010,0.0,0.010,1493090451.510,
0.180,0.055,99.734,0.020,0.0,0.010,0.0,21299.200,89325.600,56377.400,0.0,0.0,1057.800,8372.400,0.0,0.0,7.0,5050224640.0,237809664.0,1.61787293696e+11,1704865792.0,0.0,0.0,0.0,21299.200,1058.0,8374.800,0.175,0.055,99.739,0.020,0.0,0.010,1493090456.510,
0.361,0.211,99.297,0.120,0.0,0.010,0.0,222822.400,278754.200,254755.200,0.0,0.0,3423.200,15301.400,1.400,0.0,0.800,5052293120.0,237830144.0,1.6178767872e+11,1702391808.0,0.0,0.0,0.0,222822.400,3425.400,15337.400,0.361,0.211,99.297,0.120,0.0,0.010,1493090461.510,
0.366,0.241,99.027,0.351,0.0,0.015,0.0,5256806.400,261708.400,232535.200,0.0,0.0,3493.400,14482.0,0.200,0.0,0.400,5048020992.0,237858816.0,1.61780854784e+11,1713459200.0,0.0,0.0,0.0,5256806.400,3492.600,14449.400,0.366,0.246,99.022,0.351,0.0,0.015,1493090466.510,
0.336,0.216,99.263,0.165,0.0,0.020,0.0,207257.600,245209.0,211336.600,0.0,0.0,3052.800,13361.600,0.0,0.200,0.800,5048090624.0,237871104.0,1.61781248e+11,1712984064.0,0.0,0.0,0.0,207257.600,3050.800,13355.400,0.341,0.211,99.263,0.165,0.0,0.020,1493090471.510,
0.351,0.166,99.328,0.140,0.0,0.015,0.0,234291.200,250432.0,217788.600,0.0,0.0,3064.400,13909.800,0.200,0.0,0.800,5049614336.0,237879296.0,1.61781665792e+11,1711034368.0,0.0,0.0,0.0,234291.200,3065.200,13912.0,0.351,0.166,99.328,0.140,0.0,0.015,1493090476.510,
0.236,0.161,99.443,0.151,0.0,0.010,0.0,240025.600,220860.800,173792.800,0.0,0.0,2645.800,12470.600,0.0,0.0,0.800,5050626048.0,237895680.0,1.61782075392e+11,1709596672.0,0.0,0.0,0.0,240025.600,2644.800,12468.400,0.231,0.161,99.448,0.151,0.0,0.010,1493090481.510,
0.070,0.070,99.709,0.145,0.0,0.005,0.0,204800.0,95769.800,9424.200,0.0,0.0,674.600,7359.600,0.0,0.200,0.800,5050462208.0,237912064.0,1.61782448128e+11,1709371392.0,0.0,0.0,0.0,204800.0,674.600,7359.600,0.075,0.070,99.704,0.145,0.0,0.005,1493090486.510,
