"Dstat 0.7.2 CSV output"
"Author:","Dag Wieers <dag@wieers.com>",,,,"URL:","http://dag.wieers.com/home-made/dstat/"
"Host:","osd1.skyhook16osds.skyhook-pg0.wisc.cloudlab.us",,,,"User:","jlefevre"
"Cmdline:","dstat -av --epoch --integer --noheaders --output dstat-osd1.log 5",,,,"Date:","24 Apr 2017 21:15:43 CDT"

"total cpu usage",,,,,,"dsk/total",,"net/total",,"paging",,"system",,"procs",,,"memory usage",,,,"paging",,"dsk/total",,"system",,"total cpu usage",,,,,,"epoch"
"usr","sys","idl","wai","hiq","siq","read","writ","recv","send","in","out","int","csw","run","blk","new","used","buff","cach","free","in","out","read","writ","int","csw","usr","sys","idl","wai","hiq","siq","epoch"
0.015,0.025,99.940,0.020,0.0,0.0,0.0,16384.0,4375.200,7272.200,0.0,0.0,197.0,216.800,0.0,0.0,0.400,2016800768.0,1884160.0,5506625536.0,1.61254883328e+11,0.0,0.0,0.0,16384.0,197.0,216.800,0.020,0.025,99.935,0.020,0.0,0.0,1493089953.679,
0.045,0.125,99.810,0.015,0.0,0.005,0.0,13107.200,64896.800,35431859.800,0.0,0.0,1931.0,445.0,0.0,0.0,0.800,2030940160.0,1900544.0,5506637824.0,1.61240715264e+11,0.0,0.0,0.0,13107.200,1931.0,445.0,0.040,0.125,99.815,0.015,0.0,0.005,1493089958.679,
0.080,0.230,99.690,0.0,0.0,0.0,0.0,8192.0,114802.0,70959811.0,0.0,0.0,3456.800,528.200,0.0,0.0,0.400,2035556352.0,1908736.0,5506637824.0,1.6123609088e+11,0.0,0.0,0.0,8192.0,3456.800,528.200,0.080,0.235,99.685,0.0,0.0,0.0,1493089963.679,
0.050,0.170,99.775,0.005,0.0,0.0,0.0,7372.800,69167.0,44296471.600,0.0,0.0,2169.200,409.800,0.0,0.0,0.400,2046455808.0,1925120.0,5506641920.0,1.61225170944e+11,0.0,0.0,0.0,7372.800,2169.200,409.800,0.055,0.165,99.775,0.005,0.0,0.0,1493089968.679,
0.080,0.185,99.730,0.0,0.0,0.005,0.0,8192.0,82392.200,56547460.600,0.0,0.0,2555.0,526.400,0.0,0.0,0.400,2039042048.0,1933312.0,5506641920.0,1.61232576512e+11,0.0,0.0,0.0,8192.0,2555.0,526.400,0.075,0.185,99.735,0.0,0.0,0.005,1493089973.679,
0.065,0.130,99.795,0.010,0.0,0.0,0.0,10649.600,75622.0,40955156.800,0.0,0.0,2283.800,421.400,0.0,0.0,0.800,2038030336.0,1949696.0,5506641920.0,1.6123357184e+11,0.0,0.0,0.0,10649.600,2283.800,421.400,0.065,0.130,99.795,0.010,0.0,0.0,1493089978.679,
0.045,0.095,99.845,0.010,0.0,0.005,0.0,8192.0,54625.200,29340743.800,0.0,0.0,1732.400,397.200,0.0,0.0,0.200,2021515264.0,1957888.0,5506650112.0,1.61250070528e+11,0.0,0.0,0.0,8192.0,1732.400,397.200,0.050,0.095,99.840,0.010,0.0,0.005,1493089983.679,
0.070,0.115,99.805,0.010,0.0,0.0,0.0,11468.800,51274.400,32458854.0,0.0,0.0,1645.600,374.800,0.0,0.0,0.800,2023596032.0,1974272.0,5506650112.0,1.61247973376e+11,0.0,0.0,0.0,11468.800,1645.600,374.800,0.065,0.120,99.805,0.010,0.0,0.0,1493089988.679,
0.055,0.145,99.800,0.0,0.0,0.0,0.0,13107.200,64556.800,38417570.200,0.0,0.0,1975.0,461.400,0.0,0.0,0.0,2032463872.0,1990656.0,5506650112.0,1.61239089152e+11,0.0,0.0,0.0,13107.200,1975.0,461.400,0.055,0.140,99.805,0.0,0.0,0.0,1493089993.679,
0.060,0.120,99.815,0.0,0.0,0.005,0.0,8192.0,67444.200,41297431.800,0.0,0.0,2080.200,421.400,0.200,0.0,0.400,2021945344.0,1998848.0,5506646016.0,1.61249603584e+11,0.0,0.0,0.0,8192.0,2080.200,421.400,0.060,0.125,99.810,0.0,0.0,0.005,1493089998.679,
0.055,0.080,99.865,0.0,0.0,0.0,0.0,2457.600,40812.600,19553718.400,0.0,0.0,1246.200,369.800,0.0,0.0,0.400,2040254464.0,2007040.0,5506658304.0,1.61231273984e+11,0.0,0.0,0.0,2457.600,1249.200,369.800,0.055,0.075,99.870,0.0,0.0,0.0,1493090003.679,
0.065,0.140,99.795,0.0,0.0,0.0,0.0,14745.600,72776.0,39513238.400,0.0,0.0,2186.400,381.600,0.400,0.0,0.800,2034679808.0,2015232.0,5506666496.0,1.61236832256e+11,0.0,0.0,0.0,14745.600,2183.400,381.600,0.065,0.145,99.790,0.0,0.0,0.0,1493090008.679,
0.055,0.115,99.810,0.015,0.0,0.005,0.0,13926.400,52064.0,35416511.400,0.0,0.0,1665.800,348.600,0.0,0.0,0.0,2018914304.0,2031616.0,5506662400.0,1.61252585472e+11,0.0,0.0,0.0,13926.400,1665.800,348.600,0.055,0.115,99.810,0.015,0.0,0.005,1493090013.679,
0.050,0.135,99.815,0.0,0.0,0.0,0.0,4915.200,58843.0,35445339.200,0.0,0.0,1736.200,377.800,0.0,0.0,0.400,2020036608.0,2039808.0,5506662400.0,1.61251454976e+11,0.0,0.0,0.0,4915.200,1736.200,377.800,0.050,0.135,99.815,0.0,0.0,0.0,1493090018.679,
0.080,0.260,99.655,0.0,0.0,0.005,0.0,9011.200,95934.0,61951190.200,0.0,0.0,2840.0,490.200,0.0,0.0,0.800,2018852864.0,2048000.0,5506670592.0,1.61252622336e+11,0.0,0.0,0.0,9011.200,2840.200,490.600,0.080,0.255,99.660,0.0,0.0,0.005,1493090023.679,
0.045,0.115,99.840,0.0,0.0,0.0,0.0,9830.400,54882.200,30638591.800,0.0,0.0,1724.400,397.400,0.0,0.0,0.0,2037436416.0,2064384.0,5506670592.0,1.612340224e+11,0.0,0.0,0.0,9830.400,1730.600,397.200,0.045,0.120,99.835,0.0,0.0,0.0,1493090028.679,
0.055,0.135,99.805,0.005,0.0,0.0,0.0,10649.600,63336.800,38283216.400,0.0,0.0,1985.400,350.0,0.0,0.0,0.400,2035986432.0,2072576.0,5506670592.0,1.61235464192e+11,0.0,0.0,0.0,10649.600,1979.0,350.0,0.055,0.135,99.805,0.005,0.0,0.0,1493090033.679,
0.050,0.135,99.810,0.005,0.0,0.0,0.0,13926.400,67125.0,40362623.200,0.0,0.0,2012.600,344.800,0.0,0.0,0.0,2020466688.0,2088960.0,5506674688.0,1.61250963456e+11,0.0,0.0,0.0,13926.400,2012.600,344.600,0.050,0.135,99.810,0.005,0.0,0.0,1493090038.679,
0.075,0.185,99.740,0.0,0.0,0.0,0.0,7372.800,72421.0,53519176.400,0.0,0.0,2143.0,425.400,0.0,0.0,0.800,2038607872.0,2097152.0,5506674688.0,1.6123281408e+11,0.0,0.0,0.0,7372.800,2143.0,425.400,0.075,0.185,99.740,0.0,0.0,0.0,1493090043.679,
0.060,0.220,99.710,0.0,0.0,0.010,0.0,5734.400,76845.400,61566922.0,0.0,0.0,1748.600,414.600,0.200,0.0,0.0,2020323328.0,2105344.0,5506674688.0,1.61251090432e+11,0.0,0.0,0.0,5734.400,1748.600,414.600,0.060,0.215,99.715,0.0,0.0,0.010,1493090048.679,
0.065,0.155,99.780,0.0,0.0,0.0,0.0,9830.400,66860.0,47194459.600,0.0,0.0,1415.0,432.200,0.0,0.0,0.800,2021044224.0,2121728.0,5506682880.0,1.6125034496e+11,0.0,0.0,0.0,9830.400,1415.0,432.200,0.065,0.155,99.780,0.0,0.0,0.0,1493090053.679,
0.055,0.225,99.715,0.0,0.0,0.005,0.0,12288.0,88126.200,58316821.200,0.0,0.0,1811.0,421.0,0.200,0.0,0.0,2039164928.0,2138112.0,5506686976.0,1.61232203776e+11,0.0,0.0,0.0,12288.0,1812.200,421.0,0.055,0.225,99.715,0.0,0.0,0.005,1493090058.679,
0.055,0.095,99.850,0.0,0.0,0.0,0.0,12288.0,53517.200,30222721.600,0.0,0.0,1141.400,351.600,0.0,0.0,0.800,2020913152.0,2154496.0,5506686976.0,1.61250439168e+11,0.0,0.0,0.0,12288.0,1140.200,351.600,0.055,0.100,99.845,0.0,0.0,0.0,1493090063.679,
0.035,0.065,99.895,0.005,0.0,0.0,0.0,9011.200,33036.600,17702371.800,0.0,0.0,763.0,295.400,0.200,0.0,0.0,2021896192.0,2162688.0,5506691072.0,1.6124944384e+11,0.0,0.0,0.0,9011.200,763.0,295.400,0.035,0.060,99.900,0.005,0.0,0.0,1493090068.679,
0.055,0.115,99.825,0.0,0.0,0.005,0.0,11468.800,42578.800,26551661.800,0.0,0.0,1358.200,350.200,0.0,0.0,0.800,2022027264.0,2179072.0,5506695168.0,1.61249292288e+11,0.0,0.0,0.0,11468.800,1358.200,350.200,0.055,0.120,99.820,0.0,0.0,0.005,1493090073.679,
0.060,0.110,99.815,0.015,0.0,0.0,0.0,12288.0,51442.800,30584722.400,0.0,0.0,1608.400,412.400,0.0,0.0,0.0,2038812672.0,2195456.0,5506699264.0,1.612324864e+11,0.0,0.0,0.0,12288.0,1615.200,412.400,0.060,0.110,99.815,0.015,0.0,0.0,1493090078.679,
0.050,0.165,99.785,0.0,0.0,0.0,0.0,9830.400,66932.400,43240621.800,0.0,0.0,2045.600,455.600,0.200,0.0,0.400,2047254528.0,2203648.0,5506695168.0,1.61224040448e+11,0.0,0.0,0.0,9830.400,2038.800,456.0,0.050,0.160,99.790,0.0,0.0,0.0,1493090083.679,
0.040,0.100,99.860,0.0,0.0,0.0,0.0,13107.200,47452.200,29480811.600,0.0,0.0,1503.600,326.0,0.0,0.0,0.800,2018770944.0,2220032.0,5506699264.0,1.61252503552e+11,0.0,0.0,0.0,13107.200,1503.800,325.600,0.040,0.100,99.860,0.0,0.0,0.0,1493090088.679,
0.060,0.115,99.815,0.010,0.0,0.0,0.0,18841.600,41187.400,26558186.400,0.0,0.0,1397.0,365.200,0.0,0.0,0.400,2021490688.0,2236416.0,5506707456.0,1.61249759232e+11,0.0,0.0,0.0,18841.600,1396.800,365.200,0.060,0.115,99.815,0.010,0.0,0.0,1493090093.679,
0.025,0.015,99.960,0.0,0.0,0.0,0.0,7372.800,6304.0,8898.400,0.0,0.0,235.0,270.200,0.0,0.0,0.400,2020995072.0,2244608.0,5506711552.0,1.6125024256e+11,0.0,0.0,0.0,7372.800,235.0,270.200,0.025,0.015,99.960,0.0,0.0,0.0,1493090098.679,
0.010,0.010,99.970,0.010,0.0,0.0,0.0,14745.600,4818.0,7419.200,0.0,0.0,226.0,258.200,0.0,0.0,0.0,2021191680.0,2260992.0,5506715648.0,1.61250025472e+11,0.0,0.0,0.0,14745.600,226.0,258.200,0.015,0.010,99.965,0.010,0.0,0.0,1493090103.679,
