"Dstat 0.7.2 CSV output"
"Author:","Dag Wieers <dag@wieers.com>",,,,"URL:","http://dag.wieers.com/home-made/dstat/"
"Host:","osd1.skyhook16osds.skyhook-pg0.wisc.cloudlab.us",,,,"User:","jlefevre"
"Cmdline:","dstat -av --epoch --integer --noheaders --output dstat-osd1.log 5",,,,"Date:","24 Apr 2017 21:15:43 CDT"

"total cpu usage",,,,,,"dsk/total",,"net/total",,"paging",,"system",,"procs",,,"memory usage",,,,"paging",,"dsk/total",,"system",,"total cpu usage",,,,,,"epoch"
"usr","sys","idl","wai","hiq","siq","read","writ","recv","send","in","out","int","csw","run","blk","new","used","buff","cach","free","in","out","read","writ","int","csw","usr","sys","idl","wai","hiq","siq","epoch"
0.020,0.015,99.965,0.0,0.0,0.0,0.0,3276.800,5912.200,8484.400,0.0,0.0,217.0,256.600,0.0,0.0,0.400,2010632192.0,1765376.0,184004608.0,1.66583791616e+11,0.0,0.0,0.0,3276.800,217.0,256.600,0.015,0.015,99.970,0.0,0.0,0.0,1493093158.679,
0.045,0.085,99.640,0.230,0.0,0.0,32677068.800,8192.0,7474.0,9371.800,0.0,0.0,515.600,800.200,0.0,0.400,0.400,2017648640.0,1781760.0,346812416.0,1.66413950976e+11,0.0,0.0,32912998.400,8192.0,517.800,805.200,0.045,0.085,99.640,0.230,0.0,0.0,1493093163.679,
0.235,0.656,97.506,1.587,0.0,0.015,266873241.600,11468.800,15140.400,15946.200,0.0,0.0,2561.0,4629.200,0.200,1.400,0.0,2006093824.0,1789952.0,1681883136.0,1.6509042688e+11,0.0,0.0,266847027.200,11468.800,2560.0,4626.600,0.235,0.656,97.506,1.587,0.0,0.015,1493093168.679,
0.170,0.440,98.554,0.826,0.0,0.010,191217664.0,13926.400,10927.400,12771.800,0.0,0.0,1934.200,3323.0,0.200,0.600,0.0,2006413312.0,1806336.0,2637631488.0,1.64134342656e+11,0.0,0.0,191007948.800,13926.400,1933.0,3320.600,0.170,0.440,98.554,0.826,0.0,0.010,1493093173.679,
0.190,0.491,98.403,0.911,0.0,0.005,214605004.800,15564.800,15520.600,16476.800,0.0,0.0,2239.200,3799.0,0.0,1.0,0.400,2025472000.0,1822720.0,3709296640.0,1.63043602432e+11,0.0,0.0,214814720.0,15564.800,2240.600,3801.400,0.190,0.491,98.398,0.916,0.0,0.005,1493093178.679,
0.215,0.531,97.997,1.252,0.0,0.005,222940364.800,11468.800,17327.800,18282.400,0.0,0.0,2287.200,3987.800,0.400,1.0,0.400,2014117888.0,1839104.0,4825944064.0,1.61938292736e+11,0.0,0.0,222940364.800,11468.800,2287.0,3988.200,0.215,0.531,98.003,1.246,0.0,0.005,1493093183.679,
0.115,0.305,98.924,0.651,0.0,0.005,137841868.800,9830.400,9695.600,11955.800,0.0,0.0,1402.600,2475.400,0.200,0.0,0.0,2011611136.0,1847296.0,5514788864.0,1.61251946496e+11,0.0,0.0,137632153.600,9830.400,1401.400,2472.600,0.115,0.305,98.924,0.651,0.0,0.005,1493093188.679,
0.010,0.010,99.970,0.010,0.0,0.0,0.0,5734.400,6170.600,8473.600,0.0,0.0,217.400,240.400,0.0,0.0,0.0,2011078656.0,1855488.0,5514797056.0,1.61252462592e+11,0.0,0.0,0.0,5734.400,217.400,240.400,0.010,0.010,99.970,0.010,0.0,0.0,1493093193.679,
