"Dstat 0.7.2 CSV output"
"Author:","Dag Wieers <dag@wieers.com>",,,,"URL:","http://dag.wieers.com/home-made/dstat/"
"Host:","osd1.skyhook16osds.skyhook-pg0.wisc.cloudlab.us",,,,"User:","jlefevre"
"Cmdline:","dstat -av --epoch --integer --noheaders --output dstat-osd1.log 5",,,,"Date:","24 Apr 2017 21:15:43 CDT"

"total cpu usage",,,,,,"dsk/total",,"net/total",,"paging",,"system",,"procs",,,"memory usage",,,,"paging",,"dsk/total",,"system",,"total cpu usage",,,,,,"epoch"
"usr","sys","idl","wai","hiq","siq","read","writ","recv","send","in","out","int","csw","run","blk","new","used","buff","cach","free","in","out","read","writ","int","csw","usr","sys","idl","wai","hiq","siq","epoch"
0.010,0.005,99.975,0.010,0.0,0.0,0.0,12288.0,5080.800,7549.600,0.0,0.0,198.400,215.400,0.0,0.0,0.400,2008301568.0,1613824.0,234250240.0,1.6653602816e+11,0.0,0.0,0.0,12288.0,198.400,215.400,0.015,0.005,99.970,0.010,0.0,0.0,1493099573.679,
1.036,0.365,97.018,1.566,0.0,0.015,130634547.200,5734.400,26551.400,12855907.600,0.0,0.0,2030.400,2367.800,1.0,1.800,0.0,2054000640.0,1622016.0,888082432.0,1.65836488704e+11,0.0,0.0,130844262.400,5734.400,2032.0,2370.600,1.041,0.365,97.008,1.571,0.0,0.015,1493099578.679,
1.766,0.580,95.727,1.896,0.0,0.030,214908928.0,4915.200,37899.600,23660584.200,0.0,0.0,3160.800,3778.800,0.800,1.400,0.400,2012950528.0,1630208.0,1962418176.0,1.6480319488e+11,0.0,0.0,214908928.0,4915.200,3160.400,3777.600,1.756,0.580,95.742,1.891,0.0,0.030,1493099583.679,
1.421,0.445,96.858,1.251,0.0,0.025,179111526.400,9830.400,31994.400,18545141.200,0.0,0.0,2668.0,3203.800,0.600,1.0,0.0,2037055488.0,1646592.0,2858057728.0,1.63883433984e+11,0.0,0.0,179111526.400,9830.400,2668.600,3205.200,1.426,0.445,96.847,1.256,0.0,0.025,1493099588.679,
1.721,0.550,96.092,1.611,0.0,0.025,206971699.200,13926.400,30721.400,21841269.200,0.0,0.0,2944.200,3611.400,0.400,1.200,0.0,2048393216.0,1662976.0,3892060160.0,1.6283807744e+11,0.0,0.0,206997913.600,13926.400,2945.600,3613.800,1.716,0.550,96.102,1.606,0.0,0.025,1493099593.679,
1.712,0.461,96.320,1.482,0.0,0.025,193503232.0,10649.600,29226.600,20957435.600,0.0,0.0,2834.400,3376.0,0.800,1.0,0.400,2026139648.0,1671168.0,4859424768.0,1.61892958208e+11,0.0,0.0,193267302.400,10649.600,2831.200,3370.600,1.717,0.461,96.315,1.482,0.0,0.025,1493099598.679,
1.166,0.370,97.483,0.971,0.0,0.010,141025280.0,5734.400,26800.800,15320854.600,0.0,0.0,2043.200,2561.0,0.600,0.400,0.0,2013360128.0,1679360.0,5565030400.0,1.61200123904e+11,0.0,0.0,141025280.0,5734.400,2043.200,2561.0,1.161,0.375,97.484,0.970,0.0,0.010,1493099603.679,
0.020,0.015,99.960,0.005,0.0,0.0,0.0,10649.600,4441.400,8304.600,0.0,0.0,196.0,222.800,0.0,0.0,0.400,2014281728.0,1695744.0,5565034496.0,1.61199181824e+11,0.0,0.0,0.0,10649.600,196.0,222.800,0.020,0.010,99.965,0.005,0.0,0.0,1493099608.679,
0.010,0.020,99.955,0.015,0.0,0.0,0.0,16384.0,7277.200,8983.0,0.0,0.0,235.0,267.600,0.0,0.0,0.0,2014396416.0,1712128.0,5565038592.0,1.61199046656e+11,0.0,0.0,0.0,16384.0,235.0,267.600,0.015,0.020,99.950,0.015,0.0,0.0,1493099613.679,
