"Dstat 0.7.2 CSV output"
"Author:","Dag Wieers <dag@wieers.com>",,,,"URL:","http://dag.wieers.com/home-made/dstat/"
"Host:","client0.skyhook16osds.skyhook-pg0.wisc.cloudlab.us",,,,"User:","jlefevre"
"Cmdline:","dstat -av --epoch --integer --noheaders --output dstat-client0.log 5",,,,"Date:","24 Apr 2017 21:15:41 CDT"

"total cpu usage",,,,,,"dsk/total",,"net/total",,"paging",,"system",,"procs",,,"memory usage",,,,"paging",,"dsk/total",,"system",,"total cpu usage",,,,,,"epoch"
"usr","sys","idl","wai","hiq","siq","read","writ","recv","send","in","out","int","csw","run","blk","new","used","buff","cach","free","in","out","read","writ","int","csw","usr","sys","idl","wai","hiq","siq","epoch"
0.190,0.080,99.715,0.010,0.0,0.005,0.0,21299.200,64948.200,10893.800,0.0,0.0,687.800,7444.400,0.0,0.400,2.200,5051801600.0,252964864.0,1.61734987776e+11,1740439552.0,0.0,0.0,0.0,21299.200,686.800,7438.200,0.190,0.080,99.715,0.010,0.0,0.005,1493099881.510,
1.812,1.179,96.883,0.025,0.0,0.100,0.0,31948.800,192222358.600,299838.800,0.0,0.0,7363.400,19069.600,2.400,0.400,6.200,5315125248.0,252973056.0,1.61735000064e+11,1477095424.0,0.0,0.0,0.0,31948.800,7378.600,19090.600,1.822,1.179,96.873,0.025,0.0,0.100,1493099886.510,
10.139,4.637,84.596,0.116,0.0,0.511,0.0,186777.600,1017195567.0,1370762.400,0.0,0.0,43464.200,87261.800,7.200,0.200,0.800,5272035328.0,252985344.0,1.61735307264e+11,1519865856.0,0.0,0.0,0.0,186777.600,43468.400,87251.800,10.148,4.641,84.583,0.116,0.0,0.511,1493099891.509,
10.515,4.595,84.060,0.374,0.0,0.455,0.0,3823206.400,1060237607.200,1475087.0,0.0,0.0,41111.600,119292.800,5.800,0.0,0.800,5311983616.0,252989440.0,1.61731145728e+11,1484075008.0,0.0,0.0,0.0,3823206.400,41110.800,119395.0,10.511,4.595,84.064,0.374,0.0,0.455,1493099896.510,
9.295,4.833,85.335,0.198,0.0,0.339,0.0,224460.800,946479913.200,1175558.0,0.0,0.0,32269.600,60217.800,6.400,0.0,0.400,5346033664.0,252997632.0,1.6173146112e+11,1449701376.0,0.0,0.0,0.0,224460.800,32274.400,60218.800,9.285,4.827,85.351,0.198,0.0,0.339,1493099901.509,
9.492,4.875,85.027,0.177,0.0,0.429,0.0,222003.200,953934536.0,1214922.400,0.0,0.0,30902.800,62976.400,6.600,0.200,0.800,5332099072.0,252997632.0,1.617317888e+11,1463308288.0,0.0,0.0,0.0,222003.200,30890.800,62875.400,9.502,4.880,85.011,0.177,0.0,0.429,1493099906.510,
10.123,4.580,84.740,0.203,0.0,0.355,0.0,232652.800,1029820024.600,1338994.200,0.0,0.0,32614.400,70749.800,6.400,0.0,0.800,5316067328.0,253005824.0,1.61732120576e+11,1479000064.0,0.0,0.0,0.0,232652.800,32617.0,70738.800,10.119,4.586,84.739,0.203,0.0,0.355,1493099911.510,
9.495,4.935,85.090,0.116,0.0,0.364,0.0,177766.400,951662611.800,1226508.400,0.0,0.0,33102.200,60243.600,4.200,0.200,0.400,5336551424.0,253005824.0,1.61732411392e+11,1458225152.0,0.0,0.0,0.0,177766.400,33091.200,60244.800,9.489,4.929,85.095,0.121,0.0,0.364,1493099916.510,
8.125,4.986,86.283,0.232,0.0,0.373,0.0,213811.200,896680633.400,1101911.800,0.0,0.0,27064.400,41527.400,5.800,0.0,0.800,5293936640.0,253014016.0,1.61732743168e+11,1500499968.0,0.0,0.0,0.0,213811.200,27072.400,41549.600,8.131,4.986,86.282,0.227,0.0,0.373,1493099921.510,
9.739,4.606,85.245,0.117,0.0,0.294,0.0,216268.800,1050341981.400,1422094.400,0.0,0.0,33807.600,80977.600,5.400,0.0,0.400,5339455488.0,253018112.0,1.61733062656e+11,1454657536.0,0.0,0.0,0.0,216268.800,33806.0,80952.400,9.729,4.606,85.255,0.117,0.0,0.294,1493099926.510,
9.656,4.788,85.025,0.091,0.0,0.440,0.0,184320.0,971874591.200,1206751.800,0.0,0.0,30368.600,62477.600,6.800,0.200,0.800,5310894080.0,253030400.0,1.61733378048e+11,1482891264.0,0.0,0.0,0.0,184320.0,30379.600,62572.800,9.675,4.782,85.012,0.091,0.0,0.440,1493099931.510,
9.443,5.111,85.101,0.116,0.0,0.228,0.0,226099.200,911984484.800,1117404.0,0.0,0.0,27883.600,53871.800,5.200,0.0,0.400,5342220288.0,253030400.0,1.61733709824e+11,1451233280.0,0.0,0.0,0.0,226099.200,27865.200,53776.600,9.431,5.118,85.107,0.116,0.0,0.228,1493099936.510,
8.725,5.073,85.706,0.096,0.0,0.400,0.0,210534.400,927195540.800,1142554.400,0.0,0.0,28620.600,53160.800,6.600,0.200,0.800,5349879808.0,253042688.0,1.61734033408e+11,1443237888.0,0.0,0.0,0.0,210534.400,28623.400,53160.600,8.721,5.069,85.715,0.096,0.0,0.400,1493099941.510,
8.098,5.229,86.254,0.096,0.0,0.323,0.0,224460.800,890188759.400,1090568.800,0.0,0.0,27349.0,42721.0,4.400,0.0,0.800,5316419584.0,253050880.0,1.61734361088e+11,1476362240.0,0.0,0.0,0.0,224460.800,27357.200,42723.200,8.100,5.232,86.249,0.096,0.0,0.323,1493099946.510,
9.078,4.787,85.529,0.136,0.0,0.470,0.0,220364.800,978392486.600,1266841.400,0.0,0.0,29809.200,65443.800,6.0,0.0,0.400,5322174464.0,253050880.0,1.61734664192e+11,1470304256.0,0.0,0.0,0.0,220364.800,29798.0,65441.800,9.078,4.792,85.524,0.136,0.0,0.470,1493099951.510,
9.566,4.821,85.168,0.132,0.0,0.314,0.0,189235.200,958629833.600,1195631.600,0.0,0.0,29254.0,52826.0,5.800,0.200,0.800,5345492992.0,253059072.0,1.61734995968e+11,1446645760.0,0.0,0.0,0.0,189235.200,29265.600,52910.200,9.567,4.817,85.170,0.132,0.0,0.314,1493099956.510,
9.259,5.041,85.190,0.172,0.0,0.338,0.0,222003.200,906290242.800,1027791.600,0.0,0.0,26104.600,45019.0,6.200,0.0,0.0,5306355712.0,253059072.0,1.61735327744e+11,1485451264.0,0.0,0.0,0.0,222003.200,26111.800,44977.800,9.267,5.040,85.183,0.172,0.0,0.338,1493099961.509,
9.777,5.015,84.739,0.172,0.0,0.298,0.0,212172.800,921248565.0,1078592.400,0.0,0.0,27502.0,54171.400,6.200,0.200,1.200,5326557184.0,253067264.0,1.61735643136e+11,1464926208.0,0.0,0.0,0.0,212172.800,27482.600,54129.0,9.772,5.015,84.742,0.172,0.0,0.298,1493099966.510,
8.966,5.108,85.350,0.202,0.0,0.373,0.0,203161.600,884766877.400,1019829.600,0.0,0.0,26191.800,37925.200,5.400,0.0,1.0,5344657408.0,253075456.0,1.61735970816e+11,1446490112.0,0.0,0.0,0.0,203161.600,26201.400,37925.400,8.959,5.107,85.358,0.202,0.0,0.373,1493099971.510,
8.579,5.072,85.693,0.161,0.0,0.495,0.0,238387.200,901372405.0,1156173.600,0.0,0.0,30339.800,59150.200,5.200,0.0,1.200,5340233728.0,253075456.0,1.61736265728e+11,1450618880.0,0.0,0.0,0.0,238387.200,30345.400,59175.800,8.580,5.067,85.691,0.162,0.0,0.500,1493099976.510,
8.700,5.116,85.489,0.101,0.0,0.594,0.0,190873.600,869652018.0,999082.600,0.0,0.0,27402.200,36531.0,4.800,0.200,0.800,5327589376.0,253083648.0,1.61736585216e+11,1462935552.0,0.0,0.0,0.0,190873.600,27396.400,36517.400,8.701,5.121,85.483,0.101,0.0,0.594,1493099981.509,
8.569,5.110,85.906,0.066,0.0,0.348,0.0,221184.0,897297757.200,1085112.600,0.0,0.0,27543.200,49790.600,5.600,0.0,0.400,5338329088.0,253083648.0,1.61736925184e+11,1451855872.0,0.0,0.0,0.0,221184.0,27541.400,49782.200,8.568,5.115,85.903,0.066,0.0,0.348,1493099986.510,
8.027,5.315,86.108,0.101,0.0,0.449,0.0,220364.800,868345029.0,973141.200,0.0,0.0,24644.0,35466.800,5.400,0.0,0.0,5372489728.0,253091840.0,1.61737216e+11,1417396224.0,0.0,0.0,0.0,220364.800,24642.600,35469.600,8.027,5.308,86.120,0.101,0.0,0.444,1493099991.510,
8.376,4.987,85.628,0.555,0.0,0.454,0.0,8986624.0,898444029.800,1071706.400,0.0,0.0,26727.200,40180.800,6.0,0.400,0.800,5344165888.0,253095936.0,1.61732980736e+11,1449951232.0,0.0,0.0,0.0,8986624.0,26727.0,40179.600,8.387,4.990,85.615,0.554,0.0,0.454,1493099996.509,
8.748,5.115,85.757,0.116,0.0,0.263,0.0,212992.0,896666724.800,1049955.600,0.0,0.0,26736.200,50234.200,5.600,0.0,0.400,5327413248.0,253108224.0,1.61733296128e+11,1466376192.0,0.0,0.0,0.0,212992.0,26729.600,50228.400,8.738,5.120,85.762,0.116,0.0,0.263,1493100001.509,
9.051,5.246,85.319,0.147,0.0,0.238,0.0,212992.0,888449549.600,1045995.0,0.0,0.0,27052.600,46797.800,5.600,0.0,0.400,5355683840.0,253112320.0,1.61733603328e+11,1437794304.0,0.0,0.0,0.0,212992.0,27054.400,46799.200,9.047,5.236,85.333,0.147,0.0,0.238,1493100006.510,
9.022,5.101,85.312,0.141,0.0,0.424,0.0,226099.200,895480190.600,1059953.800,0.0,0.0,26506.400,38796.200,5.200,0.200,0.400,5312040960.0,253120512.0,1.61733926912e+11,1481105408.0,0.0,0.0,0.0,226099.200,26516.800,38809.0,9.023,5.102,85.309,0.141,0.0,0.424,1493100011.509,
8.049,5.302,86.305,0.030,0.0,0.313,0.0,219545.600,824365790.200,906747.200,0.0,0.0,24893.200,29643.600,6.400,0.0,0.0,5291569152.0,253132800.0,1.61734242304e+11,1501249536.0,0.0,0.0,0.0,219545.600,24881.0,29629.0,8.049,5.302,86.305,0.030,0.0,0.313,1493100016.509,
7.933,5.240,86.277,0.111,0.0,0.439,0.0,203980.800,860595590.200,945964.0,0.0,0.0,25616.400,36189.200,5.400,0.200,0.800,5295149056.0,253132800.0,1.6173453312e+11,1497378816.0,0.0,0.0,0.0,203980.800,25621.800,36190.400,7.934,5.241,86.276,0.111,0.0,0.439,1493100021.509,
8.158,5.312,86.051,0.116,0.0,0.363,0.0,167116.800,826266896.0,905503.800,0.0,0.0,29743.0,35341.400,4.800,0.0,0.400,5360312320.0,253140992.0,1.61734832128e+11,1431908352.0,0.0,0.0,0.0,167116.800,29742.400,35340.0,8.158,5.313,86.050,0.116,0.0,0.363,1493100026.510,
9.536,4.910,84.837,0.303,0.0,0.414,0.0,2890956.800,926566933.400,1197756.0,0.0,0.0,28526.400,61863.0,5.0,0.200,0.400,5344731136.0,253140992.0,1.6174594048e+11,1436381184.0,0.0,0.0,0.0,2890956.800,28523.400,61863.0,9.536,4.910,84.837,0.303,0.0,0.414,1493100031.509,
8.413,4.907,85.898,0.267,0.0,0.514,0.0,1207500.800,909051011.400,1074179.400,0.0,0.0,27556.600,47668.600,5.0,0.200,0.0,5280247808.0,253149184.0,1.61730220032e+11,1516576768.0,0.0,0.0,0.0,1207500.800,27556.0,47669.800,8.412,4.907,85.894,0.272,0.0,0.514,1493100036.510,
9.163,4.940,85.366,0.131,0.0,0.399,0.0,200704.0,921180298.800,1136802.200,0.0,0.0,28100.200,44253.400,5.0,0.0,0.400,5330903040.0,253149184.0,1.61730555904e+11,1465585664.0,0.0,0.0,0.0,200704.0,28102.600,44270.600,9.167,4.942,85.366,0.126,0.0,0.399,1493100041.509,
6.324,4.502,88.600,0.176,0.0,0.397,0.0,255590.400,632210303.200,545674.400,0.0,0.0,16705.800,21327.0,3.800,0.0,0.800,5417398272.0,253157376.0,1.61730813952e+11,1378824192.0,0.0,0.0,0.0,255590.400,16704.400,21310.0,6.320,4.503,88.603,0.176,0.0,0.398,1493100046.509,
0.286,0.195,99.439,0.070,0.0,0.010,0.0,107315.200,23820566.200,17165.200,0.0,0.0,984.800,7625.400,0.200,0.200,1.400,5040156672.0,253165568.0,1.61730912256e+11,1755959296.0,0.0,0.0,0.0,117145.600,982.200,7624.400,0.286,0.190,99.444,0.070,0.0,0.010,1493100051.510,
