"Dstat 0.7.2 CSV output"
"Author:","Dag Wieers <dag@wieers.com>",,,,"URL:","http://dag.wieers.com/home-made/dstat/"
"Host:","client0.skyhook16osds.skyhook-pg0.wisc.cloudlab.us",,,,"User:","jlefevre"
"Cmdline:","dstat -av --epoch --integer --noheaders --output dstat-client0.log 5",,,,"Date:","24 Apr 2017 21:15:41 CDT"

"total cpu usage",,,,,,"dsk/total",,"net/total",,"paging",,"system",,"procs",,,"memory usage",,,,"paging",,"dsk/total",,"system",,"total cpu usage",,,,,,"epoch"
"usr","sys","idl","wai","hiq","siq","read","writ","recv","send","in","out","int","csw","run","blk","new","used","buff","cach","free","in","out","read","writ","int","csw","usr","sys","idl","wai","hiq","siq","epoch"
0.155,0.050,99.774,0.020,0.0,0.0,0.0,12288.0,64373.600,10758.200,0.0,0.0,632.600,7257.0,0.0,0.0,2.0,5038792704.0,243404800.0,1.61712771072e+11,1785225216.0,0.0,0.0,0.0,12288.0,632.600,7257.0,0.155,0.050,99.774,0.020,0.0,0.0,1493093161.510,
0.301,0.160,99.468,0.050,0.0,0.020,0.0,139264.0,212591.0,192586.200,0.0,0.0,2568.200,12847.200,0.200,0.0,6.0,5046865920.0,243421184.0,1.61713045504e+11,1776861184.0,0.0,0.0,0.0,139264.0,2568.0,12847.200,0.296,0.165,99.468,0.050,0.0,0.020,1493093166.509,
0.336,0.166,99.388,0.090,0.0,0.020,0.0,208076.800,269580.200,242702.800,0.0,0.0,3238.200,14253.400,1.200,0.0,0.0,5046853632.0,243425280.0,1.61713414144e+11,1776500736.0,0.0,0.0,0.0,208076.800,3238.400,14253.400,0.341,0.161,99.388,0.090,0.0,0.020,1493093171.510,
0.271,0.181,99.418,0.125,0.0,0.005,0.0,206438.400,249466.600,216949.0,0.0,0.0,3322.800,13392.0,0.0,0.200,0.0,5045932032.0,243433472.0,1.61713790976e+11,1777037312.0,0.0,0.0,0.0,206438.400,3324.0,13392.0,0.266,0.181,99.423,0.125,0.0,0.005,1493093176.510,
0.376,0.221,99.027,0.356,0.0,0.020,0.0,4541644.800,249999.800,217531.0,0.0,0.0,3097.600,13890.600,0.0,0.0,0.0,5044465664.0,243449856.0,1.61708613632e+11,1783664640.0,0.0,0.0,0.0,4541644.800,3096.400,13890.600,0.381,0.221,99.022,0.356,0.0,0.020,1493093181.510,
0.281,0.216,99.428,0.050,0.0,0.025,0.0,241664.0,242630.200,208008.200,0.0,0.0,2941.200,13177.600,0.400,0.0,0.800,5042642944.0,243470336.0,1.61708986368e+11,1785094144.0,0.0,0.0,0.0,241664.0,2941.600,13177.600,0.281,0.216,99.428,0.050,0.0,0.025,1493093186.510,
0.125,0.105,99.714,0.050,0.0,0.005,0.0,201523.200,141022.600,64191.200,0.0,0.0,1331.200,9254.0,0.0,0.200,0.800,5044662272.0,243478528.0,1.61709387776e+11,1782665216.0,0.0,0.0,0.0,201523.200,1331.0,9255.800,0.120,0.105,99.719,0.050,0.0,0.005,1493093191.510,
0.060,0.050,99.850,0.035,0.0,0.005,0.0,194150.400,66145.400,6345.200,0.0,0.0,661.200,7703.600,0.200,0.0,1.0,5036318720.0,243482624.0,1.61709576192e+11,1790816256.0,0.0,0.0,0.0,194150.400,661.0,7701.800,0.060,0.050,99.850,0.035,0.0,0.005,1493093196.510,
