"Dstat 0.7.2 CSV output"
"Author:","Dag Wieers <dag@wieers.com>",,,,"URL:","http://dag.wieers.com/home-made/dstat/"
"Host:","osd0.skyhook16osds.skyhook-pg0.wisc.cloudlab.us",,,,"User:","jlefevre"
"Cmdline:","dstat -av --epoch --integer --noheaders --output dstat-osd0.log 5",,,,"Date:","24 Apr 2017 21:15:42 CDT"

"total cpu usage",,,,,,"dsk/total",,"net/total",,"paging",,"system",,"procs",,,"memory usage",,,,"paging",,"dsk/total",,"system",,"total cpu usage",,,,,,"epoch"
"usr","sys","idl","wai","hiq","siq","read","writ","recv","send","in","out","int","csw","run","blk","new","used","buff","cach","free","in","out","read","writ","int","csw","usr","sys","idl","wai","hiq","siq","epoch"
0.025,0.015,99.950,0.010,0.0,0.0,0.0,16384.0,5033.0,7109.600,0.0,0.0,243.400,291.800,0.0,0.0,0.400,2269302784.0,1630208.0,208166912.0,1.66301093888e+11,0.0,0.0,0.0,16384.0,243.400,292.200,0.025,0.015,99.950,0.010,0.0,0.0,1493090452.876,
0.145,0.325,98.499,1.021,0.0,0.010,124647833.600,11468.800,11789.600,11848.800,0.0,0.0,1389.800,2337.800,0.400,1.0,1.200,2311094272.0,1638400.0,831807488.0,1.65635653632e+11,0.0,0.0,124857548.800,11468.800,1393.0,2342.400,0.145,0.320,98.499,1.025,0.0,0.010,1493090457.876,
0.306,0.726,96.399,2.534,0.0,0.035,336882892.800,8192.0,20576.400,21110.0,0.0,0.0,3304.0,5783.0,0.800,2.600,0.800,2317164544.0,1654784.0,2514681856.0,1.63946692608e+11,0.0,0.0,336935321.600,8192.0,3302.600,5781.200,0.305,0.726,96.399,2.534,0.0,0.035,1493090462.876,
0.325,0.791,95.800,3.073,0.0,0.010,336850124.800,8192.0,17852.600,17844.0,0.0,0.0,3238.200,5730.200,0.200,2.800,0.600,2295164928.0,1662976.0,4200845312.0,1.62282520576e+11,0.0,0.0,336797696.0,8192.0,3238.400,5729.600,0.325,0.796,95.800,3.068,0.0,0.010,1493090467.876,
0.310,0.761,96.185,2.729,0.0,0.015,327026278.400,12288.0,20543.400,20466.800,0.0,0.0,3278.600,5682.400,0.600,1.400,0.800,2269933568.0,1679360.0,5834100736.0,1.60674480128e+11,0.0,0.0,326816563.200,12288.0,3276.800,5679.800,0.310,0.756,96.190,2.729,0.0,0.015,1493090472.876,
0.285,0.646,97.241,1.818,0.0,0.010,284436070.400,8192.0,22233.0,22146.800,0.0,0.0,2877.0,5020.200,0.600,1.400,0.800,2284937216.0,1687552.0,7258296320.0,1.59235272704e+11,0.0,0.0,284698214.400,8192.0,2879.200,5023.200,0.285,0.651,97.236,1.817,0.0,0.010,1493090477.876,
0.150,0.335,98.869,0.641,0.0,0.005,149921792.0,11468.800,11518.600,13855.0,0.0,0.0,1608.200,2744.200,0.400,0.600,0.800,2271850496.0,1703936.0,8007024640.0,1.5849961472e+11,0.0,0.0,149659648.0,11468.800,1605.800,2741.200,0.150,0.335,98.869,0.641,0.0,0.005,1493090482.876,
0.030,0.025,99.930,0.010,0.0,0.005,0.0,12288.0,8155.800,11316.800,0.0,0.0,288.600,340.400,0.0,0.0,1.200,2275414016.0,1712128.0,8007032832.0,1.58496034816e+11,0.0,0.0,0.0,12288.0,288.600,340.400,0.030,0.025,99.930,0.010,0.0,0.005,1493090487.876,
