"Dstat 0.7.2 CSV output"
"Author:","Dag Wieers <dag@wieers.com>",,,,"URL:","http://dag.wieers.com/home-made/dstat/"
"Host:","osd0.skyhook16osds.skyhook-pg0.wisc.cloudlab.us",,,,"User:","jlefevre"
"Cmdline:","dstat -av --epoch --integer --noheaders --output dstat-osd0.log 5",,,,"Date:","24 Apr 2017 21:15:42 CDT"

"total cpu usage",,,,,,"dsk/total",,"net/total",,"paging",,"system",,"procs",,,"memory usage",,,,"paging",,"dsk/total",,"system",,"total cpu usage",,,,,,"epoch"
"usr","sys","idl","wai","hiq","siq","read","writ","recv","send","in","out","int","csw","run","blk","new","used","buff","cach","free","in","out","read","writ","int","csw","usr","sys","idl","wai","hiq","siq","epoch"
0.015,0.015,99.965,0.005,0.0,0.0,0.0,8192.0,4120.800,6407.200,0.0,0.0,186.200,200.200,0.0,0.0,0.0,2305290240.0,4415488.0,8016863232.0,1.58453624832e+11,0.0,0.0,0.0,8192.0,182.800,199.200,0.015,0.015,99.965,0.005,0.0,0.0,1493091292.876,
0.060,0.140,99.795,0.0,0.0,0.005,0.0,14745.600,73927.600,50255074.200,0.0,0.0,1550.600,379.200,0.400,0.0,0.0,2312441856.0,4431872.0,8016859136.0,1.58446460928e+11,0.0,0.0,0.0,14745.600,1550.800,379.200,0.060,0.135,99.800,0.0,0.0,0.005,1493091297.876,
0.065,0.140,99.795,0.0,0.0,0.0,0.0,13926.400,61189.600,44795431.800,0.0,0.0,1334.800,425.400,0.0,0.0,0.400,2350657536.0,4448256.0,8016867328.0,1.58408220672e+11,0.0,0.0,0.0,13926.400,1334.800,425.400,0.065,0.145,99.790,0.0,0.0,0.0,1493091302.876,
0.075,0.185,99.735,0.0,0.0,0.005,0.0,0.0,68407.800,46762955.800,0.0,0.0,1559.600,415.0,0.0,0.0,0.0,2406227968.0,4448256.0,8016863232.0,1.58352654336e+11,0.0,0.0,0.0,0.0,1560.600,415.400,0.075,0.185,99.735,0.0,0.0,0.005,1493091307.876,
0.065,0.145,99.790,0.0,0.0,0.0,0.0,7372.800,63937.0,42335894.200,0.0,0.0,1538.0,365.600,0.0,0.0,0.400,2467078144.0,4464640.0,8016867328.0,1.5829178368e+11,0.0,0.0,0.0,7372.800,1537.0,365.200,0.065,0.140,99.795,0.0,0.0,0.0,1493091312.876,
0.065,0.195,99.730,0.010,0.0,0.0,0.0,4915.200,96155.600,70506730.0,0.0,0.0,1974.0,432.200,0.0,0.0,0.0,2452586496.0,4472832.0,8016867328.0,1.58306267136e+11,0.0,0.0,0.0,4915.200,1974.0,432.200,0.065,0.195,99.730,0.010,0.0,0.0,1493091317.876,
0.075,0.180,99.745,0.0,0.0,0.0,0.0,2457.600,77005.200,62373803.0,0.0,0.0,1709.400,419.600,0.0,0.0,0.400,2471497728.0,4481024.0,8016875520.0,1.5828733952e+11,0.0,0.0,0.0,2457.600,1709.800,419.600,0.075,0.180,99.745,0.0,0.0,0.0,1493091322.876,
0.045,0.155,99.780,0.015,0.0,0.005,0.0,12288.0,73973.0,55001849.0,0.0,0.0,1728.400,374.0,0.0,0.0,0.400,2396229632.0,4489216.0,8016875520.0,1.58362599424e+11,0.0,0.0,0.0,12288.0,1728.400,374.0,0.045,0.155,99.780,0.015,0.0,0.005,1493091327.876,
0.055,0.115,99.820,0.005,0.0,0.005,0.0,11468.800,71554.400,55994823.800,0.0,0.0,1835.0,359.600,0.0,0.0,0.0,2313981952.0,4505600.0,8016875520.0,1.5844483072e+11,0.0,0.0,0.0,11468.800,1834.600,359.600,0.055,0.115,99.820,0.005,0.0,0.005,1493091332.876,
0.065,0.155,99.775,0.005,0.0,0.0,0.0,8192.0,73015.800,56918892.800,0.0,0.0,2347.800,400.0,0.200,0.0,0.0,2341093376.0,4521984.0,8016879616.0,1.58417698816e+11,0.0,0.0,0.0,8192.0,2347.800,400.0,0.065,0.160,99.770,0.005,0.0,0.0,1493091337.876,
0.070,0.195,99.730,0.005,0.0,0.0,0.0,7372.800,78506.0,58296437.400,0.0,0.0,2369.0,475.0,0.0,0.0,0.400,2400149504.0,4530176.0,8016879616.0,1.58358634496e+11,0.0,0.0,0.0,7372.800,2369.0,475.0,0.070,0.195,99.730,0.005,0.0,0.0,1493091342.876,
0.055,0.130,99.815,0.0,0.0,0.0,0.0,7372.800,72260.200,52968721.600,0.0,0.0,2356.200,403.600,0.0,0.0,0.400,2319482880.0,4546560.0,8016871424.0,1.58439292928e+11,0.0,0.0,0.0,7372.800,2356.600,403.600,0.055,0.125,99.820,0.0,0.0,0.0,1493091347.876,
0.085,0.205,99.710,0.0,0.0,0.0,0.0,0.0,82117.0,62258638.0,0.0,0.0,2619.800,471.400,0.200,0.0,0.0,2368942080.0,4546560.0,8016883712.0,1.5838982144e+11,0.0,0.0,0.0,0.0,2621.600,471.400,0.085,0.205,99.710,0.0,0.0,0.0,1493091352.876,
0.065,0.155,99.755,0.015,0.0,0.010,0.0,10649.600,64967.800,44983855.800,0.0,0.0,2138.800,431.600,0.200,0.0,0.0,2409394176.0,4562944.0,8016887808.0,1.58349348864e+11,0.0,0.0,0.0,10649.600,2136.600,431.600,0.065,0.155,99.755,0.015,0.0,0.010,1493091357.876,
0.070,0.200,99.720,0.0,0.0,0.010,0.0,8192.0,86139.600,67808073.600,0.0,0.0,2703.800,508.200,0.0,0.0,0.400,2355605504.0,4571136.0,8016887808.0,1.58403129344e+11,0.0,0.0,0.0,8192.0,2703.800,508.200,0.070,0.200,99.720,0.0,0.0,0.010,1493091362.876,
0.065,0.140,99.785,0.010,0.0,0.0,25395.200,12288.0,73914.0,54742336.0,0.0,0.0,1877.800,413.600,0.0,0.0,0.600,2294947840.0,4587520.0,8017018880.0,1.58463639552e+11,0.0,0.0,25395.200,12288.0,1880.0,413.600,0.065,0.140,99.785,0.010,0.0,0.0,1493091367.876,
0.070,0.175,99.750,0.0,0.0,0.005,0.0,13107.200,74956.400,54057368.200,0.0,0.0,1681.400,408.600,0.0,0.0,0.0,2350153728.0,4603904.0,8017018880.0,1.5840841728e+11,0.0,0.0,0.0,13107.200,1679.200,408.600,0.070,0.175,99.750,0.0,0.0,0.005,1493091372.876,
0.060,0.095,99.845,0.0,0.0,0.0,0.0,0.0,57865.0,47176107.800,0.0,0.0,1293.600,369.400,0.0,0.0,0.0,2310840320.0,4603904.0,8017022976.0,1.58447726592e+11,0.0,0.0,0.0,0.0,1293.600,369.400,0.060,0.095,99.845,0.0,0.0,0.0,1493091377.876,
0.075,0.205,99.705,0.010,0.0,0.005,0.0,10649.600,89603.600,65423745.0,0.0,0.0,1988.600,455.400,0.0,0.0,0.0,2376093696.0,4620288.0,8017018880.0,1.58382460928e+11,0.0,0.0,0.0,10649.600,1988.600,455.400,0.075,0.210,99.700,0.010,0.0,0.005,1493091382.876,
0.085,0.180,99.735,0.0,0.0,0.0,0.0,4915.200,84953.400,75543659.400,0.0,0.0,1896.800,436.400,0.0,0.0,0.800,2307338240.0,4628480.0,8017022976.0,1.58451204096e+11,0.0,0.0,0.0,4915.200,1899.800,436.400,0.085,0.175,99.740,0.0,0.0,0.0,1493091387.876,
0.070,0.110,99.820,0.0,0.0,0.0,0.0,7372.800,60787.400,41596826.0,0.0,0.0,1357.800,384.400,0.0,0.0,0.200,2303934464.0,4644864.0,8017031168.0,1.58454583296e+11,0.0,0.0,0.0,7372.800,1354.800,384.400,0.070,0.110,99.820,0.0,0.0,0.0,1493091392.876,
0.070,0.185,99.740,0.0,0.0,0.005,0.0,12288.0,85160.800,64694408.400,0.0,0.0,1830.400,373.200,0.0,0.0,0.0,2315313152.0,4653056.0,8017031168.0,1.58443196416e+11,0.0,0.0,0.0,12288.0,1832.800,373.200,0.070,0.185,99.740,0.0,0.0,0.005,1493091397.876,
0.060,0.155,99.785,0.0,0.0,0.0,0.0,14745.600,70972.400,48323196.600,0.0,0.0,1543.200,436.200,0.0,0.0,0.0,2344243200.0,4669440.0,8017027072.0,1.5841425408e+11,0.0,0.0,0.0,14745.600,1540.800,436.200,0.060,0.160,99.780,0.0,0.0,0.0,1493091402.876,
0.055,0.085,99.845,0.010,0.0,0.005,0.0,8192.0,51631.0,37504265.400,0.0,0.0,1164.600,363.400,0.0,0.0,0.800,2276245504.0,4685824.0,8017035264.0,1.584822272e+11,0.0,0.0,0.0,8192.0,1164.600,363.400,0.055,0.080,99.850,0.010,0.0,0.005,1493091407.876,
0.055,0.160,99.775,0.010,0.0,0.0,0.0,7372.800,59252.200,41901176.400,0.0,0.0,1277.600,319.600,0.0,0.0,0.0,2372071424.0,4694016.0,8017035264.0,1.58386393088e+11,0.0,0.0,0.0,7372.800,1278.600,319.600,0.055,0.160,99.775,0.010,0.0,0.0,1493091412.876,
0.095,0.220,99.685,0.0,0.0,0.0,0.0,2457.600,120495.200,84593285.800,0.0,0.0,2425.600,505.600,0.200,0.0,0.0,2327715840.0,4702208.0,8017035264.0,1.5843074048e+11,0.0,0.0,0.0,2457.600,2434.600,505.600,0.095,0.225,99.680,0.0,0.0,0.0,1493091417.876,
0.060,0.160,99.775,0.005,0.0,0.0,0.0,4915.200,65661.0,56691198.600,0.0,0.0,1475.800,422.800,0.0,0.0,0.200,2297012224.0,4710400.0,8017031168.0,1.5846144e+11,0.0,0.0,0.0,4915.200,1465.800,422.800,0.060,0.160,99.775,0.005,0.0,0.0,1493091422.876,
0.060,0.115,99.815,0.010,0.0,0.0,0.0,12288.0,38166.0,38961146.400,0.0,0.0,1103.400,343.800,0.0,0.0,0.800,2313940992.0,4726784.0,8017043456.0,1.5844448256e+11,0.0,0.0,0.0,12288.0,1103.400,343.800,0.060,0.110,99.820,0.010,0.0,0.0,1493091427.876,
0.050,0.095,99.855,0.0,0.0,0.0,0.0,4915.200,54657.200,40636473.200,0.0,0.0,1699.800,325.600,0.0,0.0,0.0,2301222912.0,4734976.0,8017043456.0,1.58457192448e+11,0.0,0.0,0.0,4915.200,1699.800,325.600,0.050,0.100,99.850,0.0,0.0,0.0,1493091432.876,
0.060,0.135,99.805,0.0,0.0,0.0,0.0,9011.200,41490.800,32668572.400,0.0,0.0,1416.800,385.600,0.0,0.0,0.0,2391572480.0,4743168.0,8017047552.0,1.58366830592e+11,0.0,0.0,0.0,9011.200,1416.800,385.600,0.060,0.135,99.805,0.0,0.0,0.0,1493091437.876,
0.060,0.160,99.770,0.005,0.0,0.005,0.0,9830.400,75047.600,67468905.800,0.0,0.0,2331.200,405.0,0.0,0.0,0.0,2287136768.0,4759552.0,8017043456.0,1.58471254016e+11,0.0,0.0,0.0,9830.400,2331.200,405.0,0.060,0.160,99.770,0.005,0.0,0.005,1493091442.876,
0.030,0.035,99.935,0.0,0.0,0.0,0.0,8192.0,13297.800,8854170.600,0.0,0.0,490.200,261.800,0.0,0.0,0.800,2285359104.0,4767744.0,8017051648.0,1.58473015296e+11,0.0,0.0,0.0,8192.0,490.0,261.800,0.030,0.035,99.935,0.0,0.0,0.0,1493091447.876,
0.010,0.015,99.975,0.0,0.0,0.0,0.0,7372.800,4410.200,6333.200,0.0,0.0,185.0,199.600,0.0,0.0,0.0,2285342720.0,4784128.0,8017051648.0,1.58473015296e+11,0.0,0.0,0.0,7372.800,185.200,199.600,0.010,0.015,99.975,0.0,0.0,0.0,1493091452.876,
