"Dstat 0.7.2 CSV output"
"Author:","Dag Wieers <dag@wieers.com>",,,,"URL:","http://dag.wieers.com/home-made/dstat/"
"Host:","osd1.skyhook16osds.skyhook-pg0.wisc.cloudlab.us",,,,"User:","jlefevre"
"Cmdline:","dstat -av --epoch --integer --noheaders --output dstat-osd1.log 5",,,,"Date:","24 Apr 2017 21:15:43 CDT"

"total cpu usage",,,,,,"dsk/total",,"net/total",,"paging",,"system",,"procs",,,"memory usage",,,,"paging",,"dsk/total",,"system",,"total cpu usage",,,,,,"epoch"
"usr","sys","idl","wai","hiq","siq","read","writ","recv","send","in","out","int","csw","run","blk","new","used","buff","cach","free","in","out","read","writ","int","csw","usr","sys","idl","wai","hiq","siq","epoch"
0.020,0.015,99.960,0.005,0.0,0.0,5734.400,11468.800,5335.400,7903.0,0.0,0.0,246.200,303.200,0.0,0.0,0.600,2015981568.0,1323008.0,234291200.0,1.66528598016e+11,0.0,0.0,5734.400,11468.800,246.200,303.200,0.015,0.015,99.965,0.005,0.0,0.0,1493099883.679,
0.050,0.125,99.620,0.205,0.0,0.0,34816000.0,14745.600,48967.600,35467134.0,0.0,0.0,1714.800,906.800,0.0,0.200,0.400,2018017280.0,1339392.0,408907776.0,1.66351929344e+11,0.0,0.0,35025715.200,14745.600,1716.0,909.200,0.050,0.130,99.615,0.205,0.0,0.0,1493099888.679,
0.095,0.250,99.445,0.210,0.0,0.0,62994841.600,12288.0,88193.600,59205044.800,0.0,0.0,3201.0,1376.400,0.200,0.0,0.800,2056695808.0,1355776.0,724164608.0,1.659979776e+11,0.0,0.0,62942412.800,12288.0,3200.800,1375.200,0.095,0.245,99.450,0.210,0.0,0.0,1493099893.679,
0.070,0.170,99.590,0.160,0.0,0.010,43214438.400,13926.400,70546.0,50183076.400,0.0,0.0,2626.400,1064.800,0.0,0.0,0.800,2030211072.0,1372160.0,938409984.0,1.65810200576e+11,0.0,0.0,43057152.0,13926.400,2625.400,1063.600,0.070,0.170,99.590,0.160,0.0,0.010,1493099898.679,
0.085,0.165,99.550,0.195,0.0,0.005,44955238.400,12288.0,58216.400,44851714.800,0.0,0.0,2309.200,1088.400,0.200,0.200,0.800,2044682240.0,1388544.0,1164828672.0,1.65569294336e+11,0.0,0.0,45128089.600,12288.0,2310.0,1089.400,0.085,0.165,99.545,0.200,0.0,0.005,1493099903.679,
0.050,0.125,99.675,0.145,0.0,0.005,34022195.200,9011.200,48885.0,40500831.600,0.0,0.0,1749.600,850.200,0.200,0.0,0.0,2013282304.0,1396736.0,1334312960.0,1.65431201792e+11,0.0,0.0,33849344.0,9011.200,1748.800,849.200,0.050,0.130,99.675,0.140,0.0,0.005,1493099908.679,
0.050,0.125,99.670,0.155,0.0,0.0,42307584.0,13926.400,41051.600,39519291.800,0.0,0.0,1783.800,972.800,0.0,0.0,0.600,2041655296.0,1413120.0,1545990144.0,1.65191135232e+11,0.0,0.0,42307584.0,13926.400,1788.400,973.0,0.055,0.120,99.670,0.155,0.0,0.0,1493099913.679,
0.045,0.085,99.765,0.105,0.0,0.0,19743539.200,12288.0,33501.400,23986921.600,0.0,0.0,1246.800,608.200,0.0,0.0,0.800,2028974080.0,1429504.0,1644802048.0,1.6510498816e+11,0.0,0.0,19743539.200,12288.0,1242.200,608.0,0.040,0.085,99.770,0.105,0.0,0.0,1493099918.679,
0.030,0.060,99.835,0.075,0.0,0.0,25384550.400,9011.200,31074.800,23017668.0,0.0,0.0,1250.400,674.0,0.0,0.200,0.0,2043895808.0,1437696.0,1771499520.0,1.64963360768e+11,0.0,0.0,25384550.400,9011.200,1267.600,674.0,0.030,0.065,99.830,0.075,0.0,0.0,1493099923.679,
0.075,0.135,99.645,0.140,0.0,0.005,39156940.800,13107.200,52697.0,40743666.800,0.0,0.0,2093.0,982.0,0.200,0.200,0.800,2042712064.0,1454080.0,1967521792.0,1.64768505856e+11,0.0,0.0,39340441.600,13107.200,2077.0,984.400,0.075,0.130,99.650,0.140,0.0,0.005,1493099928.679,
0.045,0.100,99.715,0.135,0.0,0.005,25714688.0,11468.800,47048.800,32047985.800,0.0,0.0,1754.200,682.800,0.0,0.200,0.0,2011025408.0,1470464.0,2095857664.0,1.64671840256e+11,0.0,0.0,25531187.200,11468.800,1753.0,680.400,0.050,0.100,99.710,0.135,0.0,0.005,1493099933.679,
0.045,0.050,99.850,0.055,0.0,0.0,19743539.200,4096.0,29136.800,18055857.800,0.0,0.0,1130.400,597.200,0.0,0.0,0.400,2027077632.0,1470464.0,2193948672.0,1.64557697024e+11,0.0,0.0,19743539.200,4096.0,1130.400,597.400,0.040,0.055,99.850,0.055,0.0,0.0,1493099938.679,
0.060,0.140,99.670,0.125,0.0,0.005,36666572.800,15564.800,62236.0,40976679.0,0.0,0.0,2194.0,991.200,0.0,0.200,0.400,2009542656.0,1486848.0,2377916416.0,1.64391247872e+11,0.0,0.0,36666572.800,15564.800,2194.0,991.0,0.060,0.140,99.670,0.125,0.0,0.005,1493099943.679,
0.045,0.080,99.785,0.085,0.0,0.005,25384550.400,7372.800,32906.200,23997480.800,0.0,0.0,1327.800,687.0,0.0,0.0,0.800,2031149056.0,1503232.0,2504855552.0,1.64242685952e+11,0.0,0.0,25384550.400,7372.800,1334.400,687.0,0.050,0.075,99.785,0.085,0.0,0.005,1493099948.679,
0.060,0.110,99.770,0.060,0.0,0.0,28205056.0,12288.0,52939.0,32132574.600,0.0,0.0,1836.400,773.800,0.0,0.0,0.800,2014773248.0,1511424.0,2646110208.0,1.64117798912e+11,0.0,0.0,28205056.0,12288.0,1833.200,774.800,0.060,0.110,99.770,0.060,0.0,0.0,1493099953.679,
0.060,0.125,99.715,0.100,0.0,0.0,33846067.200,22118.400,42438.600,35405893.200,0.0,0.0,1675.600,832.400,0.0,0.200,0.400,2014887936.0,1527808.0,2815119360.0,1.63948658688e+11,0.0,0.0,33846067.200,22118.400,1672.200,831.400,0.055,0.125,99.720,0.100,0.0,0.0,1493099958.679,
0.060,0.155,99.650,0.135,0.0,0.0,42464870.400,12288.0,62634.600,44243394.800,0.0,0.0,2379.200,1050.200,0.0,0.200,0.400,2015993856.0,1544192.0,3028189184.0,1.6373446656e+11,0.0,0.0,42648371.200,12288.0,2380.400,1052.200,0.065,0.155,99.645,0.135,0.0,0.0,1493099963.679,
0.080,0.115,99.695,0.105,0.0,0.005,30868275.200,14745.600,39109.600,32462367.0,0.0,0.0,1711.0,872.200,0.0,0.400,1.200,2018177024.0,1560576.0,3181789184.0,1.63578667008e+11,0.0,0.0,30684774.400,14745.600,1709.800,870.200,0.075,0.120,99.695,0.105,0.0,0.005,1493099968.679,
0.070,0.135,99.670,0.120,0.0,0.005,33846067.200,5734.400,54304.200,35410108.200,0.0,0.0,1928.600,963.0,0.0,0.0,1.200,2019356672.0,1560576.0,3351031808.0,1.63408244736e+11,0.0,0.0,33846067.200,5734.400,1928.600,963.0,0.070,0.130,99.675,0.120,0.0,0.005,1493099973.679,
0.065,0.135,99.665,0.135,0.0,0.0,33846067.200,16384.0,42373.800,35402575.800,0.0,0.0,1713.400,899.600,0.0,0.0,1.600,2017660928.0,1576960.0,3520262144.0,1.6324069376e+11,0.0,0.0,33846067.200,16384.0,1713.400,899.600,0.065,0.135,99.665,0.135,0.0,0.0,1493099978.679,
0.075,0.125,99.625,0.175,0.0,0.0,36666572.800,18022.400,45489.800,29896823.0,0.0,0.0,1822.0,1004.800,0.0,0.200,0.800,2066685952.0,1593344.0,3703115776.0,1.6300879872e+11,0.0,0.0,36666572.800,18022.400,1822.0,1004.800,0.080,0.125,99.620,0.175,0.0,0.0,1493099983.679,
0.080,0.215,99.435,0.270,0.0,0.0,56410112.0,9011.200,86270.400,66579604.800,0.0,0.0,3134.400,1294.800,0.0,0.0,0.200,2031390720.0,1601536.0,3985649664.0,1.62761551872e+11,0.0,0.0,56410112.0,9011.200,3134.600,1294.800,0.075,0.215,99.440,0.270,0.0,0.0,1493099988.679,
0.050,0.135,99.680,0.135,0.0,0.0,36666572.800,17203.200,41488.400,33567877.600,0.0,0.0,1679.400,882.400,0.0,0.200,0.200,2047254528.0,1617920.0,4168982528.0,1.62562338816e+11,0.0,0.0,36666572.800,17203.200,1679.200,882.400,0.055,0.135,99.675,0.135,0.0,0.0,1493099993.679,
0.080,0.175,99.545,0.190,0.0,0.010,53589606.400,12288.0,63158.600,53729175.400,0.0,0.0,2505.800,1190.200,0.0,0.0,1.200,2060660736.0,1634304.0,4436938752.0,1.6228096e+11,0.0,0.0,53589606.400,12288.0,2505.800,1190.200,0.080,0.175,99.545,0.190,0.0,0.010,1493099998.679,
0.050,0.135,99.635,0.180,0.0,0.0,39487078.400,11468.800,62310.800,49345281.0,0.0,0.0,2355.200,981.200,0.0,0.0,0.0,2016899072.0,1650688.0,4634370048.0,1.62127273984e+11,0.0,0.0,39487078.400,11468.800,2355.200,981.200,0.045,0.140,99.635,0.180,0.0,0.0,1493100003.679,
0.045,0.070,99.795,0.090,0.0,0.0,19743539.200,9830.400,30806.400,20685611.600,0.0,0.0,1166.0,590.400,0.0,0.0,0.400,2016251904.0,1658880.0,4733087744.0,1.62029195264e+11,0.0,0.0,19743539.200,9830.400,1166.0,590.400,0.045,0.065,99.800,0.090,0.0,0.0,1493100008.679,
0.040,0.070,99.825,0.065,0.0,0.0,16923033.600,7372.800,34922.0,17724623.600,0.0,0.0,1111.200,561.600,0.0,0.0,0.0,2016497664.0,1667072.0,4817715200.0,1.61944313856e+11,0.0,0.0,16923033.600,7372.800,1111.200,561.600,0.045,0.070,99.820,0.065,0.0,0.0,1493100013.679,
0.045,0.100,99.775,0.080,0.0,0.0,22564044.800,8192.0,28414.200,18111254.400,0.0,0.0,1186.800,634.400,0.0,0.0,0.400,2049363968.0,1683456.0,4930437120.0,1.61798709248e+11,0.0,0.0,22564044.800,8192.0,1195.0,634.400,0.040,0.100,99.780,0.080,0.0,0.0,1493100018.679,
0.040,0.080,99.780,0.095,0.0,0.005,19743539.200,13107.200,34312.400,26188451.800,0.0,0.0,1379.400,630.800,0.0,0.0,0.800,2016915456.0,1691648.0,5029257216.0,1.61732329472e+11,0.0,0.0,19743539.200,13107.200,1371.200,630.800,0.045,0.080,99.775,0.095,0.0,0.005,1493100023.679,
0.035,0.100,99.745,0.120,0.0,0.0,25384550.400,16384.0,24285.800,21144786.800,0.0,0.0,1045.800,669.200,0.0,0.0,0.400,2048782336.0,1708032.0,5156188160.0,1.61573515264e+11,0.0,0.0,25384550.400,16384.0,1045.800,669.200,0.030,0.100,99.750,0.120,0.0,0.0,1493100028.679,
0.050,0.135,99.660,0.145,0.0,0.010,39487078.400,13107.200,61600.600,46719824.400,0.0,0.0,2223.0,950.400,0.0,0.0,0.400,2020069376.0,1716224.0,5353623552.0,1.6140478464e+11,0.0,0.0,39487078.400,13107.200,2223.0,950.400,0.055,0.135,99.655,0.145,0.0,0.010,1493100033.679,
0.050,0.090,99.725,0.130,0.0,0.005,31025561.600,9830.400,40267.200,27192328.400,0.0,0.0,1607.200,791.200,0.0,0.0,0.0,2051330048.0,1732608.0,5508755456.0,1.6121837568e+11,0.0,0.0,31025561.600,9830.400,1607.200,791.200,0.045,0.095,99.725,0.130,0.0,0.005,1493100038.679,
0.030,0.065,99.855,0.050,0.0,0.0,11282022.400,12288.0,29675.0,17088630.0,0.0,0.0,1003.400,522.200,0.0,0.0,0.800,2019119104.0,1740800.0,5565165568.0,1.6119416832e+11,0.0,0.0,11282022.400,12288.0,1003.400,522.200,0.035,0.060,99.855,0.050,0.0,0.0,1493100043.679,
0.030,0.020,99.930,0.020,0.0,0.0,0.0,11468.800,6804.800,9257.800,0.0,0.0,246.0,287.200,0.0,0.0,0.400,2016768000.0,1757184.0,5565169664.0,1.61196498944e+11,0.0,0.0,0.0,11468.800,246.200,287.200,0.025,0.020,99.935,0.020,0.0,0.0,1493100048.679,
