"Dstat 0.7.2 CSV output"
"Author:","Dag Wieers <dag@wieers.com>",,,,"URL:","http://dag.wieers.com/home-made/dstat/"
"Host:","osd0.skyhook16osds.skyhook-pg0.wisc.cloudlab.us",,,,"User:","jlefevre"
"Cmdline:","dstat -av --epoch --integer --noheaders --output dstat-osd0.log 5",,,,"Date:","24 Apr 2017 21:15:42 CDT"

"total cpu usage",,,,,,"dsk/total",,"net/total",,"paging",,"system",,"procs",,,"memory usage",,,,"paging",,"dsk/total",,"system",,"total cpu usage",,,,,,"epoch"
"usr","sys","idl","wai","hiq","siq","read","writ","recv","send","in","out","int","csw","run","blk","new","used","buff","cach","free","in","out","read","writ","int","csw","usr","sys","idl","wai","hiq","siq","epoch"
0.015,0.015,99.970,0.0,0.0,0.0,0.0,8192.0,4419.200,6718.600,0.0,0.0,196.600,246.600,0.0,0.0,0.0,2271092736.0,1855488.0,8060108800.0,1.58447136768e+11,0.0,0.0,0.0,8192.0,196.600,246.600,0.015,0.015,99.970,0.0,0.0,0.0,1493099062.876,
0.025,0.020,99.955,0.0,0.0,0.0,0.0,11468.800,4923.600,6995.0,0.0,0.0,220.800,254.400,0.600,0.0,0.400,2272976896.0,1871872.0,8060104704.0,1.5844524032e+11,0.0,0.0,0.0,11468.800,223.200,267.0,0.025,0.030,99.945,0.0,0.0,0.0,1493099067.876,
0.070,0.225,99.695,0.0,0.0,0.010,0.0,9830.400,101373.200,64962579.0,0.0,0.0,2068.600,437.600,0.200,0.0,0.400,2275938304.0,1888256.0,8060108800.0,1.58442258432e+11,0.0,0.0,0.0,9830.400,2066.400,425.0,0.070,0.220,99.700,0.0,0.0,0.010,1493099072.876,
0.065,0.195,99.725,0.015,0.0,0.0,0.0,8192.0,109601.600,64335873.600,0.0,0.0,2159.400,409.0,0.800,0.0,0.400,2307690496.0,1896448.0,8060108800.0,1.58410498048e+11,0.0,0.0,0.0,8192.0,2162.200,409.800,0.065,0.195,99.725,0.015,0.0,0.0,1493099077.876,
0.070,0.180,99.745,0.0,0.0,0.005,0.0,2457.600,113820.0,65535391.0,0.0,0.0,2675.600,516.800,0.0,0.0,0.0,2269958144.0,1904640.0,8060108800.0,1.58448222208e+11,0.0,0.0,0.0,2457.600,2672.600,516.0,0.070,0.180,99.745,0.0,0.0,0.005,1493099082.876,
0.070,0.220,99.700,0.0,0.0,0.010,0.0,9830.400,107648.0,70728992.400,0.0,0.0,3143.800,435.600,0.200,0.0,0.0,2271236096.0,1912832.0,8060108800.0,1.58446936064e+11,0.0,0.0,0.0,9830.400,3143.800,435.600,0.070,0.220,99.700,0.0,0.0,0.010,1493099087.876,
0.100,0.225,99.670,0.005,0.0,0.0,0.0,10649.600,122585.600,66876250.0,0.0,0.0,3558.600,584.400,0.200,0.0,0.400,2344554496.0,1929216.0,8060116992.0,1.58373593088e+11,0.0,0.0,0.0,10649.600,3566.400,584.800,0.100,0.230,99.665,0.005,0.0,0.0,1493099092.876,
0.070,0.155,99.775,0.0,0.0,0.0,0.0,8192.0,109084.0,63050793.800,0.0,0.0,3186.400,395.200,0.0,0.0,0.400,2272878592.0,1937408.0,8060116992.0,1.584452608e+11,0.0,0.0,0.0,8192.0,3178.600,394.800,0.070,0.145,99.785,0.0,0.0,0.0,1493099097.876,
0.055,0.120,99.820,0.0,0.0,0.005,0.0,9011.200,63787.400,41295396.400,0.0,0.0,1989.200,312.200,0.200,0.0,0.400,2272133120.0,1953792.0,8060121088.0,1.58445985792e+11,0.0,0.0,0.0,9011.200,1989.200,312.200,0.055,0.125,99.815,0.0,0.0,0.005,1493099102.876,
0.065,0.190,99.745,0.0,0.0,0.0,0.0,5734.400,102894.200,63725230.0,0.0,0.0,2948.200,407.600,0.0,0.0,0.200,2289209344.0,1961984.0,8060121088.0,1.58428901376e+11,0.0,0.0,0.0,5734.400,2953.600,407.600,0.065,0.190,99.745,0.0,0.0,0.0,1493099107.876,
0.090,0.240,99.655,0.010,0.0,0.005,0.0,4915.200,132378.200,80901508.600,0.0,0.0,3800.400,556.200,0.0,0.0,0.400,2276511744.0,1970176.0,8060129280.0,1.58441582592e+11,0.0,0.0,0.0,4915.200,3795.0,556.200,0.090,0.240,99.655,0.010,0.0,0.005,1493099112.876,
0.060,0.155,99.785,0.0,0.0,0.0,0.0,10649.600,90246.200,59350532.200,0.0,0.0,2627.800,434.800,0.200,0.0,0.0,2295713792.0,1986560.0,8060129280.0,1.5842236416e+11,0.0,0.0,0.0,10649.600,2627.800,434.800,0.060,0.150,99.790,0.0,0.0,0.0,1493099117.876,
0.060,0.165,99.775,0.0,0.0,0.0,0.0,9011.200,91251.400,59049291.800,0.0,0.0,2716.0,410.800,0.0,0.0,0.400,2317455360.0,1994752.0,8060129280.0,1.584006144e+11,0.0,0.0,0.0,9011.200,2716.200,410.800,0.060,0.170,99.770,0.0,0.0,0.0,1493099122.876,
0.065,0.180,99.750,0.0,0.0,0.005,0.0,10649.600,94934.600,70421779.400,0.0,0.0,2978.800,410.400,0.0,0.0,0.400,2270883840.0,2011136.0,8060133376.0,1.5844716544e+11,0.0,0.0,0.0,10649.600,2978.600,410.400,0.065,0.175,99.755,0.0,0.0,0.005,1493099127.876,
0.060,0.130,99.800,0.0,0.0,0.010,0.0,4915.200,66868.600,47629095.400,0.0,0.0,2165.600,341.400,0.0,0.0,0.0,2289369088.0,2019328.0,8060133376.0,1.58428672e+11,0.0,0.0,0.0,4915.200,2165.600,341.400,0.060,0.135,99.795,0.0,0.0,0.010,1493099132.876,
0.065,0.170,99.765,0.0,0.0,0.0,0.0,6553.600,100994.400,70403028.0,0.0,0.0,2821.600,411.0,0.400,0.200,0.0,2272464896.0,2035712.0,8060125184.0,1.58445568e+11,0.0,0.0,0.0,10649.600,2822.200,413.600,0.065,0.170,99.765,0.0,0.0,0.0,1493099137.876,
0.055,0.145,99.800,0.0,0.0,0.0,0.0,8192.0,89843.200,53134853.400,0.0,0.0,2495.600,490.400,0.0,0.0,0.400,2271973376.0,2043904.0,8060133376.0,1.58446043136e+11,0.0,0.0,0.0,4096.0,2495.0,487.800,0.055,0.140,99.805,0.0,0.0,0.0,1493099142.876,
0.075,0.235,99.675,0.0,0.0,0.015,0.0,4915.200,122319.200,78559168.600,0.0,0.0,3684.0,498.200,0.0,0.0,0.0,2334466048.0,2052096.0,8060133376.0,1.58383542272e+11,0.0,0.0,0.0,4915.200,3684.0,498.200,0.075,0.240,99.670,0.0,0.0,0.015,1493099147.876,
0.065,0.185,99.745,0.005,0.0,0.0,0.0,12288.0,102532.200,64112211.600,0.0,0.0,3096.600,475.400,0.0,0.0,0.800,2322571264.0,2068480.0,8060141568.0,1.5839541248e+11,0.0,0.0,0.0,12288.0,3100.400,475.400,0.065,0.185,99.745,0.005,0.0,0.0,1493099152.876,
0.070,0.170,99.755,0.0,0.0,0.005,0.0,4915.200,113455.0,70009520.600,0.0,0.0,3380.800,448.800,0.0,0.0,0.0,2308759552.0,2076672.0,8060141568.0,1.58409216e+11,0.0,0.0,0.0,4915.200,3377.0,448.800,0.070,0.170,99.755,0.0,0.0,0.005,1493099157.876,
0.055,0.155,99.785,0.005,0.0,0.0,819.200,12288.0,88682.0,53134408.800,0.0,0.0,2555.600,414.200,0.0,0.0,0.200,2294001664.0,2093056.0,8060145664.0,1.58423953408e+11,0.0,0.0,819.200,12288.0,2555.800,414.600,0.055,0.155,99.785,0.005,0.0,0.0,1493099162.876,
0.070,0.140,99.775,0.010,0.0,0.005,0.0,8192.0,74954.600,46238101.0,0.0,0.0,2171.400,425.200,0.0,0.0,1.0,2296958976.0,2101248.0,8060149760.0,1.58420983808e+11,0.0,0.0,0.0,8192.0,2174.0,425.0,0.070,0.140,99.775,0.010,0.0,0.005,1493099167.876,
0.045,0.125,99.830,0.0,0.0,0.0,0.0,3276.800,72171.600,44279298.800,0.0,0.0,2202.400,390.400,0.0,0.0,0.0,2308739072.0,2109440.0,8060153856.0,1.58409191424e+11,0.0,0.0,0.0,3276.800,2202.600,390.200,0.045,0.125,99.830,0.0,0.0,0.0,1493099172.876,
0.085,0.215,99.700,0.0,0.0,0.0,0.0,7372.800,107413.800,72103830.400,0.0,0.0,3274.200,526.400,0.0,0.0,0.400,2328469504.0,2125824.0,8060149760.0,1.58389448704e+11,0.0,0.0,0.0,7372.800,3271.200,526.400,0.085,0.215,99.700,0.0,0.0,0.0,1493099177.876,
0.085,0.205,99.710,0.0,0.0,0.0,0.0,4915.200,111362.400,72396322.200,0.0,0.0,3169.600,467.800,0.200,0.0,0.800,2306891776.0,2134016.0,8060157952.0,1.58411010048e+11,0.0,0.0,0.0,4915.200,3172.400,468.600,0.085,0.205,99.710,0.0,0.0,0.0,1493099182.876,
0.055,0.125,99.795,0.020,0.0,0.005,0.0,16384.0,78760.0,51032811.200,0.0,0.0,2215.800,423.400,0.200,0.0,0.0,2284208128.0,2150400.0,8060166144.0,1.5843366912e+11,0.0,0.0,0.0,16384.0,2213.200,423.0,0.055,0.125,99.795,0.020,0.0,0.005,1493099187.876,
0.060,0.115,99.825,0.0,0.0,0.0,0.0,4915.200,72075.200,41346809.0,0.0,0.0,2053.0,433.200,0.0,0.0,1.200,2278936576.0,2158592.0,8060174336.0,1.58438924288e+11,0.0,0.0,0.0,4915.200,2052.800,432.800,0.060,0.110,99.830,0.0,0.0,0.0,1493099192.876,
0.065,0.185,99.730,0.020,0.0,0.0,0.0,10649.600,106886.200,67855929.200,0.0,0.0,3023.0,469.200,0.0,0.0,0.0,2285608960.0,2174976.0,8060174336.0,1.5843223552e+11,0.0,0.0,0.0,10649.600,3023.0,469.200,0.065,0.190,99.725,0.020,0.0,0.0,1493099197.876,
0.045,0.065,99.890,0.0,0.0,0.0,0.0,4915.200,50675.400,29509198.600,0.0,0.0,1482.600,455.200,0.0,0.0,0.400,2278555648.0,2183168.0,8060174336.0,1.5843928064e+11,0.0,0.0,0.0,4915.200,1482.600,455.200,0.045,0.065,99.890,0.0,0.0,0.0,1493099202.876,
0.030,0.025,99.940,0.005,0.0,0.0,0.0,13926.400,6292.200,8100.400,0.0,0.0,230.400,263.0,0.0,0.0,0.0,2277208064.0,2199552.0,8060174336.0,1.5844061184e+11,0.0,0.0,0.0,13926.400,230.400,263.400,0.030,0.020,99.945,0.005,0.0,0.0,1493099207.876,
0.020,0.015,99.955,0.010,0.0,0.0,0.0,10649.600,4855.0,7478.800,0.0,0.0,222.400,255.400,0.0,0.0,0.800,2278715392.0,2215936.0,8060178432.0,1.58439084032e+11,0.0,0.0,0.0,10649.600,222.400,255.0,0.020,0.020,99.950,0.010,0.0,0.0,1493099212.876,
