"Dstat 0.7.2 CSV output"
"Author:","Dag Wieers <dag@wieers.com>",,,,"URL:","http://dag.wieers.com/home-made/dstat/"
"Host:","osd1.skyhook16osds.skyhook-pg0.wisc.cloudlab.us",,,,"User:","jlefevre"
"Cmdline:","dstat -av --epoch --integer --noheaders --output dstat-osd1.log 5",,,,"Date:","24 Apr 2017 21:15:43 CDT"

"total cpu usage",,,,,,"dsk/total",,"net/total",,"paging",,"system",,"procs",,,"memory usage",,,,"paging",,"dsk/total",,"system",,"total cpu usage",,,,,,"epoch"
"usr","sys","idl","wai","hiq","siq","read","writ","recv","send","in","out","int","csw","run","blk","new","used","buff","cach","free","in","out","read","writ","int","csw","usr","sys","idl","wai","hiq","siq","epoch"
0.010,0.010,99.975,0.005,0.0,0.0,0.0,9830.400,4979.400,7207.600,0.0,0.0,215.400,248.0,0.0,0.0,0.400,2013454336.0,1597440.0,184086528.0,1.66581055488e+11,0.0,0.0,0.0,9830.400,215.400,248.0,0.015,0.010,99.970,0.005,0.0,0.0,1493093428.679,
0.055,0.105,99.650,0.190,0.0,0.0,28205056.0,14745.600,32465.0,24312611.200,0.0,0.0,1152.400,759.0,0.0,0.200,0.400,2041049088.0,1613824.0,324956160.0,1.6641257472e+11,0.0,0.0,28205056.0,14745.600,1161.200,759.400,0.050,0.110,99.650,0.190,0.0,0.0,1493093433.679,
0.085,0.210,99.535,0.170,0.0,0.0,59230617.600,13107.200,82840.600,54777760.800,0.0,0.0,2631.800,1346.800,0.400,0.0,0.400,2080235520.0,1630208.0,620888064.0,1.6607744e+11,0.0,0.0,59230617.600,13107.200,2625.200,1350.200,0.085,0.205,99.540,0.170,0.0,0.0,1493093438.679,
0.075,0.175,99.615,0.125,0.0,0.010,50772377.600,13107.200,93771.0,62943151.0,0.0,0.0,2440.400,1302.0,0.0,0.0,0.0,2023272448.0,1646592.0,874860544.0,1.65880414208e+11,0.0,0.0,50772377.600,13107.200,2438.200,1298.200,0.075,0.175,99.615,0.125,0.0,0.010,1493093443.679,
0.060,0.185,99.620,0.130,0.0,0.005,45128089.600,8192.0,65593.600,44282518.800,0.0,0.0,1928.600,1070.800,0.0,0.400,1.200,2038345728.0,1654784.0,1100730368.0,1.65639462912e+11,0.0,0.0,45128089.600,8192.0,1928.600,1070.800,0.060,0.185,99.620,0.130,0.0,0.005,1493093448.679,
0.060,0.140,99.705,0.095,0.0,0.0,36666572.800,12288.0,60316.800,43530131.0,0.0,0.0,1869.600,949.400,0.0,0.200,0.0,2012688384.0,1671168.0,1284120576.0,1.65481713664e+11,0.0,0.0,36666572.800,12288.0,1873.600,949.400,0.060,0.140,99.705,0.095,0.0,0.0,1493093453.679,
0.055,0.140,99.675,0.130,0.0,0.0,42307584.0,12288.0,70457.200,44764897.800,0.0,0.0,2414.400,1031.200,0.400,0.0,0.400,2009874432.0,1687552.0,1495654400.0,1.65272977408e+11,0.0,0.0,42307584.0,12288.0,2410.400,1031.200,0.060,0.140,99.670,0.130,0.0,0.0,1493093458.679,
0.035,0.070,99.825,0.065,0.0,0.005,22564044.800,3276.800,35364.0,20673345.0,0.0,0.0,1312.0,667.400,0.0,0.200,0.0,2026700800.0,1687552.0,1608613888.0,1.65143191552e+11,0.0,0.0,22564044.800,3276.800,1314.800,667.600,0.030,0.075,99.825,0.065,0.0,0.005,1493093463.679,
0.040,0.140,99.730,0.090,0.0,0.0,31025561.600,13926.400,55676.800,35415109.600,0.0,0.0,2058.200,820.400,0.0,0.200,0.800,2008055808.0,1703936.0,1763614720.0,1.65006819328e+11,0.0,0.0,31025561.600,13926.400,2055.400,820.200,0.040,0.135,99.735,0.090,0.0,0.0,1493093468.679,
0.045,0.125,99.730,0.090,0.0,0.010,31707136.0,13926.400,49971.800,32475957.800,0.0,0.0,1854.200,820.200,0.200,0.0,0.400,2014674944.0,1720320.0,1922973696.0,1.64840824832e+11,0.0,0.0,31890636.800,13926.400,1855.400,822.200,0.045,0.130,99.725,0.090,0.0,0.010,1493093473.679,
0.065,0.125,99.720,0.090,0.0,0.0,30343987.200,11468.800,50334.600,32474564.600,0.0,0.0,1921.800,841.600,0.0,0.400,0.400,2008948736.0,1728512.0,2073882624.0,1.6469563392e+11,0.0,0.0,30160486.400,11468.800,1920.600,839.600,0.065,0.120,99.725,0.090,0.0,0.0,1493093478.679,
0.040,0.080,99.805,0.075,0.0,0.0,22564044.800,9830.400,36420.400,23637613.200,0.0,0.0,1348.200,695.600,0.0,0.0,0.400,2009178112.0,1744896.0,2186702848.0,1.64582567936e+11,0.0,0.0,22564044.800,9830.400,1348.200,695.600,0.040,0.085,99.800,0.075,0.0,0.0,1493093483.679,
0.060,0.160,99.670,0.105,0.0,0.005,39487078.400,13107.200,61337.400,38742907.400,0.0,0.0,2194.200,1042.0,0.200,0.0,0.400,2026823680.0,1753088.0,2382950400.0,1.64368666624e+11,0.0,0.0,39487078.400,13107.200,2194.200,1042.0,0.060,0.155,99.675,0.105,0.0,0.005,1493093488.679,
0.035,0.100,99.785,0.080,0.0,0.0,28205056.0,17203.200,45271.200,30750723.600,0.0,0.0,1660.0,748.600,0.0,0.0,0.0,2026901504.0,1769472.0,2525175808.0,1.64226347008e+11,0.0,0.0,28205056.0,17203.200,1660.0,748.600,0.035,0.105,99.780,0.080,0.0,0.0,1493093493.679,
0.055,0.140,99.710,0.095,0.0,0.0,36666572.800,19660.800,68000.200,36951515.200,0.0,0.0,2369.0,910.400,0.0,0.0,0.800,2027233280.0,1785856.0,2708021248.0,1.64043153408e+11,0.0,0.0,36666572.800,19660.800,2369.0,910.400,0.060,0.135,99.710,0.095,0.0,0.0,1493093498.679,
0.080,0.215,99.560,0.140,0.0,0.005,53589606.400,8192.0,86579.800,58901004.200,0.0,0.0,3159.400,1297.800,0.200,0.0,0.400,2011013120.0,1794048.0,2976456704.0,1.6379092992e+11,0.0,0.0,53589606.400,8192.0,3159.400,1297.800,0.075,0.215,99.565,0.140,0.0,0.005,1493093503.679,
0.055,0.125,99.725,0.095,0.0,0.0,31025561.600,11468.800,40448.800,29689213.200,0.0,0.0,1577.800,800.200,0.0,0.0,0.400,2029072384.0,1810432.0,3130953728.0,1.63618357248e+11,0.0,0.0,31025561.600,11468.800,1577.800,800.200,0.055,0.125,99.725,0.095,0.0,0.0,1493093508.679,
0.050,0.090,99.760,0.095,0.0,0.005,31025561.600,14745.600,52423.800,35224782.800,0.0,0.0,1801.600,823.600,0.0,0.0,0.0,2013003776.0,1826816.0,3286724608.0,1.63478638592e+11,0.0,0.0,31025561.600,14745.600,1801.600,823.600,0.050,0.090,99.760,0.095,0.0,0.005,1493093513.679,
0.055,0.115,99.735,0.090,0.0,0.005,36666572.800,11468.800,48864.800,38344029.200,0.0,0.0,1807.0,897.800,0.200,0.0,0.0,2011709440.0,1843200.0,3470049280.0,1.63296591872e+11,0.0,0.0,36666572.800,11468.800,1807.0,897.800,0.060,0.115,99.730,0.090,0.0,0.005,1493093518.679,
0.075,0.140,99.685,0.100,0.0,0.0,39512473.600,10649.600,62528.0,38973527.600,0.0,0.0,2288.600,1015.800,0.0,0.0,1.0,2029117440.0,1851392.0,3667738624.0,1.63081486336e+11,0.0,0.0,39512473.600,10649.600,2288.600,1015.800,0.070,0.140,99.690,0.100,0.0,0.0,1493093523.679,
0.075,0.225,99.510,0.190,0.0,0.0,64305561.600,13926.400,92707.0,64078861.200,0.0,0.0,3279.600,1394.200,0.200,0.200,0.800,2041987072.0,1867776.0,3989168128.0,1.62747170816e+11,0.0,0.0,64489062.400,13926.400,3285.600,1397.400,0.075,0.230,99.500,0.195,0.0,0.0,1493093528.679,
0.070,0.205,99.570,0.150,0.0,0.005,51335168.0,14745.600,75087.600,54678602.800,0.0,0.0,2664.200,1166.200,0.200,0.0,0.0,2045829120.0,1884160.0,4245680128.0,1.62486800384e+11,0.0,0.0,51151667.200,14745.600,2664.600,1163.400,0.070,0.205,99.575,0.145,0.0,0.005,1493093533.679,
0.060,0.215,99.570,0.150,0.0,0.005,53589606.400,7372.800,84312.600,60662569.800,0.0,0.0,2971.600,1229.600,0.400,0.200,0.0,2013908992.0,1892352.0,4513529856.0,1.62250862592e+11,0.0,0.0,53589606.400,7372.800,2965.200,1229.200,0.065,0.210,99.570,0.150,0.0,0.005,1493093538.679,
0.045,0.115,99.760,0.080,0.0,0.0,31025561.600,15564.800,48176.400,32465372.200,0.0,0.0,1701.600,834.0,0.0,0.0,0.400,2013982720.0,1908736.0,4668915712.0,1.62095386624e+11,0.0,0.0,31025561.600,15564.800,1701.600,834.0,0.040,0.115,99.765,0.080,0.0,0.0,1493093543.679,
0.045,0.090,99.805,0.060,0.0,0.0,19743539.200,15564.800,34261.400,20663466.400,0.0,0.0,1230.800,661.600,0.0,0.0,0.800,2012889088.0,1925120.0,4767633408.0,1.61997746176e+11,0.0,0.0,19743539.200,15564.800,1230.800,661.600,0.045,0.090,99.805,0.060,0.0,0.0,1493093548.679,
0.035,0.075,99.830,0.060,0.0,0.0,19927040.0,7372.800,32234.200,17993531.0,0.0,0.0,1198.800,610.200,0.200,0.0,0.400,2034704384.0,1933312.0,4868030464.0,1.61875525632e+11,0.0,0.0,20058112.0,7372.800,1199.600,611.400,0.035,0.075,99.830,0.060,0.0,0.0,1493093553.679,
0.040,0.100,99.755,0.100,0.0,0.005,27822489.600,15564.800,36016.0,29225939.0,0.0,0.0,1474.200,724.600,0.0,0.200,0.0,2030350336.0,1949696.0,5006749696.0,1.61741144064e+11,0.0,0.0,27890483.200,15564.800,1474.400,725.0,0.040,0.100,99.755,0.100,0.0,0.005,1493093558.679,
0.070,0.150,99.630,0.145,0.0,0.005,37022924.800,12288.0,46014.800,28684461.200,0.0,0.0,1745.0,948.0,0.200,0.0,0.400,2091732992.0,1966080.0,5191348224.0,1.61495146496e+11,0.0,0.0,37033574.400,12288.0,1750.400,948.800,0.070,0.150,99.625,0.150,0.0,0.005,1493093563.679,
0.040,0.140,99.695,0.115,0.0,0.010,30868275.200,11468.800,66366.600,42321634.400,0.0,0.0,2265.800,823.600,0.0,0.0,0.400,2034569216.0,1974272.0,5345214464.0,1.6139843584e+11,0.0,0.0,30658560.0,11468.800,2259.400,821.200,0.040,0.140,99.700,0.110,0.0,0.010,1493093568.679,
0.045,0.090,99.760,0.100,0.0,0.005,25384550.400,19660.800,47848.200,29341422.600,0.0,0.0,1716.0,721.800,0.0,0.0,0.400,2017140736.0,1990656.0,5472784384.0,1.61288278016e+11,0.0,0.0,25384550.400,19660.800,1716.0,721.800,0.045,0.090,99.760,0.100,0.0,0.005,1493093573.679,
0.025,0.040,99.895,0.040,0.0,0.0,8461516.800,7372.800,16265.200,8854055.600,0.0,0.0,608.400,391.600,0.0,0.0,0.400,2017239040.0,1998848.0,5515096064.0,1.6124585984e+11,0.0,0.0,8461516.800,7372.800,608.400,391.600,0.030,0.040,99.890,0.040,0.0,0.0,1493093578.679,
0.015,0.015,99.940,0.025,0.0,0.005,0.0,14745.600,8020.600,9495.0,0.0,0.0,282.0,342.0,0.0,0.0,0.200,2019979264.0,2015232.0,5515091968.0,1.61243107328e+11,0.0,0.0,0.0,14745.600,282.0,342.0,0.010,0.015,99.945,0.025,0.0,0.005,1493093583.679,
