"Dstat 0.7.2 CSV output"
"Author:","Dag Wieers <dag@wieers.com>",,,,"URL:","http://dag.wieers.com/home-made/dstat/"
"Host:","client0.skyhook16osds.skyhook-pg0.wisc.cloudlab.us",,,,"User:","jlefevre"
"Cmdline:","dstat -av --epoch --integer --noheaders --output dstat-client0.log 5",,,,"Date:","24 Apr 2017 21:15:41 CDT"

"total cpu usage",,,,,,"dsk/total",,"net/total",,"paging",,"system",,"procs",,,"memory usage",,,,"paging",,"dsk/total",,"system",,"total cpu usage",,,,,,"epoch"
"usr","sys","idl","wai","hiq","siq","read","writ","recv","send","in","out","int","csw","run","blk","new","used","buff","cach","free","in","out","read","writ","int","csw","usr","sys","idl","wai","hiq","siq","epoch"
0.060,0.060,99.850,0.030,0.0,0.0,0.0,19660.800,60010.0,5937.0,0.0,0.0,597.200,7505.400,0.800,0.0,1.200,5033369600.0,244834304.0,1.61717305344e+11,1784684544.0,0.0,0.0,0.0,19660.800,597.400,7505.800,0.060,0.060,99.850,0.030,0.0,0.0,1493093961.510,
2.241,2.110,95.407,0.111,0.0,0.131,0.0,113049.600,615832563.400,1005414.0,0.0,0.0,20224.200,62891.0,1.600,0.0,5.400,5332746240.0,244842496.0,1.61717485568e+11,1485119488.0,0.0,0.0,0.0,113049.600,20235.600,62897.400,2.251,2.110,95.397,0.111,0.0,0.131,1493093966.510,
4.499,3.937,91.097,0.162,0.0,0.304,0.0,228556.800,1164807860.800,1795043.0,0.0,0.0,34437.800,104544.0,3.400,0.200,0.0,5359435776.0,244854784.0,1.61717805056e+11,1458098176.0,0.0,0.0,0.0,228556.800,34441.200,104579.800,4.490,3.938,91.105,0.162,0.0,0.304,1493093971.510,
3.897,3.862,91.776,0.061,0.0,0.405,0.0,219545.600,1148143790.0,1682152.600,0.0,0.0,33563.800,113912.600,3.0,0.0,0.0,5348282368.0,244854784.0,1.61718181888e+11,1468874752.0,0.0,0.0,0.0,219545.600,33553.600,113870.800,3.896,3.871,91.767,0.061,0.0,0.405,1493093976.510,
3.879,4.179,91.723,0.076,0.0,0.142,0.0,189235.200,1117893780.600,1708823.800,0.0,0.0,32011.600,95516.400,2.600,0.0,0.800,5355995136.0,244862976.0,1.617184768e+11,1460858880.0,0.0,0.0,0.0,189235.200,32017.0,95522.0,3.880,4.175,91.726,0.076,0.0,0.142,1493093981.510,
3.820,4.028,91.772,0.056,0.0,0.325,0.0,182681.600,1107821873.600,1656616.600,0.0,0.0,32060.200,86566.0,3.600,0.200,0.800,5335531520.0,244879360.0,1.61718788096e+11,1480994816.0,0.0,0.0,0.0,182681.600,32067.400,86597.800,3.830,4.027,91.763,0.056,0.0,0.325,1493093986.510,
3.992,4.068,91.574,0.112,0.0,0.254,0.0,222003.200,1149005236.600,1695692.0,0.0,0.0,32638.200,93997.200,3.200,0.0,0.0,5338370048.0,244887552.0,1.61719128064e+11,1477808128.0,0.0,0.0,0.0,222003.200,32636.600,94064.200,3.981,4.068,91.585,0.112,0.0,0.254,1493093991.510,
3.532,4.023,91.994,0.177,0.0,0.274,0.0,238387.200,1143701470.0,1716641.0,0.0,0.0,34467.0,87602.200,3.0,0.0,0.0,5352706048.0,244899840.0,1.61719504896e+11,1463083008.0,0.0,0.0,0.0,238387.200,34464.600,87499.800,3.543,4.019,91.987,0.177,0.0,0.274,1493093996.510,
3.777,4.020,91.746,0.127,0.0,0.330,0.0,181862.400,1145783415.0,1773772.600,0.0,0.0,33246.200,96890.600,4.400,0.200,0.800,5307215872.0,244899840.0,1.61719808e+11,1508270080.0,0.0,0.0,0.0,181862.400,33253.200,96936.200,3.778,4.021,91.745,0.127,0.0,0.330,1493094001.510,
3.900,3.982,91.260,0.528,0.0,0.330,0.0,6929612.800,1131953611.0,1656143.200,0.0,0.0,32277.800,87907.400,3.400,0.400,0.400,5327736832.0,244916224.0,1.61730080768e+11,1477459968.0,0.0,0.0,0.0,6929612.800,32267.800,87905.400,3.895,3.986,91.261,0.528,0.0,0.330,1493094006.509,
3.796,3.922,91.759,0.223,0.0,0.299,0.0,978124.800,1125163599.200,1680642.400,0.0,0.0,32269.800,78044.800,2.800,0.200,0.0,5325508608.0,244924416.0,1.6171700224e+11,1492758528.0,0.0,0.0,0.0,978944.0,32277.200,78016.200,3.795,3.922,91.760,0.223,0.0,0.299,1493094011.510,
3.737,4.036,91.882,0.117,0.0,0.228,0.0,212172.800,1140626331.600,1683821.600,0.0,0.0,32326.800,70570.0,2.600,0.0,0.400,5365846016.0,244932608.0,1.61717354496e+11,1452060672.0,0.0,0.0,0.0,211353.600,32309.600,70552.400,3.732,4.036,91.887,0.117,0.0,0.228,1493094016.510,
3.355,4.044,92.155,0.152,0.0,0.294,0.0,231014.400,1070763023.400,1552407.400,0.0,0.0,29538.200,55705.0,2.200,0.0,0.800,5371183104.0,244936704.0,1.61717686272e+11,1446387712.0,0.0,0.0,0.0,231014.400,29551.0,55714.600,3.360,4.044,92.150,0.152,0.0,0.294,1493094021.510,
3.291,4.010,92.219,0.147,0.0,0.334,0.0,182681.600,1065484835.600,1505964.200,0.0,0.0,30703.0,51480.600,2.600,0.200,0.400,5302190080.0,244944896.0,1.61718018048e+11,1515040768.0,0.0,0.0,0.0,182681.600,30704.0,51480.0,3.296,4.010,92.213,0.147,0.0,0.334,1493094026.510,
3.514,3.883,91.976,0.207,0.0,0.420,0.0,234291.200,1095161785.400,1620054.200,0.0,0.0,30921.400,55828.400,3.0,0.0,0.0,5356249088.0,244953088.0,1.61718345728e+11,1460645888.0,0.0,0.0,0.0,234291.200,30912.600,55820.800,3.505,3.880,91.988,0.207,0.0,0.420,1493094031.510,
3.547,3.964,92.239,0.163,0.0,0.086,0.0,200704.0,1097107533.200,1671669.800,0.0,0.0,30730.800,76540.600,3.0,0.200,0.800,5354487808.0,244961280.0,1.61718689792e+11,1462054912.0,0.0,0.0,0.0,200704.0,30731.800,76539.0,3.552,3.968,92.226,0.168,0.0,0.086,1493094036.510,
3.936,3.967,91.812,0.153,0.0,0.132,0.0,239206.400,1135238623.0,1691795.0,0.0,0.0,34046.0,83606.200,4.200,0.0,0.400,5345656832.0,244973568.0,1.61719042048e+11,1470521344.0,0.0,0.0,0.0,239206.400,34044.400,83606.200,3.930,3.966,91.824,0.147,0.0,0.132,1493094041.510,
3.689,3.871,91.923,0.051,0.0,0.466,0.0,227737.600,1102512377.0,1582811.800,0.0,0.0,30357.800,66113.400,4.200,0.0,0.400,5323108352.0,244973568.0,1.617193984e+11,1492713472.0,0.0,0.0,0.0,227737.600,30366.0,66134.200,3.699,3.871,91.913,0.051,0.0,0.466,1493094046.510,
3.953,3.816,91.860,0.107,0.0,0.264,0.0,187596.800,1173772657.800,1837947.600,0.0,0.0,33702.200,109656.200,2.0,0.200,0.0,5347598336.0,244981760.0,1.61719721984e+11,1467891712.0,0.0,0.0,0.0,187596.800,33689.800,109638.400,3.943,3.816,91.870,0.107,0.0,0.264,1493094051.509,
3.501,3.784,92.072,0.238,0.0,0.405,0.0,222822.400,1132545824.800,1727144.600,0.0,0.0,31537.400,79664.800,2.800,0.0,0.400,5396901888.0,244981760.0,1.6172007424e+11,1418235904.0,0.0,0.0,0.0,222822.400,31549.600,79669.0,3.506,3.784,92.068,0.238,0.0,0.405,1493094056.510,
3.808,3.697,92.017,0.208,0.0,0.269,0.0,237568.0,1170723620.600,1816966.0,0.0,0.0,33763.0,87323.0,3.400,0.0,0.800,5357481984.0,244989952.0,1.6172044288e+11,1457278976.0,0.0,0.0,0.0,237568.0,33758.0,87337.200,3.806,3.694,92.023,0.208,0.0,0.269,1493094061.510,
3.262,4.179,92.022,0.157,0.0,0.380,0.0,185139.200,1060236009.200,1466245.200,0.0,0.0,28772.400,51029.600,3.0,0.200,0.400,5362388992.0,244998144.0,1.61720766464e+11,1452040192.0,0.0,0.0,0.0,185139.200,28778.400,51055.400,3.261,4.182,92.020,0.157,0.0,0.380,1493094066.509,
3.866,4.130,91.517,0.172,0.0,0.315,0.0,228556.800,1126839664.200,1637278.600,0.0,0.0,30884.400,66581.600,3.600,0.0,0.200,5335134208.0,245006336.0,1.61721126912e+11,1478926336.0,0.0,0.0,0.0,228556.800,30897.400,66615.0,3.875,4.129,91.509,0.172,0.0,0.314,1493094071.510,
3.677,4.185,91.758,0.188,0.0,0.193,0.0,214630.400,1085602618.0,1598238.400,0.0,0.0,29990.600,56891.800,3.0,0.0,0.400,5329399808.0,245022720.0,1.6172142592e+11,1484345344.0,0.0,0.0,0.0,214630.400,29971.400,56813.200,3.669,4.182,91.769,0.188,0.0,0.193,1493094076.509,
3.160,4.186,92.370,0.122,0.0,0.163,0.0,180224.0,1062101411.800,1499692.800,0.0,0.0,29750.0,49233.200,2.200,0.200,0.400,5367840768.0,245026816.0,1.61721745408e+11,1445580800.0,0.0,0.0,0.0,180224.0,29753.600,49236.0,3.163,4.194,92.359,0.122,0.0,0.162,1493094081.510,
3.716,4.101,91.635,0.162,0.0,0.385,0.0,236748.800,1125711333.600,1650811.400,0.0,0.0,31884.0,67025.600,3.800,0.0,0.800,5325557760.0,245039104.0,1.6172212224e+11,1487474688.0,0.0,0.0,0.0,236748.800,31882.800,67104.400,3.717,4.092,91.643,0.162,0.0,0.385,1493094086.510,
3.876,3.993,91.690,0.122,0.0,0.320,0.0,194969.600,1126378291.400,1710481.400,0.0,0.0,32193.800,79059.600,4.0,0.200,0.0,5327507456.0,245047296.0,1.61722392576e+11,1485246464.0,0.0,0.0,0.0,194969.600,32200.600,79000.200,3.880,3.996,91.677,0.127,0.0,0.320,1493094091.510,
1.397,2.930,95.380,0.136,0.0,0.156,0.0,190054.400,617144574.400,796487.600,0.0,0.0,14825.200,28558.200,1.600,0.0,0.400,5419814912.0,245055488.0,1.61722707968e+11,1392615424.0,0.0,0.0,0.0,190054.400,14809.400,28534.800,1.387,2.931,95.395,0.131,0.0,0.156,1493094096.510,
0.432,2.248,97.134,0.035,0.0,0.151,0.0,106496.0,233228693.200,79207.200,0.0,0.0,4197.0,8522.600,1.200,0.0,0.600,5415092224.0,245067776.0,1.6172279808e+11,1397235712.0,0.0,0.0,0.0,106496.0,4195.600,8522.200,0.431,2.243,97.140,0.035,0.0,0.151,1493094101.510,
