"Dstat 0.7.2 CSV output"
"Author:","Dag Wieers <dag@wieers.com>",,,,"URL:","http://dag.wieers.com/home-made/dstat/"
"Host:","osd1.skyhook16osds.skyhook-pg0.wisc.cloudlab.us",,,,"User:","jlefevre"
"Cmdline:","dstat -av --epoch --integer --noheaders --output dstat-osd1.log 5",,,,"Date:","24 Apr 2017 21:15:43 CDT"

"total cpu usage",,,,,,"dsk/total",,"net/total",,"paging",,"system",,"procs",,,"memory usage",,,,"paging",,"dsk/total",,"system",,"total cpu usage",,,,,,"epoch"
"usr","sys","idl","wai","hiq","siq","read","writ","recv","send","in","out","int","csw","run","blk","new","used","buff","cach","free","in","out","read","writ","int","csw","usr","sys","idl","wai","hiq","siq","epoch"
0.010,0.010,99.980,0.0,0.0,0.0,0.0,13107.200,4545.0,6548.600,0.0,0.0,188.0,200.200,0.0,0.0,0.0,2013241344.0,1785856.0,5565079552.0,1.6120008704e+11,0.0,0.0,0.0,13107.200,188.0,200.200,0.010,0.010,99.980,0.0,0.0,0.0,1493101598.679,
0.300,0.155,99.515,0.025,0.0,0.005,0.0,9830.400,57906.200,29277242.400,0.0,0.0,1724.400,358.800,0.0,0.0,0.0,2046083072.0,1802240.0,5565079552.0,1.61167228928e+11,0.0,0.0,0.0,9830.400,1729.400,358.800,0.300,0.155,99.515,0.025,0.0,0.005,1493101603.679,
0.600,0.280,99.104,0.010,0.0,0.005,0.0,10649.600,116420.0,74078607.800,0.0,0.0,3590.400,450.200,1.200,0.0,0.800,2014814208.0,1810432.0,5565079552.0,1.611984896e+11,0.0,0.0,0.0,10649.600,3585.400,450.200,0.600,0.280,99.105,0.010,0.0,0.005,1493101608.679,
0.410,0.205,99.385,0.0,0.0,0.0,0.0,9011.200,65644.400,44453931.200,0.0,0.0,2180.800,356.200,0.400,0.0,0.0,2032574464.0,1818624.0,5565087744.0,1.6118071296e+11,0.0,0.0,0.0,9011.200,2181.0,356.400,0.410,0.205,99.385,0.0,0.0,0.0,1493101613.679,
0.530,0.220,99.240,0.010,0.0,0.0,0.0,4915.200,93898.600,57815230.400,0.0,0.0,3009.200,438.0,0.200,0.0,0.0,2047569920.0,1826816.0,5565087744.0,1.61165709312e+11,0.0,0.0,0.0,4915.200,3009.0,437.800,0.530,0.225,99.235,0.010,0.0,0.0,1493101618.679,
0.305,0.175,99.495,0.025,0.0,0.0,25395.200,9830.400,53908.200,36393702.0,0.0,0.0,1712.0,396.600,0.0,0.0,0.200,2033192960.0,1843200.0,5565206528.0,1.61179951104e+11,0.0,0.0,25395.200,9830.400,1718.600,396.600,0.305,0.170,99.500,0.025,0.0,0.0,1493101623.679,
0.295,0.145,99.540,0.015,0.0,0.005,0.0,4915.200,57674.800,35367199.400,0.0,0.0,1777.200,348.800,0.200,0.0,0.0,2013327360.0,1851392.0,5565214720.0,1.6119980032e+11,0.0,0.0,0.0,4915.200,1770.600,348.800,0.295,0.145,99.540,0.015,0.0,0.005,1493101628.679,
0.260,0.115,99.615,0.010,0.0,0.0,0.0,4915.200,39892.400,26562559.200,0.0,0.0,1310.800,348.200,0.200,0.0,0.800,2013016064.0,1859584.0,5565218816.0,1.61200099328e+11,0.0,0.0,0.0,4915.200,1310.800,348.200,0.260,0.115,99.615,0.010,0.0,0.0,1493101633.679,
0.390,0.160,99.435,0.015,0.0,0.0,0.0,9830.400,59854.0,35581206.200,0.0,0.0,1916.400,365.600,0.400,0.0,0.0,2076409856.0,1875968.0,5565222912.0,1.61136685056e+11,0.0,0.0,0.0,9830.400,1917.0,365.600,0.390,0.165,99.430,0.015,0.0,0.0,1493101638.679,
0.345,0.170,99.480,0.0,0.0,0.005,0.0,0.0,58288.200,41204227.800,0.0,0.0,1941.0,398.200,0.200,0.0,0.0,2048122880.0,1875968.0,5565222912.0,1.61164972032e+11,0.0,0.0,0.0,0.0,1940.400,398.200,0.350,0.165,99.480,0.0,0.0,0.005,1493101643.679,
0.155,0.090,99.735,0.020,0.0,0.0,0.0,7372.800,39328.400,23539468.200,0.0,0.0,1184.600,274.0,0.200,0.0,0.0,2014461952.0,1892352.0,5565222912.0,1.61198616576e+11,0.0,0.0,0.0,7372.800,1184.600,274.0,0.150,0.090,99.740,0.020,0.0,0.0,1493101648.679,
0.215,0.100,99.680,0.005,0.0,0.0,0.0,4915.200,36289.200,23587399.0,0.0,0.0,1049.600,267.800,0.0,0.0,0.0,2015371264.0,1900544.0,5565222912.0,1.61197699072e+11,0.0,0.0,0.0,4915.200,1049.600,267.800,0.215,0.100,99.680,0.005,0.0,0.0,1493101653.679,
0.265,0.135,99.585,0.010,0.0,0.005,0.0,13107.200,38374.400,29484837.200,0.0,0.0,1116.400,350.200,0.0,0.0,0.800,2016088064.0,1916928.0,5565231104.0,1.61196957696e+11,0.0,0.0,0.0,13107.200,1118.800,353.400,0.265,0.140,99.580,0.010,0.0,0.005,1493101658.679,
0.280,0.145,99.570,0.005,0.0,0.0,0.0,4915.200,51444.800,32486007.800,0.0,0.0,1533.0,309.400,0.0,0.0,0.0,2015510528.0,1925120.0,5565231104.0,1.6119752704e+11,0.0,0.0,0.0,4915.200,1530.600,306.200,0.280,0.145,99.570,0.005,0.0,0.0,1493101663.679,
0.300,0.145,99.540,0.010,0.0,0.005,0.0,13926.400,53329.0,32453928.400,0.0,0.0,1537.800,304.200,0.0,0.0,0.0,2015698944.0,1933312.0,5565231104.0,1.61197330432e+11,0.0,0.0,0.0,13926.400,1538.400,306.800,0.300,0.145,99.540,0.010,0.0,0.005,1493101668.679,
0.495,0.255,99.230,0.010,0.0,0.010,0.0,9830.400,87397.600,59038635.0,0.0,0.0,2564.400,410.600,0.400,0.0,0.0,2029522944.0,1949696.0,5565231104.0,1.61183490048e+11,0.0,0.0,0.0,9830.400,2563.800,408.0,0.495,0.250,99.235,0.010,0.0,0.010,1493101673.679,
0.280,0.140,99.565,0.015,0.0,0.0,0.0,8192.0,48529.0,32440357.0,0.0,0.0,1511.800,341.0,0.400,0.0,0.0,2016018432.0,1966080.0,5565235200.0,1.6119697408e+11,0.0,0.0,0.0,8192.0,1511.800,341.0,0.280,0.140,99.565,0.015,0.0,0.0,1493101678.679,
0.355,0.195,99.445,0.0,0.0,0.005,0.0,11468.800,61063.800,41306277.800,0.0,0.0,1980.600,391.0,0.200,0.0,0.600,2020229120.0,1982464.0,5565235200.0,1.61192747008e+11,0.0,0.0,0.0,11468.800,1980.600,391.0,0.355,0.195,99.445,0.0,0.0,0.005,1493101683.679,
0.360,0.180,99.410,0.050,0.0,0.0,0.0,10649.600,59036.400,41350730.400,0.0,0.0,1878.400,374.200,0.200,0.0,0.400,2021449728.0,1998848.0,5565235200.0,1.61191510016e+11,0.0,0.0,0.0,10649.600,1878.400,374.200,0.360,0.185,99.405,0.050,0.0,0.0,1493101688.679,
0.630,0.285,99.084,0.0,0.0,0.0,0.0,5734.400,85844.400,62596225.400,0.0,0.0,2960.400,378.0,0.400,0.0,0.0,2093146112.0,2007040.0,5565235200.0,1.6111980544e+11,0.0,0.0,0.0,5734.400,2966.800,378.0,0.630,0.280,99.089,0.0,0.0,0.0,1493101693.679,
0.480,0.230,99.275,0.010,0.0,0.005,0.0,5734.400,102597.600,61489501.800,0.0,0.0,3292.400,412.400,0.200,0.0,0.0,2038980608.0,2015232.0,5565235200.0,1.61173962752e+11,0.0,0.0,0.0,5734.400,3286.0,412.400,0.480,0.230,99.275,0.010,0.0,0.005,1493101698.679,
0.565,0.270,99.125,0.030,0.0,0.010,0.0,10649.600,97439.0,67671949.200,0.0,0.0,3098.200,446.400,0.800,0.0,0.0,2020016128.0,2031616.0,5565243392.0,1.61192902656e+11,0.0,0.0,0.0,10649.600,3098.200,446.400,0.565,0.270,99.125,0.030,0.0,0.010,1493101703.679,
0.440,0.205,99.355,0.0,0.0,0.0,0.0,14745.600,78786.0,50151275.0,0.0,0.0,2498.800,433.600,0.0,0.0,0.400,2020642816.0,2039808.0,5565243392.0,1.61192267776e+11,0.0,0.0,0.0,14745.600,2498.800,433.600,0.440,0.205,99.355,0.0,0.0,0.0,1493101708.679,
0.195,0.075,99.715,0.015,0.0,0.0,0.0,10649.600,33644.400,20649439.200,0.0,0.0,1096.600,273.0,0.200,0.0,0.0,2020102144.0,2056192.0,5565239296.0,1.6119279616e+11,0.0,0.0,0.0,10649.600,1096.600,273.0,0.195,0.075,99.715,0.015,0.0,0.0,1493101713.679,
0.240,0.110,99.625,0.020,0.0,0.005,0.0,5734.400,45954.200,26551595.0,0.0,0.0,1415.400,371.0,0.0,0.0,0.400,2020782080.0,2072576.0,5565231104.0,1.61192108032e+11,0.0,0.0,0.0,5734.400,1415.400,371.0,0.245,0.110,99.620,0.020,0.0,0.005,1493101718.679,
0.285,0.155,99.560,0.0,0.0,0.0,0.0,2457.600,53817.200,32439490.200,0.0,0.0,1714.200,329.0,0.200,0.0,0.0,2021564416.0,2072576.0,5565251584.0,1.61191305216e+11,0.0,0.0,0.0,2457.600,1714.200,329.0,0.280,0.155,99.565,0.0,0.0,0.0,1493101723.679,
0.435,0.205,99.335,0.020,0.0,0.005,0.0,17203.200,81080.0,47184160.800,0.0,0.0,2533.200,385.200,0.0,0.0,0.400,2021396480.0,2088960.0,5565251584.0,1.61191456768e+11,0.0,0.0,0.0,17203.200,2533.200,385.200,0.435,0.205,99.335,0.020,0.0,0.005,1493101728.679,
0.325,0.160,99.475,0.035,0.0,0.005,0.0,11468.800,66547.200,38355771.400,0.0,0.0,2004.800,330.0,0.0,0.0,0.0,2021593088.0,2105344.0,5565251584.0,1.61191243776e+11,0.0,0.0,0.0,11468.800,2005.0,330.400,0.330,0.160,99.470,0.035,0.0,0.005,1493101733.679,
0.135,0.045,99.815,0.005,0.0,0.0,0.0,5734.400,23105.200,11828621.400,0.0,0.0,705.0,259.200,0.0,0.0,0.400,2019905536.0,2113536.0,5565255680.0,1.6119291904e+11,0.0,0.0,0.0,5734.400,704.800,258.800,0.130,0.045,99.820,0.005,0.0,0.0,1493101738.679,
0.015,0.010,99.965,0.010,0.0,0.0,0.0,12288.0,3664.400,6970.0,0.0,0.0,192.600,214.200,0.0,0.0,0.0,2018783232.0,2129920.0,5565255680.0,1.6119402496e+11,0.0,0.0,0.0,12288.0,192.600,214.200,0.015,0.010,99.965,0.010,0.0,0.0,1493101743.679,
0.015,0.005,99.960,0.020,0.0,0.0,0.0,14745.600,6780.600,8853.400,0.0,0.0,234.800,272.400,0.0,0.0,0.400,2020020224.0,2146304.0,5565259776.0,1.61192767488e+11,0.0,0.0,0.0,14745.600,235.0,272.400,0.020,0.005,99.955,0.020,0.0,0.0,1493101748.679,
