"Dstat 0.7.2 CSV output"
"Author:","Dag Wieers <dag@wieers.com>",,,,"URL:","http://dag.wieers.com/home-made/dstat/"
"Host:","client0.skyhook16osds.skyhook-pg0.wisc.cloudlab.us",,,,"User:","jlefevre"
"Cmdline:","dstat -av --epoch --integer --noheaders --output dstat-client0.log 5",,,,"Date:","24 Apr 2017 21:15:41 CDT"

"total cpu usage",,,,,,"dsk/total",,"net/total",,"paging",,"system",,"procs",,,"memory usage",,,,"paging",,"dsk/total",,"system",,"total cpu usage",,,,,,"epoch"
"usr","sys","idl","wai","hiq","siq","read","writ","recv","send","in","out","int","csw","run","blk","new","used","buff","cach","free","in","out","read","writ","int","csw","usr","sys","idl","wai","hiq","siq","epoch"
0.160,0.060,99.755,0.020,0.0,0.005,0.0,14745.600,64379.200,9823.600,0.0,0.0,618.400,6975.200,0.0,0.0,1.200,5030211584.0,240709632.0,1.61750798336e+11,1758474240.0,0.0,0.0,0.0,14745.600,618.200,6975.200,0.160,0.060,99.755,0.020,0.0,0.005,1493091836.510,
0.205,0.140,99.629,0.0,0.0,0.025,0.0,12288.0,18260379.800,64267.0,0.0,0.0,1657.200,8164.200,0.400,0.0,6.400,5086588928.0,240709632.0,1.61750806528e+11,1702088704.0,0.0,0.0,0.0,12288.0,1675.400,8178.200,0.215,0.140,99.619,0.0,0.0,0.025,1493091841.510,
1.633,1.330,96.397,0.126,0.0,0.514,0.0,221184.0,682557506.0,897822.800,0.0,0.0,21853.400,22256.400,2.400,0.0,0.400,5105270784.0,240726016.0,1.61751191552e+11,1683005440.0,0.0,0.0,0.0,221184.0,21842.200,22246.800,1.622,1.330,96.408,0.126,0.0,0.514,1493091846.509,
1.470,1.228,96.718,0.141,0.0,0.443,0.0,211353.600,612199369.800,766526.400,0.0,0.0,19417.0,19988.600,1.200,0.200,0.0,5105692672.0,240738304.0,1.61751539712e+11,1682223104.0,0.0,0.0,0.0,211353.600,19424.400,19995.400,1.475,1.229,96.712,0.141,0.0,0.443,1493091851.510,
1.268,1.001,97.157,0.101,0.0,0.473,0.0,236748.800,534913020.800,615040.0,0.0,0.0,15927.400,17912.600,1.800,0.0,0.0,5110259712.0,240738304.0,1.61751998464e+11,1677197312.0,0.0,0.0,0.0,236748.800,15920.0,17913.400,1.263,1.006,97.158,0.101,0.0,0.473,1493091856.510,
1.249,1.078,97.093,0.111,0.0,0.468,0.0,235110.400,567090217.200,672736.800,0.0,0.0,16993.400,19504.200,1.0,0.0,0.400,5107527680.0,240754688.0,1.61752383488e+11,1679527936.0,0.0,0.0,0.0,235110.400,16987.0,19492.200,1.249,1.073,97.098,0.111,0.0,0.469,1493091861.510,
1.170,0.984,97.303,0.085,0.0,0.457,0.0,187596.800,494376051.800,560127.600,0.0,0.0,14296.800,17113.0,1.0,0.0,0.0,5099675648.0,240758784.0,1.6175276032e+11,1686999040.0,0.0,0.0,0.0,187596.800,14296.400,17113.0,1.175,0.984,97.298,0.085,0.0,0.457,1493091866.510,
0.120,0.085,99.654,0.085,0.0,0.055,0.0,241664.0,39296106.0,24517.0,0.0,0.0,1073.800,8097.400,0.0,0.0,0.400,5100781568.0,240771072.0,1.617531904e+11,1685450752.0,0.0,0.0,0.0,241664.0,1074.0,8097.800,0.115,0.085,99.659,0.085,0.0,0.055,1493091871.510,
0.060,0.065,99.760,0.110,0.0,0.005,0.0,124518.400,60492.0,5370.600,0.0,0.0,610.200,7629.600,0.200,0.0,1.400,5031575552.0,240771072.0,1.61753288704e+11,1754558464.0,0.0,0.0,0.0,124518.400,610.0,7629.200,0.060,0.065,99.759,0.110,0.0,0.005,1493091876.510,
