"Dstat 0.7.2 CSV output"
"Author:","Dag Wieers <dag@wieers.com>",,,,"URL:","http://dag.wieers.com/home-made/dstat/"
"Host:","osd1.skyhook16osds.skyhook-pg0.wisc.cloudlab.us",,,,"User:","jlefevre"
"Cmdline:","dstat -av --epoch --integer --noheaders --output dstat-osd1.log 5",,,,"Date:","24 Apr 2017 21:15:43 CDT"

"total cpu usage",,,,,,"dsk/total",,"net/total",,"paging",,"system",,"procs",,,"memory usage",,,,"paging",,"dsk/total",,"system",,"total cpu usage",,,,,,"epoch"
"usr","sys","idl","wai","hiq","siq","read","writ","recv","send","in","out","int","csw","run","blk","new","used","buff","cach","free","in","out","read","writ","int","csw","usr","sys","idl","wai","hiq","siq","epoch"
0.015,0.020,99.950,0.015,0.0,0.0,0.0,4915.200,6720.0,8963.600,0.0,0.0,227.400,267.400,0.0,0.0,0.400,2019282944.0,2101248.0,5515034624.0,1.61243774976e+11,0.0,0.0,0.0,4915.200,227.400,267.400,0.010,0.020,99.955,0.015,0.0,0.0,1493092688.679,
0.035,0.055,99.900,0.005,0.0,0.005,0.0,13107.200,16471.0,6227433.0,0.0,0.0,523.200,317.200,0.0,0.0,0.0,2082230272.0,2117632.0,5515030528.0,1.6118081536e+11,0.0,0.0,0.0,13107.200,523.200,317.200,0.035,0.055,99.900,0.005,0.0,0.005,1493092693.679,
0.080,0.195,99.705,0.020,0.0,0.0,0.0,8192.0,104663.400,71032417.0,0.0,0.0,3132.600,457.800,0.0,0.0,0.400,2064113664.0,2125824.0,5515042816.0,1.61198911488e+11,0.0,0.0,0.0,8192.0,3132.600,457.800,0.080,0.200,99.700,0.020,0.0,0.0,1493092698.679,
0.075,0.175,99.745,0.005,0.0,0.0,0.0,9011.200,105606.200,64374116.400,0.0,0.0,3102.200,416.400,0.400,0.0,0.400,2022469632.0,2134016.0,5515042816.0,1.61240547328e+11,0.0,0.0,0.0,9011.200,3102.200,416.400,0.075,0.170,99.750,0.005,0.0,0.0,1493092703.679,
0.065,0.150,99.770,0.010,0.0,0.005,0.0,12288.0,76127.800,41724705.800,0.0,0.0,2293.400,469.600,0.0,0.0,0.400,2063699968.0,2150400.0,5515042816.0,1.61199300608e+11,0.0,0.0,0.0,12288.0,2293.600,469.600,0.065,0.150,99.770,0.010,0.0,0.005,1493092708.679,
0.080,0.130,99.765,0.020,0.0,0.005,0.0,8192.0,71851.800,44134295.400,0.0,0.0,2293.400,430.200,0.0,0.0,1.200,2039865344.0,2166784.0,5515059200.0,1.61223102464e+11,0.0,0.0,0.0,8192.0,2293.200,430.200,0.080,0.130,99.765,0.020,0.0,0.005,1493092713.679,
0.055,0.120,99.815,0.010,0.0,0.0,0.0,10649.600,78779.600,46974405.400,0.0,0.0,2365.0,395.400,0.0,0.0,0.0,2022424576.0,2174976.0,5515063296.0,1.61240530944e+11,0.0,0.0,0.0,10649.600,2365.0,395.400,0.055,0.125,99.810,0.010,0.0,0.0,1493092718.679,
0.060,0.100,99.835,0.005,0.0,0.0,0.0,13107.200,54729.600,29517694.400,0.0,0.0,1686.800,469.200,0.0,0.0,0.800,2020470784.0,2191360.0,5515067392.0,1.61242464256e+11,0.0,0.0,0.0,13107.200,1686.800,469.200,0.060,0.100,99.835,0.005,0.0,0.0,1493092723.679,
0.035,0.095,99.870,0.0,0.0,0.0,0.0,14745.600,46619.200,26571913.200,0.0,0.0,1396.800,330.200,0.0,0.0,0.400,2019360768.0,2207744.0,5515067392.0,1.61243557888e+11,0.0,0.0,0.0,14745.600,1396.800,330.200,0.040,0.090,99.870,0.0,0.0,0.0,1493092728.679,
0.085,0.175,99.715,0.025,0.0,0.0,0.0,12288.0,78488.400,47733326.400,0.0,0.0,2333.0,449.600,0.200,0.0,0.800,2037743616.0,2224128.0,5515067392.0,1.61225158656e+11,0.0,0.0,0.0,12288.0,2333.0,449.600,0.080,0.175,99.720,0.025,0.0,0.0,1493092733.679,
0.040,0.060,99.880,0.020,0.0,0.0,0.0,11468.800,49359.0,26040677.400,0.0,0.0,1460.800,360.0,0.0,0.0,0.0,2019459072.0,2240512.0,5515071488.0,1.6124342272e+11,0.0,0.0,0.0,11468.800,1460.800,360.0,0.040,0.060,99.880,0.020,0.0,0.0,1493092738.679,
0.055,0.130,99.810,0.0,0.0,0.005,0.0,12288.0,57055.800,32606267.800,0.0,0.0,1835.200,400.200,0.200,0.0,0.800,2080935936.0,2248704.0,5515075584.0,1.61181933568e+11,0.0,0.0,0.0,12288.0,1835.200,400.200,0.055,0.130,99.810,0.0,0.0,0.005,1493092743.679,
0.045,0.080,99.865,0.010,0.0,0.0,0.0,9011.200,53045.800,34063100.600,0.0,0.0,1629.800,330.800,0.0,0.0,0.400,2036772864.0,2256896.0,5515079680.0,1.61226084352e+11,0.0,0.0,0.0,9011.200,1639.0,330.800,0.045,0.080,99.865,0.010,0.0,0.0,1493092748.679,
0.060,0.105,99.825,0.005,0.0,0.005,0.0,5734.400,58984.0,33665783.800,0.0,0.0,1794.0,386.200,0.0,0.0,1.0,2019442688.0,2273280.0,5515083776.0,1.61243394048e+11,0.0,0.0,0.0,5734.400,1784.800,386.200,0.060,0.105,99.825,0.005,0.0,0.005,1493092753.679,
0.075,0.190,99.735,0.0,0.0,0.0,0.0,11468.800,89675.400,53599358.200,0.0,0.0,2644.200,477.200,0.0,0.0,0.600,2067963904.0,2281472.0,5515100160.0,1.61194848256e+11,0.0,0.0,0.0,11468.800,2644.200,477.200,0.080,0.190,99.730,0.0,0.0,0.0,1493092758.679,
0.060,0.115,99.805,0.015,0.0,0.005,0.0,20480.0,72535.0,44727203.600,0.0,0.0,2182.200,430.800,0.0,0.0,0.400,2038026240.0,2297856.0,5515100160.0,1.61224769536e+11,0.0,0.0,0.0,20480.0,2182.200,430.800,0.055,0.115,99.810,0.015,0.0,0.005,1493092763.679,
0.060,0.110,99.805,0.020,0.0,0.005,0.0,11468.800,70063.400,40344531.800,0.0,0.0,2088.600,413.800,0.200,0.0,0.400,2021998592.0,2314240.0,5515104256.0,1.61240776704e+11,0.0,0.0,0.0,11468.800,2088.600,413.800,0.060,0.115,99.800,0.020,0.0,0.005,1493092768.679,
0.055,0.150,99.785,0.010,0.0,0.0,0.0,12288.0,69713.600,44291357.800,0.0,0.0,2131.400,451.200,0.0,0.0,0.400,2023550976.0,2322432.0,5515104256.0,1.61239216128e+11,0.0,0.0,0.0,12288.0,2131.400,451.200,0.055,0.145,99.790,0.010,0.0,0.0,1493092773.679,
0.075,0.185,99.725,0.015,0.0,0.0,0.0,13107.200,75768.0,50007338.800,0.0,0.0,2390.0,521.200,0.0,0.0,0.800,2069753856.0,2338816.0,5515104256.0,1.61192996864e+11,0.0,0.0,0.0,13107.200,2393.0,521.200,0.075,0.185,99.725,0.015,0.0,0.0,1493092778.679,
0.070,0.205,99.700,0.020,0.0,0.005,0.0,13926.400,121285.800,68024781.200,0.0,0.0,3495.800,501.800,0.0,0.0,0.400,2034774016.0,2355200.0,5515116544.0,1.61227948032e+11,0.0,0.0,0.0,13926.400,3492.800,502.0,0.070,0.205,99.700,0.020,0.0,0.005,1493092783.679,
0.080,0.185,99.735,0.0,0.0,0.0,0.0,9830.400,99495.600,59327235.800,0.0,0.0,2936.400,461.800,0.0,0.0,0.400,2055086080.0,2363392.0,5515112448.0,1.61207631872e+11,0.0,0.0,0.0,9830.400,2937.200,461.600,0.080,0.190,99.730,0.0,0.0,0.0,1493092788.679,
0.080,0.215,99.675,0.020,0.0,0.010,0.0,12288.0,109080.400,64641529.200,0.0,0.0,3240.600,445.400,0.0,0.0,0.400,2023202816.0,2379776.0,5515116544.0,1.61239494656e+11,0.0,0.0,0.0,12288.0,3239.800,445.400,0.080,0.210,99.680,0.020,0.0,0.010,1493092793.679,
0.055,0.065,99.845,0.035,0.0,0.0,0.0,11468.800,39548.600,20844651.0,0.0,0.0,1196.400,328.200,0.0,0.0,0.800,2041294848.0,2396160.0,5515112448.0,1.61221390336e+11,0.0,0.0,0.0,11468.800,1196.400,328.200,0.055,0.070,99.840,0.035,0.0,0.0,1493092798.679,
0.050,0.055,99.890,0.0,0.0,0.005,0.0,4096.0,35460.800,18122855.800,0.0,0.0,1130.0,364.0,0.0,0.0,0.400,2054672384.0,2396160.0,5515128832.0,1.61207996416e+11,0.0,0.0,0.0,4096.0,1134.600,364.0,0.050,0.050,99.895,0.0,0.0,0.005,1493092803.679,
0.045,0.115,99.825,0.015,0.0,0.0,0.0,17203.200,59488.600,34833192.600,0.0,0.0,1774.800,401.800,0.0,0.0,0.400,2022510592.0,2412544.0,5515128832.0,1.61240141824e+11,0.0,0.0,0.0,17203.200,1770.200,401.800,0.045,0.120,99.820,0.015,0.0,0.0,1493092808.679,
0.060,0.135,99.800,0.005,0.0,0.0,0.0,16384.0,58663.600,36199167.600,0.0,0.0,1692.600,368.0,0.200,0.0,0.400,2070450176.0,2428928.0,5515132928.0,1.6119218176e+11,0.0,0.0,0.0,16384.0,1695.800,369.400,0.060,0.135,99.800,0.005,0.0,0.0,1493092813.679,
0.065,0.130,99.795,0.010,0.0,0.0,0.0,11468.800,80273.0,43795868.600,0.0,0.0,2316.800,455.600,0.200,0.0,0.400,2055598080.0,2445312.0,5515137024.0,1.61207013376e+11,0.0,0.0,0.0,11468.800,2313.600,454.200,0.065,0.130,99.795,0.010,0.0,0.0,1493092818.679,
0.065,0.090,99.840,0.005,0.0,0.0,0.0,13926.400,51454.200,27785020.200,0.0,0.0,1563.400,450.600,0.0,0.0,0.800,2056798208.0,2453504.0,5515141120.0,1.6120580096e+11,0.0,0.0,0.0,13926.400,1566.600,450.600,0.065,0.085,99.845,0.005,0.0,0.0,1493092823.679,
0.010,0.025,99.950,0.015,0.0,0.0,0.0,16384.0,13484.0,4410356.0,0.0,0.0,450.400,302.800,0.0,0.0,0.0,2024636416.0,2469888.0,5515141120.0,1.61237946368e+11,0.0,0.0,0.0,16384.0,447.200,302.800,0.010,0.025,99.950,0.015,0.0,0.0,1493092828.679,
0.015,0.025,99.940,0.020,0.0,0.0,0.0,7372.800,7353.600,9673.0,0.0,0.0,283.600,319.0,0.600,0.0,0.800,2025201664.0,2486272.0,5515137024.0,1.61237368832e+11,0.0,0.0,0.0,7372.800,283.600,319.0,0.015,0.025,99.940,0.020,0.0,0.0,1493092833.679,
0.015,0.010,99.970,0.005,0.0,0.0,0.0,13107.200,5312.0,7516.200,0.0,0.0,222.0,262.400,0.0,0.0,0.400,2024402944.0,2494464.0,5515157504.0,1.6123813888e+11,0.0,0.0,0.0,13107.200,222.0,262.400,0.015,0.010,99.970,0.005,0.0,0.0,1493092838.679,
