"Dstat 0.7.2 CSV output"
"Author:","Dag Wieers <dag@wieers.com>",,,,"URL:","http://dag.wieers.com/home-made/dstat/"
"Host:","osd0.skyhook16osds.skyhook-pg0.wisc.cloudlab.us",,,,"User:","jlefevre"
"Cmdline:","dstat -av --epoch --integer --noheaders --output dstat-osd0.log 5",,,,"Date:","24 Apr 2017 21:15:42 CDT"

"total cpu usage",,,,,,"dsk/total",,"net/total",,"paging",,"system",,"procs",,,"memory usage",,,,"paging",,"dsk/total",,"system",,"total cpu usage",,,,,,"epoch"
"usr","sys","idl","wai","hiq","siq","read","writ","recv","send","in","out","int","csw","run","blk","new","used","buff","cach","free","in","out","read","writ","int","csw","usr","sys","idl","wai","hiq","siq","epoch"
0.015,0.015,99.965,0.005,0.0,0.0,0.0,12288.0,4446.400,6500.800,0.0,0.0,193.600,231.800,0.0,0.0,0.0,2279456768.0,2035712.0,8015515648.0,1.58483185664e+11,0.0,0.0,0.0,12288.0,193.600,231.800,0.015,0.015,99.965,0.005,0.0,0.0,1493092692.876,
0.080,0.170,99.720,0.015,0.0,0.015,0.0,9011.200,89912.800,53380642.800,0.0,0.0,1762.0,441.600,0.200,0.0,0.400,2327248896.0,2043904.0,8015511552.0,1.5843538944e+11,0.0,0.0,0.0,9011.200,1762.600,442.0,0.080,0.165,99.725,0.015,0.0,0.015,1493092697.876,
0.080,0.175,99.735,0.0,0.0,0.010,0.0,4096.0,102516.200,59907454.200,0.0,0.0,2088.200,480.400,0.400,0.0,1.200,2327367680.0,2052096.0,8015519744.0,1.58435254272e+11,0.0,0.0,0.0,4096.0,2090.400,480.0,0.080,0.175,99.735,0.0,0.0,0.010,1493092702.876,
0.070,0.185,99.735,0.005,0.0,0.005,0.0,10649.600,103519.400,62305422.0,0.0,0.0,2178.800,413.400,0.0,0.0,0.0,2306129920.0,2068480.0,8015527936.0,1.58456467456e+11,0.0,0.0,0.0,10649.600,2180.800,414.200,0.070,0.190,99.730,0.005,0.0,0.005,1493092707.876,
0.095,0.210,99.690,0.0,0.0,0.005,0.0,8192.0,108236.400,67592422.0,0.0,0.0,2331.400,577.200,0.200,0.0,0.0,2342326272.0,2076672.0,8015532032.0,1.58420258816e+11,0.0,0.0,0.0,8192.0,2329.400,576.800,0.095,0.205,99.695,0.0,0.0,0.005,1493092712.876,
0.065,0.150,99.760,0.005,0.0,0.020,0.0,10649.600,95111.200,57931660.800,0.0,0.0,2021.600,502.400,0.200,0.0,0.0,2283646976.0,2093056.0,8015527936.0,1.58478925824e+11,0.0,0.0,0.0,10649.600,2020.0,502.800,0.065,0.155,99.755,0.005,0.0,0.020,1493092717.876,
0.105,0.220,99.655,0.015,0.0,0.005,0.0,8192.0,114110.600,70824984.0,0.0,0.0,2980.400,513.600,0.200,0.0,1.200,2276794368.0,2101248.0,8015536128.0,1.58485762048e+11,0.0,0.0,0.0,8192.0,2980.0,513.600,0.105,0.215,99.660,0.015,0.0,0.005,1493092722.876,
0.060,0.130,99.805,0.0,0.0,0.005,0.0,7372.800,73229.400,43487394.800,0.0,0.0,2309.600,387.800,0.0,0.0,0.0,2306727936.0,2117632.0,8015540224.0,1.58455808e+11,0.0,0.0,0.0,7372.800,2310.400,387.400,0.060,0.130,99.805,0.0,0.0,0.005,1493092727.876,
0.070,0.150,99.780,0.0,0.0,0.0,0.0,13107.200,89948.200,52699232.600,0.0,0.0,2696.400,464.600,0.200,0.0,0.400,2306920448.0,2125824.0,8015548416.0,1.58455599104e+11,0.0,0.0,0.0,13107.200,2700.0,464.400,0.070,0.150,99.780,0.0,0.0,0.0,1493092732.876,
0.110,0.230,99.645,0.005,0.0,0.010,0.0,12288.0,136530.0,83394263.800,0.0,0.0,4022.600,516.600,0.0,0.0,0.400,2325868544.0,2142208.0,8015548416.0,1.58436634624e+11,0.0,0.0,0.0,12288.0,4017.600,516.400,0.110,0.230,99.645,0.005,0.0,0.010,1493092737.876,
0.065,0.110,99.815,0.010,0.0,0.0,0.0,13107.200,75267.200,44684750.800,0.0,0.0,2210.0,386.200,0.200,0.0,0.400,2279645184.0,2158592.0,8015552512.0,1.58482837504e+11,0.0,0.0,0.0,13107.200,2209.800,386.200,0.065,0.110,99.815,0.010,0.0,0.0,1493092742.876,
0.090,0.220,99.680,0.0,0.0,0.010,0.0,2457.600,115190.600,72184979.600,0.0,0.0,3298.800,514.800,0.200,0.0,0.400,2313519104.0,2158592.0,8015556608.0,1.58448959488e+11,0.0,0.0,0.0,2457.600,3306.200,515.200,0.090,0.220,99.680,0.0,0.0,0.010,1493092747.876,
0.075,0.200,99.700,0.010,0.0,0.015,0.0,10649.600,115610.600,71500097.200,0.0,0.0,3393.0,446.800,0.0,0.0,0.0,2325733376.0,2174976.0,8015556608.0,1.58436728832e+11,0.0,0.0,0.0,10649.600,3387.200,446.400,0.075,0.200,99.700,0.010,0.0,0.015,1493092752.876,
0.075,0.140,99.770,0.010,0.0,0.005,0.0,8192.0,92080.0,58843256.800,0.0,0.0,2650.0,408.600,0.0,0.0,0.800,2293370880.0,2183168.0,8015560704.0,1.5846907904e+11,0.0,0.0,0.0,8192.0,2652.800,408.800,0.075,0.140,99.770,0.010,0.0,0.005,1493092757.876,
0.090,0.175,99.720,0.005,0.0,0.010,0.0,7372.800,98923.200,60316411.200,0.0,0.0,2900.200,473.400,0.0,0.0,0.400,2338562048.0,2199552.0,8015564800.0,1.58423867392e+11,0.0,0.0,0.0,7372.800,2896.0,473.200,0.090,0.175,99.720,0.005,0.0,0.010,1493092762.876,
0.085,0.165,99.740,0.0,0.0,0.010,0.0,10649.600,104589.600,67656881.200,0.0,0.0,3084.600,433.600,0.0,0.0,0.0,2275926016.0,2207744.0,8015568896.0,1.58486491136e+11,0.0,0.0,0.0,10649.600,3084.600,433.600,0.085,0.170,99.735,0.0,0.0,0.010,1493092767.876,
0.100,0.230,99.670,0.0,0.0,0.0,0.0,12288.0,103055.800,74016768.800,0.0,0.0,3335.200,498.0,0.400,0.0,0.400,2327007232.0,2224128.0,8015568896.0,1.58435393536e+11,0.0,0.0,0.0,12288.0,3338.400,498.400,0.100,0.225,99.675,0.0,0.0,0.0,1493092772.876,
0.065,0.200,99.725,0.0,0.0,0.010,0.0,7372.800,117390.0,73723838.0,0.0,0.0,3515.0,512.400,0.0,0.0,0.400,2293817344.0,2240512.0,8015568896.0,1.5846856704e+11,0.0,0.0,0.0,7372.800,3511.800,512.0,0.065,0.205,99.720,0.0,0.0,0.010,1493092777.876,
0.095,0.170,99.725,0.0,0.0,0.010,0.0,0.0,97996.0,61810721.400,0.0,0.0,2937.800,540.0,0.0,0.0,0.800,2293809152.0,2240512.0,8015577088.0,1.5846856704e+11,0.0,0.0,0.0,0.0,2938.0,540.400,0.095,0.165,99.730,0.0,0.0,0.010,1493092782.876,
0.075,0.195,99.725,0.005,0.0,0.0,0.0,10649.600,107801.800,66126868.800,0.0,0.0,3158.200,453.400,0.200,0.0,0.0,2322034688.0,2256896.0,8015581184.0,1.58440321024e+11,0.0,0.0,0.0,10649.600,3163.800,453.0,0.075,0.200,99.720,0.005,0.0,0.0,1493092787.876,
0.070,0.120,99.800,0.010,0.0,0.0,0.0,8192.0,81441.600,51846765.400,0.0,0.0,2461.800,423.400,0.0,0.0,0.400,2282860544.0,2265088.0,8015585280.0,1.5847948288e+11,0.0,0.0,0.0,8192.0,2456.0,423.400,0.070,0.115,99.805,0.010,0.0,0.0,1493092792.876,
0.075,0.185,99.730,0.005,0.0,0.005,0.0,10649.600,88578.400,59527389.200,0.0,0.0,2683.600,476.0,0.200,0.0,0.400,2301157376.0,2281472.0,8015585280.0,1.58461169664e+11,0.0,0.0,0.0,10649.600,2684.0,476.400,0.075,0.185,99.730,0.005,0.0,0.005,1493092797.876,
0.085,0.210,99.700,0.005,0.0,0.0,0.0,9011.200,105436.600,69560994.200,0.0,0.0,3153.0,521.400,0.0,0.0,0.0,2342490112.0,2289664.0,8015585280.0,1.58419828736e+11,0.0,0.0,0.0,9011.200,3155.0,521.200,0.085,0.215,99.695,0.005,0.0,0.0,1493092802.876,
0.075,0.170,99.750,0.0,0.0,0.005,0.0,11468.800,104404.200,68590784.400,0.0,0.0,3104.200,446.0,0.200,0.0,0.800,2276200448.0,2306048.0,8015593472.0,1.58486093824e+11,0.0,0.0,0.0,11468.800,3101.800,445.800,0.075,0.170,99.750,0.0,0.0,0.005,1493092807.876,
0.070,0.175,99.755,0.0,0.0,0.0,0.0,2457.600,89515.200,59323654.400,0.0,0.0,2718.400,427.600,0.400,0.0,0.400,2307334144.0,2314240.0,8015597568.0,1.5845494784e+11,0.0,0.0,0.0,2457.600,2719.0,429.200,0.075,0.170,99.755,0.0,0.0,0.0,1493092812.876,
0.080,0.165,99.750,0.0,0.0,0.005,0.0,8192.0,83246.800,56125576.200,0.0,0.0,2407.800,462.200,0.0,0.0,0.400,2299154432.0,2322432.0,8015605760.0,1.58463111168e+11,0.0,0.0,0.0,8192.0,2407.200,460.600,0.075,0.170,99.750,0.0,0.0,0.005,1493092817.876,
0.070,0.145,99.785,0.0,0.0,0.0,0.0,7372.800,85894.400,55672363.0,0.0,0.0,2631.400,460.800,0.0,0.0,0.400,2276683776.0,2338816.0,8015609856.0,1.58485561344e+11,0.0,0.0,0.0,7372.800,2631.400,460.800,0.070,0.140,99.790,0.0,0.0,0.0,1493092822.876,
0.040,0.045,99.905,0.005,0.0,0.005,0.0,9830.400,23158.200,8876260.0,0.0,0.0,663.600,400.0,0.0,0.0,0.800,2276696064.0,2347008.0,8015613952.0,1.58485536768e+11,0.0,0.0,0.0,9830.400,663.400,400.400,0.040,0.050,99.900,0.005,0.0,0.005,1493092827.876,
0.020,0.025,99.950,0.005,0.0,0.0,0.0,14745.600,4604.800,6625.800,0.0,0.0,211.400,254.400,0.0,0.0,0.0,2275659776.0,2363392.0,8015609856.0,1.58486560768e+11,0.0,0.0,0.0,14745.600,211.400,254.0,0.020,0.020,99.955,0.005,0.0,0.0,1493092832.876,
0.025,0.015,99.955,0.005,0.0,0.0,0.0,9011.200,5984.800,8385.400,0.0,0.0,248.800,295.400,0.0,0.0,1.200,2277920768.0,2371584.0,8015626240.0,1.584842752e+11,0.0,0.0,0.0,9011.200,248.800,295.400,0.025,0.020,99.950,0.005,0.0,0.0,1493092837.876,
