"Dstat 0.7.2 CSV output"
"Author:","Dag Wieers <dag@wieers.com>",,,,"URL:","http://dag.wieers.com/home-made/dstat/"
"Host:","osd1.skyhook16osds.skyhook-pg0.wisc.cloudlab.us",,,,"User:","jlefevre"
"Cmdline:","dstat -av --epoch --integer --noheaders --output dstat-osd1.log 5",,,,"Date:","24 Apr 2017 21:15:43 CDT"

"total cpu usage",,,,,,"dsk/total",,"net/total",,"paging",,"system",,"procs",,,"memory usage",,,,"paging",,"dsk/total",,"system",,"total cpu usage",,,,,,"epoch"
"usr","sys","idl","wai","hiq","siq","read","writ","recv","send","in","out","int","csw","run","blk","new","used","buff","cach","free","in","out","read","writ","int","csw","usr","sys","idl","wai","hiq","siq","epoch"
0.020,0.015,99.935,0.030,0.0,0.0,0.0,15564.800,5342.800,8121.800,0.0,0.0,223.800,278.600,0.0,0.0,0.800,2022170624.0,2490368.0,5533253632.0,1.61222279168e+11,0.0,0.0,0.0,15564.800,223.800,278.600,0.020,0.015,99.935,0.030,0.0,0.0,1493094988.679,
0.080,0.090,99.830,0.0,0.0,0.0,0.0,5734.400,28710.800,14686943.600,0.0,0.0,888.0,462.0,0.0,0.0,1.200,2044612608.0,2490368.0,5533257728.0,1.61199833088e+11,0.0,0.0,0.0,5734.400,892.400,462.0,0.080,0.095,99.825,0.0,0.0,0.0,1493094993.679,
0.195,0.285,99.495,0.020,0.0,0.005,0.0,15564.800,96466.0,59631380.200,0.0,0.0,2621.800,567.0,0.0,0.0,0.400,2089910272.0,2506752.0,5533265920.0,1.61154510848e+11,0.0,0.0,0.0,15564.800,2617.400,567.0,0.195,0.280,99.500,0.020,0.0,0.005,1493094998.679,
0.165,0.235,99.585,0.015,0.0,0.0,0.0,18022.400,108717.400,67490039.200,0.0,0.0,2310.800,555.800,0.400,0.0,1.200,2043060224.0,2523136.0,5533265920.0,1.61201344512e+11,0.0,0.0,0.0,18022.400,2310.800,557.0,0.165,0.235,99.585,0.015,0.0,0.0,1493095003.679,
0.145,0.230,99.595,0.030,0.0,0.0,0.0,21299.200,92983.800,55175021.200,0.0,0.0,1964.800,457.0,0.0,0.0,0.800,2042544128.0,2539520.0,5533274112.0,1.61201836032e+11,0.0,0.0,0.0,21299.200,1967.0,456.200,0.145,0.230,99.595,0.030,0.0,0.0,1493095008.679,
0.140,0.180,99.665,0.015,0.0,0.0,0.0,15564.800,78341.600,42239216.800,0.0,0.0,1624.400,533.800,0.200,0.0,1.200,2042834944.0,2547712.0,5533282304.0,1.61201528832e+11,0.0,0.0,0.0,15564.800,1624.0,533.600,0.145,0.185,99.655,0.015,0.0,0.0,1493095013.679,
0.120,0.130,99.750,0.0,0.0,0.0,0.0,10649.600,66883.600,38362908.200,0.0,0.0,1446.0,444.200,0.200,0.0,1.0,2023776256.0,2564096.0,5533282304.0,1.61220571136e+11,0.0,0.0,0.0,10649.600,1444.200,444.0,0.115,0.125,99.760,0.0,0.0,0.0,1493095018.679,
0.095,0.130,99.755,0.015,0.0,0.005,25395.200,8192.0,51385.200,26570696.200,0.0,0.0,1164.600,468.0,0.600,0.0,0.800,2038452224.0,2572288.0,5533417472.0,1.61205751808e+11,0.0,0.0,25395.200,8192.0,1164.800,468.600,0.100,0.130,99.750,0.015,0.0,0.005,1493095023.679,
0.160,0.180,99.630,0.025,0.0,0.005,0.0,12288.0,68178.200,44262106.0,0.0,0.0,1633.600,557.600,0.200,0.0,1.400,2026754048.0,2588672.0,5533425664.0,1.61217425408e+11,0.0,0.0,0.0,12288.0,1633.600,557.400,0.155,0.180,99.635,0.025,0.0,0.005,1493095028.679,
0.120,0.165,99.705,0.010,0.0,0.0,0.0,8192.0,58249.200,41348824.800,0.0,0.0,1300.600,425.400,0.200,0.0,0.800,2024820736.0,2596864.0,5533429760.0,1.61219346432e+11,0.0,0.0,0.0,8192.0,1300.400,425.0,0.120,0.165,99.705,0.010,0.0,0.0,1493095033.679,
0.095,0.125,99.755,0.020,0.0,0.005,0.0,12288.0,47524.0,23612837.0,0.0,0.0,1082.400,444.800,0.200,0.0,1.200,2023120896.0,2613248.0,5533437952.0,1.61221021696e+11,0.0,0.0,0.0,12288.0,1082.400,444.800,0.095,0.125,99.755,0.020,0.0,0.005,1493095038.679,
0.110,0.155,99.735,0.0,0.0,0.0,0.0,2457.600,67993.200,38366668.0,0.0,0.0,1545.200,499.600,0.200,0.0,0.0,2021130240.0,2613248.0,5533433856.0,1.61223016448e+11,0.0,0.0,0.0,2457.600,1545.400,499.600,0.110,0.160,99.730,0.0,0.0,0.0,1493095043.679,
0.110,0.155,99.715,0.020,0.0,0.0,0.0,11468.800,62694.0,37193163.0,0.0,0.0,1386.800,480.400,0.0,0.0,1.200,2041655296.0,2629632.0,5533446144.0,1.6120246272e+11,0.0,0.0,0.0,11468.800,1389.400,480.400,0.110,0.150,99.720,0.020,0.0,0.0,1493095048.679,
0.100,0.170,99.720,0.010,0.0,0.0,0.0,12288.0,70017.600,39615482.600,0.0,0.0,1483.600,457.600,0.200,0.0,0.600,2042875904.0,2646016.0,5533437952.0,1.6120123392e+11,0.0,0.0,0.0,12288.0,1480.800,457.600,0.100,0.170,99.720,0.010,0.0,0.0,1493095053.679,
0.125,0.250,99.600,0.010,0.0,0.015,0.0,4915.200,92253.400,56074622.200,0.0,0.0,1934.200,509.200,0.400,0.0,0.800,2019774464.0,2654208.0,5533450240.0,1.6122431488e+11,0.0,0.0,0.0,4915.200,1934.200,509.200,0.125,0.250,99.600,0.010,0.0,0.015,1493095058.679,
0.105,0.115,99.760,0.020,0.0,0.0,0.0,12288.0,57228.0,32466188.800,0.0,0.0,1216.400,352.200,0.0,0.0,0.400,2020790272.0,2670592.0,5533458432.0,1.61223274496e+11,0.0,0.0,0.0,12288.0,1216.400,352.200,0.110,0.115,99.755,0.020,0.0,0.0,1493095063.679,
0.135,0.225,99.640,0.0,0.0,0.0,0.0,8192.0,93580.600,52002022.200,0.0,0.0,1914.200,589.200,0.200,0.0,0.800,2041028608.0,2678784.0,5533454336.0,1.61203032064e+11,0.0,0.0,0.0,8192.0,1917.0,589.600,0.130,0.230,99.640,0.0,0.0,0.0,1493095068.679,
0.125,0.195,99.645,0.020,0.0,0.015,0.0,10649.600,79363.400,45389976.600,0.0,0.0,1665.400,415.600,0.200,0.0,0.400,2020712448.0,2695168.0,5533462528.0,1.61223323648e+11,0.0,0.0,0.0,10649.600,1662.600,415.200,0.125,0.195,99.645,0.020,0.0,0.015,1493095073.679,
0.175,0.265,99.550,0.010,0.0,0.0,0.0,9830.400,110844.800,70835232.400,0.0,0.0,2334.0,572.400,0.200,0.0,0.400,2020790272.0,2703360.0,5533462528.0,1.61223237632e+11,0.0,0.0,0.0,9830.400,2334.0,572.400,0.175,0.265,99.550,0.010,0.0,0.0,1493095078.679,
0.160,0.260,99.560,0.020,0.0,0.0,0.0,14745.600,98838.0,58529356.0,0.0,0.0,2102.600,471.200,0.200,0.0,0.0,2054221824.0,2719744.0,5533466624.0,1.611897856e+11,0.0,0.0,0.0,14745.600,2105.200,471.600,0.160,0.255,99.565,0.020,0.0,0.0,1493095083.679,
0.175,0.220,99.590,0.010,0.0,0.005,0.0,7372.800,111505.400,65411860.800,0.0,0.0,2288.0,500.200,0.200,0.0,1.200,2019188736.0,2736128.0,5533474816.0,1.61224794112e+11,0.0,0.0,0.0,7372.800,2285.400,499.800,0.175,0.220,99.590,0.010,0.0,0.005,1493095088.679,
0.105,0.130,99.765,0.0,0.0,0.0,0.0,9830.400,61964.200,32461754.0,0.0,0.0,1319.800,398.400,0.0,0.0,0.800,2017443840.0,2744320.0,5533478912.0,1.6122652672e+11,0.0,0.0,0.0,9830.400,1319.800,398.400,0.105,0.135,99.760,0.0,0.0,0.0,1493095093.679,
0.050,0.075,99.855,0.015,0.0,0.005,0.0,7372.800,39741.600,17733821.400,0.0,0.0,839.800,354.400,0.200,0.0,0.0,2018328576.0,2760704.0,5533478912.0,1.612256256e+11,0.0,0.0,0.0,7372.800,839.800,354.400,0.055,0.070,99.855,0.015,0.0,0.005,1493095098.679,
0.100,0.135,99.760,0.005,0.0,0.0,0.0,8192.0,50571.600,29495534.600,0.0,0.0,1163.800,403.200,0.200,0.0,0.400,2019385344.0,2768896.0,5533483008.0,1.61224556544e+11,0.0,0.0,0.0,8192.0,1163.800,403.200,0.095,0.135,99.765,0.005,0.0,0.0,1493095103.679,
0.080,0.125,99.770,0.020,0.0,0.005,0.0,7372.800,52421.0,29500172.0,0.0,0.0,1320.400,342.200,0.0,0.0,0.0,2017812480.0,2785280.0,5533483008.0,1.61226113024e+11,0.0,0.0,0.0,7372.800,1320.400,342.200,0.080,0.130,99.765,0.020,0.0,0.005,1493095108.679,
0.160,0.180,99.645,0.005,0.0,0.010,0.0,9830.400,71577.600,47243856.200,0.0,0.0,2306.600,440.200,0.0,0.0,1.200,2023415808.0,2793472.0,5533483008.0,1.61220501504e+11,0.0,0.0,0.0,9830.400,2306.600,440.200,0.160,0.180,99.645,0.005,0.0,0.010,1493095113.679,
0.080,0.145,99.765,0.010,0.0,0.0,0.0,7372.800,57343.200,29823015.800,0.0,0.0,1698.800,395.200,0.400,0.0,0.400,2043101184.0,2801664.0,5533491200.0,1.61200799744e+11,0.0,0.0,0.0,7372.800,1698.800,395.200,0.080,0.145,99.765,0.010,0.0,0.0,1493095118.679,
0.070,0.090,99.830,0.010,0.0,0.0,0.0,9830.400,36735.400,20418751.800,0.0,0.0,1143.400,372.400,0.0,0.0,0.400,2023264256.0,2818048.0,5533491200.0,1.61220620288e+11,0.0,0.0,0.0,9830.400,1143.400,372.400,0.070,0.085,99.835,0.010,0.0,0.0,1493095123.679,
0.010,0.010,99.980,0.0,0.0,0.0,0.0,7372.800,4550.600,6761.600,0.0,0.0,195.200,239.200,0.0,0.0,0.0,2023391232.0,2826240.0,5533503488.0,1.61220472832e+11,0.0,0.0,0.0,7372.800,195.200,239.200,0.010,0.010,99.980,0.0,0.0,0.0,1493095128.679,
0.020,0.030,99.935,0.015,0.0,0.0,0.0,12288.0,4994.600,7692.800,0.0,0.0,232.800,270.800,0.0,0.0,0.800,2022244352.0,2842624.0,5533499392.0,1.61221607424e+11,0.0,0.0,0.0,12288.0,232.800,270.800,0.025,0.030,99.930,0.015,0.0,0.0,1493095133.679,
