"Dstat 0.7.2 CSV output"
"Author:","Dag Wieers <dag@wieers.com>",,,,"URL:","http://dag.wieers.com/home-made/dstat/"
"Host:","osd0.skyhook16osds.skyhook-pg0.wisc.cloudlab.us",,,,"User:","jlefevre"
"Cmdline:","dstat -av --epoch --integer --noheaders --output dstat-osd0.log 5",,,,"Date:","24 Apr 2017 21:15:42 CDT"

"total cpu usage",,,,,,"dsk/total",,"net/total",,"paging",,"system",,"procs",,,"memory usage",,,,"paging",,"dsk/total",,"system",,"total cpu usage",,,,,,"epoch"
"usr","sys","idl","wai","hiq","siq","read","writ","recv","send","in","out","int","csw","run","blk","new","used","buff","cach","free","in","out","read","writ","int","csw","usr","sys","idl","wai","hiq","siq","epoch"
0.025,0.025,99.940,0.010,0.0,0.0,0.0,16384.0,4726.800,7029.600,0.0,0.0,213.200,240.600,0.0,0.0,0.400,2279874560.0,2367488.0,8016994304.0,1.5848095744e+11,0.0,0.0,0.0,16384.0,213.200,240.600,0.025,0.025,99.940,0.010,0.0,0.0,1493094987.876,
0.025,0.020,99.945,0.010,0.0,0.0,0.0,8192.0,5148.400,7615.0,0.0,0.0,223.400,266.400,0.0,0.0,0.400,2280022016.0,2375680.0,8016998400.0,1.58480797696e+11,0.0,0.0,0.0,8192.0,223.400,266.400,0.025,0.020,99.945,0.010,0.0,0.0,1493094992.876,
0.160,0.240,99.575,0.020,0.0,0.005,0.0,7372.800,93607.400,56831643.400,0.0,0.0,2794.0,481.200,0.0,0.0,0.400,2315550720.0,2392064.0,8016994304.0,1.58445256704e+11,0.0,0.0,0.0,7372.800,2796.600,481.200,0.160,0.235,99.580,0.020,0.0,0.005,1493094997.876,
0.160,0.230,99.605,0.005,0.0,0.0,0.0,10649.600,111961.0,64389993.600,0.0,0.0,3246.400,481.600,0.0,0.0,0.400,2301165568.0,2400256.0,8016998400.0,1.58459629568e+11,0.0,0.0,0.0,10649.600,3244.800,482.0,0.160,0.235,99.600,0.005,0.0,0.0,1493095002.876,
0.165,0.270,99.555,0.005,0.0,0.005,0.0,2457.600,103241.600,60409499.200,0.0,0.0,3139.200,500.800,0.0,0.0,0.800,2329169920.0,2408448.0,8017002496.0,1.58431612928e+11,0.0,0.0,0.0,2457.600,3141.800,500.400,0.165,0.265,99.560,0.005,0.0,0.005,1493095007.876,
0.140,0.290,99.570,0.0,0.0,0.0,0.0,8192.0,101421.200,60701163.0,0.0,0.0,3131.600,503.400,0.0,0.0,0.400,2357166080.0,2416640.0,8017006592.0,1.5840360448e+11,0.0,0.0,0.0,8192.0,3128.200,503.400,0.140,0.290,99.570,0.0,0.0,0.0,1493095012.876,
0.185,0.285,99.525,0.005,0.0,0.0,0.0,12288.0,112710.0,68372043.800,0.0,0.0,3477.800,572.800,0.400,0.0,0.400,2361262080.0,2433024.0,8017010688.0,1.58399488e+11,0.0,0.0,0.0,12288.0,3480.400,573.0,0.185,0.285,99.525,0.005,0.0,0.0,1493095017.876,
0.140,0.270,99.575,0.015,0.0,0.0,0.0,11468.800,109507.0,70413877.600,0.0,0.0,3445.200,553.600,0.200,0.0,1.0,2326945792.0,2449408.0,8017018880.0,1.58433779712e+11,0.0,0.0,0.0,11468.800,3443.200,554.800,0.145,0.270,99.570,0.015,0.0,0.0,1493095022.876,
0.110,0.170,99.700,0.015,0.0,0.005,0.0,9830.400,71082.400,46965397.800,0.0,0.0,2272.400,408.200,0.0,0.0,0.400,2284822528.0,2457600.0,8017022976.0,1.58475890688e+11,0.0,0.0,0.0,9830.400,2271.800,406.800,0.105,0.175,99.700,0.015,0.0,0.005,1493095027.876,
0.175,0.220,99.575,0.025,0.0,0.005,0.0,10649.600,110598.0,64942573.400,0.0,0.0,3299.800,520.800,0.0,0.0,1.200,2281861120.0,2473984.0,8017027072.0,1.58478831616e+11,0.0,0.0,0.0,10649.600,3300.200,520.800,0.175,0.220,99.575,0.025,0.0,0.005,1493095032.876,
0.205,0.295,99.485,0.010,0.0,0.005,0.0,8192.0,114240.200,75680026.0,0.0,0.0,3400.200,549.800,0.0,0.0,0.400,2303393792.0,2482176.0,8017031168.0,1.58457286656e+11,0.0,0.0,0.0,8192.0,3402.800,549.800,0.205,0.290,99.490,0.010,0.0,0.005,1493095037.876,
0.185,0.245,99.560,0.005,0.0,0.005,0.0,10649.600,98875.600,61318804.0,0.0,0.0,2961.800,545.800,0.0,0.0,0.800,2331967488.0,2498560.0,8017035264.0,1.5842869248e+11,0.0,0.0,0.0,10649.600,2959.0,546.200,0.185,0.245,99.560,0.005,0.0,0.005,1493095042.876,
0.180,0.270,99.535,0.010,0.0,0.005,0.0,8192.0,120202.400,75598254.0,0.0,0.0,3684.0,480.800,0.0,0.0,0.0,2333171712.0,2506752.0,8017039360.0,1.58427475968e+11,0.0,0.0,0.0,8192.0,3683.800,480.400,0.180,0.270,99.535,0.010,0.0,0.005,1493095047.876,
0.180,0.255,99.550,0.015,0.0,0.0,0.0,13926.400,125435.600,71912820.800,0.0,0.0,3642.0,573.0,0.400,0.0,1.600,2314539008.0,2523136.0,8017043456.0,1.58446088192e+11,0.0,0.0,0.0,13926.400,3642.800,574.200,0.185,0.260,99.540,0.015,0.0,0.0,1493095052.876,
0.130,0.165,99.700,0.0,0.0,0.005,0.0,7372.800,77339.600,48923851.200,0.0,0.0,2254.0,425.0,0.200,0.0,0.0,2282582016.0,2531328.0,8017043456.0,1.58478036992e+11,0.0,0.0,0.0,7372.800,2253.200,423.800,0.125,0.160,99.710,0.0,0.0,0.005,1493095057.876,
0.185,0.300,99.500,0.010,0.0,0.005,0.0,4915.200,109330.800,72564304.800,0.0,0.0,3255.800,579.200,0.200,0.0,1.200,2300518400.0,2539520.0,8017059840.0,1.58460076032e+11,0.0,0.0,0.0,4915.200,3258.200,581.800,0.185,0.300,99.500,0.010,0.0,0.005,1493095062.876,
0.160,0.270,99.555,0.015,0.0,0.0,0.0,12288.0,115396.600,69065663.400,0.0,0.0,3428.200,475.200,0.200,0.0,0.0,2297401344.0,2555904.0,8017059840.0,1.58463176704e+11,0.0,0.0,0.0,12288.0,3426.200,473.800,0.160,0.270,99.555,0.015,0.0,0.0,1493095067.876,
0.220,0.340,99.425,0.015,0.0,0.0,0.0,8192.0,121776.200,84774417.400,0.0,0.0,3719.400,572.800,0.200,0.0,0.400,2315141120.0,2564096.0,8017059840.0,1.58445428736e+11,0.0,0.0,0.0,8192.0,3723.800,571.600,0.220,0.340,99.425,0.015,0.0,0.0,1493095072.876,
0.160,0.195,99.630,0.015,0.0,0.0,0.0,7372.800,98373.200,59797392.200,0.0,0.0,2998.400,469.400,0.0,0.0,1.600,2282713088.0,2580480.0,8017072128.0,1.58477828096e+11,0.0,0.0,0.0,7372.800,2993.600,469.400,0.160,0.195,99.630,0.015,0.0,0.0,1493095077.876,
0.190,0.265,99.540,0.0,0.0,0.005,0.0,9830.400,120515.200,73767391.200,0.0,0.0,3151.800,513.800,0.200,0.0,0.0,2282536960.0,2588672.0,8017072128.0,1.58477996032e+11,0.0,0.0,0.0,9830.400,3152.0,513.800,0.190,0.270,99.535,0.0,0.0,0.005,1493095082.876,
0.155,0.195,99.645,0.005,0.0,0.0,0.0,13107.200,88042.200,53135896.200,0.0,0.0,1787.400,468.800,0.200,0.0,1.200,2285449216.0,2605056.0,8017072128.0,1.58475067392e+11,0.0,0.0,0.0,13107.200,1787.200,468.800,0.155,0.195,99.645,0.005,0.0,0.0,1493095087.876,
0.125,0.165,99.710,0.0,0.0,0.0,0.0,5734.400,71065.200,44248396.200,0.0,0.0,1537.0,379.200,0.200,0.0,0.0,2310766592.0,2613248.0,8017080320.0,1.58449733632e+11,0.0,0.0,0.0,5734.400,1537.600,379.600,0.125,0.160,99.715,0.0,0.0,0.0,1493095092.876,
0.200,0.255,99.530,0.010,0.0,0.005,0.0,9011.200,112873.0,70820514.600,0.0,0.0,3108.200,584.400,0.0,0.0,1.600,2285346816.0,2621440.0,8017088512.0,1.58475137024e+11,0.0,0.0,0.0,9011.200,3107.800,584.400,0.200,0.255,99.530,0.010,0.0,0.005,1493095097.876,
0.220,0.335,99.435,0.010,0.0,0.0,0.0,10649.600,128179.0,84622600.800,0.0,0.0,3756.400,608.400,0.0,0.0,0.400,2304626688.0,2637824.0,8017096704.0,1.58455832576e+11,0.0,0.0,0.0,10649.600,3760.600,608.0,0.220,0.335,99.435,0.010,0.0,0.0,1493095102.876,
0.140,0.180,99.665,0.015,0.0,0.0,0.0,12288.0,72530.600,45760379.600,0.0,0.0,2204.400,501.200,0.0,0.0,1.200,2304159744.0,2646016.0,8017100800.0,1.58456287232e+11,0.0,0.0,0.0,12288.0,2201.0,501.200,0.140,0.185,99.660,0.015,0.0,0.0,1493095107.876,
0.120,0.175,99.685,0.020,0.0,0.0,0.0,10649.600,74337.400,46683427.800,0.0,0.0,2230.400,451.600,0.200,0.0,0.400,2282651648.0,2662400.0,8017100800.0,1.58477778944e+11,0.0,0.0,0.0,10649.600,2229.400,451.600,0.120,0.175,99.685,0.020,0.0,0.0,1493095112.876,
0.210,0.255,99.525,0.005,0.0,0.005,0.0,9830.400,98006.0,64287358.400,0.0,0.0,3070.800,554.400,0.0,0.0,1.600,2304954368.0,2670592.0,8017108992.0,1.5845545984e+11,0.0,0.0,0.0,9830.400,3072.400,554.400,0.210,0.250,99.530,0.005,0.0,0.005,1493095117.876,
0.110,0.125,99.755,0.010,0.0,0.0,0.0,12288.0,56697.800,36061762.200,0.0,0.0,1791.0,450.400,0.200,0.200,0.400,2285473792.0,2686976.0,8017113088.0,1.58474919936e+11,0.0,0.0,0.0,12288.0,1789.400,450.400,0.110,0.125,99.755,0.010,0.0,0.0,1493095122.876,
0.040,0.020,99.935,0.005,0.0,0.0,0.0,13107.200,5777.600,9072.800,0.0,0.0,262.800,331.800,0.0,0.0,1.200,2285182976.0,2703360.0,8017121280.0,1.58475186176e+11,0.0,0.0,0.0,13107.200,262.600,331.800,0.040,0.025,99.930,0.005,0.0,0.0,1493095127.876,
0.020,0.025,99.955,0.0,0.0,0.0,0.0,4915.200,4882.600,7183.0,0.0,0.0,222.600,260.600,0.0,0.0,0.400,2284253184.0,2711552.0,8017125376.0,1.5847610368e+11,0.0,0.0,0.0,4915.200,222.600,260.600,0.020,0.025,99.955,0.0,0.0,0.0,1493095132.876,
