"Dstat 0.7.2 CSV output"
"Author:","Dag Wieers <dag@wieers.com>",,,,"URL:","http://dag.wieers.com/home-made/dstat/"
"Host:","client0.skyhook16osds.skyhook-pg0.wisc.cloudlab.us",,,,"User:","jlefevre"
"Cmdline:","dstat -av --epoch --integer --noheaders --output dstat-client0.log 5",,,,"Date:","24 Apr 2017 21:15:41 CDT"

"total cpu usage",,,,,,"dsk/total",,"net/total",,"paging",,"system",,"procs",,,"memory usage",,,,"paging",,"dsk/total",,"system",,"total cpu usage",,,,,,"epoch"
"usr","sys","idl","wai","hiq","siq","read","writ","recv","send","in","out","int","csw","run","blk","new","used","buff","cach","free","in","out","read","writ","int","csw","usr","sys","idl","wai","hiq","siq","epoch"
0.155,0.080,99.765,0.0,0.0,0.0,0.0,12288.0,63199.600,9778.600,0.0,0.0,611.0,7435.400,0.600,0.0,1.0,5022195712.0,241238016.0,1.6175335424e+11,1763405824.0,0.0,0.0,0.0,12288.0,610.200,7435.0,0.150,0.080,99.770,0.0,0.0,0.0,1493092146.510,
1.537,2.469,95.778,0.111,0.0,0.106,0.0,101580.800,485492747.0,682034.0,0.0,0.0,16832.600,25644.800,2.0,0.200,6.400,5324402688.0,241254400.0,1.61753432064e+11,1461104640.0,0.0,0.0,0.0,108953.600,16848.0,25653.400,1.546,2.473,95.759,0.116,0.0,0.106,1493092151.509,
2.999,4.640,91.945,0.157,0.0,0.258,0.0,195788.800,1030674930.0,1352807.400,0.0,0.0,28911.0,50058.600,2.600,0.0,0.400,5318868992.0,241254400.0,1.6175382528e+11,1466245120.0,0.0,0.0,0.0,188416.0,28908.800,50094.200,2.990,4.637,91.962,0.152,0.0,0.258,1493092156.510,
3.467,4.344,91.759,0.177,0.0,0.253,0.0,193331.200,1095524280.0,1548479.0,0.0,0.0,31294.800,67696.800,3.200,0.0,0.400,5293694976.0,241266688.0,1.61754136576e+11,1491095552.0,0.0,0.0,0.0,193331.200,31299.200,67725.400,3.471,4.347,91.751,0.177,0.0,0.253,1493092161.510,
2.987,4.699,92.015,0.178,0.0,0.122,0.0,225280.0,1011747961.400,1344495.800,0.0,0.0,28308.400,57942.800,3.400,0.200,0.0,5347364864.0,241266688.0,1.61754435584e+11,1437126656.0,0.0,0.0,0.0,226099.200,28306.400,57919.600,2.983,4.700,92.017,0.178,0.0,0.122,1493092166.510,
2.963,4.577,92.114,0.183,0.0,0.162,0.0,211353.600,1038129683.400,1406157.400,0.0,0.0,27834.0,49896.600,3.600,0.0,0.400,5322735616.0,241287168.0,1.6175478784e+11,1461383168.0,0.0,0.0,0.0,210534.400,27828.600,49884.200,2.963,4.577,92.115,0.183,0.0,0.162,1493092171.510,
3.121,4.581,91.563,0.476,0.0,0.258,0.0,4637491.200,1037408610.0,1369861.0,0.0,0.0,28113.600,62151.800,3.200,0.200,1.200,5320138752.0,241319936.0,1.61749553152e+11,1469181952.0,0.0,0.0,0.0,4637491.200,28106.200,62115.600,3.122,4.576,91.568,0.476,0.0,0.258,1493092176.510,
3.211,4.536,91.867,0.157,0.0,0.228,0.0,175308.800,1039934592.600,1376717.0,0.0,0.0,27475.0,48351.800,3.800,0.200,0.400,5259112448.0,241319936.0,1.61749839872e+11,1529921536.0,0.0,0.0,0.0,175308.800,27490.200,48436.600,3.215,4.539,91.861,0.157,0.0,0.228,1493092181.510,
2.928,4.644,92.083,0.193,0.0,0.152,0.0,231014.400,1006601976.400,1350736.200,0.0,0.0,30194.200,58928.600,4.0,0.0,0.0,5346304000.0,241328128.0,1.61750204416e+11,1442357248.0,0.0,0.0,0.0,231014.400,30190.600,58873.200,2.929,4.645,92.080,0.193,0.0,0.152,1493092186.510,
2.821,4.647,92.182,0.178,0.0,0.172,0.0,214630.400,991111873.800,1287830.0,0.0,0.0,26352.200,48640.600,3.400,0.0,0.400,5310636032.0,241332224.0,1.6175050752e+11,1477718016.0,0.0,0.0,0.0,214630.400,26352.800,48665.400,2.816,4.648,92.186,0.178,0.0,0.173,1493092191.510,
2.569,4.762,92.355,0.142,0.0,0.172,0.0,187596.800,968670920.800,1204680.200,0.0,0.0,25799.200,40451.800,3.200,0.200,0.400,5342531584.0,241352704.0,1.61750851584e+11,1445457920.0,0.0,0.0,0.0,187596.800,25791.200,40397.200,2.574,4.762,92.350,0.142,0.0,0.172,1493092196.510,
2.106,5.181,92.269,0.151,0.0,0.293,0.0,222822.400,877457747.800,987143.400,0.0,0.0,22759.800,23407.600,3.600,0.0,1.200,5326815232.0,241356800.0,1.61751150592e+11,1460871168.0,0.0,0.0,0.0,222822.400,22759.400,23411.400,2.105,5.175,92.275,0.151,0.0,0.293,1493092201.509,
1.853,5.045,92.097,0.651,0.0,0.353,0.0,7537459.200,851121902.800,913399.600,0.0,0.0,21824.200,23961.800,3.200,0.200,0.0,5305237504.0,241393664.0,1.61748697088e+11,1484865536.0,0.0,0.0,0.0,7537459.200,21817.800,23957.400,1.849,5.047,92.099,0.652,0.0,0.354,1493092206.510,
2.128,4.862,92.571,0.152,0.0,0.288,0.0,181043.200,889078242.200,980359.400,0.0,0.0,22623.800,24079.0,2.800,0.200,0.800,5309034496.0,241430528.0,1.61748574208e+11,1481154560.0,0.0,0.0,0.0,181043.200,22639.800,24096.800,2.137,4.859,92.565,0.152,0.0,0.288,1493092211.510,
2.537,4.725,92.251,0.208,0.0,0.279,0.0,226099.200,969110825.600,1210742.400,0.0,0.0,25384.600,33429.0,2.600,0.0,0.0,5364232192.0,241442816.0,1.61748918272e+11,1425600512.0,0.0,0.0,0.0,226099.200,25382.800,33432.400,2.527,4.730,92.252,0.208,0.0,0.284,1493092216.510,
3.000,4.540,92.111,0.167,0.0,0.182,0.0,172032.0,1000127638.600,1288110.200,0.0,0.0,26639.600,51694.200,3.600,0.200,0.800,5321920512.0,241471488.0,1.61749184512e+11,1467617280.0,0.0,0.0,0.0,172032.0,26641.400,51729.600,3.010,4.541,92.105,0.167,0.0,0.177,1493092221.510,
2.434,4.973,92.163,0.187,0.0,0.243,0.0,228556.800,942359881.200,1149512.0,0.0,0.0,24985.600,29285.800,3.400,0.0,0.400,5336014848.0,241475584.0,1.61749557248e+11,1453146112.0,0.0,0.0,0.0,228556.800,24984.400,29231.0,2.424,4.979,92.167,0.187,0.0,0.243,1493092226.510,
1.779,5.230,92.386,0.171,0.0,0.433,0.0,220364.800,789133071.200,789414.600,0.0,0.0,20090.400,16084.400,2.200,0.0,0.400,5343141888.0,241483776.0,1.6174985216e+11,1445715968.0,0.0,0.0,0.0,220364.800,20078.400,16083.600,1.784,5.226,92.386,0.171,0.0,0.433,1493092231.510,
1.803,5.313,92.445,0.141,0.0,0.298,0.0,205619.200,837608712.0,853199.600,0.0,0.0,21530.800,17530.800,3.800,0.400,0.400,5342625792.0,241487872.0,1.61750126592e+11,1445953536.0,0.0,0.0,0.0,205619.200,21549.800,17534.400,1.808,5.307,92.446,0.141,0.0,0.298,1493092236.510,
2.242,5.020,92.287,0.202,0.0,0.248,0.0,236748.800,904474577.0,1031436.800,0.0,0.0,23114.400,28581.0,2.600,0.0,0.800,5338222592.0,241512448.0,1.61750495232e+11,1449963520.0,0.0,0.0,0.0,236748.800,23103.0,28579.600,2.232,5.031,92.287,0.202,0.0,0.248,1493092241.510,
2.300,4.909,92.432,0.167,0.0,0.193,0.0,221184.0,933814914.0,1127307.600,0.0,0.0,24530.200,30984.800,2.600,0.0,0.0,5314772992.0,241524736.0,1.61750769664e+11,1473126400.0,0.0,0.0,0.0,221184.0,24527.800,30987.400,2.305,4.904,92.432,0.167,0.0,0.193,1493092246.510,
2.847,4.770,92.013,0.208,0.0,0.162,0.0,180224.0,980258963.600,1269774.600,0.0,0.0,25985.200,46097.0,2.800,0.200,1.200,5285527552.0,241541120.0,1.61751126016e+11,1501999104.0,0.0,0.0,0.0,180224.0,25993.800,46169.200,2.846,4.768,92.016,0.208,0.0,0.162,1493092251.510,
2.361,4.889,92.265,0.172,0.0,0.313,0.0,201523.200,930173636.600,1122674.200,0.0,0.0,23964.0,34288.800,3.200,0.0,0.0,5298880512.0,241557504.0,1.61751433216e+11,1488322560.0,0.0,0.0,0.0,201523.200,23954.0,34210.800,2.357,4.895,92.263,0.172,0.0,0.314,1493092256.510,
2.431,5.129,91.985,0.182,0.0,0.273,0.0,197427.200,903027765.400,1070836.600,0.0,0.0,23863.600,32213.400,2.600,0.200,0.400,5313155072.0,241561600.0,1.61751711744e+11,1473765376.0,0.0,0.0,0.0,197427.200,23867.0,32223.200,2.431,5.125,91.989,0.182,0.0,0.273,1493092261.510,
2.506,5.006,92.022,0.192,0.0,0.273,0.0,205619.200,925874422.800,1088076.200,0.0,0.0,24589.200,32735.200,3.0,0.0,0.400,5294264320.0,241577984.0,1.61752059904e+11,1492291584.0,0.0,0.0,0.0,205619.200,24594.200,32729.800,2.510,5.010,92.014,0.192,0.0,0.273,1493092266.510,
2.542,4.891,92.107,0.192,0.0,0.268,0.0,244121.600,933922983.0,1104166.600,0.0,0.0,24378.600,31580.800,2.600,0.0,1.600,5311950848.0,241577984.0,1.61752399872e+11,1474265088.0,0.0,0.0,0.0,244121.600,24375.0,31578.400,2.535,4.888,92.117,0.192,0.0,0.268,1493092271.510,
2.404,4.939,92.348,0.127,0.0,0.182,0.0,184320.0,916384941.800,1058148.600,0.0,0.0,23987.0,27145.200,3.200,0.200,0.400,5311598592.0,241590272.0,1.61752686592e+11,1474318336.0,0.0,0.0,0.0,184320.0,23996.800,27159.800,2.415,4.932,92.344,0.127,0.0,0.182,1493092276.510,
1.816,5.387,92.408,0.172,0.0,0.217,0.0,224460.800,801016042.800,827025.0,0.0,0.0,20514.800,17048.200,2.600,0.0,0.600,5331755008.0,241598464.0,1.6175302656e+11,1453813760.0,0.0,0.0,0.0,224460.800,20507.400,17033.200,1.811,5.393,92.407,0.172,0.0,0.217,1493092281.510,
2.267,4.973,92.274,0.187,0.0,0.299,0.0,222822.400,935313496.400,1100379.600,0.0,0.0,24308.400,30185.800,2.800,0.0,0.800,5352775680.0,241606656.0,1.61753300992e+11,1432510464.0,0.0,0.0,0.0,222822.400,24300.400,30185.600,2.266,4.968,92.280,0.187,0.0,0.298,1493092286.510,
1.873,5.295,92.353,0.146,0.0,0.333,0.0,188416.0,822095053.400,837833.0,0.0,0.0,20454.800,17772.0,3.200,0.400,0.0,5334073344.0,241623040.0,1.6175364096e+11,1450856448.0,0.0,0.0,0.0,188416.0,20457.600,17771.800,1.873,5.297,92.350,0.146,0.0,0.333,1493092291.510,
2.497,4.953,92.266,0.096,0.0,0.187,0.0,190054.400,946311992.400,1119610.0,0.0,0.0,25271.800,36400.0,3.0,0.0,0.800,5330247680.0,241627136.0,1.61753919488e+11,1454399488.0,0.0,0.0,0.0,190054.400,25274.600,36399.400,2.491,4.961,92.264,0.096,0.0,0.187,1493092296.510,
2.306,5.098,92.373,0.076,0.0,0.147,0.0,222003.200,889039890.200,1038789.0,0.0,0.0,23033.400,27100.0,2.800,0.0,0.600,5323190272.0,241639424.0,1.61754210304e+11,1461153792.0,0.0,0.0,0.0,222003.200,23037.200,27099.400,2.311,5.094,92.372,0.076,0.0,0.147,1493092301.510,
1.214,4.251,94.188,0.116,0.0,0.232,0.0,195788.800,659848837.0,644280.600,0.0,0.0,15764.400,19114.0,2.400,0.200,0.800,5384134656.0,241647616.0,1.61754509312e+11,1399902208.0,0.0,0.0,0.0,195788.800,15750.800,19164.600,1.214,4.245,94.194,0.116,0.0,0.232,1493092306.510,
0.206,1.144,98.555,0.055,0.0,0.040,0.0,69632.0,146508012.200,84939.800,0.0,0.0,2783.0,9180.0,0.400,0.0,1.0,5025591296.0,241659904.0,1.6175456256e+11,1758380032.0,0.0,0.0,0.0,69632.0,2781.0,9129.800,0.201,1.144,98.559,0.055,0.0,0.040,1493092311.509,
