"Dstat 0.7.2 CSV output"
"Author:","Dag Wieers <dag@wieers.com>",,,,"URL:","http://dag.wieers.com/home-made/dstat/"
"Host:","client0.skyhook16osds.skyhook-pg0.wisc.cloudlab.us",,,,"User:","jlefevre"
"Cmdline:","dstat -av --epoch --integer --noheaders --output dstat-client0.log 5",,,,"Date:","24 Apr 2017 21:15:41 CDT"

"total cpu usage",,,,,,"dsk/total",,"net/total",,"paging",,"system",,"procs",,,"memory usage",,,,"paging",,"dsk/total",,"system",,"total cpu usage",,,,,,"epoch"
"usr","sys","idl","wai","hiq","siq","read","writ","recv","send","in","out","int","csw","run","blk","new","used","buff","cach","free","in","out","read","writ","int","csw","usr","sys","idl","wai","hiq","siq","epoch"
0.055,0.020,99.890,0.020,0.0,0.015,0.0,21299.200,58726.400,4342.800,0.0,0.0,538.600,7222.0,0.0,0.0,0.0,5058789376.0,246452224.0,1.61719390208e+11,1755561984.0,0.0,0.0,0.0,21299.200,538.400,7222.0,0.055,0.020,99.890,0.020,0.0,0.015,1493094991.509,
3.088,2.860,93.703,0.127,0.0,0.223,0.0,176947.200,828887553.800,1315435.200,0.0,0.0,28538.800,99885.0,3.0,0.0,6.600,5318287360.0,246468608.0,1.61719607296e+11,1495830528.0,0.0,0.0,0.0,176947.200,28572.800,99908.200,3.085,2.863,93.698,0.126,0.0,0.228,1493094996.510,
4.245,3.869,91.429,0.112,0.0,0.345,0.0,190054.400,1197866661.400,1815781.600,0.0,0.0,36214.600,129287.600,4.800,0.200,0.200,5303758848.0,246468608.0,1.61719963648e+11,1510002688.0,0.0,0.0,0.0,190054.400,36199.600,129335.200,4.249,3.867,91.432,0.112,0.0,0.340,1493095001.509,
4.205,3.834,91.457,0.193,0.0,0.310,0.0,235929.600,1160728515.400,1791895.0,0.0,0.0,38797.400,141960.800,3.400,0.0,0.400,5340123136.0,246480896.0,1.61720332288e+11,1473257472.0,0.0,0.0,0.0,235929.600,38792.800,141895.0,4.209,3.833,91.455,0.193,0.0,0.310,1493095006.510,
3.741,3.797,91.955,0.112,0.0,0.395,0.0,190054.400,1148021446.0,1713648.800,0.0,0.0,35394.0,119222.200,2.800,0.200,0.400,5313101824.0,246493184.0,1.61720619008e+11,1499979776.0,0.0,0.0,0.0,190054.400,35398.0,119238.200,3.741,3.797,91.950,0.117,0.0,0.395,1493095011.509,
4.340,3.782,91.498,0.127,0.0,0.254,0.0,194150.400,1166527061.200,1795987.600,0.0,0.0,35994.200,133774.200,3.600,0.0,1.600,5329580032.0,246493184.0,1.61720971264e+11,1483149312.0,0.0,0.0,0.0,194150.400,35988.200,133814.800,4.345,3.787,91.492,0.122,0.0,0.254,1493095016.510,
4.070,3.923,91.565,0.183,0.0,0.259,0.0,232652.800,1153619298.200,1727443.400,0.0,0.0,35671.800,133536.800,3.0,0.0,0.600,5341741056.0,246501376.0,1.61721307136e+11,1470644224.0,0.0,0.0,0.0,232652.800,35674.0,133494.0,4.065,3.922,91.571,0.183,0.0,0.259,1493095021.510,
3.745,4.115,91.518,0.233,0.0,0.390,0.0,4327833.600,1121187528.200,1570968.800,0.0,0.0,33446.400,96267.0,3.600,0.200,0.400,5321330688.0,246501376.0,1.61718280192e+11,1494081536.0,0.0,0.0,0.0,4327833.600,33436.800,96250.800,3.742,4.112,91.522,0.233,0.0,0.390,1493095026.509,
3.638,4.033,91.823,0.152,0.0,0.355,0.0,237568.0,1133186916.600,1670140.800,0.0,0.0,34749.800,89606.400,3.600,0.0,0.400,5349830656.0,246513664.0,1.61718317056e+11,1465532416.0,0.0,0.0,0.0,237568.0,34748.0,89603.800,3.636,4.031,91.826,0.152,0.0,0.355,1493095031.509,
3.279,4.019,92.277,0.106,0.0,0.319,0.0,155648.0,1082877750.400,1564840.800,0.0,0.0,32295.800,73396.200,2.800,0.200,1.600,5389758464.0,246513664.0,1.6171864064e+11,1425281024.0,0.0,0.0,0.0,168755.200,32307.800,73441.200,3.278,4.023,92.273,0.106,0.0,0.319,1493095036.510,
3.580,3.824,92.108,0.213,0.0,0.274,0.0,232652.800,1126581468.600,1733669.400,0.0,0.0,33826.400,101673.200,3.600,0.0,1.200,5350244352.0,246521856.0,1.61718984704e+11,1464442880.0,0.0,0.0,0.0,219545.600,33827.0,101641.600,3.580,3.823,92.110,0.213,0.0,0.274,1493095041.509,
3.588,3.811,91.989,0.218,0.0,0.395,0.0,237568.0,1148598438.600,1662215.0,0.0,0.0,32979.800,101258.800,3.800,0.0,0.0,5334798336.0,246530048.0,1.61719312384e+11,1479553024.0,0.0,0.0,0.0,237568.0,32980.800,101252.400,3.593,3.811,91.984,0.218,0.0,0.395,1493095046.510,
3.669,3.694,92.286,0.127,0.0,0.224,0.0,219545.600,1149379629.0,1805213.800,0.0,0.0,36419.0,133549.600,3.0,0.200,0.800,5357203456.0,246530048.0,1.61719668736e+11,1456791552.0,0.0,0.0,0.0,219545.600,36403.400,133543.800,3.670,3.695,92.284,0.127,0.0,0.224,1493095051.510,
3.531,3.984,92.125,0.198,0.0,0.163,0.0,230195.200,1115000795.200,1637104.600,0.0,0.0,32627.800,86165.800,2.600,0.0,0.800,5360013312.0,246538240.0,1.61720020992e+11,1453621248.0,0.0,0.0,0.0,230195.200,32655.200,86300.600,3.524,3.977,92.138,0.198,0.0,0.163,1493095056.510,
3.508,3.965,92.085,0.178,0.0,0.264,0.0,211353.600,1120769200.200,1703386.0,0.0,0.0,34247.0,113866.400,2.800,0.200,1.200,5344309248.0,246542336.0,1.6172034048e+11,1469001728.0,0.0,0.0,0.0,211353.600,34221.800,113730.400,3.509,3.971,92.073,0.183,0.0,0.264,1493095061.510,
3.606,3.987,91.980,0.203,0.0,0.223,0.0,205619.200,1144958570.0,1747147.600,0.0,0.0,35927.800,99417.600,3.800,0.0,0.400,5344108544.0,246554624.0,1.61720692736e+11,1468837888.0,0.0,0.0,0.0,205619.200,35942.200,99444.600,3.612,3.987,91.979,0.198,0.0,0.223,1493095066.510,
3.424,3.794,92.190,0.182,0.0,0.410,0.0,221184.0,1137870900.0,1757685.200,0.0,0.0,42877.0,127701.400,3.400,0.0,0.800,5332905984.0,246554624.0,1.61720971264e+11,1479761920.0,0.0,0.0,0.0,221184.0,42874.400,127690.0,3.429,3.793,92.185,0.182,0.0,0.410,1493095071.510,
4.013,3.968,91.543,0.137,0.0,0.340,0.0,163840.0,1143880744.200,1714038.200,0.0,0.0,34671.200,117229.600,3.800,0.200,1.200,5330051072.0,246562816.0,1.61721344e+11,1482235904.0,0.0,0.0,0.0,163840.0,34670.200,117223.200,4.009,3.969,91.545,0.137,0.0,0.340,1493095076.510,
3.949,3.852,91.867,0.209,0.0,0.122,0.0,231833.600,1176087563.200,1858991.600,0.0,0.0,40285.800,164043.800,3.800,0.0,0.400,5332361216.0,246575104.0,1.61721683968e+11,1479573504.0,0.0,0.0,0.0,231833.600,40294.400,164147.800,3.948,3.851,91.869,0.209,0.0,0.122,1493095081.510,
3.221,4.026,92.247,0.152,0.0,0.355,0.0,250675.200,1064434107.600,1535199.600,0.0,0.0,30679.0,69545.600,3.800,0.0,1.600,5311860736.0,246575104.0,1.61722056704e+11,1499701248.0,0.0,0.0,0.0,250675.200,30675.0,69529.800,3.216,4.027,92.245,0.152,0.0,0.360,1493095086.509,
3.623,3.720,92.085,0.152,0.0,0.420,0.0,190873.600,1140866923.0,1765660.600,0.0,0.0,34343.600,114781.400,2.200,0.200,0.0,5323882496.0,246587392.0,1.61722368e+11,1487355904.0,0.0,0.0,0.0,190873.600,34339.800,114705.600,3.633,3.719,92.080,0.152,0.0,0.415,1493095091.510,
3.397,3.995,92.071,0.162,0.0,0.375,0.0,219545.600,1107150442.200,1718554.400,0.0,0.0,33374.400,81341.200,3.0,0.0,1.600,5314162688.0,246591488.0,1.61722712064e+11,1496727552.0,0.0,0.0,0.0,219545.600,33370.600,81357.200,3.388,3.992,92.082,0.162,0.0,0.375,1493095096.510,
3.170,4.311,92.057,0.167,0.0,0.294,0.0,232652.800,1031804056.200,1471297.200,0.0,0.0,31180.200,70160.800,3.400,0.0,0.400,5328654336.0,246603776.0,1.61723039744e+11,1481895936.0,0.0,0.0,0.0,232652.800,31194.400,70196.0,3.174,4.309,92.056,0.167,0.0,0.294,1493095101.510,
3.033,4.104,92.292,0.106,0.0,0.465,0.0,185139.200,1067910111.200,1525908.400,0.0,0.0,32977.200,67332.400,3.600,0.200,1.200,5342547968.0,246603776.0,1.61723375616e+11,1467666432.0,0.0,0.0,0.0,185139.200,32969.200,67266.200,3.027,4.114,92.288,0.106,0.0,0.465,1493095106.510,
3.067,4.178,92.028,0.288,0.0,0.440,0.0,3133440.0,1018089998.600,1367850.400,0.0,0.0,28979.800,50491.600,2.600,0.0,0.400,5356670976.0,246616064.0,1.61731395584e+11,1445511168.0,0.0,0.0,0.0,3134259.200,28969.600,50485.800,3.073,4.174,92.046,0.268,0.0,0.440,1493095111.510,
3.206,4.279,92.004,0.177,0.0,0.334,0.0,1759641.600,1028400547.800,1432789.800,0.0,0.0,32339.200,70646.0,2.600,0.0,2.0,5327134720.0,246624256.0,1.61717645312e+11,1488789504.0,0.0,0.0,0.0,1758822.400,32354.600,70719.400,3.205,4.274,91.989,0.197,0.0,0.334,1493095116.510,
3.135,4.254,92.191,0.111,0.0,0.309,0.0,216268.800,1046615730.400,1480318.0,0.0,0.0,30882.400,80440.600,3.800,0.200,0.400,5351628800.0,246628352.0,1.61717989376e+11,1463947264.0,0.0,0.0,0.0,216268.800,30869.200,80366.400,3.130,4.264,92.186,0.111,0.0,0.309,1493095121.510,
1.062,2.748,95.918,0.171,0.0,0.101,0.0,229376.0,486462322.600,495025.0,0.0,0.0,10579.800,19867.800,1.200,0.0,1.200,5413806080.0,246640640.0,1.61718288384e+11,1401458688.0,0.0,0.0,0.0,229376.0,10571.400,19867.800,1.067,2.743,95.919,0.171,0.0,0.101,1493095126.510,
0.437,1.999,97.373,0.100,0.0,0.090,0.0,140083.200,240824415.800,92218.0,0.0,0.0,4401.600,9083.800,0.800,0.0,2.200,5041500160.0,246648832.0,1.61718370304e+11,1773674496.0,0.0,0.0,0.0,140083.200,4401.800,9084.600,0.437,1.994,97.378,0.100,0.0,0.090,1493095131.509,
