"Dstat 0.7.2 CSV output"
"Author:","Dag Wieers <dag@wieers.com>",,,,"URL:","http://dag.wieers.com/home-made/dstat/"
"Host:","client0.skyhook16osds.skyhook-pg0.wisc.cloudlab.us",,,,"User:","jlefevre"
"Cmdline:","dstat -av --epoch --integer --noheaders --output dstat-client0.log 5",,,,"Date:","24 Apr 2017 21:15:41 CDT"

"total cpu usage",,,,,,"dsk/total",,"net/total",,"paging",,"system",,"procs",,,"memory usage",,,,"paging",,"dsk/total",,"system",,"total cpu usage",,,,,,"epoch"
"usr","sys","idl","wai","hiq","siq","read","writ","recv","send","in","out","int","csw","run","blk","new","used","buff","cach","free","in","out","read","writ","int","csw","usr","sys","idl","wai","hiq","siq","epoch"
0.160,0.030,99.800,0.005,0.0,0.005,0.0,14745.600,66552.400,10904.200,0.0,0.0,892.600,7203.600,0.800,0.0,1.800,5037309952.0,238338048.0,1.61787641856e+11,1716903936.0,0.0,0.0,0.0,14745.600,891.600,7181.400,0.165,0.030,99.794,0.005,0.0,0.005,1493090721.510,
1.371,2.041,96.427,0.035,0.0,0.126,0.0,66355.200,473413812.800,743029.800,0.0,0.0,15770.200,33532.800,1.400,0.200,5.400,5319155712.0,238350336.0,1.61787715584e+11,1434972160.0,0.0,0.0,0.0,66355.200,15777.800,33534.0,1.371,2.051,96.417,0.035,0.0,0.126,1493090726.510,
2.729,4.558,92.454,0.086,0.0,0.173,0.0,225280.0,1061266863.200,1444135.800,0.0,0.0,29848.400,69215.600,3.600,0.0,0.400,5271969792.0,238354432.0,1.61788084224e+11,1481785344.0,0.0,0.0,0.0,225280.0,29860.200,69336.200,2.734,4.549,92.458,0.086,0.0,0.173,1493090731.510,
2.893,4.494,92.217,0.254,0.0,0.142,0.0,4727603.200,1022104700.200,1451676.800,0.0,0.0,30447.800,65901.200,2.200,0.200,0.400,5282496512.0,238370816.0,1.61782448128e+11,1476878336.0,0.0,0.0,0.0,4727603.200,30444.600,65861.200,2.887,4.499,92.217,0.254,0.0,0.142,1493090736.510,
2.815,4.537,92.359,0.091,0.0,0.198,0.0,189235.200,1036948400.400,1398667.400,0.0,0.0,30066.800,62593.800,3.200,0.200,0.400,5312040960.0,238383104.0,1.61782808576e+11,1446961152.0,0.0,0.0,0.0,189235.200,30086.400,62634.0,2.813,4.535,92.362,0.091,0.0,0.198,1493090741.510,
2.507,4.766,92.307,0.177,0.0,0.243,0.0,217907.200,981799378.800,1257094.200,0.0,0.0,28800.0,43397.400,3.600,0.0,0.0,5326622720.0,238387200.0,1.61783123968e+11,1432059904.0,0.0,0.0,0.0,217907.200,28788.0,43328.600,2.508,4.773,92.299,0.177,0.0,0.243,1493090746.509,
2.823,4.626,92.120,0.259,0.0,0.173,0.0,3742924.800,1036474911.600,1371963.0,0.0,0.0,29806.400,62293.400,3.200,0.200,0.600,5305561088.0,238407680.0,1.61780600832e+11,1455624192.0,0.0,0.0,0.0,3742924.800,29801.800,62273.200,2.823,4.621,92.125,0.259,0.0,0.173,1493090751.510,
2.779,4.670,92.303,0.132,0.0,0.117,0.0,185958.400,1015580715.200,1381243.200,0.0,0.0,29293.200,59099.800,3.0,0.0,0.400,5308219392.0,238415872.0,1.6178092032e+11,1452638208.0,0.0,0.0,0.0,185958.400,29289.800,59069.600,2.774,4.675,92.303,0.132,0.0,0.117,1493090756.510,
2.357,4.729,92.579,0.198,0.0,0.137,0.0,221184.0,977147476.800,1294643.800,0.0,0.0,28248.800,44264.600,2.400,0.0,0.0,5320220672.0,238440448.0,1.61781243904e+11,1440288768.0,0.0,0.0,0.0,221184.0,28234.0,44299.600,2.362,4.724,92.580,0.198,0.0,0.137,1493090761.510,
2.146,4.861,92.780,0.096,0.0,0.117,0.0,181043.200,905806561.200,1167915.0,0.0,0.0,27045.600,32356.400,3.800,0.200,0.400,5350383616.0,238456832.0,1.6178157568e+11,1409777664.0,0.0,0.0,0.0,181043.200,27045.600,32318.800,2.146,4.856,92.784,0.096,0.0,0.117,1493090766.510,
2.405,4.682,92.689,0.081,0.0,0.142,0.0,229376.0,1000696822.800,1313241.600,0.0,0.0,27860.600,41563.800,3.0,0.0,0.400,5316907008.0,238460928.0,1.61781886976e+11,1442938880.0,0.0,0.0,0.0,229376.0,27868.600,41563.200,2.405,4.687,92.685,0.081,0.0,0.142,1493090771.510,
2.321,4.866,92.508,0.203,0.0,0.101,0.0,214630.400,953661901.200,1225870.600,0.0,0.0,25850.200,40847.800,2.200,0.0,0.400,5347262464.0,238477312.0,1.61782202368e+11,1412251648.0,0.0,0.0,0.0,214630.400,25849.0,40874.400,2.317,4.867,92.512,0.203,0.0,0.101,1493090776.510,
2.589,4.712,92.440,0.122,0.0,0.137,0.0,173670.400,1023538662.200,1393972.800,0.0,0.0,28544.600,55677.800,3.0,0.200,0.0,5300269056.0,238485504.0,1.61782530048e+11,1458909184.0,0.0,0.0,0.0,173670.400,28551.200,55654.800,2.589,4.712,92.440,0.122,0.0,0.137,1493090781.510,
2.248,4.804,92.569,0.091,0.0,0.289,0.0,190873.600,974058051.0,1292017.0,0.0,0.0,28179.0,41647.800,2.800,0.0,0.0,5328998400.0,238501888.0,1.6178284544e+11,1429848064.0,0.0,0.0,0.0,190873.600,28176.400,41647.200,2.252,4.804,92.564,0.091,0.0,0.289,1493090786.510,
2.244,4.868,92.604,0.117,0.0,0.167,0.0,208896.0,937826713.600,1194065.200,0.0,0.0,26904.0,41666.400,2.800,0.0,0.800,5330169856.0,238505984.0,1.61783156736e+11,1428361216.0,0.0,0.0,0.0,208896.0,26907.0,41707.800,2.244,4.869,92.603,0.117,0.0,0.167,1493090791.510,
2.628,4.480,92.543,0.081,0.0,0.269,0.0,180224.0,1038993906.400,1433482.400,0.0,0.0,30065.0,66441.800,3.0,0.200,0.0,5340459008.0,238522368.0,1.61783484416e+11,1417728000.0,0.0,0.0,0.0,180224.0,30063.600,66400.400,2.628,4.479,92.543,0.081,0.0,0.269,1493090796.510,
1.992,5.034,92.710,0.132,0.0,0.132,0.0,217907.200,913162909.200,1097420.400,0.0,0.0,24804.0,25999.200,2.800,0.0,0.600,5333852160.0,238538752.0,1.61783824384e+11,1423978496.0,0.0,0.0,0.0,217907.200,24794.800,25996.200,1.992,5.039,92.705,0.132,0.0,0.132,1493090801.510,
1.796,4.999,92.927,0.071,0.0,0.207,0.0,224460.800,862656246.800,1012080.400,0.0,0.0,23236.600,27188.600,2.800,0.0,0.0,5318201344.0,238546944.0,1.61784107008e+11,1439338496.0,0.0,0.0,0.0,224460.800,23251.200,27210.800,1.791,4.994,92.936,0.071,0.0,0.207,1493090806.510,
2.149,4.860,92.692,0.066,0.0,0.233,0.0,179404.800,948230747.600,1215199.200,0.0,0.0,27490.0,36880.600,3.200,0.200,0.400,5344452608.0,238567424.0,1.61784438784e+11,1412734976.0,0.0,0.0,0.0,179404.800,27480.400,36860.400,2.154,4.860,92.687,0.066,0.0,0.233,1493090811.510,
2.347,4.963,92.477,0.081,0.0,0.132,0.0,218726.400,950436538.600,1203766.0,0.0,0.0,26331.400,39458.0,3.400,0.0,0.400,5348638720.0,238567424.0,1.6178477056e+11,1408217088.0,0.0,0.0,0.0,218726.400,26329.600,39456.0,2.342,4.958,92.486,0.081,0.0,0.132,1493090816.510,
2.291,4.658,92.721,0.152,0.0,0.177,0.0,219545.600,964719908.400,1243550.400,0.0,0.0,27277.400,37472.0,3.200,0.0,0.400,5321383936.0,238575616.0,1.61785065472e+11,1435168768.0,0.0,0.0,0.0,219545.600,27288.0,37515.800,2.291,4.663,92.716,0.152,0.0,0.177,1493090821.510,
2.241,4.716,92.744,0.081,0.0,0.218,0.0,174489.600,966890801.0,1234386.400,0.0,0.0,27476.200,34095.400,2.800,0.200,0.0,5279940608.0,238575616.0,1.61785409536e+11,1476268032.0,0.0,0.0,0.0,174489.600,27479.200,34147.600,2.246,4.711,92.744,0.081,0.0,0.218,1493090826.510,
2.325,4.664,92.768,0.102,0.0,0.142,0.0,224460.800,1009221772.0,1357542.0,0.0,0.0,29110.600,43028.200,2.800,0.0,0.600,5308448768.0,238583808.0,1.617857536e+11,1447407616.0,0.0,0.0,0.0,224460.800,29105.0,42981.0,2.325,4.665,92.767,0.102,0.0,0.142,1493090831.510,
2.548,4.552,92.510,0.178,0.0,0.213,0.0,184320.0,1032927830.800,1419699.200,0.0,0.0,29630.200,64693.600,3.0,0.400,0.0,5317124096.0,238583808.0,1.61786068992e+11,1438416896.0,0.0,0.0,0.0,184320.0,29618.600,64696.200,2.542,4.557,92.510,0.178,0.0,0.213,1493090836.509,
2.302,4.771,92.583,0.127,0.0,0.218,0.0,207257.600,970129614.800,1281864.400,0.0,0.0,26909.0,45032.800,3.0,0.0,0.800,5293314048.0,238600192.0,1.61786396672e+11,1461882880.0,0.0,0.0,0.0,207257.600,26921.600,45053.200,2.302,4.771,92.583,0.127,0.0,0.218,1493090841.510,
2.111,4.938,92.497,0.091,0.0,0.364,0.0,216268.800,917156631.400,1126752.0,0.0,0.0,25260.600,30313.400,2.400,0.0,0.0,5351628800.0,238616576.0,1.6178671616e+11,1403232256.0,0.0,0.0,0.0,216268.800,25251.400,30242.600,2.111,4.939,92.496,0.091,0.0,0.364,1493090846.510,
1.800,5.092,92.699,0.111,0.0,0.298,0.0,197427.200,860709344.0,951949.0,0.0,0.0,23404.600,22724.400,3.200,0.200,0.0,5307650048.0,238620672.0,1.61787011072e+11,1446912000.0,0.0,0.0,0.0,197427.200,23419.400,22799.0,1.805,5.087,92.698,0.111,0.0,0.298,1493090851.510,
2.264,4.791,92.647,0.111,0.0,0.187,0.0,167116.800,942391792.400,1176855.0,0.0,0.0,26383.200,31914.400,2.800,0.0,0.400,5313867776.0,238637056.0,1.6178731008e+11,1440378880.0,0.0,0.0,0.0,167116.800,26384.800,31905.0,2.263,4.790,92.648,0.111,0.0,0.187,1493090856.510,
2.529,4.571,92.455,0.182,0.0,0.263,0.0,216268.800,1013520498.200,1366134.0,0.0,0.0,28948.400,49030.400,3.200,0.0,0.400,5339525120.0,238645248.0,1.61787650048e+11,1414373376.0,0.0,0.0,0.0,216268.800,28934.800,48967.200,2.529,4.576,92.450,0.182,0.0,0.263,1493090861.510,
2.459,4.614,92.536,0.157,0.0,0.233,0.0,177766.400,988805684.800,1327757.600,0.0,0.0,29208.800,48144.600,3.200,0.200,0.0,5294161920.0,238657536.0,1.6178794496e+11,1459429376.0,0.0,0.0,0.0,177766.400,29220.600,48162.400,2.459,4.614,92.536,0.157,0.0,0.233,1493090866.510,
2.142,4.780,92.790,0.106,0.0,0.182,0.0,186777.600,926279224.200,1191661.400,0.0,0.0,26159.0,37961.200,2.800,0.0,0.400,5341298688.0,238661632.0,1.61788243968e+11,1411989504.0,0.0,0.0,0.0,186777.600,26144.600,37944.0,2.137,4.780,92.794,0.106,0.0,0.182,1493090871.510,
1.133,3.922,94.345,0.307,0.0,0.292,0.0,5251072.0,637834145.200,668199.800,0.0,0.0,15794.400,19890.800,2.200,0.0,0.400,5402234880.0,238686208.0,1.61781313536e+11,1357959168.0,0.0,0.0,0.0,5251072.0,15788.600,19890.400,1.138,3.917,94.346,0.307,0.0,0.292,1493090876.510,
0.221,1.219,98.330,0.140,0.0,0.090,0.0,160563.200,144309420.200,73433.600,0.0,0.0,2865.200,8442.600,0.800,0.0,1.600,5034684416.0,238702592.0,1.61781420032e+11,1725386752.0,0.0,0.0,0.0,160563.200,2866.0,8482.0,0.221,1.219,98.330,0.140,0.0,0.090,1493090881.510,
