"Dstat 0.7.2 CSV output"
"Author:","Dag Wieers <dag@wieers.com>",,,,"URL:","http://dag.wieers.com/home-made/dstat/"
"Host:","osd0.skyhook16osds.skyhook-pg0.wisc.cloudlab.us",,,,"User:","jlefevre"
"Cmdline:","dstat -av --epoch --integer --noheaders --output dstat-osd0.log 5",,,,"Date:","24 Apr 2017 21:15:42 CDT"

"total cpu usage",,,,,,"dsk/total",,"net/total",,"paging",,"system",,"procs",,,"memory usage",,,,"paging",,"dsk/total",,"system",,"total cpu usage",,,,,,"epoch"
"usr","sys","idl","wai","hiq","siq","read","writ","recv","send","in","out","int","csw","run","blk","new","used","buff","cach","free","in","out","read","writ","int","csw","usr","sys","idl","wai","hiq","siq","epoch"
0.025,0.010,99.955,0.010,0.0,0.0,0.0,9830.400,6747.400,8062.600,0.0,0.0,225.800,237.0,0.0,0.0,0.400,2277814272.0,1822720.0,8059813888.0,1.58440742912e+11,0.0,0.0,0.0,9830.400,225.800,236.600,0.025,0.015,99.950,0.010,0.0,0.0,1493100477.876,
0.020,0.020,99.945,0.015,0.0,0.0,0.0,9011.200,7623.200,7833.600,0.0,0.0,276.200,299.0,0.0,0.0,0.0,2277871616.0,1839104.0,8059817984.0,1.58440665088e+11,0.0,0.0,0.0,9011.200,276.200,299.0,0.025,0.015,99.945,0.015,0.0,0.0,1493100482.876,
0.065,0.170,99.745,0.015,0.0,0.005,0.0,14745.600,87931.800,50306142.200,0.0,0.0,2454.600,408.600,0.200,0.0,0.0,2319605760.0,1855488.0,8059817984.0,1.5839891456e+11,0.0,0.0,0.0,14745.600,2454.800,408.600,0.060,0.170,99.750,0.015,0.0,0.005,1493100487.876,
0.060,0.105,99.835,0.0,0.0,0.0,0.0,5734.400,73570.600,44270770.400,0.0,0.0,2190.400,395.600,0.0,0.0,0.0,2291707904.0,1863680.0,8059817984.0,1.58426804224e+11,0.0,0.0,0.0,5734.400,2190.400,395.600,0.060,0.110,99.830,0.0,0.0,0.0,1493100492.876,
0.085,0.170,99.730,0.010,0.0,0.005,0.0,2457.600,78318.200,64892636.0,0.0,0.0,2523.200,450.400,0.0,0.0,0.800,2290782208.0,1871872.0,8059822080.0,1.58427717632e+11,0.0,0.0,0.0,2457.600,2523.200,450.400,0.085,0.165,99.735,0.010,0.0,0.005,1493100497.876,
0.060,0.095,99.845,0.0,0.0,0.0,0.0,8192.0,44255.600,30063291.200,0.0,0.0,1462.600,347.0,0.0,0.0,0.400,2313646080.0,1880064.0,8059822080.0,1.58404845568e+11,0.0,0.0,0.0,8192.0,1462.600,347.0,0.060,0.095,99.845,0.0,0.0,0.0,1493100502.876,
0.070,0.195,99.715,0.020,0.0,0.0,0.0,7372.800,77217.400,62418611.400,0.0,0.0,2477.800,435.0,0.0,0.0,0.0,2336616448.0,1896448.0,8059822080.0,1.58381858816e+11,0.0,0.0,0.0,7372.800,2477.800,435.0,0.070,0.195,99.715,0.020,0.0,0.0,1493100507.876,
0.060,0.125,99.800,0.015,0.0,0.0,0.0,5734.400,64026.400,49177572.800,0.0,0.0,2047.0,345.200,0.0,0.0,0.0,2282835968.0,1904640.0,8059822080.0,1.58435631104e+11,0.0,0.0,0.0,5734.400,2047.0,345.200,0.060,0.125,99.800,0.015,0.0,0.0,1493100512.876,
0.080,0.165,99.745,0.010,0.0,0.0,0.0,11468.800,59454.200,50419657.0,0.0,0.0,2090.0,448.800,0.0,0.0,0.400,2338545664.0,1921024.0,8059834368.0,1.58379892736e+11,0.0,0.0,0.0,11468.800,2090.0,448.800,0.080,0.165,99.745,0.010,0.0,0.0,1493100517.876,
0.070,0.125,99.780,0.020,0.0,0.005,0.0,14745.600,63170.400,45276904.200,0.0,0.0,1989.200,403.400,0.0,0.0,0.400,2340294656.0,1937408.0,8059830272.0,1.58378131456e+11,0.0,0.0,0.0,14745.600,1992.400,403.600,0.070,0.125,99.780,0.020,0.0,0.005,1493100522.876,
0.050,0.090,99.845,0.015,0.0,0.0,0.0,5734.400,52018.800,34160595.600,0.0,0.0,1544.400,381.400,0.0,0.0,0.400,2276917248.0,1945600.0,8059830272.0,1.58441500672e+11,0.0,0.0,0.0,5734.400,1541.200,381.200,0.050,0.090,99.845,0.015,0.0,0.0,1493100527.876,
0.060,0.145,99.780,0.010,0.0,0.005,0.0,2457.600,60752.200,53347860.200,0.0,0.0,1891.0,349.400,0.0,0.0,0.0,2309148672.0,1953792.0,8059830272.0,1.58409261056e+11,0.0,0.0,0.0,2457.600,1891.400,349.400,0.060,0.145,99.780,0.010,0.0,0.005,1493100532.876,
0.085,0.190,99.715,0.010,0.0,0.0,0.0,4915.200,70471.400,61106463.0,0.0,0.0,2151.800,435.0,0.600,0.0,0.800,2326368256.0,1961984.0,8059838464.0,1.58392025088e+11,0.0,0.0,0.0,4915.200,2152.400,435.600,0.090,0.195,99.705,0.010,0.0,0.0,1493100537.876,
0.065,0.110,99.815,0.005,0.0,0.005,0.0,10649.600,44698.0,37269770.800,0.0,0.0,1474.200,491.200,0.0,0.0,0.400,2310520832.0,1978368.0,8059842560.0,1.58407852032e+11,0.0,0.0,0.0,10649.600,1473.200,490.600,0.060,0.110,99.820,0.005,0.0,0.005,1493100542.876,
0.080,0.135,99.770,0.015,0.0,0.0,0.0,10649.600,57726.0,50897492.800,0.0,0.0,1927.200,364.0,0.0,0.0,0.400,2350280704.0,1986560.0,8059842560.0,1.58368083968e+11,0.0,0.0,0.0,10649.600,1928.200,364.200,0.080,0.130,99.775,0.015,0.0,0.0,1493100547.876,
0.055,0.120,99.815,0.005,0.0,0.005,0.0,8192.0,60840.600,48142093.200,0.0,0.0,1890.0,388.200,0.0,0.0,0.400,2291150848.0,1994752.0,8059846656.0,1.58427201536e+11,0.0,0.0,0.0,8192.0,1889.0,388.0,0.055,0.120,99.815,0.005,0.0,0.005,1493100552.876,
0.070,0.120,99.790,0.020,0.0,0.0,0.0,9830.400,54744.200,45742559.0,0.0,0.0,1683.200,419.800,0.0,0.0,0.400,2294968320.0,2011136.0,8059846656.0,1.5842336768e+11,0.0,0.0,0.0,9830.400,1683.200,419.800,0.075,0.120,99.785,0.020,0.0,0.0,1493100557.876,
0.065,0.130,99.790,0.015,0.0,0.0,0.0,5734.400,57498.600,53243055.800,0.0,0.0,1789.600,403.800,0.0,0.0,0.0,2295099392.0,2019328.0,8059846656.0,1.58423228416e+11,0.0,0.0,0.0,5734.400,1789.600,403.800,0.060,0.135,99.790,0.015,0.0,0.0,1493100562.876,
0.050,0.095,99.840,0.015,0.0,0.0,0.0,10649.600,37185.0,30815165.400,0.0,0.0,1187.400,334.0,0.0,0.0,0.400,2286149632.0,2035712.0,8059854848.0,1.584321536e+11,0.0,0.0,0.0,10649.600,1187.400,334.0,0.050,0.090,99.845,0.015,0.0,0.0,1493100567.876,
0.065,0.150,99.780,0.0,0.0,0.005,0.0,8192.0,48417.600,39778000.200,0.0,0.0,1656.600,432.800,0.0,0.0,0.0,2366021632.0,2043904.0,8059842560.0,1.58352285696e+11,0.0,0.0,0.0,8192.0,1665.200,433.200,0.065,0.150,99.780,0.0,0.0,0.005,1493100572.876,
0.065,0.130,99.790,0.010,0.0,0.005,0.0,2457.600,66149.800,57649537.200,0.0,0.0,1439.800,352.400,0.200,0.0,0.400,2283388928.0,2052096.0,8059854848.0,1.5843489792e+11,0.0,0.0,0.0,2457.600,1431.200,352.0,0.065,0.135,99.785,0.010,0.0,0.005,1493100577.876,
0.060,0.115,99.815,0.010,0.0,0.0,0.0,9011.200,46965.0,38863034.0,0.0,0.0,1202.0,501.0,0.0,0.0,0.800,2310897664.0,2060288.0,8059863040.0,1.584073728e+11,0.0,0.0,0.0,9011.200,1202.600,501.0,0.060,0.110,99.820,0.010,0.0,0.0,1493100582.876,
0.085,0.200,99.705,0.010,0.0,0.0,0.0,8192.0,62729.0,58728077.400,0.0,0.0,1504.400,385.0,0.200,0.0,0.0,2368724992.0,2076672.0,8059854848.0,1.5834953728e+11,0.0,0.0,0.0,8192.0,1504.200,385.0,0.085,0.200,99.705,0.010,0.0,0.0,1493100587.876,
0.075,0.150,99.765,0.0,0.0,0.010,0.0,13926.400,64854.800,54585584.200,0.0,0.0,1807.200,455.800,0.0,0.0,0.0,2372042752.0,2093056.0,8059850752.0,1.58346207232e+11,0.0,0.0,0.0,13926.400,1810.800,455.800,0.075,0.150,99.765,0.0,0.0,0.010,1493100592.876,
0.050,0.090,99.860,0.0,0.0,0.0,0.0,819.200,37932.800,39946832.600,0.0,0.0,1304.400,339.600,0.0,0.0,0.400,2340896768.0,2093056.0,8059867136.0,1.58377336832e+11,0.0,0.0,0.0,819.200,1300.400,339.600,0.050,0.095,99.855,0.0,0.0,0.0,1493100597.876,
0.080,0.205,99.695,0.020,0.0,0.0,0.0,10649.600,78706.400,72472073.200,0.0,0.0,1959.0,490.0,0.0,0.0,0.600,2335330304.0,2109440.0,8059867136.0,1.58382886912e+11,0.0,0.0,0.0,10649.600,1960.800,490.0,0.080,0.200,99.700,0.020,0.0,0.0,1493100602.876,
0.075,0.115,99.800,0.010,0.0,0.0,0.0,9830.400,53759.800,42286783.200,0.0,0.0,1291.400,451.200,0.0,0.0,0.800,2300174336.0,2117632.0,8059867136.0,1.58418034688e+11,0.0,0.0,0.0,9830.400,1289.600,451.200,0.075,0.120,99.795,0.010,0.0,0.0,1493100607.876,
0.060,0.090,99.840,0.010,0.0,0.0,0.0,10649.600,47442.400,35406842.200,0.0,0.0,990.600,334.200,0.0,0.0,0.400,2299789312.0,2134016.0,8059875328.0,1.58418395136e+11,0.0,0.0,0.0,10649.600,998.800,334.600,0.060,0.090,99.840,0.010,0.0,0.0,1493100612.876,
0.050,0.115,99.835,0.0,0.0,0.0,0.0,5734.400,37562.800,34535942.800,0.0,0.0,892.200,343.800,0.0,0.0,0.0,2337411072.0,2142208.0,8059875328.0,1.58380765184e+11,0.0,0.0,0.0,5734.400,884.400,343.400,0.050,0.110,99.840,0.0,0.0,0.0,1493100617.876,
0.055,0.145,99.775,0.020,0.0,0.005,0.0,8192.0,66838.0,59895084.600,0.0,0.0,1822.200,408.400,0.0,0.0,0.0,2302857216.0,2158592.0,8059875328.0,1.58415302656e+11,0.0,0.0,0.0,8192.0,1821.800,408.400,0.055,0.145,99.775,0.020,0.0,0.005,1493100622.876,
0.090,0.185,99.715,0.010,0.0,0.0,0.0,12288.0,50008.600,51020579.600,0.0,0.0,1753.800,429.400,0.0,0.0,0.800,2369224704.0,2174976.0,8059883520.0,1.58348910592e+11,0.0,0.0,0.0,12288.0,1753.800,429.400,0.090,0.185,99.715,0.010,0.0,0.0,1493100627.876,
0.060,0.125,99.815,0.0,0.0,0.0,0.0,819.200,63869.200,54430730.600,0.0,0.0,2008.200,356.0,0.0,0.0,0.400,2308702208.0,2174976.0,8059883520.0,1.58409433088e+11,0.0,0.0,0.0,819.200,2009.0,356.0,0.060,0.125,99.815,0.0,0.0,0.0,1493100632.876,
0.055,0.115,99.825,0.005,0.0,0.0,0.0,7372.800,35902.600,39718814.600,0.0,0.0,1332.800,331.600,0.0,0.0,0.0,2302300160.0,2191360.0,8059883520.0,1.58415818752e+11,0.0,0.0,0.0,7372.800,1332.0,331.600,0.055,0.120,99.820,0.005,0.0,0.0,1493100637.876,
0.055,0.085,99.850,0.010,0.0,0.0,0.0,8192.0,39811.400,34801706.800,0.0,0.0,1303.200,433.400,0.0,0.0,0.400,2281660416.0,2199552.0,8059891712.0,1.58436442112e+11,0.0,0.0,0.0,8192.0,1303.200,433.400,0.055,0.080,99.855,0.010,0.0,0.0,1493100642.876,
0.065,0.115,99.800,0.020,0.0,0.0,0.0,7372.800,45942.800,37714425.200,0.0,0.0,1470.200,339.200,0.0,0.0,0.400,2326081536.0,2215936.0,8059891712.0,1.58392004608e+11,0.0,0.0,0.0,7372.800,1470.200,339.200,0.065,0.120,99.795,0.020,0.0,0.0,1493100647.876,
0.050,0.140,99.810,0.0,0.0,0.0,0.0,10649.600,47350.600,47825477.0,0.0,0.0,1539.800,409.200,0.0,0.0,0.0,2281734144.0,2224128.0,8059895808.0,1.58436339712e+11,0.0,0.0,0.0,10649.600,1541.0,411.800,0.050,0.140,99.810,0.0,0.0,0.0,1493100652.876,
0.040,0.065,99.890,0.005,0.0,0.0,0.0,4096.0,21203.200,20651220.800,0.0,0.0,803.400,286.600,0.0,0.0,0.800,2281127936.0,2232320.0,8059899904.0,1.58436933632e+11,0.0,0.0,0.0,4096.0,802.0,284.0,0.040,0.065,99.890,0.005,0.0,0.0,1493100657.876,
0.020,0.015,99.965,0.0,0.0,0.0,0.0,13107.200,6008.200,8120.0,0.0,0.0,230.600,282.600,0.0,0.0,0.0,2280665088.0,2248704.0,8059899904.0,1.58437380096e+11,0.0,0.0,0.0,13107.200,230.600,282.600,0.020,0.015,99.965,0.0,0.0,0.0,1493100662.876,
0.020,0.015,99.955,0.010,0.0,0.0,0.0,5734.400,4057.800,6158.800,0.0,0.0,181.400,210.400,0.0,0.0,0.200,2280714240.0,2256896.0,8059895808.0,1.58437326848e+11,0.0,0.0,0.0,5734.400,182.0,213.600,0.020,0.015,99.955,0.010,0.0,0.0,1493100667.876,
