"Dstat 0.7.2 CSV output"
"Author:","Dag Wieers <dag@wieers.com>",,,,"URL:","http://dag.wieers.com/home-made/dstat/"
"Host:","osd0.skyhook16osds.skyhook-pg0.wisc.cloudlab.us",,,,"User:","jlefevre"
"Cmdline:","dstat -av --epoch --integer --noheaders --output dstat-osd0.log 5",,,,"Date:","24 Apr 2017 21:15:42 CDT"

"total cpu usage",,,,,,"dsk/total",,"net/total",,"paging",,"system",,"procs",,,"memory usage",,,,"paging",,"dsk/total",,"system",,"total cpu usage",,,,,,"epoch"
"usr","sys","idl","wai","hiq","siq","read","writ","recv","send","in","out","int","csw","run","blk","new","used","buff","cach","free","in","out","read","writ","int","csw","usr","sys","idl","wai","hiq","siq","epoch"
0.030,0.020,99.930,0.020,0.0,0.0,8192.0,16384.0,6383.800,8351.200,0.0,0.0,254.200,316.800,0.0,0.0,0.600,2271793152.0,1339392.0,260911104.0,1.66246150144e+11,0.0,0.0,8192.0,16384.0,254.200,316.800,0.030,0.020,99.930,0.020,0.0,0.0,1493099882.876,
0.080,0.150,99.435,0.330,0.0,0.005,39487078.400,6553.600,50992.600,36107015.400,0.0,0.0,1912.800,1017.0,0.0,0.0,1.200,2298224640.0,1347584.0,457969664.0,1.66022651904e+11,0.0,0.0,39487078.400,6553.600,1922.0,1017.0,0.080,0.150,99.435,0.330,0.0,0.005,1493099887.876,
0.060,0.120,99.725,0.095,0.0,0.0,36666572.800,11468.800,52535.0,40995972.600,0.0,0.0,2071.200,962.400,0.200,0.0,0.800,2283331584.0,1363968.0,641818624.0,1.65853679616e+11,0.0,0.0,36666572.800,11468.800,2063.400,962.400,0.060,0.120,99.725,0.095,0.0,0.0,1493099892.876,
0.075,0.160,99.565,0.195,0.0,0.005,59571404.800,8192.0,63407.200,36828971.200,0.0,0.0,2552.400,1280.400,0.400,0.0,0.400,2410680320.0,1372160.0,940388352.0,1.6542775296e+11,0.0,0.0,59807334.400,8192.0,2555.400,1284.0,0.075,0.165,99.560,0.195,0.0,0.005,1493099897.876,
0.085,0.185,99.620,0.110,0.0,0.0,44787302.400,10649.600,87594.800,58856757.400,0.0,0.0,3175.800,1167.200,0.0,0.0,0.400,2349723648.0,1388544.0,1163530240.0,1.6526555136e+11,0.0,0.0,44551372.800,10649.600,3176.200,1164.0,0.085,0.180,99.625,0.110,0.0,0.0,1493099902.876,
0.100,0.225,99.425,0.230,0.0,0.020,61275340.800,9830.400,74885.0,63658287.600,0.0,0.0,2888.0,1363.0,0.0,0.200,1.200,2351398912.0,1396736.0,1469513728.0,1.64957884416e+11,0.0,0.0,61485056.0,9830.400,2885.0,1365.0,0.100,0.230,99.420,0.230,0.0,0.020,1493099907.876,
0.090,0.140,99.575,0.180,0.0,0.015,45907148.800,2457.600,65189.800,56389688.600,0.0,0.0,2528.0,1140.400,0.0,0.200,0.800,2307395584.0,1404928.0,1699409920.0,1.6477198336e+11,0.0,0.0,45697433.600,2457.600,2526.600,1138.400,0.090,0.140,99.575,0.180,0.0,0.015,1493099912.876,
0.075,0.220,99.465,0.235,0.0,0.005,56410112.0,12288.0,79623.200,67271915.800,0.0,0.0,2936.400,1275.0,0.200,0.200,0.800,2261889024.0,1413120.0,1981460480.0,1.64535431168e+11,0.0,0.0,56410112.0,12288.0,2936.200,1274.600,0.080,0.215,99.465,0.235,0.0,0.005,1493099917.876,
0.085,0.145,99.530,0.235,0.0,0.005,45128089.600,13107.200,54942.400,37496418.400,0.0,0.0,2172.0,1084.0,0.200,0.200,0.400,2320109568.0,1429504.0,2206277632.0,1.64252377088e+11,0.0,0.0,45128089.600,13107.200,2176.200,1084.200,0.080,0.145,99.535,0.235,0.0,0.005,1493099922.876,
0.055,0.085,99.740,0.115,0.0,0.005,28205056.0,13107.200,55148.200,37038213.400,0.0,0.0,2048.600,784.200,0.0,0.0,0.600,2279510016.0,1445888.0,2348130304.0,1.64151107584e+11,0.0,0.0,28205056.0,13107.200,2044.400,784.0,0.055,0.085,99.740,0.115,0.0,0.005,1493099927.876,
0.100,0.205,99.430,0.260,0.0,0.005,62051123.200,10649.600,77489.800,56564389.600,0.0,0.0,3040.400,1379.600,0.0,0.400,0.800,2322632704.0,1454080.0,2658004992.0,1.63798102016e+11,0.0,0.0,62051123.200,10649.600,3040.400,1379.600,0.105,0.205,99.425,0.260,0.0,0.005,1493099932.876,
0.080,0.210,99.485,0.220,0.0,0.005,60148121.600,10649.600,67976.600,58700774.600,0.0,0.0,2803.0,1418.200,0.400,0.0,0.400,2339979264.0,1470464.0,2959945728.0,1.63478798336e+11,0.0,0.0,60357836.800,10649.600,2804.400,1421.0,0.080,0.210,99.480,0.225,0.0,0.005,1493099937.876,
0.075,0.155,99.615,0.150,0.0,0.005,35749068.800,8192.0,61818.0,50163415.600,0.0,0.0,2309.200,935.800,0.0,0.0,1.200,2279792640.0,1478656.0,3137908736.0,1.6336101376e+11,0.0,0.0,35539353.600,8192.0,2307.800,933.0,0.070,0.155,99.625,0.145,0.0,0.005,1493099942.876,
0.090,0.250,99.365,0.290,0.0,0.005,68714496.0,7372.800,94953.0,68806019.0,0.0,0.0,3242.0,1532.200,0.0,0.200,0.800,2302943232.0,1495040.0,3481743360.0,1.6299401216e+11,0.0,0.0,68871782.400,7372.800,3243.400,1535.0,0.090,0.250,99.360,0.295,0.0,0.005,1493099947.876,
0.090,0.210,99.364,0.330,0.0,0.005,61028761.600,13926.400,82630.400,61415334.200,0.0,0.0,3133.600,1373.800,0.200,0.400,0.800,2312638464.0,1503232.0,3786395648.0,1.62679656448e+11,0.0,0.0,60871475.200,13926.400,3138.600,1371.400,0.090,0.210,99.369,0.325,0.0,0.005,1493099952.876,
0.080,0.235,99.490,0.190,0.0,0.005,47948595.200,12288.0,55288.400,55694715.800,0.0,0.0,1978.0,1229.600,0.200,0.0,1.600,2285088768.0,1519616.0,4026372096.0,1.62467213312e+11,0.0,0.0,47948595.200,12288.0,1971.600,1229.200,0.080,0.240,99.485,0.190,0.0,0.005,1493099957.876,
0.075,0.135,99.605,0.175,0.0,0.010,42360012.800,12288.0,46450.200,41151628.800,0.0,0.0,1998.800,1100.600,0.200,0.0,0.800,2299469824.0,1536000.0,4239319040.0,1.62239868928e+11,0.0,0.0,42569728.0,12288.0,2000.800,1103.400,0.075,0.135,99.605,0.175,0.0,0.010,1493099962.876,
0.080,0.210,99.470,0.230,0.0,0.010,59178188.800,8192.0,78217.200,67190868.400,0.0,0.0,3015.400,1318.400,0.0,0.200,0.400,2264227840.0,1544192.0,4534054912.0,1.61980366848e+11,0.0,0.0,58968473.600,8192.0,3013.600,1316.0,0.080,0.205,99.475,0.230,0.0,0.010,1493099967.876,
0.070,0.150,99.610,0.165,0.0,0.005,45128089.600,2457.600,33508.0,24373845.400,0.0,0.0,1631.600,1062.800,0.0,0.0,0.400,2386087936.0,1552384.0,4759461888.0,1.61633091584e+11,0.0,0.0,45128089.600,2457.600,1631.400,1062.400,0.070,0.155,99.605,0.165,0.0,0.005,1493099972.876,
0.095,0.230,99.384,0.280,0.0,0.010,70512640.0,8192.0,90671.0,71219560.400,0.0,0.0,3513.600,1482.0,0.200,0.600,0.0,2397810688.0,1560576.0,5111259136.0,1.61269563392e+11,0.0,0.0,70512640.0,8192.0,3513.800,1482.400,0.095,0.225,99.389,0.280,0.0,0.010,1493099977.876,
0.080,0.205,99.420,0.290,0.0,0.005,50769100.800,7372.800,94028.0,78522423.800,0.0,0.0,3210.800,1219.800,0.0,0.200,0.800,2269171712.0,1576960.0,5366124544.0,1.61143320576e+11,0.0,0.0,50769100.800,7372.800,3210.600,1219.400,0.080,0.205,99.420,0.290,0.0,0.005,1493099982.876,
0.040,0.155,99.650,0.150,0.0,0.005,41374515.200,12288.0,47606.0,39598705.0,0.0,0.0,1933.0,956.400,0.200,0.200,0.200,2297139200.0,1585152.0,5573566464.0,1.60907902976e+11,0.0,0.0,41584230.400,12288.0,1935.600,959.200,0.045,0.155,99.645,0.150,0.0,0.005,1493099987.876,
0.095,0.195,99.395,0.315,0.0,0.0,62984192.0,13107.200,73387.600,61456509.0,0.0,0.0,2776.200,1419.200,0.0,0.200,0.600,2312531968.0,1601536.0,5888049152.0,1.60578011136e+11,0.0,0.0,62774476.800,13107.200,2773.600,1416.800,0.090,0.195,99.399,0.315,0.0,0.0,1493099992.876,
0.060,0.125,99.635,0.180,0.0,0.0,36666572.800,7372.800,39985.800,35568881.600,0.0,0.0,1691.800,858.200,0.0,0.0,0.400,2328780800.0,1617920.0,6071250944.0,1.60378544128e+11,0.0,0.0,36666572.800,7372.800,1693.600,861.0,0.060,0.130,99.630,0.180,0.0,0.0,1493099997.876,
0.060,0.130,99.660,0.145,0.0,0.005,34186854.400,0.0,57405.600,46333536.0,0.0,0.0,2054.800,870.0,0.0,0.200,0.400,2272317440.0,1617920.0,6243569664.0,1.60262688768e+11,0.0,0.0,34396569.600,0.0,2054.400,869.600,0.060,0.125,99.665,0.145,0.0,0.005,1493100002.876,
0.075,0.130,99.600,0.190,0.0,0.005,41966796.800,7372.800,57095.600,38982620.200,0.0,0.0,2105.800,1108.200,0.200,0.0,0.800,2305773568.0,1634304.0,6451249152.0,1.60021536768e+11,0.0,0.0,41757081.600,7372.800,2105.400,1105.800,0.075,0.130,99.600,0.190,0.0,0.005,1493100007.876,
0.075,0.190,99.435,0.300,0.0,0.0,56410112.0,8192.0,58791.800,49512525.600,0.0,0.0,2467.200,1278.400,0.0,0.0,0.400,2352582656.0,1642496.0,6734090240.0,1.596918784e+11,0.0,0.0,56410112.0,8192.0,2466.400,1278.0,0.075,0.190,99.435,0.300,0.0,0.0,1493100012.876,
0.090,0.220,99.420,0.265,0.0,0.005,70512640.0,12288.0,54431.400,51152602.200,0.0,0.0,2327.800,1501.0,0.0,0.0,0.400,2464206848.0,1658880.0,7085920256.0,1.59228407808e+11,0.0,0.0,70512640.0,12288.0,2331.600,1501.0,0.090,0.225,99.415,0.265,0.0,0.005,1493100017.876,
0.060,0.115,99.730,0.090,0.0,0.005,27665203.200,9830.400,68281.600,64079008.800,0.0,0.0,2317.400,807.0,0.0,0.600,0.400,2290098176.0,1667072.0,7225126912.0,1.59263301632e+11,0.0,0.0,27901132.800,9830.400,2315.400,810.600,0.060,0.115,99.730,0.090,0.0,0.005,1493100022.876,
0.075,0.165,99.550,0.205,0.0,0.005,46821376.0,9011.200,51160.600,47503940.600,0.0,0.0,2123.400,1046.800,0.0,0.200,0.400,2300354560.0,1683456.0,7459852288.0,1.59018303488e+11,0.0,0.0,46742732.800,9011.200,2122.400,1045.0,0.075,0.160,99.555,0.205,0.0,0.005,1493100027.876,
0.050,0.105,99.705,0.135,0.0,0.005,29872128.0,13107.200,52070.400,35137031.600,0.0,0.0,1931.600,786.600,0.0,0.0,0.0,2275467264.0,1699840.0,7608442880.0,1.58894583808e+11,0.0,0.0,29714841.600,13107.200,1930.600,784.800,0.050,0.110,99.700,0.135,0.0,0.005,1493100032.876,
0.085,0.200,99.420,0.285,0.0,0.010,62051123.200,10649.600,69130.600,59628105.0,0.0,0.0,2725.400,1372.800,0.200,0.400,0.400,2304700416.0,1708032.0,7918706688.0,1.58555078656e+11,0.0,0.0,62051123.200,10649.600,2725.400,1372.800,0.085,0.195,99.425,0.285,0.0,0.010,1493100037.876,
0.050,0.115,99.705,0.120,0.0,0.010,28205056.0,10649.600,48744.0,34803851.600,0.0,0.0,1803.0,793.0,0.0,0.0,0.400,2274340864.0,1724416.0,8059740160.0,1.58444388352e+11,0.0,0.0,28205056.0,10649.600,1803.0,793.0,0.050,0.120,99.700,0.120,0.0,0.010,1493100042.876,
0.030,0.025,99.945,0.0,0.0,0.0,0.0,0.0,7665.200,9502.200,0.0,0.0,278.400,298.200,0.0,0.0,1.600,2275389440.0,1724416.0,8059740160.0,1.58443339776e+11,0.0,0.0,0.0,0.0,278.200,298.200,0.030,0.025,99.945,0.0,0.0,0.0,1493100047.876,
