"Dstat 0.7.2 CSV output"
"Author:","Dag Wieers <dag@wieers.com>",,,,"URL:","http://dag.wieers.com/home-made/dstat/"
"Host:","osd0.skyhook16osds.skyhook-pg0.wisc.cloudlab.us",,,,"User:","jlefevre"
"Cmdline:","dstat -av --epoch --integer --noheaders --output dstat-osd0.log 5",,,,"Date:","24 Apr 2017 21:15:42 CDT"

"total cpu usage",,,,,,"dsk/total",,"net/total",,"paging",,"system",,"procs",,,"memory usage",,,,"paging",,"dsk/total",,"system",,"total cpu usage",,,,,,"epoch"
"usr","sys","idl","wai","hiq","siq","read","writ","recv","send","in","out","int","csw","run","blk","new","used","buff","cach","free","in","out","read","writ","int","csw","usr","sys","idl","wai","hiq","siq","epoch"
0.020,0.020,99.950,0.010,0.0,0.0,0.0,15564.800,5258.600,6795.800,0.0,0.0,210.800,222.800,0.0,0.0,0.0,2269335552.0,1675264.0,216518656.0,1.6629266432e+11,0.0,0.0,0.0,15564.800,210.800,223.200,0.020,0.020,99.950,0.010,0.0,0.0,1493091837.876,
0.130,0.285,98.730,0.845,0.0,0.010,92956262.400,8192.0,20961.200,9525220.800,0.0,0.0,1376.800,1783.0,0.200,1.0,0.0,2283290624.0,1683456.0,681373696.0,1.65813846016e+11,0.0,0.0,93218406.400,8192.0,1379.600,1789.0,0.130,0.290,98.721,0.850,0.0,0.010,1493091842.876,
0.335,0.891,94.914,3.839,0.0,0.020,340588134.400,2457.600,53337.200,35453495.600,0.0,0.0,4419.800,5796.200,0.600,2.800,0.400,2294145024.0,1691648.0,2384814080.0,1.6409954304e+11,0.0,0.0,340561920.0,2457.600,4418.800,5793.0,0.335,0.886,94.918,3.840,0.0,0.020,1493091847.876,
0.376,0.841,95.253,3.505,0.0,0.025,346125107.200,7372.800,51574.600,36562504.600,0.0,0.0,4410.600,5908.800,0.600,1.600,0.800,2276683776.0,1708032.0,4114370560.0,1.62387431424e+11,0.0,0.0,346098892.800,7372.800,4410.600,5908.600,0.376,0.841,95.254,3.505,0.0,0.025,1493091852.876,
0.340,0.846,96.716,2.082,0.0,0.015,318618009.600,8192.0,40401.600,32434035.400,0.0,0.0,3870.600,5419.0,1.0,2.600,0.0,2320158720.0,1716224.0,5709676544.0,1.60748642304e+11,0.0,0.0,318644224.0,8192.0,3871.0,5420.0,0.345,0.846,96.711,2.082,0.0,0.015,1493091857.876,
0.316,0.706,97.054,1.904,0.0,0.020,289405337.600,7372.800,40078.200,31215722.800,0.0,0.0,3491.800,4978.800,0.400,1.0,0.0,2273280000.0,1732608.0,7154495488.0,1.59350685696e+11,0.0,0.0,289169408.0,7372.800,3489.600,4974.800,0.311,0.706,97.064,1.899,0.0,0.020,1493091862.876,
0.180,0.465,98.589,0.756,0.0,0.010,172050841.600,9830.400,23045.600,17997266.600,0.0,0.0,2151.0,3032.800,0.400,0.400,0.400,2275401728.0,1740800.0,8015257600.0,1.58487793664e+11,0.0,0.0,172050841.600,9830.400,2150.800,3032.800,0.180,0.465,98.589,0.756,0.0,0.010,1493091867.876,
0.020,0.020,99.960,0.0,0.0,0.0,0.0,12288.0,5300.200,9269.200,0.0,0.0,213.600,241.400,0.0,0.0,0.800,2275856384.0,1757184.0,8015257600.0,1.58487322624e+11,0.0,0.0,0.0,12288.0,213.600,241.400,0.020,0.025,99.955,0.0,0.0,0.0,1493091872.876,
