"Dstat 0.7.2 CSV output"
"Author:","Dag Wieers <dag@wieers.com>",,,,"URL:","http://dag.wieers.com/home-made/dstat/"
"Host:","osd1.skyhook16osds.skyhook-pg0.wisc.cloudlab.us",,,,"User:","jlefevre"
"Cmdline:","dstat -av --epoch --integer --noheaders --output dstat-osd1.log 5",,,,"Date:","24 Apr 2017 21:15:43 CDT"

"total cpu usage",,,,,,"dsk/total",,"net/total",,"paging",,"system",,"procs",,,"memory usage",,,,"paging",,"dsk/total",,"system",,"total cpu usage",,,,,,"epoch"
"usr","sys","idl","wai","hiq","siq","read","writ","recv","send","in","out","int","csw","run","blk","new","used","buff","cach","free","in","out","read","writ","int","csw","usr","sys","idl","wai","hiq","siq","epoch"
0.005,0.010,99.985,0.0,0.0,0.0,0.0,0.0,3267.400,5618.0,0.0,0.0,168.600,186.0,0.0,0.0,0.0,2032205824.0,4214784.0,5516546048.0,1.61227227136e+11,0.0,0.0,0.0,0.0,168.600,186.0,0.010,0.010,99.980,0.0,0.0,0.0,1493091288.679,
0.010,0.010,99.960,0.020,0.0,0.0,0.0,12288.0,4374.800,6748.800,0.0,0.0,185.400,235.400,0.800,0.0,0.0,2052423680.0,4231168.0,5516541952.0,1.61206996992e+11,0.0,0.0,0.0,12288.0,187.400,235.800,0.005,0.030,99.945,0.020,0.0,0.0,1493091293.679,
0.095,0.190,99.700,0.015,0.0,0.0,0.0,4915.200,80256.600,58314993.600,0.0,0.0,2422.800,464.0,0.400,0.0,0.400,2095411200.0,4239360.0,5516558336.0,1.61163984896e+11,0.0,0.0,0.0,4915.200,2436.800,464.0,0.095,0.180,99.710,0.015,0.0,0.0,1493091298.679,
0.050,0.200,99.730,0.020,0.0,0.0,0.0,12288.0,97822.600,63076867.600,0.0,0.0,2905.200,482.800,0.0,0.0,0.0,2056163328.0,4255744.0,5516550144.0,1.61203224576e+11,0.0,0.0,0.0,12288.0,2891.800,482.600,0.050,0.195,99.735,0.020,0.0,0.0,1493091303.679,
0.070,0.120,99.790,0.020,0.0,0.0,0.0,7372.800,61681.0,40973527.600,0.0,0.0,1856.400,356.0,0.0,0.0,0.800,2047684608.0,4272128.0,5516558336.0,1.6121167872e+11,0.0,0.0,0.0,7372.800,1853.800,355.800,0.070,0.120,99.790,0.020,0.0,0.0,1493091308.679,
0.050,0.145,99.800,0.0,0.0,0.005,0.0,7372.800,66677.800,47161061.200,0.0,0.0,2082.800,444.0,0.200,0.0,0.0,2027839488.0,4280320.0,5516558336.0,1.61231515648e+11,0.0,0.0,0.0,7372.800,2082.800,444.0,0.055,0.140,99.800,0.0,0.0,0.005,1493091313.679,
0.060,0.135,99.790,0.015,0.0,0.0,0.0,20480.0,54358.0,41431411.0,0.0,0.0,1762.0,370.600,0.0,0.0,0.400,2052157440.0,4296704.0,5516562432.0,1.61207177216e+11,0.0,0.0,0.0,20480.0,1762.200,370.600,0.055,0.140,99.790,0.015,0.0,0.0,1493091318.679,
0.040,0.090,99.860,0.005,0.0,0.005,0.0,4915.200,40026.200,26482845.600,0.0,0.0,1275.800,306.800,0.200,0.0,0.0,2038779904.0,4304896.0,5516566528.0,1.61220542464e+11,0.0,0.0,0.0,4915.200,1275.600,306.800,0.045,0.090,99.855,0.005,0.0,0.005,1493091323.679,
0.060,0.085,99.835,0.015,0.0,0.005,0.0,11468.800,47735.200,30042929.0,0.0,0.0,1515.600,380.0,0.0,0.0,0.400,2040111104.0,4321280.0,5516562432.0,1.61219198976e+11,0.0,0.0,0.0,11468.800,1532.800,380.0,0.055,0.085,99.840,0.015,0.0,0.005,1493091328.679,
0.045,0.125,99.825,0.0,0.0,0.005,0.0,0.0,66787.600,40794004.0,0.0,0.0,2009.400,396.400,0.0,0.0,0.400,2021634048.0,4321280.0,5516566528.0,1.61237671936e+11,0.0,0.0,0.0,0.0,1992.200,396.400,0.045,0.120,99.830,0.0,0.0,0.005,1493091333.679,
0.055,0.110,99.815,0.020,0.0,0.0,0.0,7372.800,50034.200,38354018.800,0.0,0.0,1553.600,335.800,0.200,0.0,0.400,2022678528.0,4337664.0,5516574720.0,1.6123660288e+11,0.0,0.0,0.0,7372.800,1553.600,335.800,0.055,0.110,99.815,0.020,0.0,0.0,1493091338.679,
0.040,0.055,99.895,0.010,0.0,0.0,0.0,8192.0,28306.0,17702201.0,0.0,0.0,872.200,370.800,0.0,0.0,0.0,2023002112.0,4345856.0,5516574720.0,1.61236271104e+11,0.0,0.0,0.0,8192.0,872.200,370.800,0.040,0.055,99.895,0.010,0.0,0.0,1493091343.679,
0.060,0.105,99.820,0.015,0.0,0.0,0.0,9011.200,38811.0,29997724.0,0.0,0.0,1249.0,352.600,0.0,0.0,0.400,2083696640.0,4362240.0,5516574720.0,1.61175560192e+11,0.0,0.0,0.0,9011.200,1249.0,352.600,0.060,0.110,99.815,0.015,0.0,0.0,1493091348.679,
0.045,0.085,99.855,0.015,0.0,0.0,0.0,13107.200,47090.400,32903159.0,0.0,0.0,1485.600,326.200,0.0,0.0,0.0,2038239232.0,4378624.0,5516570624.0,1.61221005312e+11,0.0,0.0,0.0,13107.200,1485.600,326.200,0.045,0.085,99.855,0.015,0.0,0.0,1493091353.679,
0.055,0.080,99.865,0.0,0.0,0.0,0.0,4915.200,36847.200,25786933.800,0.0,0.0,1250.600,321.0,0.200,0.0,0.800,2034139136.0,4386816.0,5516582912.0,1.61225084928e+11,0.0,0.0,0.0,4915.200,1250.600,321.0,0.055,0.075,99.870,0.0,0.0,0.0,1493091358.679,
0.045,0.105,99.835,0.015,0.0,0.0,0.0,10649.600,51133.0,35374744.200,0.0,0.0,1685.200,377.400,0.200,0.0,0.0,2029367296.0,4403200.0,5516578816.0,1.6122984448e+11,0.0,0.0,0.0,10649.600,1685.200,377.400,0.045,0.105,99.835,0.015,0.0,0.0,1493091363.679,
0.065,0.170,99.755,0.0,0.0,0.010,0.0,0.0,72398.0,56064146.800,0.0,0.0,2388.200,398.800,0.0,0.0,0.0,2025820160.0,4403200.0,5516582912.0,1.6123338752e+11,0.0,0.0,0.0,0.0,2388.200,398.800,0.065,0.170,99.755,0.0,0.0,0.010,1493091368.679,
0.065,0.110,99.810,0.015,0.0,0.0,0.0,10649.600,41668.400,29911036.0,0.0,0.0,1396.800,384.0,0.0,0.0,0.800,2034618368.0,4419584.0,5516591104.0,1.61224564736e+11,0.0,0.0,0.0,10649.600,1396.800,384.0,0.065,0.110,99.810,0.015,0.0,0.0,1493091373.679,
0.035,0.100,99.860,0.005,0.0,0.0,0.0,8192.0,43890.800,32066043.800,0.0,0.0,1339.600,391.0,0.0,0.0,0.0,2018316288.0,4427776.0,5516595200.0,1.61240854528e+11,0.0,0.0,0.0,8192.0,1339.600,391.0,0.035,0.100,99.860,0.005,0.0,0.0,1493091378.679,
0.070,0.115,99.795,0.015,0.0,0.005,0.0,13107.200,60682.400,41320088.400,0.0,0.0,1877.0,406.200,0.0,0.0,0.400,2017333248.0,4444160.0,5516599296.0,1.61241817088e+11,0.0,0.0,0.0,13107.200,1877.0,406.200,0.070,0.115,99.795,0.015,0.0,0.005,1493091383.679,
0.040,0.090,99.855,0.015,0.0,0.0,0.0,10649.600,44959.800,30372088.200,0.0,0.0,1316.600,344.800,0.0,0.0,0.200,2048843776.0,4460544.0,5516599296.0,1.61210290176e+11,0.0,0.0,0.0,10649.600,1318.800,345.0,0.040,0.095,99.850,0.015,0.0,0.0,1493091388.679,
0.085,0.190,99.715,0.010,0.0,0.0,0.0,10649.600,82472.400,67003569.200,0.0,0.0,2568.800,522.400,0.0,0.0,0.400,2016169984.0,4468736.0,5516599296.0,1.61242955776e+11,0.0,0.0,0.0,10649.600,2566.600,522.200,0.085,0.185,99.720,0.010,0.0,0.0,1493091393.679,
0.055,0.140,99.800,0.005,0.0,0.0,0.0,11468.800,50348.800,42523835.600,0.0,0.0,1615.600,371.600,0.200,0.0,0.400,2048372736.0,4485120.0,5516603392.0,1.61210732544e+11,0.0,0.0,0.0,11468.800,1626.800,371.600,0.055,0.145,99.795,0.005,0.0,0.0,1493091398.679,
0.065,0.190,99.735,0.005,0.0,0.005,0.0,4915.200,82823.0,59865250.400,0.0,0.0,2525.600,506.600,0.200,0.0,0.0,2035347456.0,4493312.0,5516611584.0,1.6122374144e+11,0.0,0.0,0.0,4915.200,2517.200,506.600,0.065,0.185,99.740,0.005,0.0,0.005,1493091403.679,
0.055,0.140,99.790,0.015,0.0,0.0,0.0,11468.800,67914.200,48156544.600,0.0,0.0,2076.200,424.800,0.200,0.0,0.400,2016743424.0,4509696.0,5516611584.0,1.61242329088e+11,0.0,0.0,0.0,11468.800,2073.400,424.800,0.060,0.140,99.785,0.015,0.0,0.0,1493091408.679,
0.045,0.065,99.890,0.0,0.0,0.0,0.0,0.0,22391.600,15632021.800,0.0,0.0,818.0,273.600,0.0,0.0,0.800,2033872896.0,4509696.0,5516611584.0,1.61225199616e+11,0.0,0.0,0.0,0.0,819.0,273.600,0.040,0.065,99.895,0.0,0.0,0.0,1493091413.679,
0.040,0.040,99.905,0.015,0.0,0.0,0.0,9830.400,29915.800,16852165.0,0.0,0.0,938.200,361.800,0.0,0.0,0.0,2017820672.0,4526080.0,5516615680.0,1.6124123136e+11,0.0,0.0,0.0,9830.400,937.200,361.800,0.040,0.045,99.900,0.015,0.0,0.0,1493091418.679,
0.035,0.080,99.865,0.015,0.0,0.005,0.0,10649.600,23200.0,20936634.800,0.0,0.0,865.0,319.800,0.0,0.0,0.400,2038779904.0,4542464.0,5516607488.0,1.61220263936e+11,0.0,0.0,0.0,10649.600,867.600,319.800,0.035,0.080,99.865,0.015,0.0,0.005,1493091423.679,
0.050,0.075,99.875,0.0,0.0,0.0,0.0,7372.800,31310.600,29256654.0,0.0,0.0,985.0,310.600,0.0,0.0,0.0,2021994496.0,4550656.0,5516619776.0,1.61237028864e+11,0.0,0.0,0.0,7372.800,982.400,310.600,0.055,0.070,99.875,0.0,0.0,0.0,1493091428.679,
0.065,0.160,99.770,0.005,0.0,0.0,0.0,11468.800,58886.0,44218657.400,0.0,0.0,1955.600,405.600,0.0,0.0,1.200,2023481344.0,4567040.0,5516623872.0,1.61235521536e+11,0.0,0.0,0.0,11468.800,1957.600,405.600,0.060,0.160,99.775,0.005,0.0,0.0,1493091433.679,
0.035,0.085,99.870,0.010,0.0,0.0,0.0,4915.200,33873.800,26592657.800,0.0,0.0,1152.0,301.400,0.0,0.0,0.0,2023292928.0,4575232.0,5516623872.0,1.6123570176e+11,0.0,0.0,0.0,4915.200,1150.0,301.400,0.035,0.085,99.870,0.010,0.0,0.0,1493091438.679,
0.035,0.070,99.880,0.010,0.0,0.005,0.0,16384.0,29244.600,20693040.400,0.0,0.0,949.0,317.600,0.200,0.0,0.0,2040778752.0,4591616.0,5516627968.0,1.61218195456e+11,0.0,0.0,0.0,16384.0,951.200,317.600,0.035,0.070,99.880,0.010,0.0,0.005,1493091443.679,
0.015,0.020,99.950,0.015,0.0,0.0,0.0,4915.200,13348.200,5879832.600,0.0,0.0,458.0,268.800,0.0,0.0,0.0,2022744064.0,4599808.0,5516623872.0,1.61236226048e+11,0.0,0.0,0.0,4915.200,456.0,268.800,0.020,0.020,99.945,0.015,0.0,0.0,1493091448.679,
0.020,0.015,99.945,0.020,0.0,0.0,0.0,13107.200,4858.400,6938.600,0.0,0.0,200.800,224.400,0.0,0.0,0.400,2018926592.0,4616192.0,5516632064.0,1.61240018944e+11,0.0,0.0,0.0,13107.200,200.600,224.400,0.015,0.015,99.950,0.020,0.0,0.0,1493091453.679,
