"Dstat 0.7.2 CSV output"
"Author:","Dag Wieers <dag@wieers.com>",,,,"URL:","http://dag.wieers.com/home-made/dstat/"
"Host:","client0.skyhook16osds.skyhook-pg0.wisc.cloudlab.us",,,,"User:","jlefevre"
"Cmdline:","dstat -av --epoch --integer --noheaders --output dstat-client0.log 5",,,,"Date:","24 Apr 2017 21:15:41 CDT"

"total cpu usage",,,,,,"dsk/total",,"net/total",,"paging",,"system",,"procs",,,"memory usage",,,,"paging",,"dsk/total",,"system",,"total cpu usage",,,,,,"epoch"
"usr","sys","idl","wai","hiq","siq","read","writ","recv","send","in","out","int","csw","run","blk","new","used","buff","cach","free","in","out","read","writ","int","csw","usr","sys","idl","wai","hiq","siq","epoch"
0.170,0.060,99.770,0.0,0.0,0.0,0.0,9011.200,64821.0,10704.400,0.0,0.0,631.400,6789.0,0.400,0.0,1.400,5034991616.0,235048960.0,1.61820278784e+11,1689874432.0,0.0,0.0,0.0,9011.200,631.0,6789.0,0.170,0.060,99.770,0.0,0.0,0.0,1493089416.510,
2.064,2.387,95.266,0.091,0.0,0.192,0.0,107315.200,638513132.200,1006781.600,0.0,0.0,21557.200,43380.0,2.0,0.0,5.200,5339328512.0,235061248.0,1.6182040576e+11,1385398272.0,0.0,0.0,0.0,107315.200,21567.800,43391.0,2.069,2.392,95.256,0.091,0.0,0.192,1493089421.510,
3.139,4.346,92.150,0.081,0.0,0.284,0.0,217907.200,1091950077.400,1535683.800,0.0,0.0,31828.200,58761.400,3.0,0.200,0.400,5313961984.0,235073536.0,1.61820741632e+11,1410416640.0,0.0,0.0,0.0,217907.200,31830.200,58765.200,3.134,4.346,92.155,0.081,0.0,0.284,1493089426.509,
3.043,4.275,92.302,0.086,0.0,0.294,0.0,200704.0,1076427266.400,1575219.200,0.0,0.0,36970.400,79740.400,2.200,0.0,0.400,5339287552.0,235081728.0,1.61821085696e+11,1384738816.0,0.0,0.0,0.0,200704.0,36957.200,79725.200,3.044,4.271,92.305,0.086,0.0,0.294,1493089431.509,
3.193,4.153,92.207,0.178,0.0,0.269,0.0,214630.400,1101856615.400,1633430.600,0.0,0.0,34277.200,89462.600,3.600,0.0,0.400,5325037568.0,235110400.0,1.6182142976e+11,1398616064.0,0.0,0.0,0.0,214630.400,34292.600,89548.200,3.197,4.156,92.200,0.178,0.0,0.269,1493089436.510,
2.839,4.289,92.481,0.132,0.0,0.259,0.0,162201.600,1052908683.400,1471386.400,0.0,0.0,30570.200,65609.0,3.0,0.200,0.200,5342384128.0,235130880.0,1.6182173696e+11,1380941824.0,0.0,0.0,0.0,162201.600,30571.200,65525.800,2.839,4.284,92.482,0.132,0.0,0.264,1493089441.509,
2.975,4.228,92.340,0.157,0.0,0.299,0.0,222003.200,1090138690.400,1575863.400,0.0,0.0,33075.400,75159.200,3.400,0.0,0.0,5304786944.0,235155456.0,1.61822072832e+11,1418178560.0,0.0,0.0,0.0,222003.200,33077.400,75191.400,2.970,4.234,92.339,0.157,0.0,0.300,1493089446.510,
2.907,4.272,92.390,0.117,0.0,0.315,0.0,198246.400,1064600325.600,1519529.400,0.0,0.0,31817.600,63999.800,2.800,0.0,1.200,5354864640.0,235171840.0,1.61822404608e+11,1367752704.0,0.0,0.0,0.0,198246.400,31807.0,63966.400,2.912,4.271,92.391,0.117,0.0,0.309,1493089451.510,
3.018,4.291,92.179,0.213,0.0,0.299,0.0,2030796.800,1098798539.800,1577348.600,0.0,0.0,32230.200,68296.0,3.200,0.200,0.0,5345185792.0,235196416.0,1.61822674944e+11,1377136640.0,0.0,0.0,0.0,2030796.800,32247.400,68299.400,3.018,4.291,92.178,0.213,0.0,0.299,1493089456.510,
2.844,4.286,92.425,0.162,0.0,0.283,0.0,235929.600,1045072256.400,1499677.0,0.0,0.0,30369.0,55021.600,3.200,0.0,0.400,5340508160.0,235212800.0,1.61823010816e+11,1381462016.0,0.0,0.0,0.0,235929.600,30349.600,55017.0,2.839,4.291,92.425,0.162,0.0,0.283,1493089461.510,
2.508,4.175,92.698,0.147,0.0,0.471,0.0,203980.800,1058351632.0,1510762.600,0.0,0.0,30600.600,43101.800,2.600,0.0,0.0,5331390464.0,235241472.0,1.61823346688e+11,1390215168.0,0.0,0.0,0.0,203980.800,30621.0,43171.800,2.508,4.170,92.703,0.147,0.0,0.471,1493089466.510,
2.786,4.225,92.482,0.147,0.0,0.360,0.0,161382.400,1073233638.200,1579977.0,0.0,0.0,32221.800,57870.600,3.600,0.200,0.400,5377839104.0,235253760.0,1.61823653888e+11,1343447040.0,0.0,0.0,0.0,161382.400,32210.400,57810.800,2.786,4.225,92.482,0.147,0.0,0.360,1493089471.510,
2.729,4.282,92.406,0.335,0.0,0.249,0.0,3697049.600,1077681785.200,1570952.200,0.0,0.0,33368.200,51914.400,3.0,0.0,0.400,5316177920.0,235274240.0,1.61816109056e+11,1412632576.0,0.0,0.0,0.0,3697049.600,33365.0,51913.200,2.739,4.276,92.401,0.335,0.0,0.249,1493089476.510,
2.677,4.163,92.749,0.172,0.0,0.238,0.0,221184.0,1053012882.200,1540799.600,0.0,0.0,31183.200,51689.600,3.0,0.0,0.200,5381513216.0,235286528.0,1.61816424448e+11,1346969600.0,0.0,0.0,0.0,221184.0,31186.400,51702.200,2.672,4.168,92.749,0.172,0.0,0.238,1493089481.510,
2.702,4.070,92.787,0.132,0.0,0.309,0.0,178585.600,1084422989.400,1596494.600,0.0,0.0,31019.800,52292.400,3.800,0.200,0.400,5339017216.0,235286528.0,1.61816756224e+11,1389133824.0,0.0,0.0,0.0,178585.600,31016.800,52273.0,2.696,4.070,92.793,0.132,0.0,0.309,1493089486.510,
2.567,4.335,92.723,0.182,0.0,0.192,0.0,217907.200,1008611711.400,1409575.200,0.0,0.0,28474.400,42919.800,3.0,0.0,0.400,5351915520.0,235307008.0,1.61817112576e+11,1375858688.0,0.0,0.0,0.0,217907.200,28476.400,42923.800,2.568,4.331,92.727,0.182,0.0,0.192,1493089491.510,
2.856,4.100,92.472,0.187,0.0,0.384,0.0,235110.400,1084415275.0,1592962.0,0.0,0.0,29913.400,65820.200,2.200,0.200,0.0,5319589888.0,235323392.0,1.6181741568e+11,1407864832.0,0.0,0.0,0.0,235110.400,29899.800,65814.200,2.857,4.106,92.466,0.187,0.0,0.384,1493089496.510,
2.596,4.128,92.621,0.197,0.0,0.459,0.0,212992.0,1040378917.0,1457370.400,0.0,0.0,27321.800,51953.200,3.400,0.0,0.400,5328658432.0,235339776.0,1.6181776384e+11,1398431744.0,0.0,0.0,0.0,212992.0,27335.400,51964.0,2.600,4.127,92.618,0.197,0.0,0.459,1493089501.509,
3.075,4.036,92.312,0.192,0.0,0.384,0.0,197427.200,1102240697.800,1603547.600,0.0,0.0,32308.800,74629.800,2.800,0.0,0.0,5347282944.0,235380736.0,1.61818075136e+11,1379454976.0,0.0,0.0,0.0,197427.200,32300.0,74622.0,3.076,4.032,92.316,0.192,0.0,0.384,1493089506.510,
2.903,4.241,92.430,0.117,0.0,0.309,0.0,170393.600,1078369637.800,1591937.800,0.0,0.0,31141.600,64262.600,3.200,0.200,0.0,5335400448.0,235388928.0,1.61818402816e+11,1391001600.0,0.0,0.0,0.0,170393.600,31148.800,64261.800,2.903,4.246,92.425,0.117,0.0,0.309,1493089511.510,
2.762,4.288,92.615,0.106,0.0,0.228,0.0,215449.600,1037739246.400,1443367.800,0.0,0.0,30588.800,45799.800,3.400,0.0,0.800,5364031488.0,235405312.0,1.6181874688e+11,1362010112.0,0.0,0.0,0.0,215449.600,30591.200,45804.0,2.763,4.283,92.620,0.106,0.0,0.228,1493089516.510,
2.131,4.419,92.797,0.364,0.0,0.289,0.0,5170790.400,946630654.600,1225623.800,0.0,0.0,26381.0,27726.800,2.800,0.200,0.400,5347336192.0,235446272.0,1.61817382912e+11,1380028416.0,0.0,0.0,0.0,5170790.400,26378.600,27720.200,2.131,4.423,92.794,0.364,0.0,0.288,1493089521.510,
2.733,3.799,92.811,0.131,0.0,0.525,0.0,162201.600,1096440760.0,1570630.400,0.0,0.0,28863.600,55112.200,3.0,0.200,0.200,5348507648.0,235479040.0,1.61817710592e+11,1378496512.0,0.0,0.0,0.0,162201.600,28869.600,55118.0,2.729,3.800,92.814,0.131,0.0,0.526,1493089526.510,
2.453,4.380,92.597,0.192,0.0,0.378,0.0,267878.400,1025153333.800,1384553.400,0.0,0.0,28055.0,43892.0,3.600,0.0,0.0,5321060352.0,235483136.0,1.61818054656e+11,1405595648.0,0.0,0.0,0.0,267878.400,28049.400,43903.400,2.458,4.380,92.587,0.192,0.0,0.384,1493089531.510,
2.772,4.256,92.572,0.111,0.0,0.289,0.0,225280.0,1056733873.200,1504720.200,0.0,0.0,31027.800,48351.0,2.800,0.0,0.800,5331271680.0,235499520.0,1.61818374144e+11,1395048448.0,0.0,0.0,0.0,225280.0,31017.400,48333.800,2.772,4.261,92.572,0.111,0.0,0.284,1493089536.510,
2.794,4.146,92.701,0.071,0.0,0.289,0.0,181043.200,1055075805.200,1553848.200,0.0,0.0,31304.0,63513.600,3.0,0.200,0.400,5344587776.0,235511808.0,1.61818710016e+11,1381384192.0,0.0,0.0,0.0,181043.200,31316.400,63526.0,2.789,4.141,92.710,0.071,0.0,0.289,1493089541.510,
2.555,4.200,92.896,0.101,0.0,0.248,0.0,212172.800,1047830158.400,1509307.0,0.0,0.0,30297.600,45282.600,2.600,0.0,0.0,5330747392.0,235520000.0,1.61819045888e+11,1394880512.0,0.0,0.0,0.0,212172.800,30304.400,45321.0,2.560,4.199,92.892,0.101,0.0,0.248,1493089546.510,
2.657,4.229,92.663,0.142,0.0,0.309,0.0,206438.400,1041498438.800,1488508.0,0.0,0.0,31035.0,46072.200,3.600,0.0,0.0,5309390848.0,235532288.0,1.61819369472e+11,1415901184.0,0.0,0.0,0.0,206438.400,31020.200,46021.600,2.653,4.226,92.669,0.142,0.0,0.309,1493089551.510,
2.245,3.686,93.736,0.111,0.0,0.222,0.0,167936.0,926484314.600,1247656.200,0.0,0.0,24203.400,41023.800,2.400,0.200,0.400,5399871488.0,235544576.0,1.6181968896e+11,1325088768.0,0.0,0.0,0.0,167936.0,24197.800,41034.0,2.249,3.684,93.734,0.111,0.0,0.222,1493089556.510,
0.402,1.622,97.725,0.191,0.0,0.060,0.0,185139.200,334273986.0,302020.800,0.0,0.0,5323.800,13215.200,1.0,0.0,1.0,5028360192.0,235556864.0,1.61819881472e+11,1696395264.0,0.0,0.0,0.0,185139.200,5323.800,13205.400,0.397,1.622,97.730,0.191,0.0,0.060,1493089561.510,
