"Dstat 0.7.2 CSV output"
"Author:","Dag Wieers <dag@wieers.com>",,,,"URL:","http://dag.wieers.com/home-made/dstat/"
"Host:","osd0.skyhook16osds.skyhook-pg0.wisc.cloudlab.us",,,,"User:","jlefevre"
"Cmdline:","dstat -av --epoch --integer --noheaders --output dstat-osd0.log 5",,,,"Date:","24 Apr 2017 21:15:42 CDT"

"total cpu usage",,,,,,"dsk/total",,"net/total",,"paging",,"system",,"procs",,,"memory usage",,,,"paging",,"dsk/total",,"system",,"total cpu usage",,,,,,"epoch"
"usr","sys","idl","wai","hiq","siq","read","writ","recv","send","in","out","int","csw","run","blk","new","used","buff","cach","free","in","out","read","writ","int","csw","usr","sys","idl","wai","hiq","siq","epoch"
0.025,0.025,99.940,0.010,0.0,0.0,0.0,12288.0,6694.800,8570.200,0.0,0.0,253.200,291.800,0.0,0.0,0.400,2282713088.0,2068480.0,8015351808.0,1.58480060416e+11,0.0,0.0,0.0,12288.0,253.0,291.800,0.025,0.025,99.940,0.010,0.0,0.0,1493093962.876,
0.070,0.145,99.775,0.0,0.0,0.010,0.0,9830.400,82496.400,50202950.800,0.0,0.0,1592.800,454.200,0.0,0.0,0.0,2298941440.0,2084864.0,8015351808.0,1.5846381568e+11,0.0,0.0,0.0,9830.400,1593.0,454.200,0.070,0.145,99.775,0.0,0.0,0.010,1493093967.876,
0.080,0.155,99.760,0.005,0.0,0.0,0.0,9830.400,91822.800,54893372.800,0.0,0.0,1829.0,449.200,0.0,0.0,0.400,2329464832.0,2093056.0,8015360000.0,1.58433275904e+11,0.0,0.0,0.0,9830.400,1832.200,449.200,0.080,0.150,99.765,0.005,0.0,0.0,1493093972.876,
0.075,0.155,99.770,0.0,0.0,0.0,0.0,2457.600,91312.400,60221204.200,0.0,0.0,1939.400,396.200,0.0,0.0,0.400,2276433920.0,2101248.0,8015360000.0,1.58486298624e+11,0.0,0.0,0.0,2457.600,1936.200,396.200,0.075,0.155,99.770,0.0,0.0,0.0,1493093977.876,
0.095,0.200,99.700,0.0,0.0,0.005,0.0,4915.200,98278.400,61155033.0,0.0,0.0,1993.200,493.800,0.200,0.0,0.0,2364448768.0,2109440.0,8015360000.0,1.58398275584e+11,0.0,0.0,0.0,4915.200,1995.600,494.200,0.095,0.200,99.700,0.0,0.0,0.005,1493093982.876,
0.080,0.185,99.710,0.020,0.0,0.005,0.0,7372.800,116110.200,74646632.400,0.0,0.0,3421.0,524.800,0.0,0.0,0.400,2285817856.0,2125824.0,8015364096.0,1.58476886016e+11,0.0,0.0,0.0,7372.800,3418.600,524.400,0.080,0.185,99.710,0.020,0.0,0.005,1493093987.876,
0.080,0.185,99.725,0.010,0.0,0.0,0.0,8192.0,106972.200,67863768.0,0.0,0.0,3158.400,454.0,0.200,0.0,0.0,2279366656.0,2134016.0,8015364096.0,1.58483329024e+11,0.0,0.0,0.0,8192.0,3158.400,454.0,0.080,0.185,99.725,0.010,0.0,0.0,1493093992.876,
0.070,0.120,99.795,0.010,0.0,0.005,0.0,11468.800,78583.200,44539832.400,0.0,0.0,2272.200,438.200,0.200,0.0,0.400,2308288512.0,2150400.0,8015360000.0,1.5845439488e+11,0.0,0.0,0.0,11468.800,2273.400,438.600,0.070,0.125,99.790,0.010,0.0,0.005,1493093997.876,
0.080,0.140,99.780,0.0,0.0,0.0,0.0,13107.200,90670.0,53008054.600,0.0,0.0,2671.0,404.400,0.0,0.0,0.400,2312863744.0,2166784.0,8015368192.0,1.58449795072e+11,0.0,0.0,0.0,13107.200,2669.800,404.0,0.080,0.135,99.785,0.0,0.0,0.0,1493094002.876,
0.100,0.255,99.640,0.0,0.0,0.005,0.0,0.0,116974.800,79954747.600,0.0,0.0,3557.0,471.400,0.200,0.0,0.0,2359275520.0,2166784.0,8015372288.0,1.584033792e+11,0.0,0.0,0.0,0.0,3557.0,471.400,0.100,0.260,99.635,0.0,0.0,0.005,1493094007.876,
0.065,0.135,99.795,0.005,0.0,0.0,0.0,9830.400,92199.800,55691393.0,0.0,0.0,2724.400,386.400,0.0,0.0,0.400,2305609728.0,2183168.0,8015372288.0,1.58457028608e+11,0.0,0.0,0.0,9830.400,2724.800,386.400,0.065,0.130,99.800,0.005,0.0,0.0,1493094012.876,
0.080,0.200,99.710,0.005,0.0,0.005,0.0,8192.0,127304.800,79581789.800,0.0,0.0,3615.600,449.600,0.0,0.0,0.0,2278838272.0,2191360.0,8015376384.0,1.58483787776e+11,0.0,0.0,0.0,8192.0,3615.200,449.600,0.080,0.205,99.705,0.005,0.0,0.005,1493094017.876,
0.085,0.240,99.650,0.020,0.0,0.005,27033.600,9011.200,126791.400,76582804.200,0.0,0.0,3685.0,592.200,0.200,0.0,0.800,2297905152.0,2342912.0,8015241216.0,1.58464704512e+11,0.0,0.0,27033.600,9011.200,3686.200,592.200,0.085,0.235,99.655,0.020,0.0,0.005,1493094022.876,
0.060,0.120,99.815,0.0,0.0,0.005,0.0,5734.400,82251.600,52313859.0,0.0,0.0,2338.600,352.0,0.200,0.0,0.0,2297679872.0,2351104.0,8015384576.0,1.5846477824e+11,0.0,0.0,0.0,5734.400,2339.0,352.0,0.060,0.125,99.810,0.0,0.0,0.005,1493094027.876,
0.085,0.225,99.680,0.005,0.0,0.005,0.0,14745.600,134772.600,76368796.400,0.0,0.0,3785.200,563.600,0.0,0.0,0.0,2314321920.0,2367488.0,8015388672.0,1.58448115712e+11,0.0,0.0,0.0,14745.600,3787.800,563.800,0.085,0.225,99.680,0.005,0.0,0.005,1493094032.876,
0.060,0.115,99.825,0.0,0.0,0.0,0.0,9830.400,73396.400,45297726.0,0.0,0.0,2166.0,385.0,0.0,0.0,0.400,2281537536.0,2383872.0,8015384576.0,1.58480887808e+11,0.0,0.0,0.0,9830.400,2166.0,384.800,0.060,0.115,99.825,0.0,0.0,0.0,1493094037.876,
0.115,0.240,99.625,0.015,0.0,0.005,0.0,4915.200,108680.800,77470050.800,0.0,0.0,3359.600,500.800,0.200,0.0,0.400,2358628352.0,2392064.0,8015388672.0,1.58403784704e+11,0.0,0.0,0.0,4915.200,3355.400,500.800,0.115,0.235,99.630,0.015,0.0,0.005,1493094042.876,
0.075,0.190,99.720,0.010,0.0,0.005,0.0,9830.400,114867.200,75585608.600,0.0,0.0,3590.200,517.0,0.0,0.0,0.0,2329554944.0,2408448.0,8015388672.0,1.58432841728e+11,0.0,0.0,0.0,9830.400,3593.600,517.200,0.075,0.190,99.720,0.010,0.0,0.005,1493094047.876,
0.080,0.200,99.720,0.0,0.0,0.0,0.0,4915.200,115428.0,69360846.600,0.0,0.0,3310.800,544.600,0.0,0.0,0.400,2311983104.0,2416640.0,8015388672.0,1.58450405376e+11,0.0,0.0,0.0,4915.200,3307.400,544.400,0.080,0.205,99.715,0.0,0.0,0.0,1493094052.876,
0.070,0.180,99.735,0.005,0.0,0.010,0.0,5734.400,102353.600,64244234.400,0.0,0.0,3015.0,423.600,0.0,0.0,0.0,2311229440.0,2424832.0,8015396864.0,1.58451142656e+11,0.0,0.0,0.0,5734.400,3015.0,423.600,0.075,0.175,99.735,0.005,0.0,0.010,1493094057.876,
0.070,0.095,99.835,0.0,0.0,0.0,0.0,11468.800,72179.600,42673668.400,0.0,0.0,2159.600,385.400,0.0,0.0,0.800,2310746112.0,2433024.0,8015400960.0,1.58451613696e+11,0.0,0.0,0.0,11468.800,2159.600,385.400,0.065,0.100,99.835,0.0,0.0,0.0,1493094062.876,
0.075,0.175,99.735,0.015,0.0,0.0,25395.200,8192.0,84152.200,65404440.200,0.0,0.0,2537.200,406.600,0.400,0.0,0.200,2297245696.0,2449408.0,8015527936.0,1.58464970752e+11,0.0,0.0,25395.200,8192.0,2544.0,406.800,0.075,0.175,99.735,0.015,0.0,0.0,1493094067.876,
0.095,0.250,99.640,0.015,0.0,0.0,0.0,13107.200,137855.800,86523515.600,0.0,0.0,3971.600,580.200,0.600,0.0,0.400,2299842560.0,2465792.0,8015527936.0,1.58462357504e+11,0.0,0.0,0.0,13107.200,3965.400,580.400,0.100,0.245,99.640,0.015,0.0,0.0,1493094072.876,
0.075,0.135,99.780,0.005,0.0,0.005,0.0,4915.200,75292.0,47212524.800,0.0,0.0,2167.600,369.600,0.0,0.0,0.400,2279313408.0,2473984.0,8015532032.0,1.58482874368e+11,0.0,0.0,0.0,4915.200,2167.400,371.400,0.070,0.140,99.780,0.005,0.0,0.005,1493094077.876,
0.060,0.150,99.775,0.010,0.0,0.005,0.0,2457.600,91685.600,56091497.200,0.0,0.0,2636.200,411.800,0.0,0.0,0.0,2297536512.0,2482176.0,8015536128.0,1.58464638976e+11,0.0,0.0,0.0,2457.600,2635.800,409.600,0.060,0.145,99.780,0.010,0.0,0.005,1493094082.876,
0.085,0.155,99.755,0.005,0.0,0.0,0.0,9830.400,94884.200,61909272.800,0.0,0.0,2788.0,422.0,0.400,0.0,0.400,2285789184.0,2490368.0,8015540224.0,1.58476374016e+11,0.0,0.0,0.0,9830.400,2788.0,422.0,0.085,0.155,99.755,0.005,0.0,0.0,1493094087.876,
0.060,0.130,99.805,0.005,0.0,0.0,0.0,8192.0,83233.600,50210795.200,0.0,0.0,2360.400,396.200,0.0,0.0,0.0,2296545280.0,2506752.0,8015540224.0,1.58465601536e+11,0.0,0.0,0.0,8192.0,2360.400,396.200,0.060,0.130,99.805,0.005,0.0,0.0,1493094092.876,
0.020,0.020,99.960,0.0,0.0,0.0,0.0,8192.0,11500.200,2896961.600,0.0,0.0,371.400,287.200,0.0,0.0,0.800,2278146048.0,2514944.0,8015544320.0,1.5848398848e+11,0.0,0.0,0.0,8192.0,371.200,287.200,0.020,0.020,99.960,0.0,0.0,0.0,1493094097.876,
0.020,0.010,99.950,0.020,0.0,0.0,0.0,12288.0,5112.0,6825.200,0.0,0.0,201.800,230.0,0.0,0.0,0.0,2278633472.0,2531328.0,8015548416.0,1.58483480576e+11,0.0,0.0,0.0,12288.0,201.800,230.0,0.020,0.015,99.945,0.020,0.0,0.0,1493094102.876,
