"Dstat 0.7.2 CSV output"
"Author:","Dag Wieers <dag@wieers.com>",,,,"URL:","http://dag.wieers.com/home-made/dstat/"
"Host:","osd0.skyhook16osds.skyhook-pg0.wisc.cloudlab.us",,,,"User:","jlefevre"
"Cmdline:","dstat -av --epoch --integer --noheaders --output dstat-osd0.log 5",,,,"Date:","24 Apr 2017 21:15:42 CDT"

"total cpu usage",,,,,,"dsk/total",,"net/total",,"paging",,"system",,"procs",,,"memory usage",,,,"paging",,"dsk/total",,"system",,"total cpu usage",,,,,,"epoch"
"usr","sys","idl","wai","hiq","siq","read","writ","recv","send","in","out","int","csw","run","blk","new","used","buff","cach","free","in","out","read","writ","int","csw","usr","sys","idl","wai","hiq","siq","epoch"
0.030,0.015,99.945,0.010,0.0,0.0,0.0,14745.600,4324.0,6794.200,0.0,0.0,213.0,252.0,0.0,0.0,0.400,2265399296.0,1400832.0,208162816.0,1.66305230848e+11,0.0,0.0,0.0,14745.600,213.0,252.0,0.030,0.015,99.945,0.010,0.0,0.0,1493089417.876,
0.085,0.150,99.500,0.260,0.0,0.005,47948595.200,6553.600,75892.200,50277050.400,0.0,0.0,1873.800,1130.600,0.200,0.600,0.400,2259656704.0,1409024.0,447913984.0,1.6607121408e+11,0.0,0.0,47948595.200,6553.600,1874.0,1130.600,0.085,0.145,99.505,0.260,0.0,0.005,1493089422.876,
0.070,0.155,99.640,0.120,0.0,0.015,47566028.800,11468.800,66367.800,44581801.200,0.0,0.0,1840.800,1031.800,0.0,0.400,0.0,2286919680.0,1425408.0,686010368.0,1.65805838336e+11,0.0,0.0,47775744.0,11468.800,1842.600,1033.800,0.070,0.155,99.640,0.120,0.0,0.015,1493089427.876,
0.080,0.215,99.490,0.210,0.0,0.005,62493491.200,9830.400,112370.400,69419272.400,0.0,0.0,2904.600,1380.600,0.200,0.400,0.400,2271174656.0,1716224.0,998334464.0,1.65508968448e+11,0.0,0.0,62283776.0,9830.400,2907.400,1379.0,0.080,0.215,99.490,0.210,0.0,0.005,1493089432.876,
0.085,0.210,99.550,0.150,0.0,0.005,58192691.200,19660.800,79076.0,54118603.400,0.0,0.0,2182.0,1306.0,0.0,0.200,0.400,2295410688.0,1732608.0,1289105408.0,1.65193945088e+11,0.0,0.0,58376192.0,19660.800,2181.400,1308.200,0.085,0.215,99.545,0.150,0.0,0.005,1493089437.876,
0.080,0.235,99.455,0.220,0.0,0.010,68734976.0,8192.0,112651.400,79803839.0,0.0,0.0,2857.600,1492.400,0.0,0.400,0.600,2260643840.0,1740800.0,1631952896.0,1.64885856256e+11,0.0,0.0,68551475.200,8192.0,2854.0,1490.200,0.080,0.235,99.455,0.220,0.0,0.010,1493089442.876,
0.080,0.200,99.525,0.185,0.0,0.010,59248640.0,7372.800,91150.0,55038728.600,0.0,0.0,2328.200,1360.400,0.400,0.200,0.400,2316611584.0,1757184.0,1927995392.0,1.64533829632e+11,0.0,0.0,59248640.0,7372.800,2330.0,1360.0,0.080,0.195,99.530,0.185,0.0,0.010,1493089447.876,
0.065,0.160,99.670,0.100,0.0,0.005,47948595.200,19660.800,79206.400,51363827.0,0.0,0.0,2093.400,1123.600,0.0,0.0,0.400,2301644800.0,1765376.0,2167939072.0,1.64308844544e+11,0.0,0.0,47948595.200,19660.800,2091.800,1123.600,0.065,0.160,99.670,0.100,0.0,0.005,1493089452.876,
0.065,0.125,99.725,0.080,0.0,0.005,36666572.800,4915.200,70499.600,42785257.0,0.0,0.0,1774.200,933.800,0.0,0.0,0.0,2284449792.0,1773568.0,2352160768.0,1.64141809664e+11,0.0,0.0,36666572.800,4915.200,1778.800,934.200,0.065,0.130,99.720,0.080,0.0,0.005,1493089457.876,
0.095,0.235,99.445,0.225,0.0,0.0,70512640.0,9830.400,95533.600,63756256.200,0.0,0.0,2504.400,1483.200,0.200,0.0,0.800,2331332608.0,1789952.0,2702827520.0,1.63744243712e+11,0.0,0.0,70512640.0,9830.400,2499.200,1482.800,0.095,0.230,99.450,0.225,0.0,0.0,1493089462.876,
0.075,0.195,99.520,0.205,0.0,0.005,57039257.600,10649.600,106211.400,70378367.0,0.0,0.0,2893.600,1332.400,0.0,0.200,0.0,2277945344.0,1798144.0,2990387200.0,1.63510063104e+11,0.0,0.0,57196544.0,10649.600,2895.400,1335.400,0.075,0.195,99.520,0.205,0.0,0.005,1493089467.876,
0.100,0.255,99.410,0.230,0.0,0.005,72704000.0,7372.800,117327.600,75319569.400,0.0,0.0,4023.600,1552.0,0.0,0.0,0.400,2293964800.0,1814528.0,3353202688.0,1.63131211776e+11,0.0,0.0,72546713.600,7372.800,4022.0,1549.400,0.100,0.255,99.410,0.230,0.0,0.005,1493089472.876,
0.075,0.160,99.530,0.225,0.0,0.010,59230617.600,9830.400,95110.400,63351042.400,0.0,0.0,3153.0,1277.400,0.200,0.0,0.0,2276737024.0,1822720.0,3649363968.0,1.6285227008e+11,0.0,0.0,59230617.600,9830.400,3152.800,1277.0,0.075,0.160,99.530,0.225,0.0,0.010,1493089477.876,
0.080,0.230,99.520,0.160,0.0,0.010,62051942.400,9011.200,112433.400,64912184.400,0.0,0.0,3849.800,1426.800,0.200,0.200,0.600,2277363712.0,1839104.0,3958984704.0,1.62542006272e+11,0.0,0.0,62051942.400,9011.200,3849.800,1426.800,0.080,0.230,99.520,0.160,0.0,0.010,1493089482.876,
0.075,0.130,99.670,0.120,0.0,0.005,42360012.800,4915.200,67744.200,42310224.200,0.0,0.0,2327.800,976.400,0.200,0.600,0.400,2297217024.0,1839104.0,4170686464.0,1.623104512e+11,0.0,0.0,42543513.600,4915.200,2333.0,979.200,0.075,0.130,99.670,0.120,0.0,0.005,1493089487.876,
0.075,0.200,99.539,0.185,0.0,0.0,61998694.400,11468.800,101693.400,66865148.400,0.0,0.0,3537.0,1372.800,0.0,0.0,0.400,2277486592.0,1855488.0,4481421312.0,1.620194304e+11,0.0,0.0,61815193.600,11468.800,3531.800,1370.0,0.075,0.205,99.534,0.185,0.0,0.0,1493089492.876,
0.075,0.200,99.485,0.235,0.0,0.005,67692134.400,7372.800,92733.200,63082290.800,0.0,0.0,3371.200,1449.0,0.0,0.0,0.0,2323120128.0,1871872.0,4820144128.0,1.61635057664e+11,0.0,0.0,67692134.400,7372.800,3375.200,1449.400,0.075,0.195,99.490,0.235,0.0,0.005,1493089497.876,
0.100,0.230,99.419,0.240,0.0,0.010,75325440.0,4915.200,107937.0,78775831.600,0.0,0.0,3947.600,1610.800,0.200,0.400,0.400,2322821120.0,1880064.0,5196120064.0,1.61259372544e+11,0.0,0.0,75535155.200,4915.200,3945.0,1613.0,0.100,0.235,99.414,0.240,0.0,0.010,1493089502.876,
0.060,0.185,99.610,0.135,0.0,0.010,51597312.0,11468.800,93962.0,59120598.0,0.0,0.0,3224.800,1236.0,0.200,0.200,0.0,2297454592.0,1896448.0,5454340096.0,1.61026502656e+11,0.0,0.0,51387596.800,11468.800,3223.400,1233.400,0.060,0.180,99.615,0.135,0.0,0.010,1493089507.876,
0.100,0.270,99.400,0.225,0.0,0.005,73333145.600,4915.200,115000.600,76499295.600,0.0,0.0,4060.600,1595.0,0.200,0.200,0.800,2295373824.0,1904640.0,5819768832.0,1.60663146496e+11,0.0,0.0,73333145.600,4915.200,4062.400,1595.0,0.100,0.275,99.395,0.225,0.0,0.005,1493089512.876,
0.070,0.160,99.630,0.130,0.0,0.010,50769100.800,10649.600,72863.400,54236262.0,0.0,0.0,2596.200,1137.200,0.0,0.0,0.0,2294800384.0,1921024.0,6075346944.0,1.6040812544e+11,0.0,0.0,50769100.800,10649.600,2594.800,1137.600,0.070,0.160,99.630,0.130,0.0,0.010,1493089517.876,
0.050,0.090,99.800,0.060,0.0,0.0,28257484.800,9011.200,47591.400,31266561.400,0.0,0.0,1403.0,804.400,0.0,0.200,0.400,2282258432.0,1929216.0,6216818688.0,1.60279187456e+11,0.0,0.0,28440985.600,9011.200,1404.200,806.600,0.050,0.085,99.800,0.065,0.0,0.0,1493089522.876,
0.070,0.200,99.585,0.140,0.0,0.005,56357683.200,14745.600,71172.600,50662730.600,0.0,0.0,2448.400,1176.800,0.400,0.0,0.400,2323984384.0,1945600.0,6498099200.0,1.59956164608e+11,0.0,0.0,56174182.400,14745.600,2454.400,1174.200,0.070,0.205,99.585,0.135,0.0,0.005,1493089527.876,
0.105,0.290,99.375,0.215,0.0,0.015,76153651.200,4915.200,132920.200,84622303.600,0.0,0.0,4613.0,1700.400,0.0,0.0,0.0,2295365632.0,1953792.0,6878765056.0,1.59604109312e+11,0.0,0.0,76153651.200,4915.200,4605.600,1700.800,0.105,0.285,99.380,0.215,0.0,0.015,1493089532.876,
0.075,0.190,99.565,0.170,0.0,0.0,53589606.400,7372.800,97272.600,59449516.400,0.0,0.0,3200.600,1255.400,0.0,0.200,0.400,2276642816.0,1961984.0,7147429888.0,1.59354159104e+11,0.0,0.0,53589606.400,7372.800,3200.400,1255.0,0.075,0.195,99.560,0.170,0.0,0.0,1493089537.876,
0.080,0.185,99.595,0.140,0.0,0.0,56410112.0,10649.600,90093.800,59051394.400,0.0,0.0,3153.600,1201.800,0.0,0.200,0.400,2277330944.0,1978368.0,7428878336.0,1.59072006144e+11,0.0,0.0,56410112.0,10649.600,3153.600,1201.800,0.080,0.185,99.595,0.140,0.0,0.0,1493089542.876,
0.070,0.170,99.630,0.130,0.0,0.0,45128089.600,4915.200,71476.400,44898637.400,0.0,0.0,2453.0,1120.200,0.0,0.200,0.400,2295201792.0,1986560.0,7654457344.0,1.58828548096e+11,0.0,0.0,45128089.600,4915.200,2453.0,1120.200,0.070,0.165,99.635,0.130,0.0,0.0,1493089547.876,
0.085,0.180,99.555,0.165,0.0,0.015,59230617.600,10649.600,94004.800,61476480.200,0.0,0.0,3268.800,1259.600,0.200,0.0,0.0,2296750080.0,2002944.0,7950041088.0,1.5853139968e+11,0.0,0.0,59230617.600,10649.600,3268.800,1259.600,0.085,0.180,99.555,0.165,0.0,0.015,1493089552.876,
0.025,0.050,99.890,0.035,0.0,0.0,11282022.400,11468.800,23453.600,14620450.600,0.0,0.0,922.0,438.400,0.0,0.0,0.0,2278203392.0,2011136.0,8007090176.0,1.58492889088e+11,0.0,0.0,11282022.400,11468.800,921.800,438.400,0.025,0.050,99.890,0.035,0.0,0.0,1493089557.876,
0.025,0.020,99.950,0.005,0.0,0.0,0.0,11468.800,6123.400,8861.400,0.0,0.0,257.0,308.600,0.0,0.0,1.200,2278572032.0,2027520.0,8007094272.0,1.58492499968e+11,0.0,0.0,0.0,11468.800,257.0,308.600,0.025,0.020,99.950,0.005,0.0,0.0,1493089562.876,
