"Dstat 0.7.2 CSV output"
"Author:","Dag Wieers <dag@wieers.com>",,,,"URL:","http://dag.wieers.com/home-made/dstat/"
"Host:","osd0.skyhook16osds.skyhook-pg0.wisc.cloudlab.us",,,,"User:","jlefevre"
"Cmdline:","dstat -av --epoch --integer --noheaders --output dstat-osd0.log 5",,,,"Date:","24 Apr 2017 21:15:42 CDT"

"total cpu usage",,,,,,"dsk/total",,"net/total",,"paging",,"system",,"procs",,,"memory usage",,,,"paging",,"dsk/total",,"system",,"total cpu usage",,,,,,"epoch"
"usr","sys","idl","wai","hiq","siq","read","writ","recv","send","in","out","int","csw","run","blk","new","used","buff","cach","free","in","out","read","writ","int","csw","usr","sys","idl","wai","hiq","siq","epoch"
0.010,0.020,99.955,0.015,0.0,0.0,0.0,4915.200,4116.200,5715.0,0.0,0.0,158.400,166.800,0.0,0.0,0.0,2275209216.0,1925120.0,8059822080.0,1.58443237376e+11,0.0,0.0,0.0,4915.200,158.400,166.800,0.010,0.020,99.955,0.015,0.0,0.0,1493101597.876,
0.335,0.145,99.505,0.005,0.0,0.010,0.0,7372.800,57062.600,35462728.400,0.0,0.0,1663.600,389.400,0.0,0.0,0.0,2279710720.0,1941504.0,8059822080.0,1.58438719488e+11,0.0,0.0,0.0,7372.800,1663.800,389.400,0.335,0.145,99.505,0.005,0.0,0.010,1493101602.876,
0.465,0.160,99.375,0.0,0.0,0.0,0.0,4096.0,66914.600,46103150.400,0.0,0.0,2235.200,410.600,0.0,0.0,0.800,2298970112.0,1941504.0,8059826176.0,1.58419456e+11,0.0,0.0,0.0,4096.0,2237.600,410.600,0.465,0.160,99.375,0.0,0.0,0.0,1493101607.876,
0.555,0.220,99.205,0.010,0.0,0.010,0.0,10649.600,65022.0,48683741.800,0.0,0.0,2190.200,432.600,0.200,0.0,0.0,2358517760.0,1957888.0,8059830272.0,1.58359887872e+11,0.0,0.0,0.0,10649.600,2187.800,432.600,0.555,0.220,99.205,0.010,0.0,0.010,1493101612.876,
0.455,0.210,99.315,0.010,0.0,0.010,0.0,12288.0,82315.800,53181669.800,0.0,0.0,2645.800,418.200,0.200,0.0,0.400,2339205120.0,1974272.0,8059830272.0,1.58379184128e+11,0.0,0.0,0.0,12288.0,2651.200,418.200,0.455,0.205,99.320,0.010,0.0,0.010,1493101617.876,
0.625,0.240,99.100,0.015,0.0,0.020,0.0,10649.600,107023.200,77759668.400,0.0,0.0,3510.0,494.0,0.400,0.0,0.400,2294755328.0,1982464.0,8059834368.0,1.58423621632e+11,0.0,0.0,0.0,10649.600,3511.0,494.0,0.625,0.240,99.100,0.015,0.0,0.020,1493101622.876,
0.575,0.225,99.170,0.025,0.0,0.005,0.0,10649.600,91168.800,62243749.400,0.0,0.0,2870.600,450.200,0.400,0.0,0.0,2310582272.0,1998848.0,8059834368.0,1.58407778304e+11,0.0,0.0,0.0,10649.600,2864.200,450.200,0.575,0.230,99.165,0.025,0.0,0.005,1493101627.876,
0.470,0.190,99.320,0.015,0.0,0.005,0.0,4915.200,90038.400,57235201.200,0.0,0.0,2591.800,338.800,0.0,0.0,0.400,2274418688.0,2007040.0,8059834368.0,1.58443933696e+11,0.0,0.0,0.0,4915.200,2591.800,338.800,0.470,0.190,99.320,0.015,0.0,0.005,1493101632.876,
0.380,0.165,99.450,0.005,0.0,0.0,0.0,7372.800,63228.800,41350130.200,0.0,0.0,1712.200,392.0,0.0,0.0,0.400,2276458496.0,2023424.0,8059838464.0,1.58441873408e+11,0.0,0.0,0.0,7372.800,1712.200,392.0,0.380,0.165,99.450,0.005,0.0,0.0,1493101637.876,
0.575,0.240,99.185,0.0,0.0,0.0,0.0,4096.0,81276.800,57370829.200,0.0,0.0,2681.0,457.400,0.200,0.0,0.0,2325721088.0,2023424.0,8059842560.0,1.5839260672e+11,0.0,0.0,0.0,4096.0,2681.400,457.400,0.575,0.235,99.190,0.0,0.0,0.0,1493101642.876,
0.625,0.305,99.055,0.010,0.0,0.005,0.0,13926.400,80976.0,71622429.0,0.0,0.0,2475.600,475.600,0.400,0.0,0.400,2341130240.0,2039808.0,8059842560.0,1.58377181184e+11,0.0,0.0,0.0,13926.400,2475.600,476.0,0.630,0.310,99.045,0.010,0.0,0.005,1493101647.876,
0.345,0.145,99.505,0.0,0.0,0.005,0.0,7372.800,48807.600,42294721.800,0.0,0.0,1172.0,379.400,0.400,0.0,0.400,2296586240.0,2056192.0,8059846656.0,1.58421704704e+11,0.0,0.0,0.0,7372.800,1174.0,379.0,0.340,0.145,99.510,0.0,0.0,0.005,1493101652.876,
0.545,0.240,99.200,0.015,0.0,0.0,0.0,8192.0,63540.400,59024041.600,0.0,0.0,1660.400,394.400,0.800,0.0,0.400,2320834560.0,2064384.0,8059842560.0,1.58397452288e+11,0.0,0.0,0.0,8192.0,1658.400,394.400,0.545,0.240,99.200,0.015,0.0,0.0,1493101657.876,
0.495,0.220,99.265,0.010,0.0,0.010,0.0,2457.600,88814.400,61652655.800,0.0,0.0,1835.200,451.400,0.0,0.0,0.0,2282766336.0,2072576.0,8059846656.0,1.58435508224e+11,0.0,0.0,0.0,2457.600,1835.200,451.800,0.495,0.215,99.270,0.010,0.0,0.010,1493101662.876,
0.550,0.240,99.210,0.0,0.0,0.0,0.0,4915.200,81406.800,59229202.0,0.0,0.0,1871.0,418.800,0.0,0.0,0.400,2304495616.0,2080768.0,8059850752.0,1.58413766656e+11,0.0,0.0,0.0,4915.200,1870.600,418.400,0.550,0.245,99.205,0.0,0.0,0.0,1493101667.876,
0.380,0.195,99.395,0.020,0.0,0.010,0.0,7372.800,60181.200,44354361.0,0.0,0.0,1314.800,455.400,0.200,0.0,0.400,2301009920.0,2097152.0,8059850752.0,1.58417235968e+11,0.0,0.0,0.0,7372.800,1314.800,455.400,0.380,0.190,99.400,0.020,0.0,0.010,1493101672.876,
0.580,0.255,99.155,0.010,0.0,0.0,0.0,9830.400,94149.200,70464966.800,0.0,0.0,2027.400,416.600,0.0,0.0,0.0,2283114496.0,2105344.0,8059854848.0,1.58435119104e+11,0.0,0.0,0.0,9830.400,2027.400,416.600,0.580,0.255,99.155,0.010,0.0,0.0,1493101677.876,
0.480,0.200,99.300,0.015,0.0,0.005,0.0,9830.400,79744.600,53102200.400,0.0,0.0,2251.0,439.800,0.200,0.0,1.0,2302517248.0,2121728.0,8059850752.0,1.58415704064e+11,0.0,0.0,0.0,9830.400,2252.600,442.400,0.485,0.205,99.290,0.015,0.0,0.005,1493101682.876,
0.815,0.330,98.849,0.005,0.0,0.0,0.0,4915.200,131507.400,88772908.400,0.0,0.0,3545.800,564.400,0.600,0.0,0.0,2306772992.0,2129920.0,8059867136.0,1.58411423744e+11,0.0,0.0,0.0,4915.200,3544.200,561.800,0.810,0.325,98.859,0.005,0.0,0.0,1493101687.876,
0.555,0.210,99.220,0.015,0.0,0.0,0.0,10649.600,98178.800,61725169.800,0.0,0.0,1963.800,413.200,0.200,0.0,0.0,2286645248.0,2138112.0,8059858944.0,1.58431551488e+11,0.0,0.0,0.0,10649.600,1964.0,413.200,0.555,0.210,99.220,0.015,0.0,0.0,1493101692.876,
0.710,0.280,98.999,0.010,0.0,0.0,0.0,7372.800,112030.200,64334856.200,0.0,0.0,2563.400,547.600,0.600,0.0,0.800,2370551808.0,2154496.0,8059867136.0,1.58347620352e+11,0.0,0.0,0.0,7372.800,2567.800,548.0,0.710,0.285,98.995,0.010,0.0,0.0,1493101697.876,
0.560,0.280,99.155,0.0,0.0,0.005,0.0,4915.200,121099.0,73982949.600,0.0,0.0,2403.0,540.600,0.200,0.0,0.0,2312155136.0,2162688.0,8059867136.0,1.58406008832e+11,0.0,0.0,0.0,4915.200,2399.800,540.200,0.560,0.275,99.160,0.0,0.0,0.005,1493101702.876,
0.330,0.130,99.520,0.020,0.0,0.0,0.0,12288.0,59324.600,35242090.800,0.0,0.0,1390.200,320.0,0.200,0.0,0.400,2303913984.0,2179072.0,8059871232.0,1.58414229504e+11,0.0,0.0,0.0,12288.0,1388.800,320.0,0.330,0.130,99.520,0.020,0.0,0.0,1493101707.876,
0.650,0.255,99.094,0.0,0.0,0.0,0.0,8192.0,101892.200,65655943.200,0.0,0.0,2453.200,470.800,0.200,0.0,0.0,2342514688.0,2187264.0,8059871232.0,1.58375620608e+11,0.0,0.0,0.0,8192.0,2453.200,470.800,0.650,0.255,99.094,0.0,0.0,0.0,1493101712.876,
0.780,0.340,98.864,0.005,0.0,0.010,0.0,9011.200,140551.400,89708691.200,0.0,0.0,3082.200,531.800,0.0,0.0,0.400,2341670912.0,2203648.0,8059875328.0,1.58376443904e+11,0.0,0.0,0.0,9011.200,3085.0,532.200,0.780,0.345,98.859,0.005,0.0,0.010,1493101717.876,
0.455,0.195,99.350,0.0,0.0,0.0,0.0,2457.600,94354.200,57984146.200,0.0,0.0,2034.200,429.0,0.600,0.0,0.400,2302251008.0,2211840.0,8059875328.0,1.58415855616e+11,0.0,0.0,0.0,2457.600,2032.0,429.0,0.455,0.195,99.350,0.0,0.0,0.0,1493101722.876,
0.455,0.170,99.350,0.025,0.0,0.0,0.0,8192.0,84622.600,52743056.200,0.0,0.0,2319.200,403.600,0.400,0.0,0.0,2275823616.0,2220032.0,8059875328.0,1.58442274816e+11,0.0,0.0,0.0,8192.0,2318.600,403.200,0.455,0.165,99.355,0.025,0.0,0.0,1493101727.876,
0.615,0.270,99.105,0.010,0.0,0.0,0.0,7372.800,107943.800,70772045.200,0.0,0.0,3207.600,436.0,0.0,0.0,0.400,2276028416.0,2236416.0,8059871232.0,1.58442057728e+11,0.0,0.0,0.0,7372.800,3207.600,436.0,0.615,0.275,99.100,0.010,0.0,0.0,1493101732.876,
0.285,0.105,99.600,0.010,0.0,0.0,0.0,8192.0,52101.0,29537278.0,0.0,0.0,1543.0,386.800,0.0,0.0,0.0,2275602432.0,2244608.0,8059879424.0,1.58442467328e+11,0.0,0.0,0.0,8192.0,1542.800,386.800,0.285,0.100,99.605,0.010,0.0,0.0,1493101737.876,
0.015,0.010,99.975,0.0,0.0,0.0,0.0,10649.600,3713.600,6322.600,0.0,0.0,177.600,212.600,0.0,0.0,0.0,2275581952.0,2260992.0,8059883520.0,1.58442467328e+11,0.0,0.0,0.0,10649.600,177.600,212.600,0.015,0.015,99.970,0.0,0.0,0.0,1493101742.876,
0.020,0.020,99.960,0.0,0.0,0.0,0.0,4096.0,5065.0,7536.0,0.0,0.0,213.200,233.200,0.0,0.0,0.800,2276159488.0,2260992.0,8059887616.0,1.58441885696e+11,0.0,0.0,0.0,4096.0,213.200,233.200,0.020,0.020,99.960,0.0,0.0,0.0,1493101747.876,
