"Dstat 0.7.2 CSV output"
"Author:","Dag Wieers <dag@wieers.com>",,,,"URL:","http://dag.wieers.com/home-made/dstat/"
"Host:","client0.skyhook16osds.skyhook-pg0.wisc.cloudlab.us",,,,"User:","jlefevre"
"Cmdline:","dstat -av --epoch --integer --noheaders --output dstat-client0.log 5",,,,"Date:","24 Apr 2017 21:15:41 CDT"

"total cpu usage",,,,,,"dsk/total",,"net/total",,"paging",,"system",,"procs",,,"memory usage",,,,"paging",,"dsk/total",,"system",,"total cpu usage",,,,,,"epoch"
"usr","sys","idl","wai","hiq","siq","read","writ","recv","send","in","out","int","csw","run","blk","new","used","buff","cach","free","in","out","read","writ","int","csw","usr","sys","idl","wai","hiq","siq","epoch"
0.050,0.050,99.895,0.0,0.0,0.005,0.0,28672.0,58688.800,4245.400,0.0,0.0,514.800,7280.800,0.0,0.0,0.0,5024784384.0,239464448.0,1.61783169024e+11,1732775936.0,0.0,0.0,0.0,28672.0,513.800,7279.600,0.050,0.050,99.895,0.0,0.0,0.005,1493091291.510,
1.929,2.414,95.410,0.101,0.0,0.146,0.0,117145.600,630923683.800,976930.0,0.0,0.0,20204.0,50401.200,1.800,0.0,5.0,5300285440.0,239472640.0,1.61783328768e+11,1457106944.0,0.0,0.0,0.0,117145.600,20223.800,50412.400,1.929,2.419,95.405,0.101,0.0,0.146,1493091296.510,
2.791,4.473,92.451,0.112,0.0,0.173,0.0,219545.600,1083785193.200,1553049.200,0.0,0.0,34344.800,84001.400,2.600,0.0,0.0,5315170304.0,239484928.0,1.6178366464e+11,1441873920.0,0.0,0.0,0.0,219545.600,34344.200,83994.0,2.795,4.472,92.448,0.112,0.0,0.173,1493091301.510,
2.837,4.426,92.503,0.066,0.0,0.167,0.0,175308.800,1018232004.400,1410306.600,0.0,0.0,30525.400,68224.600,3.0,0.200,0.800,5306187776.0,239484928.0,1.61784004608e+11,1450516480.0,0.0,0.0,0.0,175308.800,30524.400,68286.400,2.838,4.427,92.502,0.066,0.0,0.168,1493091306.510,
2.582,4.699,92.364,0.101,0.0,0.253,0.0,197427.200,978345208.400,1259338.600,0.0,0.0,28953.800,45053.0,2.200,0.0,0.0,5300707328.0,239501312.0,1.61784315904e+11,1455669248.0,0.0,0.0,0.0,197427.200,28945.0,44987.400,2.577,4.699,92.369,0.101,0.0,0.253,1493091311.510,
2.531,4.558,92.520,0.193,0.0,0.198,0.0,212172.800,1007855810.200,1380315.200,0.0,0.0,30044.0,57888.600,3.0,0.200,0.0,5313429504.0,239505408.0,1.61784598528e+11,1442660352.0,0.0,0.0,0.0,212172.800,30052.600,57940.600,2.536,4.558,92.510,0.198,0.0,0.198,1493091316.510,
2.862,4.519,92.355,0.168,0.0,0.097,0.0,179404.800,1047991398.200,1456594.400,0.0,0.0,33884.200,80309.800,3.400,0.0,0.0,5302132736.0,239517696.0,1.61784967168e+11,1453576192.0,0.0,0.0,0.0,179404.800,33869.800,80258.0,2.857,4.519,92.365,0.163,0.0,0.097,1493091321.510,
2.634,4.476,92.566,0.178,0.0,0.147,0.0,234291.200,1051403606.400,1472232.400,0.0,0.0,31599.0,61625.600,3.0,0.0,0.400,5326839808.0,239538176.0,1.6178528256e+11,1428533248.0,0.0,0.0,0.0,234291.200,31610.400,61672.600,2.634,4.471,92.570,0.178,0.0,0.147,1493091326.510,
2.627,4.552,92.593,0.147,0.0,0.081,0.0,181043.200,1023516170.200,1383902.800,0.0,0.0,31072.400,67777.400,2.600,0.200,0.400,5342461952.0,239546368.0,1.61785614336e+11,1412571136.0,0.0,0.0,0.0,181043.200,31058.800,67730.800,2.627,4.553,92.591,0.147,0.0,0.081,1493091331.510,
2.903,4.542,92.123,0.315,0.0,0.117,0.0,5120000.0,1043161794.200,1435152.200,0.0,0.0,30921.600,51036.400,4.0,0.200,0.0,5279375360.0,239558656.0,1.61784107008e+11,1477152768.0,0.0,0.0,0.0,5120000.0,30940.800,51178.200,2.907,4.541,92.121,0.315,0.0,0.117,1493091336.510,
2.086,4.819,92.736,0.121,0.0,0.238,0.0,217088.0,923972359.400,1156290.0,0.0,0.0,26003.0,37656.800,1.600,0.0,0.0,5330051072.0,239570944.0,1.6179279872e+11,1417773056.0,0.0,0.0,0.0,217088.0,25994.600,37519.600,2.082,4.822,92.737,0.122,0.0,0.238,1493091341.509,
2.228,4.830,92.634,0.096,0.0,0.213,0.0,181043.200,928114058.200,1179625.600,0.0,0.0,26551.600,33597.600,2.600,0.200,0.600,5332017152.0,239595520.0,1.61793142784e+11,1415438336.0,0.0,0.0,0.0,181043.200,26547.600,33609.400,2.232,4.833,92.627,0.096,0.0,0.213,1493091346.510,
2.149,4.991,92.607,0.086,0.0,0.167,0.0,216268.800,910055742.600,1132221.200,0.0,0.0,25967.400,33072.400,2.600,0.0,0.400,5294837760.0,239595520.0,1.6179347456e+11,1452285952.0,0.0,0.0,0.0,216268.800,25973.600,33097.0,2.149,4.992,92.605,0.086,0.0,0.167,1493091351.510,
2.378,4.807,92.530,0.112,0.0,0.172,0.0,242483.200,949864285.200,1218170.600,0.0,0.0,27645.200,39877.400,3.0,0.200,0.0,5339418624.0,239603712.0,1.61793748992e+11,1407422464.0,0.0,0.0,0.0,250675.200,27640.600,39837.400,2.372,4.806,92.538,0.112,0.0,0.172,1493091356.510,
1.892,5.023,92.796,0.056,0.0,0.233,0.0,186777.600,894095667.200,1055568.0,0.0,0.0,24989.600,25155.200,2.800,0.0,0.200,5315887104.0,239611904.0,1.61794097152e+11,1430597632.0,0.0,0.0,0.0,178585.600,24993.600,25220.0,1.892,5.025,92.795,0.056,0.0,0.233,1493091361.510,
2.422,4.758,92.455,0.132,0.0,0.233,0.0,212172.800,957528795.0,1197403.0,0.0,0.0,27862.0,36669.0,3.0,0.0,0.0,5313679360.0,239620096.0,1.61794424832e+11,1432469504.0,0.0,0.0,0.0,212172.800,27854.600,36602.600,2.427,4.758,92.451,0.132,0.0,0.233,1493091366.510,
2.291,4.663,92.400,0.161,0.0,0.484,0.0,213811.200,981285525.600,1273672.800,0.0,0.0,27969.0,42401.800,2.200,0.0,0.400,5306716160.0,239661056.0,1.61794715648e+11,1439100928.0,0.0,0.0,0.0,213811.200,27963.400,42402.600,2.286,4.659,92.409,0.162,0.0,0.485,1493091371.510,
2.069,4.875,92.475,0.151,0.0,0.429,0.0,172032.0,927584434.800,1113386.400,0.0,0.0,25614.800,33502.0,3.400,0.200,0.400,5318918144.0,239681536.0,1.61795072e+11,1426522112.0,0.0,0.0,0.0,172032.0,25617.200,33522.400,2.070,4.877,92.473,0.151,0.0,0.429,1493091376.510,
2.060,4.965,92.546,0.182,0.0,0.248,0.0,211353.600,902170026.800,1122407.200,0.0,0.0,25600.800,29960.200,3.800,0.0,0.0,5321936896.0,239689728.0,1.61795387392e+11,1423179776.0,0.0,0.0,0.0,211353.600,25608.400,29943.0,2.064,4.967,92.539,0.182,0.0,0.248,1493091381.510,
2.008,5.058,92.494,0.192,0.0,0.248,0.0,190054.400,878717467.600,1023483.200,0.0,0.0,24738.0,26948.800,2.800,0.200,0.0,5338767360.0,239706112.0,1.61795670016e+11,1406050304.0,0.0,0.0,0.0,190054.400,24736.800,26945.200,2.008,5.058,92.494,0.192,0.0,0.248,1493091386.510,
2.432,4.772,92.441,0.198,0.0,0.157,0.0,219545.600,942450585.400,1202254.800,0.0,0.0,26567.800,35396.600,3.600,0.0,0.400,5319733248.0,239718400.0,1.6179603456e+11,1424707584.0,0.0,0.0,0.0,219545.600,26569.600,35412.200,2.427,4.773,92.445,0.198,0.0,0.157,1493091391.510,
2.313,4.850,92.194,0.420,0.0,0.223,0.0,4505600.0,924169333.200,1170470.0,0.0,0.0,26744.400,38294.800,3.0,0.200,0.400,5334966272.0,239730688.0,1.61790676992e+11,1414819840.0,0.0,0.0,0.0,4505600.0,26745.200,38305.200,2.318,4.849,92.190,0.420,0.0,0.223,1493091396.510,
2.522,4.577,92.607,0.127,0.0,0.167,0.0,184320.0,1022883657.600,1408766.800,0.0,0.0,30730.800,47844.0,3.200,0.200,0.200,5309218816.0,239730688.0,1.61791025152e+11,1440219136.0,0.0,0.0,0.0,184320.0,30726.400,47818.400,2.522,4.577,92.607,0.127,0.0,0.167,1493091401.509,
2.581,4.613,92.613,0.086,0.0,0.107,0.0,190054.400,1022589574.200,1404227.400,0.0,0.0,31670.800,60409.800,2.800,0.0,0.0,5323911168.0,239738880.0,1.61791332352e+11,1425211392.0,0.0,0.0,0.0,190054.400,31671.400,60430.0,2.576,4.614,92.617,0.086,0.0,0.107,1493091406.510,
2.318,4.733,92.649,0.132,0.0,0.167,0.0,217088.0,969014687.200,1261130.600,0.0,0.0,29196.600,40450.600,3.200,0.0,0.400,5321596928.0,239755264.0,1.61791676416e+11,1427165184.0,0.0,0.0,0.0,217088.0,29196.400,40429.600,2.318,4.738,92.644,0.132,0.0,0.167,1493091411.510,
2.454,4.644,92.637,0.158,0.0,0.107,0.0,178585.600,1002697618.400,1339958.600,0.0,0.0,28640.200,42348.200,2.800,0.200,0.0,5324005376.0,239775744.0,1.6179197952e+11,1424433152.0,0.0,0.0,0.0,178585.600,28647.600,42349.200,2.454,4.643,92.639,0.157,0.0,0.107,1493091416.510,
2.029,5.067,92.169,0.598,0.0,0.137,0.0,7050035.200,887528687.200,1026570.400,0.0,0.0,24883.600,24792.200,3.0,0.200,0.600,5374304256.0,239820800.0,1.61789227008e+11,1376841728.0,0.0,0.0,0.0,7050035.200,24868.200,24833.600,2.029,5.063,92.171,0.599,0.0,0.137,1493091421.509,
1.728,5.250,92.734,0.061,0.0,0.227,0.0,216268.800,829145546.200,940069.200,0.0,0.0,22971.600,19982.400,2.800,0.200,0.0,5331095552.0,239833088.0,1.61789505536e+11,1419759616.0,0.0,0.0,0.0,216268.800,22975.0,19942.400,1.728,5.255,92.728,0.061,0.0,0.227,1493091426.510,
2.048,4.895,92.728,0.076,0.0,0.253,0.0,181043.200,887546642.600,1037198.0,0.0,0.0,24408.400,26982.400,3.400,0.0,0.400,5358379008.0,239837184.0,1.61789800448e+11,1392177152.0,0.0,0.0,0.0,181043.200,24410.600,26980.0,2.048,4.894,92.729,0.076,0.0,0.253,1493091431.510,
2.056,4.918,92.732,0.096,0.0,0.198,0.0,217088.0,889746196.200,1076159.600,0.0,0.0,25356.600,31062.600,3.0,0.0,0.400,5337890816.0,239845376.0,1.61790087168e+11,1412370432.0,0.0,0.0,0.0,217088.0,25370.200,31116.400,2.056,4.917,92.733,0.096,0.0,0.198,1493091436.510,
2.137,4.746,92.793,0.071,0.0,0.253,0.0,184320.0,920985942.600,1153810.200,0.0,0.0,26001.0,34463.0,3.0,0.200,0.400,5345423360.0,239853568.0,1.61790414848e+11,1404502016.0,0.0,0.0,0.0,184320.0,25996.800,34420.600,2.143,4.736,92.797,0.071,0.0,0.253,1493091441.510,
1.562,4.812,93.429,0.051,0.0,0.147,0.0,186777.600,830889031.600,992502.400,0.0,0.0,22591.600,29248.400,3.200,0.0,0.0,5402472448.0,239853568.0,1.61790722048e+11,1347145728.0,0.0,0.0,0.0,186777.600,22577.600,29237.0,1.556,4.821,93.426,0.051,0.0,0.147,1493091446.510,
0.331,1.937,97.582,0.040,0.0,0.110,0.0,135168.0,220440604.200,126961.400,0.0,0.0,4613.400,9687.800,0.600,0.0,1.400,5040062464.0,239861760.0,1.61790840832e+11,1709428736.0,0.0,0.0,0.0,135168.0,4613.400,9712.800,0.336,1.927,97.586,0.040,0.0,0.110,1493091451.510,
