"Dstat 0.7.2 CSV output"
"Author:","Dag Wieers <dag@wieers.com>",,,,"URL:","http://dag.wieers.com/home-made/dstat/"
"Host:","client0.skyhook16osds.skyhook-pg0.wisc.cloudlab.us",,,,"User:","jlefevre"
"Cmdline:","dstat -av --epoch --integer --noheaders --output dstat-client0.log 5",,,,"Date:","24 Apr 2017 21:15:41 CDT"

"total cpu usage",,,,,,"dsk/total",,"net/total",,"paging",,"system",,"procs",,,"memory usage",,,,"paging",,"dsk/total",,"system",,"total cpu usage",,,,,,"epoch"
"usr","sys","idl","wai","hiq","siq","read","writ","recv","send","in","out","int","csw","run","blk","new","used","buff","cach","free","in","out","read","writ","int","csw","usr","sys","idl","wai","hiq","siq","epoch"
0.150,0.060,99.785,0.0,0.0,0.005,0.0,13926.400,64035.400,9903.600,0.0,0.0,647.400,7327.400,0.200,0.0,1.600,5043089408.0,254316544.0,1.61732825088e+11,1749962752.0,0.0,0.0,0.0,13926.400,647.400,7327.400,0.155,0.060,99.780,0.0,0.0,0.005,1493101056.510,
1.646,1.265,96.929,0.030,0.0,0.130,0.0,40140.800,177208477.600,261915.0,0.0,11468.800,5708.0,11457.200,2.800,0.0,5.800,5427011584.0,254324736.0,1.61640046592e+11,1458810880.0,0.0,11468.800,0.0,40140.800,5721.800,11516.200,1.656,1.265,96.918,0.030,0.0,0.130,1493101061.510,
12.473,4.462,82.543,0.111,0.0,0.410,0.0,181043.200,1166771040.200,1712395.0,0.0,0.0,109154.0,76911.600,6.600,0.200,0.0,5418536960.0,254332928.0,1.61640697856e+11,1466626048.0,0.0,0.0,0.0,181043.200,109155.600,76853.400,12.462,4.466,82.550,0.111,0.0,0.410,1493101066.510,
11.854,4.414,83.301,0.122,0.0,0.309,0.0,211353.600,1132526290.200,1638204.800,0.0,0.0,38282.800,70936.200,7.0,0.0,0.0,5436723200.0,254332928.0,1.61641033728e+11,1448103936.0,0.0,0.0,0.0,211353.600,38286.400,70965.200,11.859,4.414,83.296,0.122,0.0,0.309,1493101071.510,
11.948,4.285,83.275,0.147,0.0,0.345,0.0,185139.200,1160758805.600,1736078.600,0.0,0.0,34084.0,73981.600,5.600,0.200,0.0,5473918976.0,254341120.0,1.61641365504e+11,1410568192.0,0.0,0.0,0.0,185139.200,34069.600,73985.600,11.943,4.285,83.279,0.147,0.0,0.345,1493101076.510,
10.923,4.717,83.935,0.177,0.0,0.248,0.0,213811.200,1078569382.0,1525149.0,0.0,0.0,30519.800,49393.800,7.0,0.0,0.0,5478879232.0,254341120.0,1.61641705472e+11,1405267968.0,0.0,0.0,0.0,213811.200,30517.600,49360.0,10.923,4.715,83.937,0.177,0.0,0.248,1493101081.510,
12.584,4.315,82.640,0.137,0.0,0.325,0.0,211353.600,1170514575.800,1746802.400,0.0,0.0,42343.600,70177.0,7.0,0.0,0.200,5467488256.0,254349312.0,1.61642049536e+11,1416306688.0,0.0,0.0,0.0,211353.600,42347.0,70177.400,12.588,4.318,82.633,0.137,0.0,0.325,1493101086.510,
12.266,4.548,82.769,0.112,0.0,0.305,0.0,175308.800,1141026079.400,1639639.400,0.0,0.0,45505.200,59143.200,7.0,0.200,0.0,5477163008.0,254349312.0,1.61642377216e+11,1406304256.0,0.0,0.0,0.0,175308.800,45516.800,59178.800,12.271,4.543,82.769,0.112,0.0,0.305,1493101091.510,
12.052,4.301,83.059,0.198,0.0,0.391,0.0,218726.400,1151317180.600,1711234.800,0.0,0.0,36433.600,76699.400,6.800,0.0,0.0,5445840896.0,254357504.0,1.61642729472e+11,1437265920.0,0.0,0.0,0.0,218726.400,36424.600,76666.400,12.039,4.302,83.070,0.198,0.0,0.391,1493101096.509,
11.303,4.665,83.581,0.208,0.0,0.243,0.0,209715.200,1085433620.800,1519732.800,0.0,0.0,42917.0,50016.0,6.400,0.0,0.0,5458362368.0,254365696.0,1.61643012096e+11,1424453632.0,0.0,0.0,0.0,209715.200,42927.800,50015.0,11.311,4.664,83.574,0.208,0.0,0.243,1493101101.510,
11.314,4.539,83.646,0.157,0.0,0.344,0.0,176947.200,1089598216.400,1571786.600,0.0,0.0,31016.600,47948.200,6.200,0.200,0.0,5482217472.0,254365696.0,1.61643388928e+11,1400221696.0,0.0,0.0,0.0,176947.200,31007.800,47969.200,11.310,4.541,83.647,0.157,0.0,0.344,1493101106.510,
10.222,4.914,84.429,0.172,0.0,0.263,0.0,223641.600,1009470517.400,1354642.800,0.0,0.0,27586.600,29895.400,6.0,0.0,0.0,5477494784.0,254373888.0,1.61643732992e+11,1404592128.0,0.0,0.0,0.0,223641.600,27586.600,29872.800,10.226,4.916,84.423,0.172,0.0,0.263,1493101111.510,
9.901,4.776,84.728,0.136,0.0,0.459,0.0,208076.800,996775205.400,1333571.0,0.0,0.0,26823.800,32622.400,7.800,0.0,0.0,5428596736.0,254373888.0,1.61644007424e+11,1453215744.0,0.0,0.0,0.0,208076.800,26830.600,32630.0,9.906,4.776,84.723,0.136,0.0,0.459,1493101116.510,
9.781,4.554,85.266,0.122,0.0,0.279,0.0,172032.0,1080827235.0,1583873.600,0.0,0.0,31614.400,54433.600,6.200,0.200,0.0,5458210816.0,254386176.0,1.6164435968e+11,1423237120.0,0.0,0.0,0.0,172032.0,31601.800,54445.0,9.771,4.551,85.277,0.122,0.0,0.279,1493101121.510,
10.987,4.573,84.069,0.188,0.0,0.183,0.0,212172.800,1109111780.0,1629732.600,0.0,0.0,31799.600,58278.600,6.400,0.0,0.0,5457612800.0,254386176.0,1.61644716032e+11,1423478784.0,0.0,0.0,0.0,212172.800,31809.600,58347.600,10.987,4.581,84.062,0.188,0.0,0.182,1493101126.509,
10.519,4.745,84.255,0.192,0.0,0.289,0.0,210534.400,1040920233.800,1420537.200,0.0,0.0,32391.600,31919.0,6.0,0.0,0.0,5453090816.0,254394368.0,1.61645006848e+11,1427701760.0,0.0,0.0,0.0,210534.400,32390.0,31836.600,10.528,4.735,84.256,0.192,0.0,0.289,1493101131.510,
11.373,4.476,83.643,0.167,0.0,0.340,0.0,180224.0,1136225379.400,1658428.0,0.0,0.0,33197.0,58124.600,6.0,0.200,0.0,5497884672.0,254402560.0,1.61645375488e+11,1382531072.0,0.0,0.0,0.0,180224.0,33204.600,58155.600,11.368,4.481,83.639,0.167,0.0,0.345,1493101136.510,
12.229,4.293,82.901,0.188,0.0,0.390,0.0,220364.800,1180254601.800,1804574.800,0.0,0.0,34703.600,61339.400,6.600,0.0,0.200,5474635776.0,254402560.0,1.61645723648e+11,1405431808.0,0.0,0.0,0.0,220364.800,34702.0,61371.600,12.230,4.293,82.904,0.188,0.0,0.385,1493101141.510,
12.284,4.468,82.752,0.142,0.0,0.355,0.0,210534.400,1168419095.200,1782146.600,0.0,0.0,32564.800,57496.0,6.200,0.0,0.0,5463187456.0,254410752.0,1.61646022656e+11,1416572928.0,0.0,0.0,0.0,210534.400,32555.400,57427.600,12.283,4.468,82.753,0.142,0.0,0.355,1493101146.510,
11.805,4.466,82.787,0.608,0.0,0.335,0.0,10198220.800,1126894316.800,1670394.600,0.0,0.0,33785.800,58174.600,6.0,0.400,0.0,5470109696.0,254423040.0,1.61643413504e+11,1412247552.0,0.0,0.0,0.0,10198220.800,33790.400,58187.200,11.805,4.466,82.782,0.608,0.0,0.340,1493101151.509,
11.169,4.388,83.912,0.177,0.0,0.354,0.0,3670835.200,1094369597.800,1566889.600,0.0,0.0,29940.200,44576.600,6.600,0.200,0.0,5481906176.0,254431232.0,1.61639325696e+11,1404530688.0,0.0,0.0,0.0,3670835.200,29941.200,44567.600,11.171,4.388,83.915,0.177,0.0,0.349,1493101156.510,
11.212,4.498,83.920,0.101,0.0,0.269,0.0,200704.0,1127826590.600,1662626.400,0.0,0.0,31347.200,44724.600,5.800,0.200,0.0,5483347968.0,254431232.0,1.6163960832e+11,1402806272.0,0.0,0.0,0.0,200704.0,31340.200,44738.600,11.206,4.494,83.929,0.101,0.0,0.269,1493101161.510,
10.859,4.452,84.264,0.101,0.0,0.324,0.0,189235.200,1116632776.0,1637565.600,0.0,0.0,31048.600,37042.0,7.600,0.200,0.0,5491138560.0,254443520.0,1.61639985152e+11,1394626560.0,0.0,0.0,0.0,189235.200,31044.200,37038.800,10.857,4.451,84.267,0.101,0.0,0.324,1493101166.509,
10.809,4.277,84.317,0.137,0.0,0.460,0.0,209715.200,1166300526.600,1818574.200,0.0,0.0,33277.200,46820.800,6.0,0.0,0.0,5484666880.0,254451712.0,1.61640292352e+11,1400782848.0,0.0,0.0,0.0,209715.200,33285.800,46817.200,10.812,4.281,84.311,0.136,0.0,0.460,1493101171.509,
12.175,4.370,83.135,0.046,0.0,0.274,0.0,230195.200,1159706526.400,1748755.0,0.0,0.0,45483.400,51094.600,6.0,0.0,0.0,5468450816.0,254451712.0,1.61640587264e+11,1416704000.0,0.0,0.0,0.0,230195.200,45474.400,51083.400,12.175,4.367,83.138,0.046,0.0,0.275,1493101176.510,
11.479,4.474,83.616,0.091,0.0,0.340,0.0,182681.600,1136090041.800,1704363.400,0.0,0.0,32427.600,54482.800,7.0,0.200,0.0,5496266752.0,254459904.0,1.6164098048e+11,1388486656.0,0.0,0.0,0.0,182681.600,32430.600,54496.400,11.479,4.474,83.616,0.091,0.0,0.340,1493101181.509,
11.058,4.535,83.815,0.192,0.0,0.400,0.0,209715.200,1130611656.800,1672846.600,0.0,0.0,33055.800,50145.200,5.600,0.0,0.0,5525454848.0,254459904.0,1.61641324544e+11,1358954496.0,0.0,0.0,0.0,209715.200,33056.800,50133.400,11.056,4.534,83.818,0.192,0.0,0.400,1493101186.509,
9.570,4.098,85.777,0.147,0.0,0.409,0.0,173670.400,999994243.800,1420450.400,0.0,0.0,27240.800,40205.200,6.400,0.200,0.0,5529231360.0,254468096.0,1.61641631744e+11,1354862592.0,0.0,0.0,0.0,173670.400,27234.0,40203.0,9.573,4.102,85.770,0.146,0.0,0.409,1493101191.510,
2.923,2.129,94.566,0.176,0.0,0.206,0.0,192512.0,335432035.0,162389.200,0.0,0.0,5817.200,9735.200,2.200,0.0,0.0,5539590144.0,254468096.0,1.61641869312e+11,1344266240.0,0.0,0.0,0.0,192512.0,5818.400,9739.0,2.922,2.124,94.572,0.176,0.0,0.206,1493101196.510,
0.160,0.110,99.589,0.130,0.0,0.010,0.0,99123.200,9852923.600,6614.400,0.0,0.0,774.600,7256.200,0.0,0.0,1.0,5034012672.0,254476288.0,1.61641938944e+11,1849765888.0,0.0,0.0,0.0,99123.200,772.800,7252.400,0.160,0.110,99.589,0.130,0.0,0.010,1493101201.510,
