"Dstat 0.7.2 CSV output"
"Author:","Dag Wieers <dag@wieers.com>",,,,"URL:","http://dag.wieers.com/home-made/dstat/"
"Host:","osd0.skyhook16osds.skyhook-pg0.wisc.cloudlab.us",,,,"User:","jlefevre"
"Cmdline:","dstat -av --epoch --integer --noheaders --output dstat-osd0.log 5",,,,"Date:","24 Apr 2017 21:15:42 CDT"

"total cpu usage",,,,,,"dsk/total",,"net/total",,"paging",,"system",,"procs",,,"memory usage",,,,"paging",,"dsk/total",,"system",,"total cpu usage",,,,,,"epoch"
"usr","sys","idl","wai","hiq","siq","read","writ","recv","send","in","out","int","csw","run","blk","new","used","buff","cach","free","in","out","read","writ","int","csw","usr","sys","idl","wai","hiq","siq","epoch"
0.020,0.020,99.960,0.0,0.0,0.0,0.0,15564.800,5202.600,7290.400,0.0,0.0,214.0,256.600,0.0,0.0,0.400,2274074624.0,1490944.0,208211968.0,1.66296416256e+11,0.0,0.0,0.0,15564.800,214.0,256.600,0.020,0.020,99.960,0.0,0.0,0.0,1493090722.876,
0.070,0.165,99.515,0.245,0.0,0.005,47948595.200,10649.600,55706.400,39391667.200,0.0,0.0,1434.600,1071.600,0.0,0.0,0.0,2327494656.0,1499136.0,446947328.0,1.66004252672e+11,0.0,0.0,47948595.200,10649.600,1434.800,1071.600,0.070,0.165,99.515,0.245,0.0,0.005,1493090727.876,
0.060,0.170,99.640,0.125,0.0,0.005,39487078.400,13107.200,81079.200,52222172.600,0.0,0.0,2024.600,964.600,0.0,0.0,0.400,2265923584.0,1515520.0,645398528.0,1.6586735616e+11,0.0,0.0,39487078.400,13107.200,2024.600,964.600,0.060,0.170,99.640,0.125,0.0,0.005,1493090732.876,
0.070,0.215,99.530,0.175,0.0,0.010,64871628.800,8192.0,88591.200,59420973.600,0.0,0.0,2338.0,1393.600,0.200,0.400,0.0,2310537216.0,1523712.0,969039872.0,1.65499092992e+11,0.0,0.0,64871628.800,8192.0,2340.800,1394.400,0.070,0.215,99.530,0.175,0.0,0.010,1493090737.876,
0.075,0.145,99.665,0.115,0.0,0.0,42307584.0,10649.600,64915.600,44191452.200,0.0,0.0,1658.800,993.0,0.0,0.200,0.800,2305298432.0,1540096.0,1180516352.0,1.65292838912e+11,0.0,0.0,42307584.0,10649.600,1656.0,992.200,0.075,0.140,99.670,0.115,0.0,0.0,1493090742.876,
0.075,0.225,99.530,0.170,0.0,0.0,60960768.0,8192.0,80014.200,59834881.400,0.0,0.0,2148.400,1281.200,0.0,0.800,0.0,2331013120.0,1548288.0,1485848576.0,1.64961783808e+11,0.0,0.0,61170483.200,8192.0,2153.600,1286.400,0.080,0.225,99.525,0.170,0.0,0.0,1493090747.876,
0.095,0.235,99.485,0.180,0.0,0.005,60320972.800,2457.600,97810.600,66831632.800,0.0,0.0,2564.600,1319.800,0.0,0.400,0.400,2307530752.0,1556480.0,1786441728.0,1.64684664832e+11,0.0,0.0,60111257.600,2457.600,2561.600,1314.800,0.090,0.240,99.485,0.180,0.0,0.005,1493090752.876,
0.065,0.175,99.640,0.120,0.0,0.0,47948595.200,9011.200,83753.800,58973037.800,0.0,0.0,2117.0,1101.200,0.200,0.0,0.0,2260721664.0,1564672.0,2026897408.0,1.64491010048e+11,0.0,0.0,47948595.200,9011.200,2114.800,1101.0,0.065,0.170,99.645,0.120,0.0,0.0,1493090757.876,
0.050,0.115,99.710,0.120,0.0,0.005,36666572.800,12288.0,59449.800,38364007.600,0.0,0.0,1503.600,902.200,0.0,0.0,0.400,2260996096.0,1581056.0,2210791424.0,1.64306825216e+11,0.0,0.0,36666572.800,12288.0,1503.600,902.200,0.050,0.115,99.710,0.120,0.0,0.005,1493090762.876,
0.065,0.165,99.645,0.120,0.0,0.005,42332979.200,10649.600,60015.600,44266593.200,0.0,0.0,1645.0,992.0,0.0,0.400,1.0,2260975616.0,1597440.0,2422460416.0,1.6409516032e+11,0.0,0.0,42332979.200,10649.600,1645.0,992.0,0.065,0.165,99.645,0.120,0.0,0.005,1493090767.876,
0.085,0.250,99.415,0.235,0.0,0.015,73333145.600,8192.0,102569.800,71644110.600,0.0,0.0,2693.0,1523.200,0.0,0.0,0.0,2290905088.0,1605632.0,2789457920.0,1.63698225152e+11,0.0,0.0,73333145.600,8192.0,2693.0,1523.200,0.085,0.255,99.410,0.235,0.0,0.015,1493090772.876,
0.070,0.185,99.570,0.170,0.0,0.005,50769100.800,2457.600,73480.800,52363470.800,0.0,0.0,1939.0,1158.200,0.0,0.0,0.400,2293440512.0,1613824.0,3042271232.0,1.63442868224e+11,0.0,0.0,50769100.800,2457.600,1939.400,1158.200,0.070,0.185,99.570,0.170,0.0,0.005,1493090777.876,
0.075,0.240,99.560,0.120,0.0,0.005,62051123.200,4915.200,99813.0,65121216.400,0.0,0.0,2534.800,1359.200,0.0,0.0,0.0,2293481472.0,1622016.0,3353235456.0,1.63131854848e+11,0.0,0.0,62051123.200,4915.200,2534.400,1359.200,0.075,0.240,99.560,0.120,0.0,0.005,1493090782.876,
0.075,0.225,99.465,0.225,0.0,0.010,59230617.600,10649.600,72747.600,56202465.0,0.0,0.0,2043.800,1277.200,0.0,0.400,0.400,2323992576.0,1638400.0,3649323008.0,1.62805239808e+11,0.0,0.0,59230617.600,10649.600,2043.800,1277.200,0.075,0.225,99.465,0.225,0.0,0.010,1493090787.876,
0.070,0.195,99.570,0.155,0.0,0.010,53589606.400,12288.0,91344.0,63551193.800,0.0,0.0,2295.200,1238.600,0.0,0.200,0.400,2293714944.0,1646592.0,3917459456.0,1.625673728e+11,0.0,0.0,53589606.400,12288.0,2295.200,1238.600,0.070,0.190,99.575,0.155,0.0,0.010,1493090792.876,
0.065,0.155,99.595,0.185,0.0,0.0,47948595.200,11468.800,69257.400,50937639.400,0.0,0.0,1877.600,1077.400,0.0,0.0,0.400,2279555072.0,1662976.0,4156063744.0,1.62342912e+11,0.0,0.0,47948595.200,11468.800,1879.0,1077.400,0.065,0.155,99.595,0.185,0.0,0.0,1493090797.876,
0.070,0.205,99.515,0.200,0.0,0.010,59230617.600,7372.800,78800.0,65085518.200,0.0,0.0,2182.400,1354.600,0.0,0.0,0.0,2262450176.0,1679360.0,4452651008.0,1.62063413248e+11,0.0,0.0,59230617.600,7372.800,2181.0,1354.600,0.070,0.205,99.515,0.200,0.0,0.010,1493090802.876,
0.060,0.115,99.695,0.130,0.0,0.0,36666572.800,0.0,51151.800,38348314.200,0.0,0.0,1454.200,871.400,0.0,0.600,0.400,2263130112.0,1679360.0,4636581888.0,1.61878802432e+11,0.0,0.0,36666572.800,0.0,1454.200,871.400,0.060,0.115,99.695,0.130,0.0,0.0,1493090807.876,
0.085,0.205,99.429,0.270,0.0,0.010,75508940.800,10649.600,83868.800,59433457.400,0.0,0.0,2334.400,1526.400,0.400,0.0,0.0,2365485056.0,1695744.0,5014368256.0,1.61398644736e+11,0.0,0.0,75692441.600,10649.600,2335.800,1528.800,0.085,0.210,99.424,0.270,0.0,0.010,1493090812.876,
0.090,0.215,99.520,0.165,0.0,0.010,59875328.0,4915.200,105077.400,76645781.200,0.0,0.0,2558.200,1310.0,0.200,0.200,0.800,2293452800.0,1703936.0,5313904640.0,1.61171132416e+11,0.0,0.0,59691827.200,4915.200,2558.200,1307.600,0.090,0.210,99.525,0.165,0.0,0.010,1493090817.876,
0.060,0.155,99.680,0.095,0.0,0.010,39487078.400,12288.0,64208.400,46852492.200,0.0,0.0,1748.200,1001.800,0.0,0.0,0.0,2261774336.0,1720320.0,5510942720.0,1.61005756416e+11,0.0,0.0,39487078.400,12288.0,1746.800,1001.800,0.060,0.155,99.680,0.095,0.0,0.010,1493090822.876,
0.090,0.220,99.445,0.245,0.0,0.0,64871628.800,9830.400,99047.200,67868009.400,0.0,0.0,2559.200,1416.0,0.200,0.0,0.400,2264801280.0,1728512.0,5835304960.0,1.6067835904e+11,0.0,0.0,64871628.800,9830.400,2559.200,1416.0,0.090,0.225,99.440,0.245,0.0,0.0,1493090827.876,
0.070,0.205,99.580,0.145,0.0,0.0,53589606.400,9830.400,68962.200,50963883.600,0.0,0.0,2316.400,1158.400,0.0,0.200,0.0,2298306560.0,1744896.0,6110044160.0,1.60370098176e+11,0.0,0.0,53589606.400,9830.400,2319.400,1158.800,0.070,0.200,99.585,0.145,0.0,0.0,1493090832.876,
0.055,0.080,99.760,0.105,0.0,0.0,31025561.600,12288.0,53118.600,32959936.200,0.0,0.0,1983.400,793.200,0.0,0.0,0.400,2299019264.0,1761280.0,6265122816.0,1.60214290432e+11,0.0,0.0,31025561.600,12288.0,1980.600,792.800,0.055,0.080,99.760,0.105,0.0,0.0,1493090837.876,
0.085,0.195,99.520,0.200,0.0,0.0,53589606.400,10649.600,77726.0,54883815.800,0.0,0.0,2922.400,1225.200,0.0,0.0,0.800,2300596224.0,1769472.0,6533849088.0,1.59943979008e+11,0.0,0.0,53589606.400,10649.600,2922.600,1225.200,0.085,0.200,99.515,0.200,0.0,0.0,1493090842.876,
0.075,0.215,99.495,0.205,0.0,0.010,62051123.200,10649.600,78711.800,65070193.200,0.0,0.0,2967.0,1357.600,0.0,0.200,0.0,2297294848.0,1785856.0,6844973056.0,1.59636140032e+11,0.0,0.0,62051123.200,10649.600,2966.600,1357.600,0.075,0.215,99.495,0.205,0.0,0.010,1493090847.876,
0.070,0.170,99.595,0.160,0.0,0.005,53589606.400,4915.200,73317.400,60016275.200,0.0,0.0,2228.0,1173.200,0.200,0.0,0.0,2285494272.0,1794048.0,7111983104.0,1.59380922368e+11,0.0,0.0,53589606.400,4915.200,2231.200,1174.400,0.070,0.165,99.600,0.160,0.0,0.005,1493090852.876,
0.070,0.150,99.640,0.135,0.0,0.005,47948595.200,10649.600,72003.600,48965012.600,0.0,0.0,1909.600,1113.600,0.0,0.0,0.400,2286211072.0,1810432.0,7351676928.0,1.5914049536e+11,0.0,0.0,47948595.200,10649.600,1908.0,1113.0,0.070,0.150,99.640,0.135,0.0,0.005,1493090857.876,
0.065,0.140,99.700,0.090,0.0,0.005,39487078.400,4096.0,58734.600,41517926.600,0.0,0.0,1618.400,967.200,0.200,0.0,0.400,2286342144.0,1810432.0,7550246912.0,1.58941794304e+11,0.0,0.0,39487078.400,4096.0,1617.200,967.400,0.065,0.145,99.695,0.090,0.0,0.005,1493090862.876,
0.085,0.250,99.470,0.195,0.0,0.0,62051123.200,9011.200,79902.600,59913165.400,0.0,0.0,2237.800,1322.600,0.0,0.200,0.400,2316492800.0,1826816.0,7859605504.0,1.58602268672e+11,0.0,0.0,62051123.200,9011.200,2237.400,1321.800,0.085,0.245,99.475,0.195,0.0,0.0,1493090867.876,
0.055,0.090,99.770,0.080,0.0,0.005,31025561.600,12288.0,58687.600,40161929.600,0.0,0.0,1535.800,839.400,0.400,0.0,0.0,2268758016.0,1843200.0,8015503360.0,1.58494089216e+11,0.0,0.0,31025561.600,12288.0,1536.200,840.200,0.055,0.090,99.770,0.080,0.0,0.005,1493090872.876,
0.015,0.015,99.970,0.0,0.0,0.0,0.0,4915.200,4264.400,7063.800,0.0,0.0,194.800,227.200,0.0,0.0,0.400,2268975104.0,1851392.0,8015507456.0,1.5849385984e+11,0.0,0.0,0.0,4915.200,194.400,226.800,0.015,0.020,99.965,0.0,0.0,0.0,1493090877.876,
0.025,0.030,99.945,0.0,0.0,0.0,0.0,7372.800,6607.600,8965.400,0.0,0.0,257.200,325.400,0.0,0.0,0.600,2275516416.0,1867776.0,8015515648.0,1.58487293952e+11,0.0,0.0,0.0,7372.800,257.0,325.0,0.025,0.030,99.945,0.0,0.0,0.0,1493090882.876,
