"Dstat 0.7.2 CSV output"
"Author:","Dag Wieers <dag@wieers.com>",,,,"URL:","http://dag.wieers.com/home-made/dstat/"
"Host:","osd0.skyhook-1osds.skyhook-pg0.wisc.cloudlab.us",,,,"User:","jlefevre"
"Cmdline:","dstat -av --epoch --integer --noheaders --output 1osd.dstat-osd0.log 5",,,,"Date:","25 Apr 2017 15:29:30 CDT"

"total cpu usage",,,,,,"dsk/total",,"net/total",,"paging",,"system",,"procs",,,"memory usage",,,,"paging",,"dsk/total",,"system",,"total cpu usage",,,,,,"epoch"
"usr","sys","idl","wai","hiq","siq","read","writ","recv","send","in","out","int","csw","run","blk","new","used","buff","cach","free","in","out","read","writ","int","csw","usr","sys","idl","wai","hiq","siq","epoch"
0.005,2.506,97.479,0.010,0.0,0.0,1638.400,6553.600,1391.0,39352.400,0.0,0.0,692.600,756.800,1.0,0.0,0.0,5657411584.0,1302528.0,33011179520.0,1.3011030016e+11,0.0,0.0,1638.400,6553.600,692.200,756.400,0.005,2.511,97.474,0.010,0.0,0.0,1493180970.821,
1.818,1.517,92.780,3.860,0.0,0.025,228696064.0,20480.0,24981.600,22739012.800,0.0,0.0,3465.200,4481.600,1.600,3.600,4.600,5658927104.0,1368064.0,1250422784.0,1.6186947584e+11,0.0,0.0,228958208.0,20480.0,3467.200,4484.0,1.823,1.512,92.770,3.870,0.0,0.025,1493180975.821,
3.910,1.372,87.455,7.234,0.0,0.030,461941964.800,4915.200,42701.800,48797211.600,0.0,0.0,6133.0,7875.200,2.0,5.400,0.600,5670490112.0,1376256.0,3559227392.0,1.59549100032e+11,0.0,0.0,461968179.200,4915.200,6133.0,7875.400,3.910,1.372,87.454,7.234,0.0,0.030,1493180980.821,
3.958,1.466,85.308,9.182,0.0,0.085,468193280.0,2457.600,40672.800,50268662.0,0.0,0.0,6386.400,7983.200,1.400,6.200,0.0,5644914688.0,1384448.0,5901910016.0,1.5723198464e+11,0.0,0.0,468167065.600,2457.600,6386.0,7983.0,3.953,1.466,85.313,9.182,0.0,0.085,1493180985.821,
3.755,1.442,86.758,7.990,0.0,0.055,481546240.0,4096.0,45210.400,51195356.200,0.0,0.0,6333.600,8231.200,2.0,5.200,0.400,5629771776.0,1392640.0,8309768192.0,1.54839261184e+11,0.0,0.0,481520025.600,4096.0,6337.400,8233.600,3.755,1.447,86.758,7.985,0.0,0.055,1493180990.821,
3.728,1.338,87.508,7.336,0.0,0.090,466563072.0,3276.800,42676.600,49064219.400,0.0,0.0,6199.800,8016.600,1.800,6.200,0.0,5674401792.0,1400832.0,10642235392.0,1.52462155776e+11,0.0,0.0,466615500.800,3276.800,6196.800,8014.800,3.733,1.333,87.499,7.345,0.0,0.090,1493180995.821,
3.786,1.497,86.749,7.917,0.0,0.050,461236633.600,8192.0,42209.400,49444860.600,0.0,0.0,6261.200,7857.0,2.200,5.400,0.0,5657604096.0,1409024.0,12946726912.0,1.5017445376e+11,0.0,0.0,461105561.600,8192.0,6261.0,7859.200,3.781,1.497,86.759,7.913,0.0,0.050,1493181000.821,
3.754,1.501,86.772,7.887,0.0,0.085,470023372.800,12288.0,46197.0,49372201.800,0.0,0.0,6347.200,8077.200,2.800,5.400,0.400,5681082368.0,1425408.0,15297998848.0,1.47799687168e+11,0.0,0.0,470154444.800,12288.0,6347.0,8075.0,3.754,1.501,86.772,7.887,0.0,0.085,1493181005.821,
4.002,1.493,85.970,8.465,0.0,0.070,478887936.0,1638.400,48323.200,51512037.400,0.0,0.0,6494.0,8230.600,1.800,6.200,0.0,5656592384.0,1425408.0,17693159424.0,1.45429016576e+11,0.0,0.0,478887936.0,1638.400,6493.200,8230.400,4.002,1.493,85.966,8.469,0.0,0.070,1493181010.821,
4.082,1.498,85.244,9.111,0.0,0.065,477745152.0,8192.0,46325.400,49375375.600,0.0,0.0,6332.0,8162.600,2.800,5.400,0.0,5704417280.0,1433600.0,20081602560.0,1.42992740352e+11,0.0,0.0,477666508.800,8192.0,6341.400,8166.0,4.087,1.503,85.244,9.101,0.0,0.065,1493181015.821,
3.825,1.512,86.766,7.841,0.0,0.055,461373440.0,4915.200,46441.600,49447004.400,0.0,0.0,6390.0,7825.0,1.800,5.600,0.0,5709393920.0,1441792.0,22388764672.0,1.40680593408e+11,0.0,0.0,461425868.800,4915.200,6381.0,7821.600,3.825,1.507,86.766,7.846,0.0,0.055,1493181020.821,
3.873,1.448,87.048,7.576,0.0,0.055,468313702.400,5734.400,47097.400,50596991.0,0.0,0.0,6381.0,7969.200,1.600,6.200,0.0,5674643456.0,1458176.0,24730763264.0,1.38373328896e+11,0.0,0.0,468313702.400,5734.400,6381.0,7969.400,3.873,1.448,87.043,7.581,0.0,0.055,1493181025.821,
3.691,1.443,87.002,7.829,0.0,0.035,462652211.200,5734.400,44023.800,48506358.200,0.0,0.0,6107.0,7921.600,1.200,6.400,1.0,5707415552.0,1474560.0,27043971072.0,1.36027332608e+11,0.0,0.0,462652211.200,5734.400,6107.200,7921.800,3.692,1.443,87.002,7.829,0.0,0.035,1493181030.821,
3.986,1.497,86.535,7.891,0.0,0.090,477976166.400,4915.200,47626.200,50595417.0,0.0,0.0,6234.200,8188.400,3.0,4.800,0.0,5721051136.0,1482752.0,29432766464.0,1.3362489344e+11,0.0,0.0,477976166.400,4915.200,6234.200,8188.0,3.981,1.497,86.544,7.887,0.0,0.090,1493181035.821,
3.853,1.473,86.255,8.358,0.0,0.060,465178624.0,9830.400,45420.0,48510649.200,0.0,0.0,6410.600,7927.600,4.400,3.0,0.0,5764411392.0,1499136.0,31757459456.0,1.31256823808e+11,0.0,0.0,465178624.0,9830.400,6412.0,7927.400,3.862,1.478,86.249,8.351,0.0,0.060,1493181040.821,
4.052,1.528,87.469,6.867,0.0,0.085,468214579.200,1638.400,46087.600,50625258.400,0.0,0.0,6323.800,7986.0,2.0,5.400,0.0,5736607744.0,1499136.0,34100711424.0,1.28941375488e+11,0.0,0.0,468214579.200,1638.400,6322.800,7986.200,4.047,1.523,87.477,6.867,0.0,0.085,1493181045.820,
4.057,1.357,86.512,8.029,0.0,0.045,471926374.400,9830.400,45372.600,50341818.400,0.0,0.0,6102.200,8084.0,2.600,5.600,0.0,5731971072.0,1515520.0,36460359680.0,1.2658634752e+11,0.0,0.0,471873945.600,9830.400,6100.400,8082.600,4.053,1.358,86.508,8.036,0.0,0.045,1493181050.821,
3.883,1.433,86.208,8.421,0.0,0.055,482647244.800,3276.800,46106.400,50935534.400,0.0,0.0,6404.200,8223.0,2.0,6.600,0.400,5753409536.0,1523712.0,38874144768.0,1.24151115776e+11,0.0,0.0,482699673.600,3276.800,6405.200,8224.200,3.886,1.432,86.207,8.419,0.0,0.055,1493181055.821,
4.080,1.462,86.949,7.404,0.0,0.105,454200524.800,11468.800,44346.600,49354211.800,0.0,0.0,6137.600,7728.200,2.0,6.400,0.0,5706461184.0,1540096.0,41144569856.0,1.21927622656e+11,0.0,0.0,454148096.0,11468.800,6139.200,7731.800,4.076,1.462,86.950,7.406,0.0,0.105,1493181060.821,
3.966,1.617,84.844,9.498,0.0,0.075,474547814.400,4915.200,43848.600,48588817.600,0.0,0.0,7246.400,8022.600,2.0,6.600,0.400,5803663360.0,1548288.0,43515842560.0,1.19459139584e+11,0.0,0.0,474578944.0,4915.200,7247.0,8021.0,3.975,1.617,84.848,9.486,0.0,0.075,1493181065.821,
4.143,1.523,86.549,7.700,0.0,0.085,471868211.200,7372.800,45931.200,51509183.600,0.0,0.0,6402.600,8100.0,0.800,7.400,0.0,5744005120.0,1564672.0,45877747712.0,1.17156876288e+11,0.0,0.0,471915724.800,7372.800,6401.600,8098.600,4.138,1.523,86.545,7.709,0.0,0.085,1493181070.821,
3.860,1.587,87.327,7.170,0.0,0.055,464744448.0,9830.400,41002.200,48199963.600,0.0,0.0,6498.0,7939.600,2.400,5.600,0.400,5803237376.0,1572864.0,48199548928.0,1.14775834624e+11,0.0,0.0,464718233.600,9830.400,6497.0,7939.0,3.861,1.587,87.332,7.165,0.0,0.055,1493181075.821,
4.223,1.473,86.421,7.804,0.0,0.080,470002073.600,9011.200,45479.0,50320741.0,0.0,0.0,6232.600,7992.800,2.600,5.600,0.0,5787934720.0,1589248.0,50549690368.0,1.12440979456e+11,0.0,0.0,470054502.400,9011.200,6232.800,7993.0,4.217,1.473,86.421,7.809,0.0,0.080,1493181080.821,
3.939,1.492,86.436,8.033,0.0,0.100,459893964.800,4915.200,47305.600,49726350.800,0.0,0.0,6525.200,7847.0,1.400,6.400,0.0,5755346944.0,1597440.0,52851822592.0,1.10171426816e+11,0.0,0.0,459867750.400,4915.200,6525.200,7847.200,3.939,1.492,86.431,8.038,0.0,0.100,1493181085.821,
3.737,1.408,86.209,8.596,0.0,0.050,473944883.200,3276.800,49776.800,49756291.800,0.0,0.0,6514.200,8014.0,1.0,6.600,0.0,5792358400.0,1605632.0,55218315264.0,1.07767914496e+11,0.0,0.0,473971097.600,3276.800,6514.200,8014.200,3.737,1.408,86.218,8.587,0.0,0.050,1493181090.821,
3.934,1.326,87.873,6.781,0.0,0.085,459176345.600,7372.800,46827.600,48529385.600,0.0,0.0,6070.800,7854.200,1.0,6.400,0.400,5806231552.0,1622016.0,57516363776.0,1.05455976448e+11,0.0,0.0,459150131.200,7372.800,6070.600,7854.200,3.938,1.326,87.865,6.785,0.0,0.085,1493181095.821,
4.094,1.373,86.811,7.662,0.0,0.060,456177254.400,2457.600,42558.800,48865775.200,0.0,0.0,6063.800,7723.600,1.600,5.800,0.0,5789847552.0,1622016.0,59797078016.0,1.03191646208e+11,0.0,0.0,456177254.400,2457.600,6064.0,7723.600,4.094,1.378,86.810,7.657,0.0,0.060,1493181100.821,
4.137,1.492,85.041,9.255,0.0,0.075,462834892.800,10649.600,43143.400,47884696.200,0.0,0.0,6585.400,7846.200,4.200,3.0,0.400,5861089280.0,1638400.0,62108377088.0,1.00809089024e+11,0.0,0.0,462546534.400,10649.600,6584.800,7842.600,4.147,1.488,85.040,9.251,0.0,0.075,1493181105.821,
4.069,1.443,85.378,9.030,0.0,0.080,473237913.600,7372.800,45310.200,50333718.200,0.0,0.0,6746.200,8073.800,1.600,6.400,0.0,5857722368.0,1646592.0,64478060544.0,98442764288.0,0.0,0.0,473552486.400,7372.800,6746.800,8077.400,4.059,1.443,85.379,9.039,0.0,0.080,1493181110.821,
4.027,1.448,85.633,8.821,0.0,0.070,479836569.600,11468.800,47501.200,52398882.600,0.0,0.0,6473.400,8293.400,2.600,5.400,0.400,5790953472.0,1662976.0,66877603840.0,96109973504.0,0.0,0.0,479757926.400,11468.800,6473.200,8292.600,4.023,1.448,85.636,8.823,0.0,0.070,1493181115.821,
4.182,1.479,85.955,8.344,0.0,0.040,474505216.0,3276.800,43959.200,48817987.600,0.0,0.0,6407.0,8101.800,3.400,5.400,0.0,5870493696.0,1671168.0,69247504384.0,93660524544.0,0.0,0.0,474583859.200,3276.800,6408.600,8103.600,4.195,1.479,85.955,8.331,0.0,0.040,1493181120.820,
4.051,1.542,86.456,7.881,0.0,0.070,481579008.0,4915.200,45282.400,51814667.200,0.0,0.0,6232.600,8213.800,3.0,5.200,0.200,5838970880.0,1679360.0,71655469056.0,91284074496.0,0.0,0.0,481552793.600,4915.200,6231.600,8212.600,4.046,1.542,86.450,7.892,0.0,0.070,1493181125.821,
4.065,1.514,86.476,7.885,0.0,0.060,484482252.800,9011.200,46472.600,51797176.800,0.0,0.0,6328.800,8329.600,1.200,7.600,0.400,5826678784.0,1695744.0,74078986240.0,88872833024.0,0.0,0.0,484456038.400,9011.200,6328.600,8330.200,4.061,1.514,86.484,7.881,0.0,0.060,1493181130.821,
4.224,1.518,87.454,6.739,0.0,0.065,461807616.0,0.0,41847.0,48870968.800,0.0,0.0,6212.400,7897.0,1.600,6.0,0.400,5841420288.0,1695744.0,76387434496.0,86549643264.0,0.0,0.0,461781401.600,0.0,6212.400,7896.800,4.224,1.518,87.454,6.739,0.0,0.065,1493181135.821,
3.989,1.523,86.145,8.268,0.0,0.075,475208089.600,7372.800,45826.600,50305661.200,0.0,0.0,6330.800,8087.600,2.600,5.200,0.0,5852270592.0,1712128.0,78763012096.0,84163198976.0,0.0,0.0,475208089.600,7372.800,6330.600,8086.400,3.993,1.528,86.136,8.267,0.0,0.075,1493181140.821,
3.865,1.537,85.756,8.772,0.0,0.070,469173862.400,9011.200,43985.200,50054648.400,0.0,0.0,6190.0,7965.800,1.800,5.600,0.0,5846933504.0,1720320.0,81109901312.0,81821638656.0,0.0,0.0,469200076.800,9011.200,6189.600,7965.800,3.865,1.532,85.760,8.772,0.0,0.070,1493181145.821,
4.155,1.594,85.054,9.152,0.0,0.045,475448934.400,8192.0,48492.800,51159045.600,0.0,0.0,6525.400,8103.600,1.800,6.800,0.0,5820289024.0,1736704.0,83487846400.0,79470321664.0,0.0,0.0,475396505.600,8192.0,6526.400,8103.600,4.145,1.594,85.053,9.163,0.0,0.045,1493181150.821,
4.169,1.503,85.584,8.669,0.0,0.075,473991577.600,3276.800,45234.800,49576483.0,0.0,0.0,6356.0,8061.0,1.600,6.600,0.0,5842800640.0,1744896.0,85857984512.0,77077663744.0,0.0,0.0,473965363.200,3276.800,6363.0,8062.400,4.174,1.503,85.584,8.664,0.0,0.075,1493181155.821,
3.821,1.542,86.790,7.757,0.0,0.090,456010956.800,8192.0,45189.800,48042410.0,0.0,0.0,6048.0,7741.0,3.0,4.400,0.600,5888675840.0,1753088.0,88135991296.0,74753773568.0,0.0,0.0,456063385.600,8192.0,6040.400,7739.800,3.821,1.547,86.791,7.751,0.0,0.090,1493181160.821,
4.146,1.667,86.000,8.117,0.0,0.070,478830592.0,7372.800,45673.400,50905966.600,0.0,0.0,6144.200,8135.200,3.600,4.600,0.0,5890916352.0,1769472.0,90531856384.0,72355651584.0,0.0,0.0,478856806.400,7372.800,6144.200,8135.200,4.151,1.667,86.000,8.111,0.0,0.070,1493181165.821,
4.226,1.589,86.134,7.971,0.0,0.080,471779737.600,0.0,45840.0,50267265.0,0.0,0.0,6192.400,8063.600,2.200,5.400,0.0,5887811584.0,1769472.0,92889214976.0,70001397760.0,0.0,0.0,471727308.800,0.0,6191.800,8063.400,4.222,1.589,86.132,7.977,0.0,0.080,1493181170.821,
4.348,1.573,85.559,8.475,0.0,0.045,464009625.600,7372.800,44434.800,49392758.200,0.0,0.0,6045.0,7928.600,2.0,6.400,0.400,5887180800.0,1785856.0,95209406464.0,67681820672.0,0.0,0.0,464088268.800,7372.800,6045.400,7929.200,4.347,1.573,85.556,8.479,0.0,0.045,1493181175.821,
3.995,1.642,86.256,8.046,0.0,0.060,469813657.600,8192.0,44322.400,49691087.0,0.0,0.0,6047.400,7989.0,2.400,5.800,0.0,5898375168.0,1794048.0,97560031232.0,65319993344.0,0.0,0.0,469803008.0,8192.0,6048.200,7989.400,3.995,1.637,86.256,8.051,0.0,0.060,1493181180.821,
4.210,1.684,84.718,9.297,0.0,0.090,476806348.800,12288.0,44952.800,50357001.400,0.0,0.0,6711.800,8071.800,3.0,5.800,0.400,5920968704.0,1810432.0,99941289984.0,62916124672.0,0.0,0.0,476753920.0,12288.0,6711.600,8070.800,4.216,1.689,84.722,9.283,0.0,0.090,1493181185.821,
4.181,1.708,85.188,8.838,0.0,0.085,480985907.200,4915.200,46420.200,50840571.0,0.0,0.0,6405.800,8158.600,3.200,5.0,0.0,5930033152.0,1818624.0,1.02347567104e+11,60500774912.0,0.0,0.0,481048985.600,4915.200,6405.400,8158.800,4.175,1.702,85.191,8.847,0.0,0.085,1493181190.821,
4.106,1.567,85.618,8.643,0.0,0.065,443547648.0,0.0,42913.0,48498814.200,0.0,0.0,6066.800,7510.600,2.600,5.400,0.0,5868531712.0,1818624.0,1.04566833152e+11,58343010304.0,0.0,0.0,443573862.400,0.0,6066.800,7511.200,4.101,1.572,85.618,8.643,0.0,0.065,1493181195.821,
4.199,1.668,84.744,9.344,0.0,0.045,469294284.800,10649.600,45168.800,50033429.600,0.0,0.0,6145.600,7954.800,3.800,4.400,0.0,5864206336.0,1835008.0,1.06911870976e+11,56002281472.0,0.0,0.0,469268070.400,10649.600,6145.800,7954.600,4.199,1.663,84.748,9.345,0.0,0.045,1493181200.821,
4.221,1.702,84.649,9.353,0.0,0.075,473106022.400,7372.800,44983.200,49752253.400,0.0,0.0,6250.800,8060.400,1.200,6.800,0.400,5898612736.0,1843200.0,1.0927824896e+11,53601488896.0,0.0,0.0,473106022.400,7372.800,6250.600,8061.0,4.221,1.702,84.649,9.353,0.0,0.075,1493181205.821,
4.156,1.682,85.740,8.322,0.0,0.100,466478694.400,2457.600,46170.400,48794458.200,0.0,0.0,6107.600,7970.200,3.800,3.0,0.400,5934120960.0,1851392.0,1.11608573952e+11,51235647488.0,0.0,0.0,466258329.600,2457.600,6106.800,7966.0,4.169,1.687,85.736,8.308,0.0,0.100,1493181210.821,
4.118,1.578,86.220,7.995,0.0,0.090,459810406.400,10649.600,43617.0,48556224.0,0.0,0.0,5981.400,7801.600,3.0,4.200,0.0,5957959680.0,1859584.0,1.1390539776e+11,48914976768.0,0.0,0.0,459742412.800,10649.600,5981.400,7802.0,4.120,1.574,86.216,8.000,0.0,0.090,1493181215.821,
4.225,1.672,85.973,8.010,0.0,0.120,473169100.800,8192.0,46606.800,50470854.0,0.0,0.0,6242.200,8031.600,2.400,6.200,0.0,5942128640.0,1875968.0,1.162748928e+11,46561296384.0,0.0,0.0,473420595.200,8192.0,6244.400,8038.200,4.215,1.672,85.980,8.014,0.0,0.120,1493181220.821,
4.158,1.628,86.574,7.564,0.0,0.075,467087360.0,2457.600,45628.0,50405491.600,0.0,0.0,6176.600,7936.0,1.600,5.600,0.0,5913825280.0,1884160.0,1.18610210816e+11,44254273536.0,0.0,0.0,467124224.0,2457.600,6175.200,7933.0,4.152,1.633,86.571,7.569,0.0,0.075,1493181225.821,
4.023,1.578,85.923,8.421,0.0,0.055,464229990.400,5734.400,44879.400,49392765.200,0.0,0.0,6053.0,7928.400,1.800,6.200,0.0,5909090304.0,1892352.0,1.20933494784e+11,41935716352.0,0.0,0.0,464151347.200,5734.400,6052.600,7927.400,4.029,1.574,85.918,8.424,0.0,0.055,1493181230.821,
4.235,1.659,85.371,8.670,0.0,0.065,475176960.0,8192.0,47168.200,49745782.800,0.0,0.0,6463.600,8079.200,1.0,7.400,0.800,5956640768.0,1908736.0,1.23307556864e+11,39514087424.0,0.0,0.0,475271168.0,8192.0,6464.0,8080.0,4.234,1.658,85.370,8.673,0.0,0.065,1493181235.821,
4.174,1.669,84.891,9.206,0.0,0.060,475291648.0,0.0,45669.200,50914486.800,0.0,0.0,6453.600,8035.0,2.0,6.600,0.200,5936283648.0,1908736.0,1.25685755904e+11,37156245504.0,0.0,0.0,475302297.600,0.0,6454.200,8035.400,4.175,1.669,84.890,9.206,0.0,0.060,1493181240.821,
4.084,1.669,84.224,9.963,0.0,0.060,469639987.200,10649.600,44623.800,50425428.600,0.0,0.0,6339.0,8000.0,1.400,6.600,0.0,5911547904.0,1925120.0,1.2803096576e+11,34835755008.0,0.0,0.0,469508915.200,10649.600,6341.400,7999.600,4.080,1.669,84.230,9.960,0.0,0.060,1493181245.821,
3.975,1.574,85.004,9.383,0.0,0.065,465719296.0,6553.600,43411.200,48713906.400,0.0,0.0,5972.400,7904.800,2.200,5.800,0.0,5956935680.0,1933312.0,1.30360561664e+11,32460763136.0,0.0,0.0,465824153.600,6553.600,5969.600,7905.400,3.978,1.573,85.009,9.375,0.0,0.065,1493181250.821,
4.063,1.658,85.696,8.558,0.0,0.025,469357363.200,9011.200,43887.400,50007553.800,0.0,0.0,6079.800,7988.800,2.800,4.400,0.400,5953613824.0,1941504.0,1.3270867968e+11,30115958784.0,0.0,0.0,469304934.400,9011.200,6079.600,7987.800,4.060,1.664,85.686,8.565,0.0,0.025,1493181255.821,
4.157,1.708,84.949,9.121,0.0,0.065,475286732.800,9830.400,46504.0,50311974.600,0.0,0.0,6290.600,8064.400,2.0,6.0,0.0,5961605120.0,1957888.0,1.35086055424e+11,27730575360.0,0.0,0.0,475339161.600,9830.400,6290.800,8064.800,4.157,1.703,84.951,9.125,0.0,0.065,1493181260.821,
4.251,1.688,84.702,9.299,0.0,0.060,469320499.200,0.0,47960.600,49685395.600,0.0,0.0,6316.400,7934.800,1.600,5.800,0.0,5981757440.0,1957888.0,1.37428078592e+11,25368399872.0,0.0,0.0,469294284.800,0.0,6316.0,7934.200,4.256,1.687,84.704,9.293,0.0,0.060,1493181265.821,
4.283,1.698,84.657,9.297,0.0,0.065,466441830.400,3276.800,44453.400,50036760.800,0.0,0.0,6457.400,7941.600,2.600,5.600,0.400,5951483904.0,1966080.0,1.39760939008e+11,23065804800.0,0.0,0.0,466441830.400,3276.800,6463.800,7943.800,4.284,1.698,84.664,9.289,0.0,0.065,1493181270.821,
2.494,0.932,92.017,4.537,0.0,0.020,275675545.600,7372.800,27135.400,30308944.400,0.0,0.0,3854.0,4710.0,1.600,2.600,0.0,5922213888.0,1974272.0,1.41140353024e+11,21715652608.0,0.0,0.0,275413401.600,7372.800,3845.600,4705.0,2.489,0.932,92.022,4.537,0.0,0.020,1493181275.821,
