"Dstat 0.7.2 CSV output"
"Author:","Dag Wieers <dag@wieers.com>",,,,"URL:","http://dag.wieers.com/home-made/dstat/"
"Host:","osd0.skyhook-1osds.skyhook-pg0.wisc.cloudlab.us",,,,"User:","jlefevre"
"Cmdline:","dstat -av --epoch --integer --noheaders --output 1osd.dstat-osd0.log 5",,,,"Date:","25 Apr 2017 15:29:30 CDT"

"total cpu usage",,,,,,"dsk/total",,"net/total",,"paging",,"system",,"procs",,,"memory usage",,,,"paging",,"dsk/total",,"system",,"total cpu usage",,,,,,"epoch"
"usr","sys","idl","wai","hiq","siq","read","writ","recv","send","in","out","int","csw","run","blk","new","used","buff","cach","free","in","out","read","writ","int","csw","usr","sys","idl","wai","hiq","siq","epoch"
0.0,0.005,99.985,0.010,0.0,0.0,0.0,6553.600,1589.600,38680.0,0.0,0.0,119.800,129.0,0.0,0.0,0.0,5868523520.0,2080768.0,1.35160455168e+11,27749134336.0,0.0,0.0,0.0,6553.600,119.400,128.200,0.005,0.005,99.980,0.010,0.0,0.0,1493172935.821,
0.230,0.530,97.503,1.716,0.0,0.020,93145497.600,4915.200,33619.200,82600208.200,0.0,0.0,2025.0,1767.400,0.200,1.600,0.400,5944406016.0,2088960.0,1.35551127552e+11,27282571264.0,0.0,0.0,93433856.0,4915.200,2026.800,1770.600,0.225,0.530,97.498,1.727,0.0,0.020,1493172940.821,
1.404,2.969,86.172,9.334,0.0,0.120,479953715.200,8192.0,179136.800,517430776.600,0.0,0.0,11135.200,8381.600,1.800,6.200,0.0,5950447616.0,2105344.0,1.37696591872e+11,25131048960.0,0.0,0.0,479979110.400,8192.0,11142.0,8382.200,1.404,2.973,86.168,9.335,0.0,0.120,1493172945.821,
1.409,2.933,87.715,7.867,0.0,0.075,480838451.200,819.200,188661.0,520592710.200,0.0,0.0,10969.800,8415.800,1.0,6.800,0.0,5930926080.0,2105344.0,1.39826884608e+11,23020277760.0,0.0,0.0,480813056.0,819.200,10963.800,8415.800,1.410,2.930,87.719,7.866,0.0,0.075,1493172950.821,
1.715,3.565,89.101,5.545,0.0,0.075,293375180.800,8192.0,265321.200,663396060.0,0.0,0.0,11258.200,6084.400,2.0,3.0,0.400,6046011392.0,2121728.0,1.41139329024e+11,21592731648.0,0.0,0.0,293086822.400,8192.0,11261.200,6081.400,1.715,3.570,89.104,5.535,0.0,0.075,1493172955.821,
1.964,3.987,93.979,0.025,0.0,0.045,3793715.200,8192.0,495073.800,861827043.200,0.0,0.0,11723.400,2256.400,2.800,0.0,0.400,6051364864.0,2129920.0,1.41139316736e+11,21587382272.0,0.0,0.0,3793715.200,8192.0,11718.800,2256.400,1.964,3.987,93.979,0.025,0.0,0.045,1493172960.821,
2.054,4.059,93.827,0.025,0.0,0.035,3478323.200,9830.400,467026.800,875989121.800,0.0,0.0,12057.800,2220.200,2.200,0.0,0.0,6053916672.0,2146304.0,1.41139308544e+11,21584822272.0,0.0,0.0,3478323.200,9830.400,12064.400,2221.200,2.054,4.058,93.828,0.025,0.0,0.035,1493172965.821,
2.034,4.024,93.907,0.0,0.0,0.035,0.0,0.0,445484.400,858357189.200,0.0,0.0,11480.400,2173.0,2.800,0.0,0.200,6044495872.0,2146304.0,1.4113931264e+11,21594238976.0,0.0,0.0,0.0,0.0,11479.400,2173.600,2.040,4.019,93.906,0.0,0.0,0.035,1493172970.821,
1.964,3.778,94.177,0.020,0.0,0.060,0.0,5734.400,422747.0,856166645.400,0.0,0.0,10834.200,2260.600,2.400,0.0,0.400,6052515840.0,2162688.0,1.41139316736e+11,21586198528.0,0.0,0.0,0.0,5734.400,10834.0,2259.400,1.959,3.783,94.177,0.020,0.0,0.060,1493172975.820,
1.918,3.705,94.327,0.005,0.0,0.045,0.0,8192.0,491804.0,917554109.400,0.0,0.0,11196.600,2490.800,2.400,0.0,0.400,6045286400.0,2170880.0,1.41139324928e+11,21593411584.0,0.0,0.0,0.0,8192.0,11194.200,2490.600,1.923,3.706,94.321,0.005,0.0,0.045,1493172980.821,
2.073,4.182,93.640,0.010,0.0,0.095,0.0,13926.400,502301.200,838414063.800,0.0,0.0,11706.400,2104.200,3.0,0.0,0.0,6042198016.0,2187264.0,1.41139324928e+11,21596483584.0,0.0,0.0,0.0,13926.400,11708.0,2106.600,2.073,4.181,93.641,0.010,0.0,0.095,1493172985.821,
2.065,4.161,93.679,0.010,0.0,0.085,0.0,9830.400,488680.200,819223784.0,0.0,0.0,11874.0,2143.800,2.200,0.0,0.800,6049030144.0,2195456.0,1.4113933312e+11,21589635072.0,0.0,0.0,0.0,9830.400,11872.0,2141.600,2.066,4.157,93.682,0.010,0.0,0.085,1493172990.821,
2.029,4.273,93.603,0.020,0.0,0.075,0.0,7372.800,486326.800,825745061.200,0.0,0.0,11850.600,2125.400,2.400,0.0,0.0,6042062848.0,2211840.0,1.41139329024e+11,21596590080.0,0.0,0.0,0.0,7372.800,11851.600,2125.0,2.033,4.272,93.600,0.020,0.0,0.075,1493172995.821,
1.955,4.181,93.799,0.020,0.0,0.045,0.0,10649.600,550741.400,843093496.400,0.0,0.0,12012.600,2146.0,2.200,0.0,0.800,6048079872.0,2228224.0,1.41139329024e+11,21590556672.0,0.0,0.0,0.0,10649.600,12014.600,2146.200,1.945,4.182,93.808,0.020,0.0,0.045,1493173000.821,
2.036,3.981,93.938,0.005,0.0,0.040,0.0,8192.0,523875.0,849423119.600,0.0,0.0,11774.200,2091.200,2.200,0.0,0.200,6054649856.0,2236416.0,1.41139324928e+11,21583982592.0,0.0,0.0,0.0,8192.0,11773.0,2091.200,2.036,3.981,93.938,0.005,0.0,0.040,1493173005.821,
2.049,4.118,93.722,0.010,0.0,0.100,0.0,9830.400,456112.600,853170856.800,0.0,0.0,11851.800,2122.400,2.800,0.200,0.400,6047113216.0,2252800.0,1.4113933312e+11,21591494656.0,0.0,0.0,0.0,9830.400,11855.400,2122.200,2.054,4.123,93.708,0.015,0.0,0.100,1493173010.821,
2.159,4.308,93.408,0.010,0.0,0.115,0.0,819.200,602997.200,863803921.200,0.0,0.0,12289.200,2118.400,3.0,0.0,0.0,6045024256.0,2252800.0,1.41139337216e+11,21593579520.0,0.0,0.0,0.0,819.200,12286.800,2118.400,2.164,4.303,93.413,0.005,0.0,0.115,1493173015.821,
2.119,4.247,93.559,0.015,0.0,0.060,0.0,8192.0,514690.0,845709220.400,0.0,0.0,11944.0,2117.200,2.400,0.0,0.800,6051774464.0,2269184.0,1.41139341312e+11,21586808832.0,0.0,0.0,0.0,8192.0,11940.600,2117.200,2.109,4.248,93.568,0.015,0.0,0.060,1493173020.821,
2.164,4.127,93.563,0.030,0.0,0.115,35225.600,22118.400,517368.0,869004720.400,0.0,0.0,11936.400,2187.600,2.800,0.0,1.200,6056464384.0,2424832.0,1.4113937408e+11,21581930496.0,0.0,0.0,35225.600,22118.400,11942.600,2188.0,2.169,4.127,93.559,0.030,0.0,0.115,1493173025.821,
2.108,4.086,93.666,0.015,0.0,0.125,819.200,16384.0,482886.200,808026007.800,0.0,0.0,11323.800,2058.400,2.0,0.0,0.400,6045274112.0,2445312.0,1.41139390464e+11,21593083904.0,0.0,0.0,819.200,16384.0,11320.200,2058.200,2.108,4.091,93.661,0.015,0.0,0.125,1493173030.820,
2.109,4.338,93.483,0.0,0.0,0.070,0.0,8192.0,549794.200,853425342.400,0.0,0.0,11961.600,2109.600,2.200,0.0,0.400,6040236032.0,2453504.0,1.41139386368e+11,21598117888.0,0.0,0.0,0.0,8192.0,11960.800,2111.0,2.109,4.338,93.483,0.0,0.0,0.070,1493173035.821,
2.015,4.181,93.763,0.0,0.0,0.040,0.0,3276.800,491397.0,825666120.400,0.0,0.0,11641.800,2076.600,2.800,0.0,0.400,6041444352.0,2461696.0,1.41139386368e+11,21596901376.0,0.0,0.0,0.0,3276.800,11643.400,2076.800,2.015,4.181,93.764,0.0,0.0,0.040,1493173040.821,
2.050,4.294,93.571,0.015,0.0,0.070,1670348.800,8192.0,625447.200,857098497.400,0.0,0.0,12345.800,2181.400,2.800,0.0,0.0,6044020736.0,2469888.0,1.41139369984e+11,21594333184.0,0.0,0.0,1670348.800,8192.0,12344.400,2180.200,2.045,4.296,93.574,0.015,0.0,0.070,1493173045.821,
1.999,4.174,93.752,0.015,0.0,0.060,0.0,7372.800,573604.600,859800902.800,0.0,0.0,12063.0,2183.800,2.200,0.0,0.400,6051766272.0,2486272.0,1.41139369984e+11,21586571264.0,0.0,0.0,0.0,7372.800,12063.800,2183.800,1.999,4.173,93.753,0.015,0.0,0.060,1493173050.821,
2.001,4.187,93.763,0.010,0.0,0.040,819.200,9011.200,603947.400,885011629.600,0.0,0.0,12403.800,2252.600,3.800,0.0,0.600,6061203456.0,2494464.0,1.41139378176e+11,21577117696.0,0.0,0.0,819.200,9011.200,12403.400,2252.200,2.000,4.186,93.763,0.010,0.0,0.040,1493173055.821,
2.035,4.136,93.774,0.015,0.0,0.040,0.0,18841.600,523663.0,832207716.800,0.0,0.0,11756.0,2101.0,2.200,0.0,0.400,6058237952.0,2510848.0,1.41139382272e+11,21580062720.0,0.0,0.0,0.0,18841.600,11757.800,2100.800,2.040,4.131,93.774,0.015,0.0,0.040,1493173060.821,
2.081,4.272,93.618,0.0,0.0,0.030,0.0,4096.0,505463.200,846279117.800,0.0,0.0,11932.400,2132.800,2.800,0.200,0.0,6061514752.0,2519040.0,1.4113937408e+11,21576785920.0,0.0,0.0,0.0,4096.0,11929.200,2134.0,2.076,4.276,93.613,0.005,0.0,0.030,1493173065.820,
2.019,4.028,93.867,0.005,0.0,0.080,0.0,4096.0,408366.600,816572176.600,0.0,0.0,11584.200,2150.600,2.200,0.0,0.600,6056853504.0,2527232.0,1.41139382272e+11,21581430784.0,0.0,0.0,0.0,4096.0,11591.200,2149.600,2.019,4.032,93.869,0.0,0.0,0.080,1493173070.821,
2.025,4.200,93.695,0.0,0.0,0.080,0.0,5734.400,534278.600,817963864.0,0.0,0.0,11614.600,2035.200,2.400,0.0,0.400,6048415744.0,2535424.0,1.41139386368e+11,21589856256.0,0.0,0.0,0.0,5734.400,11605.600,2034.200,2.026,4.192,93.701,0.0,0.0,0.080,1493173075.820,
2.015,4.035,93.865,0.020,0.0,0.065,0.0,10649.600,535402.0,828853742.800,0.0,0.0,11418.800,2112.800,2.800,0.0,0.400,6055882752.0,2551808.0,1.41139390464e+11,21582368768.0,0.0,0.0,0.0,10649.600,11420.0,2114.400,2.020,4.039,93.856,0.020,0.0,0.065,1493173080.820,
1.792,3.830,94.283,0.0,0.0,0.095,0.0,8192.0,513696.800,892162615.400,0.0,0.0,11042.600,2362.0,2.600,0.0,0.0,6063382528.0,2560000.0,1.41139390464e+11,21574860800.0,0.0,0.0,0.0,8192.0,11046.400,2362.0,1.787,3.830,94.288,0.0,0.0,0.095,1493173085.821,
1.937,4.039,93.869,0.015,0.0,0.140,0.0,8192.0,473076.200,841818536.400,0.0,0.0,11591.200,2179.400,2.800,0.0,0.800,6055305216.0,2576384.0,1.41139398656e+11,21582913536.0,0.0,0.0,0.0,8192.0,11592.0,2180.800,1.941,4.033,93.871,0.015,0.0,0.140,1493173090.821,
2.109,4.118,93.697,0.005,0.0,0.070,0.0,9011.200,453607.200,837982007.600,0.0,0.0,11794.0,2132.400,2.800,0.0,0.600,6045868032.0,2584576.0,1.41139390464e+11,21592350720.0,0.0,0.0,0.0,9011.200,11791.400,2131.800,2.105,4.119,93.701,0.005,0.0,0.070,1493173095.821,
1.940,4.185,93.810,0.010,0.0,0.055,0.0,9011.200,459570.400,852309576.400,0.0,0.0,11999.600,2145.800,2.200,0.0,0.200,6042873856.0,2592768.0,1.41139398656e+11,21595328512.0,0.0,0.0,0.0,9011.200,11999.600,2144.200,1.940,4.185,93.805,0.010,0.0,0.060,1493173100.821,
2.020,4.170,93.750,0.010,0.0,0.050,0.0,4915.200,509628.600,889728055.400,0.0,0.0,12303.800,2196.0,2.800,0.0,0.0,6055063552.0,2600960.0,1.41139398656e+11,21583130624.0,0.0,0.0,0.0,4915.200,12306.200,2197.600,2.025,4.175,93.740,0.010,0.0,0.050,1493173105.821,
2.154,4.223,93.537,0.020,0.0,0.065,0.0,13926.400,628835.0,903555671.400,0.0,0.0,12782.200,2285.800,2.800,0.0,0.0,6049886208.0,2617344.0,1.41139402752e+11,21588287488.0,0.0,0.0,0.0,13926.400,12780.400,2284.400,2.155,4.224,93.541,0.020,0.0,0.060,1493173110.821,
1.975,4.205,93.745,0.010,0.0,0.065,0.0,8192.0,551784.0,867605036.600,0.0,0.0,12240.600,2210.800,2.200,0.0,0.800,6057848832.0,2625536.0,1.41139406848e+11,21580312576.0,0.0,0.0,0.0,8192.0,12241.200,2210.800,1.975,4.205,93.745,0.010,0.0,0.065,1493173115.820,
0.891,1.932,97.142,0.0,0.0,0.035,0.0,7372.800,217542.200,410494003.0,0.0,0.0,5673.400,1088.400,1.0,0.0,0.0,5882421248.0,2641920.0,1.41139406848e+11,21755723776.0,0.0,0.0,0.0,7372.800,5666.800,1087.400,0.891,1.927,97.147,0.0,0.0,0.035,1493173120.821,
