"Dstat 0.7.2 CSV output"
"Author:","Dag Wieers <dag@wieers.com>",,,,"URL:","http://dag.wieers.com/home-made/dstat/"
"Host:","osd0.skyhook-1osds.skyhook-pg0.wisc.cloudlab.us",,,,"User:","jlefevre"
"Cmdline:","dstat -av --epoch --integer --noheaders --output 1osd.dstat-osd0.log 5",,,,"Date:","25 Apr 2017 15:29:30 CDT"

"total cpu usage",,,,,,"dsk/total",,"net/total",,"paging",,"system",,"procs",,,"memory usage",,,,"paging",,"dsk/total",,"system",,"total cpu usage",,,,,,"epoch"
"usr","sys","idl","wai","hiq","siq","read","writ","recv","send","in","out","int","csw","run","blk","new","used","buff","cach","free","in","out","read","writ","int","csw","usr","sys","idl","wai","hiq","siq","epoch"
0.005,0.010,99.985,0.0,0.0,0.0,0.0,4096.0,1043.200,38616.0,0.0,0.0,96.800,117.200,0.0,0.0,0.0,5876191232.0,2490368.0,1.41088288768e+11,21813223424.0,0.0,0.0,0.0,4096.0,96.800,117.200,0.005,0.010,99.985,0.0,0.0,0.0,1493166115.821,
0.455,1.507,97.858,0.160,0.0,0.020,15008563.200,8192.0,135174.400,435672848.800,0.0,0.0,5780.600,1464.800,1.0,0.0,0.0,6035443712.0,2506752.0,1.41144072192e+11,21598171136.0,0.0,0.0,15008563.200,8192.0,5785.400,1465.400,0.460,1.507,97.853,0.160,0.0,0.020,1493166120.821,
0.195,0.716,99.074,0.010,0.0,0.005,0.0,8192.0,51443.600,207305310.0,0.0,0.0,2755.200,613.0,0.800,0.0,0.200,6035333120.0,2514944.0,1.41144072192e+11,21598273536.0,0.0,0.0,0.0,8192.0,2751.800,613.200,0.190,0.721,99.074,0.010,0.0,0.005,1493166125.821,
0.230,0.901,98.859,0.010,0.0,0.0,0.0,2457.600,59507.0,251300339.200,0.0,0.0,3332.0,761.800,0.600,0.0,0.0,6039031808.0,2523136.0,1.41144072192e+11,21594566656.0,0.0,0.0,0.0,2457.600,3330.800,761.400,0.230,0.896,98.864,0.010,0.0,0.0,1493166130.821,
0.205,0.835,98.939,0.005,0.0,0.015,3626598.400,0.0,51036.400,227062349.400,0.0,0.0,3046.600,712.600,0.0,0.0,0.0,6038294528.0,2523136.0,1.41144072192e+11,21595303936.0,0.0,0.0,3626598.400,0.0,3046.600,712.600,0.205,0.840,98.934,0.005,0.0,0.015,1493166135.821,
0.245,1.071,98.654,0.010,0.0,0.020,3569254.400,2457.600,78755.0,293897113.200,0.0,0.0,3930.0,904.600,0.800,0.0,0.0,6051606528.0,2531328.0,1.41144076288e+11,21581979648.0,0.0,0.0,3569254.400,2457.600,3929.600,905.600,0.245,1.071,98.654,0.010,0.0,0.020,1493166140.821,
0.335,1.316,98.303,0.025,0.0,0.020,7072972.800,0.0,112770.600,369775972.800,0.0,0.0,4923.200,1228.0,0.400,0.0,0.400,6020968448.0,2531328.0,1.41144080384e+11,21612613632.0,0.0,0.0,7072972.800,0.0,4929.0,1228.0,0.335,1.316,98.303,0.025,0.0,0.020,1493166145.821,
0.230,0.886,98.849,0.010,0.0,0.025,0.0,4915.200,55765.0,257764035.400,0.0,0.0,3342.200,854.600,0.0,0.0,0.0,6037377024.0,2539520.0,1.41144080384e+11,21596196864.0,0.0,0.0,0.0,4915.200,3336.800,853.600,0.230,0.881,98.854,0.010,0.0,0.025,1493166150.821,
0.225,0.926,98.804,0.020,0.0,0.025,0.0,9830.400,52634.400,272922861.0,0.0,0.0,3383.400,833.800,0.200,0.0,0.0,6021656576.0,2555904.0,1.41144076288e+11,21611905024.0,0.0,0.0,0.0,9830.400,3384.0,834.0,0.230,0.926,98.799,0.020,0.0,0.025,1493166155.821,
0.235,0.946,98.774,0.020,0.0,0.025,4218880.0,7372.800,79659.0,272423380.400,0.0,0.0,3479.200,889.200,0.600,0.0,0.0,6014287872.0,2564096.0,1.41131399168e+11,21631942656.0,0.0,0.0,4376166.400,7372.800,3480.600,891.400,0.230,0.951,98.774,0.020,0.0,0.025,1493166160.820,
0.230,0.966,98.759,0.010,0.0,0.035,2352742.400,2457.600,88744.600,270010486.600,0.0,0.0,3647.600,852.200,0.400,0.0,0.0,6014935040.0,2572288.0,1.41144076288e+11,21618610176.0,0.0,0.0,2195456.0,2457.600,3645.800,850.200,0.235,0.961,98.759,0.010,0.0,0.035,1493166165.821,
0.225,0.896,98.854,0.0,0.0,0.025,463667.200,0.0,54079.200,256822436.800,0.0,0.0,3436.0,788.600,0.600,0.0,0.0,6012297216.0,2572288.0,1.41130469376e+11,21634854912.0,0.0,0.0,463667.200,0.0,3435.800,788.200,0.220,0.896,98.859,0.0,0.0,0.025,1493166170.821,
0.245,0.926,98.698,0.115,0.0,0.015,28005171.200,2457.600,55158.600,268389006.600,0.0,0.0,3738.400,1214.200,0.200,0.0,0.0,6011449344.0,2580480.0,1.41144076288e+11,21622087680.0,0.0,0.0,28005171.200,2457.600,3744.0,1216.600,0.245,0.931,98.693,0.115,0.0,0.015,1493166175.821,
0.486,1.712,97.657,0.125,0.0,0.020,15013478.400,0.0,175404.0,492248510.200,0.0,0.0,6641.0,1647.600,0.600,0.0,0.400,6012768256.0,2580480.0,1.4114299904e+11,21621846016.0,0.0,0.0,15013478.400,0.0,6635.400,1645.200,0.486,1.707,97.662,0.125,0.0,0.020,1493166180.821,
0.571,2.092,97.252,0.010,0.0,0.075,0.0,4915.200,251768.400,635980590.0,0.0,0.0,7902.800,1764.0,0.800,0.0,0.0,6027034624.0,2588672.0,1.4114408448e+11,21606486016.0,0.0,0.0,0.0,4915.200,7903.400,1764.400,0.570,2.092,97.253,0.010,0.0,0.075,1493166185.820,
0.556,2.072,97.217,0.100,0.0,0.055,10787225.600,9011.200,243839.600,640271161.600,0.0,0.0,8026.800,1962.400,0.600,0.400,0.0,6009077760.0,2605056.0,1.41143056384e+11,21625454592.0,0.0,0.0,10787225.600,9011.200,8031.800,1962.400,0.561,2.072,97.212,0.100,0.0,0.055,1493166190.821,
0.430,1.782,97.732,0.005,0.0,0.050,0.0,4915.200,244805.600,532116151.0,0.0,0.0,6683.0,1495.200,1.0,0.0,0.0,6019469312.0,2613248.0,1.41144080384e+11,21614030848.0,0.0,0.0,0.0,4915.200,6677.800,1495.200,0.430,1.782,97.732,0.005,0.0,0.050,1493166195.821,
0.456,1.768,97.682,0.060,0.0,0.035,10228531.200,2457.600,258669.800,498055306.800,0.0,0.0,6804.800,1567.600,1.200,0.0,0.0,6001102848.0,2621440.0,1.41121564672e+11,21654904832.0,0.0,0.0,10240000.0,2457.600,6809.400,1569.800,0.456,1.773,97.677,0.060,0.0,0.035,1493166200.821,
0.466,1.708,97.746,0.060,0.0,0.020,9414246.400,0.0,275361.200,507085257.0,0.0,0.0,6770.200,1525.800,0.800,0.0,0.0,6016561152.0,2621440.0,1.41144055808e+11,21616955392.0,0.0,0.0,9402777.600,0.0,6765.200,1523.200,0.461,1.703,97.756,0.060,0.0,0.020,1493166205.821,
0.235,0.961,98.789,0.005,0.0,0.010,2457.600,2457.600,68466.200,278184785.800,0.0,0.0,3711.600,862.400,0.800,0.0,0.600,6023401472.0,2629632.0,1.41144072192e+11,21610090496.0,0.0,0.0,2457.600,2457.600,3713.400,862.600,0.240,0.961,98.784,0.005,0.0,0.010,1493166210.821,
0.300,1.296,98.349,0.025,0.0,0.030,4547379.200,6553.600,121302.0,365084374.0,0.0,0.0,4929.800,1171.600,0.600,0.0,0.0,6019043328.0,2637824.0,1.41144072192e+11,21614440448.0,0.0,0.0,4547379.200,6553.600,4928.0,1171.600,0.295,1.296,98.354,0.025,0.0,0.030,1493166215.821,
0.436,1.718,97.702,0.125,0.0,0.020,16805068.800,12288.0,161189.400,498525810.400,0.0,0.0,6600.400,1759.0,1.0,0.0,0.0,6013829120.0,2654208.0,1.4114316288e+11,21620547584.0,0.0,0.0,16805068.800,12288.0,6606.200,1759.800,0.436,1.722,97.697,0.125,0.0,0.020,1493166220.821,
0.320,1.396,98.263,0.010,0.0,0.010,0.0,4915.200,155043.400,411093423.800,0.0,0.0,5386.200,1165.800,1.400,0.200,0.0,6024769536.0,2662400.0,1.41144055808e+11,21608706048.0,0.0,0.0,0.0,4915.200,5380.800,1165.200,0.325,1.396,98.259,0.010,0.0,0.010,1493166225.821,
0.310,1.311,98.374,0.0,0.0,0.005,0.0,2457.600,140460.200,375974969.600,0.0,0.0,4946.200,1049.800,1.0,0.0,0.0,6015991808.0,2662400.0,1.41144055808e+11,21617483776.0,0.0,0.0,0.0,2457.600,4951.200,1052.0,0.310,1.306,98.378,0.0,0.0,0.005,1493166230.821,
0.400,1.587,97.978,0.005,0.0,0.030,0.0,2457.600,170204.400,468841127.400,0.0,0.0,6151.600,1286.0,1.0,0.0,0.0,6017409024.0,2670592.0,1.41144055808e+11,21616058368.0,0.0,0.0,0.0,2457.600,6146.200,1283.400,0.400,1.586,97.978,0.005,0.0,0.030,1493166235.821,
0.290,1.326,98.378,0.0,0.0,0.005,0.0,0.0,129670.800,374438690.0,0.0,0.0,5002.600,1068.200,1.200,0.0,0.0,6017425408.0,2670592.0,1.41144055808e+11,21616041984.0,0.0,0.0,0.0,0.0,5003.200,1068.400,0.290,1.331,98.374,0.0,0.0,0.005,1493166240.821,
0.345,1.406,98.204,0.005,0.0,0.040,0.0,2457.600,164488.600,416944667.800,0.0,0.0,5179.200,1210.600,0.600,0.0,0.400,6030327808.0,2678784.0,1.41144059904e+11,21603127296.0,0.0,0.0,0.0,2457.600,5178.800,1210.400,0.340,1.401,98.214,0.005,0.0,0.040,1493166245.821,
0.230,0.941,98.809,0.015,0.0,0.005,0.0,6553.600,75685.400,271026356.800,0.0,0.0,3655.400,807.600,0.400,0.0,0.0,6024626176.0,2686976.0,1.41144055808e+11,21608824832.0,0.0,0.0,0.0,6553.600,3657.200,807.200,0.230,0.941,98.809,0.015,0.0,0.005,1493166250.821,
0.240,0.921,98.824,0.005,0.0,0.010,0.0,3276.800,57805.800,269698029.0,0.0,0.0,3496.400,760.800,0.200,0.0,0.0,6024339456.0,2695168.0,1.41144055808e+11,21609103360.0,0.0,0.0,0.0,3276.800,3499.200,761.0,0.240,0.921,98.824,0.005,0.0,0.010,1493166255.821,
0.210,0.821,98.934,0.010,0.0,0.025,1367244.800,7372.800,46928.800,241345623.600,0.0,0.0,3166.800,775.400,0.400,0.0,0.0,6028476416.0,2711552.0,1.41144055808e+11,21604950016.0,0.0,0.0,1367244.800,7372.800,3162.800,775.200,0.210,0.821,98.934,0.010,0.0,0.025,1493166260.821,
0.200,0.806,98.989,0.0,0.0,0.005,0.0,0.0,46635.200,238575967.400,0.0,0.0,3086.600,718.200,0.400,0.0,0.0,6024085504.0,2711552.0,1.41144055808e+11,21609340928.0,0.0,0.0,0.0,0.0,3088.400,718.800,0.200,0.811,98.984,0.0,0.0,0.005,1493166265.821,
0.275,1.141,98.563,0.010,0.0,0.010,0.0,2457.600,99994.400,337958601.600,0.0,0.0,4403.0,1013.800,0.800,0.0,0.0,6013603840.0,2719744.0,1.41144055808e+11,21619814400.0,0.0,0.0,0.0,2457.600,4400.200,1013.200,0.275,1.137,98.568,0.010,0.0,0.010,1493166270.821,
0.451,1.717,97.807,0.0,0.0,0.025,0.0,0.0,174051.400,513160698.800,0.0,0.0,6655.600,1465.800,1.0,0.0,0.400,6022033408.0,2719744.0,1.41144059904e+11,21611380736.0,0.0,0.0,0.0,0.0,6661.800,1467.200,0.456,1.717,97.802,0.0,0.0,0.025,1493166275.821,
0.441,1.732,97.782,0.005,0.0,0.040,0.0,3276.800,207738.800,565025958.600,0.0,0.0,6830.800,1557.0,0.800,0.0,0.0,6020947968.0,2727936.0,1.41144059904e+11,21612457984.0,0.0,0.0,0.0,3276.800,6830.200,1556.600,0.441,1.732,97.782,0.005,0.0,0.040,1493166280.821,
0.596,2.153,97.201,0.015,0.0,0.035,0.0,6553.600,240505.200,705296387.400,0.0,0.0,8586.0,1884.200,1.0,0.0,0.0,6018039808.0,2736128.0,1.41144059904e+11,21615357952.0,0.0,0.0,0.0,6553.600,8584.400,1884.0,0.591,2.153,97.206,0.015,0.0,0.035,1493166285.820,
0.621,2.149,97.140,0.050,0.0,0.040,6751027.200,23756.800,232261.200,697385405.200,0.0,9830.400,8742.600,1982.800,1.0,0.0,0.0,6017044480.0,2752512.0,1.41142089728e+11,21618307072.0,0.0,9830.400,6751027.200,23756.800,8739.200,1982.800,0.626,2.154,97.130,0.050,0.0,0.040,1493166290.821,
0.275,1.050,98.615,0.010,0.0,0.050,0.0,2457.600,62711.400,317486524.600,0.0,0.0,3922.600,921.800,0.800,0.0,0.0,6016073728.0,2760704.0,1.41144055808e+11,21617303552.0,0.0,0.0,0.0,2457.600,3922.200,921.0,0.270,1.050,98.620,0.010,0.0,0.050,1493166295.821,
0.165,0.665,99.154,0.0,0.0,0.015,0.0,0.0,48436.200,195904882.400,0.0,0.0,2620.600,577.400,0.0,0.0,0.0,6016581632.0,2760704.0,1.41144055808e+11,21616795648.0,0.0,0.0,0.0,0.0,2620.400,577.400,0.170,0.660,99.154,0.0,0.0,0.015,1493166300.821,
0.210,0.811,98.969,0.005,0.0,0.005,0.0,2457.600,47450.0,229109243.400,0.0,0.0,3024.400,654.800,0.800,0.0,0.0,6016385024.0,2768896.0,1.41144055808e+11,21616984064.0,0.0,0.0,0.0,2457.600,3024.600,655.200,0.205,0.811,98.974,0.005,0.0,0.005,1493166305.821,
0.290,1.101,98.589,0.0,0.0,0.020,0.0,0.0,73740.800,317982331.0,0.0,0.0,4169.400,957.600,1.600,0.0,0.400,6016229376.0,2768896.0,1.41144059904e+11,21617135616.0,0.0,0.0,0.0,0.0,4172.400,957.800,0.290,1.101,98.589,0.0,0.0,0.020,1493166310.821,
0.295,1.136,98.514,0.020,0.0,0.035,0.0,9830.400,71037.800,333784613.200,0.0,0.0,4352.200,979.0,0.800,0.0,0.0,6020870144.0,2785280.0,1.41144059904e+11,21612478464.0,0.0,0.0,0.0,9830.400,4354.600,979.200,0.300,1.136,98.509,0.020,0.0,0.035,1493166315.821,
0.340,1.281,98.363,0.0,0.0,0.015,0.0,4915.200,76096.600,371275737.600,0.0,0.0,4815.400,1039.800,0.400,0.0,0.0,6020071424.0,2793472.0,1.41144055808e+11,21613273088.0,0.0,0.0,0.0,4915.200,4810.0,1039.400,0.335,1.281,98.368,0.0,0.0,0.015,1493166320.821,
0.210,1.001,98.779,0.005,0.0,0.005,0.0,4096.0,76873.400,269359968.200,0.0,0.0,3624.600,778.400,0.600,0.0,0.0,6036942848.0,2801664.0,1.41144059904e+11,21596389376.0,0.0,0.0,0.0,4096.0,3626.600,779.0,0.210,1.001,98.779,0.005,0.0,0.005,1493166325.821,
0.260,1.071,98.664,0.0,0.0,0.005,0.0,4915.200,103000.400,294580373.600,0.0,0.0,4048.600,861.600,0.600,0.0,0.0,6029746176.0,2809856.0,1.41144055808e+11,21603581952.0,0.0,0.0,0.0,4915.200,4053.400,862.200,0.260,1.071,98.664,0.0,0.0,0.005,1493166330.821,
0.335,1.407,98.242,0.0,0.0,0.015,0.0,2457.600,184242.400,409088862.600,0.0,0.0,5532.200,1183.400,0.400,0.0,0.0,6022000640.0,2809856.0,1.41144059904e+11,21611323392.0,0.0,0.0,0.0,2457.600,5527.400,1182.0,0.335,1.407,98.243,0.0,0.0,0.015,1493166335.821,
0.310,1.221,98.443,0.005,0.0,0.020,0.0,2457.600,83766.400,353196111.400,0.0,0.0,4621.0,1012.600,0.600,0.0,0.400,6027329536.0,2818048.0,1.41144064e+11,21605982208.0,0.0,0.0,0.0,2457.600,4619.0,1012.800,0.315,1.221,98.438,0.005,0.0,0.020,1493166340.821,
0.285,1.091,98.604,0.0,0.0,0.020,0.0,2457.600,64457.0,313507146.400,0.0,0.0,3985.400,915.400,0.400,0.0,0.200,6028406784.0,2818048.0,1.41144064e+11,21604904960.0,0.0,0.0,0.0,2457.600,3985.600,915.400,0.285,1.091,98.604,0.0,0.0,0.020,1493166345.821,
0.290,1.181,98.499,0.020,0.0,0.010,0.0,188416.0,66157.600,315432607.200,0.0,180224.0,4142.400,953.0,0.600,0.200,0.0,6011822080.0,2834432.0,1.41136064512e+11,21629472768.0,0.0,180224.0,0.0,188416.0,4142.200,953.0,0.290,1.181,98.499,0.020,0.0,0.010,1493166350.821,
0.446,1.768,97.752,0.015,0.0,0.020,0.0,4096.0,223368.400,511157952.800,0.0,0.0,6675.800,1443.200,1.200,0.0,0.0,6018134016.0,2842624.0,1.41136064512e+11,21623152640.0,0.0,0.0,0.0,4096.0,6681.0,1443.600,0.441,1.773,97.752,0.015,0.0,0.020,1493166355.821,
0.250,1.171,98.568,0.005,0.0,0.005,0.0,40140.800,90546.0,316510858.400,0.0,36864.0,4192.800,914.0,0.200,0.0,0.0,6025469952.0,2850816.0,1.41132263424e+11,21619609600.0,0.0,36864.0,0.0,40140.800,4187.600,913.600,0.250,1.166,98.574,0.005,0.0,0.005,1493166360.821,
0.220,0.936,98.839,0.0,0.0,0.005,0.0,2457.600,68221.600,267634203.0,0.0,0.0,3570.0,737.400,0.400,0.0,0.0,6027558912.0,2859008.0,1.41131972608e+11,21617803264.0,0.0,0.0,0.0,2457.600,3570.200,738.600,0.220,0.936,98.839,0.0,0.0,0.005,1493166365.821,
0.255,1.071,98.673,0.0,0.0,0.0,0.0,0.0,88330.200,308290347.600,0.0,0.0,4180.400,854.600,0.400,0.0,0.0,6012678144.0,2859008.0,1.41131972608e+11,21632684032.0,0.0,0.0,0.0,0.0,4180.200,853.0,0.260,1.071,98.669,0.0,0.0,0.0,1493166370.821,
0.280,1.207,98.498,0.005,0.0,0.010,0.0,2457.600,112721.0,346222977.600,0.0,0.0,4681.200,965.800,0.800,0.0,0.400,6021038080.0,2867200.0,1.41131976704e+11,21624311808.0,0.0,0.0,0.0,2457.600,4687.800,966.400,0.280,1.207,98.498,0.005,0.0,0.010,1493166375.821,
0.390,1.607,97.982,0.0,0.0,0.020,0.0,4096.0,182779.400,453280720.600,0.0,0.0,6090.800,1340.400,1.0,0.200,0.0,6020042752.0,2875392.0,1.41131972608e+11,21625303040.0,0.0,0.0,0.0,4096.0,6090.400,1340.800,0.385,1.607,97.983,0.005,0.0,0.020,1493166380.821,
0.351,1.448,98.161,0.020,0.0,0.020,0.0,3276.800,197604.600,429522887.400,0.0,0.0,5843.600,1277.600,1.200,0.0,0.0,6019923968.0,2883584.0,1.41131976704e+11,21625409536.0,0.0,0.0,0.0,3276.800,5842.400,1276.800,0.351,1.448,98.166,0.015,0.0,0.020,1493166385.821,
0.240,1.091,98.649,0.010,0.0,0.010,26214.400,4915.200,80734.600,286913343.200,0.0,0.0,3835.400,859.400,0.400,0.0,0.200,6023958528.0,2891776.0,1.41131976704e+11,21621366784.0,0.0,0.0,26214.400,4915.200,3830.200,859.200,0.240,1.091,98.649,0.010,0.0,0.010,1493166390.821,
0.245,1.106,98.629,0.020,0.0,0.0,2390425.600,7372.800,83276.0,311275867.800,0.0,0.0,4068.600,933.0,1.200,0.0,0.0,6031757312.0,2908160.0,1.41144059904e+11,21601468416.0,0.0,0.0,2390425.600,7372.800,4069.200,933.800,0.245,1.111,98.624,0.020,0.0,0.0,1493166395.821,
0.351,1.372,98.262,0.005,0.0,0.010,0.0,4915.200,115626.600,398890006.0,0.0,0.0,5106.0,1133.800,1.0,0.0,0.0,6022238208.0,2916352.0,1.41144059904e+11,21610979328.0,0.0,0.0,0.0,4915.200,5109.400,1133.600,0.356,1.367,98.262,0.005,0.0,0.010,1493166400.821,
0.310,1.362,98.323,0.0,0.0,0.005,0.0,2457.600,120526.0,384574506.200,0.0,0.0,5012.200,1127.600,0.800,0.0,0.0,6034739200.0,2916352.0,1.41144059904e+11,21598478336.0,0.0,0.0,0.0,2457.600,5008.600,1127.400,0.305,1.367,98.323,0.0,0.0,0.005,1493166405.821,
0.245,1.101,98.633,0.005,0.0,0.015,0.0,2457.600,89998.0,316402779.400,0.0,0.0,4166.0,929.200,0.800,0.0,0.400,6040358912.0,2924544.0,1.41144064e+11,21592846336.0,0.0,0.0,0.0,2457.600,4166.200,929.600,0.245,1.101,98.633,0.005,0.0,0.015,1493166410.821,
0.300,1.326,98.368,0.0,0.0,0.005,0.0,819.200,117050.200,363367848.800,0.0,0.0,4974.800,1088.800,0.400,0.0,0.0,6036348928.0,2924544.0,1.41144064e+11,21596856320.0,0.0,0.0,0.0,819.200,4978.400,1088.800,0.300,1.326,98.368,0.0,0.0,0.005,1493166415.821,
0.290,1.261,98.413,0.025,0.0,0.010,0.0,76185.600,109146.400,345256955.200,0.0,65536.0,4507.0,1029.800,0.200,0.200,0.0,6012612608.0,2940928.0,1.41135589376e+11,21629050880.0,0.0,65536.0,0.0,76185.600,4503.0,1029.400,0.290,1.261,98.414,0.025,0.0,0.010,1493166420.821,
0.225,0.866,98.884,0.015,0.0,0.010,0.0,4915.200,50524.600,253944051.600,0.0,0.0,3300.600,764.200,0.0,0.0,0.200,6013403136.0,2949120.0,1.41135589376e+11,21628252160.0,0.0,0.0,0.0,4915.200,3303.0,764.600,0.225,0.861,98.889,0.015,0.0,0.010,1493166425.821,
0.250,1.161,98.574,0.005,0.0,0.010,78643.200,131072.0,88601.0,315798664.800,0.0,127795.200,4253.400,952.800,0.600,0.0,0.0,6013714432.0,2957312.0,1.41114232832e+11,21649289216.0,0.0,127795.200,78643.200,131072.0,4251.400,952.800,0.250,1.161,98.574,0.005,0.0,0.010,1493166430.821,
0.336,1.343,98.317,0.0,0.0,0.005,0.0,19660.800,167167.800,408369853.0,0.0,19660.800,5411.0,1180.600,1.0,0.0,0.0,6027096064.0,2957312.0,1.41109624832e+11,21640515584.0,0.0,19660.800,0.0,19660.800,5411.200,1180.800,0.341,1.342,98.312,0.0,0.0,0.005,1493166435.821,
0.441,1.723,97.792,0.005,0.0,0.040,0.0,3276.800,263898.0,526342258.0,0.0,0.0,6813.600,1502.200,1.0,0.0,0.0,6015754240.0,2965504.0,1.41109624832e+11,21651849216.0,0.0,0.0,0.0,3276.800,6813.0,1501.600,0.436,1.723,97.797,0.005,0.0,0.040,1493166440.821,
0.476,1.803,97.681,0.0,0.0,0.040,0.0,0.0,266495.0,529871633.200,0.0,0.0,7295.600,1501.200,0.800,0.0,0.400,6030315520.0,2965504.0,1.41109628928e+11,21637283840.0,0.0,0.0,0.0,0.0,7300.600,1501.200,0.476,1.808,97.676,0.0,0.0,0.040,1493166445.821,
0.245,1.001,98.749,0.005,0.0,0.0,0.0,4915.200,60630.800,281975066.600,0.0,0.0,3673.200,854.600,0.400,0.0,0.0,6034067456.0,2973696.0,1.41109628928e+11,21633523712.0,0.0,0.0,0.0,4915.200,3674.400,857.200,0.250,0.996,98.749,0.005,0.0,0.0,1493166450.821,
0.445,1.672,97.813,0.025,0.0,0.045,3427532.800,4915.200,255402.400,487357138.200,0.0,0.0,6430.600,1439.0,1.0,0.200,0.0,6032146432.0,2981888.0,1.41126766592e+11,21618298880.0,0.0,0.0,3427532.800,4915.200,6428.400,1436.800,0.440,1.672,97.818,0.025,0.0,0.045,1493166455.821,
0.330,1.377,98.272,0.010,0.0,0.010,104857.600,2457.600,175570.400,411303544.400,0.0,0.0,5433.400,1145.600,0.800,0.0,0.0,6022111232.0,2990080.0,1.4112729088e+11,21627801600.0,0.0,0.0,104857.600,2457.600,5429.400,1145.200,0.330,1.382,98.267,0.010,0.0,0.010,1493166460.821,
0.170,0.695,99.124,0.005,0.0,0.005,104857.600,6553.600,53979.0,197698174.200,0.0,0.0,2626.800,581.600,0.400,0.0,0.0,6023270400.0,2998272.0,1.41127815168e+11,21626109952.0,0.0,0.0,104857.600,6553.600,2626.800,581.600,0.170,0.691,99.129,0.005,0.0,0.005,1493166465.821,
0.145,0.685,99.165,0.005,0.0,0.0,0.0,4915.200,33149.400,186714465.200,0.0,0.0,2434.600,591.0,0.600,0.0,0.0,6029651968.0,3006464.0,1.41127815168e+11,21619720192.0,0.0,0.0,0.0,4915.200,2435.0,591.400,0.145,0.690,99.160,0.005,0.0,0.0,1493166470.821,
0.160,0.640,99.200,0.0,0.0,0.0,0.0,0.0,36874.800,179851957.0,0.0,0.0,2385.0,546.800,0.600,0.0,0.0,6035808256.0,3006464.0,1.41127815168e+11,21613563904.0,0.0,0.0,0.0,0.0,2389.400,546.800,0.160,0.635,99.205,0.0,0.0,0.0,1493166475.821,
0.165,0.665,99.155,0.010,0.0,0.005,0.0,5734.400,31866.0,187834837.0,0.0,0.0,2463.0,581.400,0.0,0.0,0.400,6023262208.0,3014656.0,1.41127819264e+11,21626097664.0,0.0,0.0,0.0,5734.400,2458.200,581.0,0.165,0.665,99.155,0.010,0.0,0.005,1493166480.821,
0.255,0.976,98.754,0.0,0.0,0.015,348160.0,0.0,53852.0,283192383.600,0.0,0.0,3712.0,848.0,0.400,0.0,0.0,6023438336.0,3014656.0,1.4112956416e+11,21624176640.0,0.0,0.0,348160.0,0.0,3712.0,848.0,0.255,0.976,98.754,0.0,0.0,0.015,1493166485.821,
0.345,1.371,98.228,0.025,0.0,0.030,260505.600,10649.600,133927.0,397996749.200,0.0,0.0,5255.800,1200.800,0.800,0.200,0.0,6020894720.0,3031040.0,1.41130862592e+11,21625405440.0,0.0,0.0,260505.600,10649.600,5256.400,1201.400,0.350,1.371,98.223,0.025,0.0,0.030,1493166490.821,
0.220,0.996,98.749,0.010,0.0,0.025,0.0,4915.200,90324.400,280104912.600,0.0,0.0,3782.200,844.200,0.400,0.0,0.0,6020947968.0,3039232.0,1.41130862592e+11,21625344000.0,0.0,0.0,0.0,4915.200,3781.600,843.600,0.220,0.996,98.749,0.010,0.0,0.025,1493166495.821,
0.225,1.056,98.709,0.005,0.0,0.005,0.0,3276.800,84787.400,291009658.800,0.0,0.0,3896.800,820.0,0.200,0.0,0.0,6033780736.0,3047424.0,1.41130862592e+11,21612503040.0,0.0,0.0,0.0,3276.800,3896.800,820.0,0.225,1.056,98.709,0.005,0.0,0.005,1493166500.821,
0.255,1.101,98.634,0.0,0.0,0.010,0.0,0.0,81766.400,302892577.0,0.0,0.0,4099.600,833.400,0.800,0.0,0.0,6027890688.0,3047424.0,1.41130862592e+11,21618393088.0,0.0,0.0,0.0,0.0,4100.200,833.800,0.250,1.106,98.634,0.0,0.0,0.010,1493166505.821,
0.300,1.346,98.334,0.010,0.0,0.010,0.0,2457.600,109420.200,372574903.200,0.0,0.0,4953.400,1099.600,1.0,0.0,0.0,6032166912.0,3055616.0,1.41130862592e+11,21614108672.0,0.0,0.0,0.0,2457.600,4956.800,1100.400,0.300,1.346,98.334,0.010,0.0,0.010,1493166510.821,
0.220,0.881,98.889,0.0,0.0,0.010,0.0,0.0,52425.200,248630226.200,0.0,0.0,3259.400,741.400,0.0,0.0,0.0,6020694016.0,3055616.0,1.41130862592e+11,21625581568.0,0.0,0.0,0.0,0.0,3255.400,740.200,0.220,0.876,98.894,0.0,0.0,0.010,1493166515.821,
0.215,0.885,98.879,0.010,0.0,0.010,0.0,6553.600,55689.600,243701658.600,0.0,0.0,3238.600,751.200,0.400,0.0,0.400,6036037632.0,3063808.0,1.41130866688e+11,21610225664.0,0.0,0.0,0.0,6553.600,3239.200,751.600,0.215,0.886,98.879,0.010,0.0,0.010,1493166520.821,
0.401,1.678,97.897,0.005,0.0,0.020,2100428.800,4915.200,170897.0,487998745.600,0.0,0.0,6431.600,1446.0,0.600,0.0,0.0,6024986624.0,3072000.0,1.41141364736e+11,21610770432.0,0.0,0.0,2100428.800,4915.200,6437.400,1446.800,0.406,1.678,97.892,0.005,0.0,0.020,1493166525.821,
0.095,0.405,99.495,0.005,0.0,0.0,0.0,2457.600,53163.800,137612011.800,0.0,0.0,1851.800,445.200,0.0,0.0,0.0,5862686720.0,3080192.0,1.41141368832e+11,21773058048.0,0.0,0.0,0.0,2457.600,1845.200,443.600,0.090,0.405,99.500,0.005,0.0,0.0,1493166530.821,
