"Dstat 0.7.2 CSV output"
"Author:","Dag Wieers <dag@wieers.com>",,,,"URL:","http://dag.wieers.com/home-made/dstat/"
"Host:","client0.skyhook-1osds.skyhook-pg0.wisc.cloudlab.us",,,,"User:","jlefevre"
"Cmdline:","dstat -av --epoch --integer --noheaders --output 1osd.dstat-client0.log 5",,,,"Date:","25 Apr 2017 15:29:27 CDT"

"total cpu usage",,,,,,"dsk/total",,"net/total",,"paging",,"system",,"procs",,,"memory usage",,,,"paging",,"dsk/total",,"system",,"total cpu usage",,,,,,"epoch"
"usr","sys","idl","wai","hiq","siq","read","writ","recv","send","in","out","int","csw","run","blk","new","used","buff","cach","free","in","out","read","writ","int","csw","usr","sys","idl","wai","hiq","siq","epoch"
0.045,0.060,99.875,0.010,0.0,0.010,0.0,32768.0,40389.200,1201.800,0.0,0.0,412.400,6643.200,0.400,0.0,0.0,5487173632.0,233492480.0,1.4741471232e+11,15644815360.0,0.0,0.0,0.0,32768.0,412.400,6643.200,0.045,0.060,99.875,0.010,0.0,0.010,1493182137.149,
2.001,1.640,96.239,0.010,0.0,0.110,0.0,13107.200,230627535.400,72814.600,0.0,0.0,4390.200,9248.600,2.200,0.0,5.200,5615009792.0,233504768.0,1.4741471232e+11,15516966912.0,0.0,0.0,0.0,13107.200,4392.800,9250.600,2.006,1.635,96.239,0.010,0.0,0.110,1493182142.149,
3.192,2.160,94.442,0.015,0.0,0.190,0.0,55705.600,371575813.200,97940.600,0.0,0.0,5915.200,10282.0,2.400,0.0,0.0,5622267904.0,233504768.0,1.47414822912e+11,15509598208.0,0.0,0.0,0.0,55705.600,5915.800,10280.0,3.187,2.165,94.442,0.015,0.0,0.190,1493182147.149,
1.926,2.182,95.625,0.035,0.0,0.231,0.0,63897.600,237717630.0,49098.0,0.0,0.0,4230.200,8103.800,1.400,0.0,0.400,5627281408.0,233512960.0,1.47414953984e+11,15504445440.0,0.0,0.0,0.0,63897.600,4228.400,8104.200,1.931,2.177,95.625,0.035,0.0,0.231,1493182152.149,
2.137,2.197,95.431,0.030,0.0,0.206,0.0,54067.200,251743853.0,51480.0,0.0,0.0,4527.800,8343.600,1.600,0.0,0.400,5630164992.0,233512960.0,1.47415068672e+11,15501447168.0,0.0,0.0,0.0,54067.200,4526.400,8343.600,2.136,2.201,95.427,0.030,0.0,0.206,1493182157.149,
4.442,1.174,93.882,0.141,0.0,0.361,0.0,1855488.0,507757325.600,180884.200,0.0,0.0,12882.600,12036.200,2.200,0.0,0.0,5659480064.0,233521152.0,1.47409784832e+11,15477407744.0,0.0,0.0,0.0,1855488.0,12888.0,12040.0,4.443,1.170,93.886,0.141,0.0,0.361,1493182162.149,
4.823,0.882,93.738,0.040,0.0,0.516,0.0,80281.600,518133449.200,187720.800,0.0,0.0,7611.200,10637.800,3.200,0.0,0.0,5696315392.0,233521152.0,1.47410100224e+11,15440257024.0,0.0,0.0,0.0,80281.600,7612.800,10635.200,4.823,0.882,93.738,0.040,0.0,0.516,1493182167.149,
4.849,1.033,93.642,0.010,0.0,0.466,0.0,101580.800,518426333.600,111837.400,0.0,0.0,7600.200,8995.0,2.800,0.0,0.0,5694357504.0,233533440.0,1.47410264064e+11,15442038784.0,0.0,0.0,0.0,101580.800,7596.400,8993.800,4.850,1.038,93.636,0.010,0.0,0.466,1493182172.149,
5.014,1.019,93.415,0.015,0.0,0.537,0.0,67993.600,517579540.0,157433.400,0.0,0.0,7764.600,9868.200,2.600,0.0,0.400,5694193664.0,233541632.0,1.47410432e+11,15442026496.0,0.0,0.0,0.0,67993.600,7767.600,9873.400,5.013,1.019,93.417,0.015,0.0,0.537,1493182177.149,
4.802,0.818,93.924,0.025,0.0,0.432,0.0,70451.200,517284390.600,161563.200,0.0,0.0,7065.600,11232.200,2.0,0.0,0.0,5716353024.0,233545728.0,1.47410612224e+11,15419682816.0,0.0,0.0,0.0,70451.200,7064.200,11233.400,4.797,0.818,93.928,0.025,0.0,0.432,1493182182.149,
4.781,0.802,93.906,0.035,0.0,0.476,0.0,67993.600,518518382.800,173483.600,0.0,0.0,6962.400,11461.200,2.600,0.0,0.0,5706670080.0,233558016.0,1.47410776064e+11,15429189632.0,0.0,0.0,0.0,67993.600,6963.200,11454.400,4.786,0.802,93.901,0.035,0.0,0.476,1493182187.149,
4.697,0.828,94.019,0.015,0.0,0.442,0.0,67174.400,519505874.800,175329.400,0.0,0.0,7003.200,11291.400,2.200,0.0,0.400,5728964608.0,233562112.0,1.47410952192e+11,15406714880.0,0.0,0.0,0.0,67174.400,7002.800,11295.200,4.696,0.828,94.019,0.015,0.0,0.442,1493182192.149,
4.613,0.822,94.038,0.045,0.0,0.481,0.0,72908.800,507846122.200,171192.600,0.0,0.0,6821.400,11524.0,3.200,0.0,0.0,5706436608.0,233570304.0,1.4741112832e+11,15429058560.0,0.0,0.0,0.0,72908.800,6815.800,11520.200,4.609,0.817,94.047,0.045,0.0,0.481,1493182197.149,
4.510,0.873,94.181,0.015,0.0,0.421,0.0,73728.0,516059389.200,166986.800,0.0,0.0,7454.800,10770.200,2.800,0.0,0.600,5694574592.0,233570304.0,1.47411300352e+11,15440748544.0,0.0,0.0,0.0,73728.0,7455.400,10770.200,4.515,0.873,94.176,0.015,0.0,0.421,1493182202.149,
4.820,0.948,93.751,0.005,0.0,0.476,0.0,82739.200,519007014.400,109004.400,0.0,0.0,7326.600,9289.200,2.200,0.0,0.0,5681025024.0,233586688.0,1.47411464192e+11,15454117888.0,0.0,0.0,0.0,82739.200,7327.0,9289.400,4.824,0.948,93.746,0.005,0.0,0.476,1493182207.149,
4.651,0.973,93.924,0.015,0.0,0.436,0.0,70451.200,503891586.600,99090.600,0.0,0.0,7072.800,9441.0,2.600,0.0,0.0,5699264512.0,233603072.0,1.47411632128e+11,15435694080.0,0.0,0.0,0.0,70451.200,7077.800,9443.800,4.645,0.978,93.925,0.015,0.0,0.436,1493182212.149,
4.904,0.963,93.632,0.020,0.0,0.481,0.0,68812.800,517720246.400,113773.600,0.0,0.0,7262.800,9584.800,3.0,0.0,0.0,5696823296.0,233607168.0,1.47411800064e+11,15437963264.0,0.0,0.0,0.0,68812.800,7262.400,9582.0,4.910,0.963,93.626,0.020,0.0,0.481,1493182217.149,
4.953,1.014,93.532,0.035,0.0,0.467,0.0,69632.0,514770146.400,105006.600,0.0,0.0,8080.800,9407.0,2.400,0.0,0.400,5702778880.0,233627648.0,1.47411968e+11,15431819264.0,0.0,0.0,0.0,69632.0,8075.200,9406.800,4.943,1.009,93.547,0.035,0.0,0.467,1493182222.149,
4.635,0.737,94.111,0.035,0.0,0.482,0.0,63897.600,519009595.800,181425.400,0.0,0.0,6956.400,11950.800,1.600,0.0,0.600,5701558272.0,233627648.0,1.4741213184e+11,15432876032.0,0.0,0.0,0.0,63897.600,6956.600,11950.800,4.640,0.737,94.106,0.035,0.0,0.482,1493182227.149,
4.739,0.777,94.112,0.015,0.0,0.356,0.0,78643.200,523234473.800,200942.400,0.0,0.0,7264.600,12629.400,1.600,0.0,0.200,5700231168.0,233635840.0,1.4741231616e+11,15434010624.0,0.0,0.0,0.0,78643.200,7270.600,12629.400,4.739,0.777,94.112,0.015,0.0,0.356,1493182232.149,
4.644,0.923,93.967,0.045,0.0,0.421,0.0,72908.800,519483064.400,121257.800,0.0,0.0,7259.0,9797.600,3.400,0.0,0.0,5684805632.0,233635840.0,1.47412484096e+11,15449268224.0,0.0,0.0,0.0,72908.800,7258.600,9797.600,4.643,0.923,93.968,0.045,0.0,0.421,1493182237.149,
4.506,0.833,94.264,0.035,0.0,0.361,0.0,89292.800,516232465.0,148555.400,0.0,0.0,7221.200,11156.600,2.800,0.0,0.400,5713059840.0,233644032.0,1.47412656128e+11,15420833792.0,0.0,0.0,0.0,89292.800,7221.200,11157.400,4.511,0.833,94.254,0.035,0.0,0.366,1493182242.149,
4.616,1.017,93.876,0.015,0.0,0.476,0.0,72908.800,514341757.800,100038.0,0.0,0.0,9900.600,9181.800,2.400,0.0,0.200,5708492800.0,233652224.0,1.47412824064e+11,15425224704.0,0.0,0.0,0.0,72908.800,9898.400,9181.0,4.612,1.023,93.879,0.015,0.0,0.471,1493182247.149,
4.882,0.978,93.718,0.010,0.0,0.411,0.0,67174.400,515851984.200,107054.600,0.0,0.0,7310.200,9553.200,3.0,0.0,0.0,5690445824.0,233652224.0,1.47413000192e+11,15443095552.0,0.0,0.0,0.0,67174.400,7312.600,9553.600,4.881,0.973,93.720,0.010,0.0,0.416,1493182252.149,
4.607,0.833,94.109,0.020,0.0,0.432,0.0,69632.0,516060162.800,150809.200,0.0,0.0,6959.600,10917.600,2.600,0.0,0.0,5708935168.0,233664512.0,1.4741317632e+11,15424417792.0,0.0,0.0,0.0,69632.0,6954.400,10917.200,4.607,0.838,94.108,0.020,0.0,0.427,1493182257.149,
4.743,0.833,93.982,0.005,0.0,0.437,0.0,72908.800,510167277.600,140714.200,0.0,0.0,6932.400,10417.800,2.600,0.0,0.800,5727571968.0,233664512.0,1.4741336064e+11,15405596672.0,0.0,0.0,0.0,72908.800,6931.600,10417.800,4.739,0.828,93.991,0.005,0.0,0.437,1493182262.149,
4.603,0.837,94.043,0.040,0.0,0.476,0.0,69632.0,513870762.400,166259.0,0.0,0.0,7197.200,11234.0,3.0,0.0,0.0,5735825408.0,233672704.0,1.4741352448e+11,15397171200.0,0.0,0.0,0.0,69632.0,7200.800,11234.600,4.607,0.837,94.039,0.040,0.0,0.476,1493182267.149,
4.748,1.014,93.671,0.025,0.0,0.542,0.0,72089.600,518347185.400,110997.400,0.0,0.0,7844.200,9475.400,2.800,0.0,0.0,5737115648.0,233672704.0,1.47408416768e+11,15400988672.0,0.0,0.0,0.0,72089.600,7844.200,9474.800,4.745,1.014,93.674,0.025,0.0,0.542,1493182272.149,
4.747,0.903,93.913,0.015,0.0,0.422,0.0,77004.800,520245101.200,178265.200,0.0,0.0,7357.0,10766.0,2.600,0.0,0.0,5732429824.0,233684992.0,1.47408584704e+11,15405494272.0,0.0,0.0,0.0,77004.800,7358.800,10772.800,4.751,0.908,93.904,0.015,0.0,0.421,1493182277.149,
4.902,0.925,93.791,0.040,0.0,0.342,0.0,72908.800,518738628.0,211165.400,0.0,0.0,7673.200,10349.0,2.400,0.0,0.400,5719781376.0,233697280.0,1.47408756736e+11,15417958400.0,0.0,0.0,0.0,72908.800,7672.800,10344.600,4.901,0.920,93.792,0.040,0.0,0.347,1493182282.149,
4.766,0.919,93.666,0.171,0.0,0.477,0.0,4954521.600,519777586.400,208057.400,0.0,0.0,8331.200,10659.600,2.200,0.0,0.0,5707517952.0,233713664.0,1.47401773056e+11,15437189120.0,0.0,0.0,0.0,4954521.600,8335.0,10663.400,4.767,0.924,93.666,0.171,0.0,0.472,1493182287.149,
4.837,0.823,93.823,0.010,0.0,0.507,0.0,74547.200,518841324.0,162646.800,0.0,0.0,7218.0,10551.400,2.600,0.0,0.400,5702320128.0,233721856.0,1.4740195328e+11,15442198528.0,0.0,0.0,0.0,74547.200,7214.800,10545.200,4.837,0.823,93.823,0.010,0.0,0.507,1493182292.149,
4.828,0.773,93.952,0.005,0.0,0.442,0.0,70451.200,516615253.200,163256.600,0.0,0.0,7035.0,10933.0,1.800,0.0,0.0,5680300032.0,233721856.0,1.47402129408e+11,15464042496.0,0.0,0.0,0.0,70451.200,7032.800,10933.600,4.824,0.773,93.957,0.005,0.0,0.442,1493182297.149,
4.875,0.842,93.723,0.025,0.0,0.536,0.0,73728.0,521603977.200,179570.800,0.0,0.0,7167.800,11524.600,2.800,0.0,0.0,5678551040.0,233738240.0,1.47402285056e+11,15465619456.0,0.0,0.0,0.0,73728.0,7171.200,11528.400,4.879,0.842,93.718,0.025,0.0,0.536,1493182302.149,
4.628,0.772,94.103,0.0,0.0,0.496,0.0,65536.0,511952462.800,179219.600,0.0,0.0,7041.800,11413.600,2.0,0.0,0.400,5705846784.0,233738240.0,1.47402448896e+11,15438159872.0,0.0,0.0,0.0,65536.0,7037.800,11409.600,4.628,0.772,94.103,0.0,0.0,0.496,1493182307.149,
4.849,0.883,93.685,0.030,0.0,0.552,0.0,102400.0,515298834.0,155522.0,0.0,0.0,7110.200,9670.200,2.800,0.0,0.0,5720453120.0,233746432.0,1.47402620928e+11,15423373312.0,0.0,0.0,0.0,102400.0,7108.800,9675.200,4.849,0.878,93.690,0.030,0.0,0.552,1493182312.149,
4.483,0.894,94.086,0.045,0.0,0.492,0.0,73728.0,519758956.0,197841.200,0.0,0.0,7220.0,11037.800,3.0,0.0,0.200,5737545728.0,233754624.0,1.4740279296e+11,15406100480.0,0.0,0.0,0.0,73728.0,7221.800,11039.0,4.488,0.899,94.077,0.045,0.0,0.492,1493182317.149,
4.908,0.808,93.858,0.035,0.0,0.391,0.0,67993.600,513649959.0,184075.0,0.0,0.0,7097.200,11160.0,2.400,0.0,0.200,5715083264.0,233754624.0,1.47402969088e+11,15428386816.0,0.0,0.0,0.0,67993.600,7099.400,11154.600,4.903,0.808,93.862,0.035,0.0,0.391,1493182322.149,
4.876,0.743,93.929,0.025,0.0,0.427,0.0,67993.600,523221393.200,158530.800,0.0,0.0,7128.800,11049.400,2.800,0.0,0.0,5698269184.0,233762816.0,1.47403132928e+11,15445028864.0,0.0,0.0,0.0,67993.600,7127.800,11048.200,4.876,0.743,93.929,0.025,0.0,0.427,1493182327.149,
4.839,0.813,93.876,0.030,0.0,0.442,0.0,71270.400,516150387.0,176413.800,0.0,0.0,7523.800,11322.600,3.400,0.0,0.800,5696770048.0,233762816.0,1.4740330496e+11,15446355968.0,0.0,0.0,0.0,71270.400,7522.400,11322.600,4.840,0.808,93.880,0.030,0.0,0.442,1493182332.149,
4.697,0.843,94.084,0.030,0.0,0.346,0.0,72908.800,516397754.800,154466.800,0.0,0.0,7118.800,10861.600,1.200,0.0,0.0,5708492800.0,233775104.0,1.4740348928e+11,15434436608.0,0.0,0.0,0.0,72908.800,7115.800,10861.600,4.691,0.848,94.085,0.030,0.0,0.346,1493182337.149,
4.723,0.863,93.887,0.035,0.0,0.492,0.0,65536.0,516057650.200,246147.200,0.0,0.0,7301.200,11418.400,3.0,0.0,0.0,5702373376.0,233775104.0,1.47403640832e+11,15440404480.0,0.0,0.0,0.0,65536.0,7301.600,11418.400,4.728,0.858,93.887,0.035,0.0,0.492,1493182342.149,
4.581,0.752,94.006,0.045,0.0,0.616,0.0,82739.200,513111825.600,183687.600,0.0,0.0,7168.400,11419.800,1.800,0.0,0.0,5707898880.0,233783296.0,1.47403821056e+11,15434690560.0,0.0,0.0,0.0,82739.200,7168.600,11420.200,4.576,0.757,94.006,0.045,0.0,0.616,1493182347.149,
4.643,0.793,94.187,0.020,0.0,0.356,0.0,71270.400,523207882.200,210157.600,0.0,0.0,7129.0,12506.0,2.200,0.0,0.400,5690482688.0,233791488.0,1.47403993088e+11,15451926528.0,0.0,0.0,0.0,71270.400,7133.200,12514.600,4.649,0.788,94.186,0.020,0.0,0.356,1493182352.149,
4.915,0.813,93.886,0.0,0.0,0.387,0.0,67174.400,518711353.0,161049.600,0.0,0.0,7061.0,10802.400,2.400,0.0,0.0,5675429888.0,233791488.0,1.47404169216e+11,15466803200.0,0.0,0.0,0.0,67174.400,7062.0,10797.800,4.914,0.818,93.881,0.0,0.0,0.387,1493182357.149,
4.637,0.728,94.184,0.010,0.0,0.442,0.0,66355.200,519855059.600,195966.400,0.0,0.0,7023.200,12153.800,2.400,0.0,0.400,5687508992.0,233799680.0,1.47404345344e+11,15454539776.0,0.0,0.0,0.0,66355.200,7024.0,12153.400,4.636,0.723,94.184,0.010,0.0,0.447,1493182362.149,
4.840,0.752,93.971,0.005,0.0,0.431,0.0,66355.200,511317931.800,162449.200,0.0,0.0,6917.400,11232.400,1.600,0.0,0.0,5698924544.0,233799680.0,1.47404509184e+11,15442960384.0,0.0,0.0,0.0,66355.200,6913.0,11228.800,4.835,0.752,93.981,0.005,0.0,0.426,1493182367.150,
4.878,0.883,93.667,0.035,0.0,0.537,0.0,1626112.0,527867561.0,170506.600,0.0,0.0,7467.800,10353.400,2.200,0.0,0.0,5715660800.0,233807872.0,1.47404546048e+11,15426179072.0,0.0,0.0,0.0,1626112.0,7466.200,10353.0,4.878,0.883,93.666,0.035,0.0,0.537,1493182372.149,
4.735,0.757,94.011,0.025,0.0,0.472,0.0,71270.400,510163022.200,170387.200,0.0,0.0,7174.200,11094.200,2.200,0.0,0.400,5711667200.0,233807872.0,1.47404722176e+11,15429996544.0,0.0,0.0,0.0,71270.400,7173.600,11094.200,4.735,0.757,94.011,0.025,0.0,0.472,1493182377.149,
4.825,0.933,93.636,0.035,0.0,0.572,0.0,100761.600,519008171.800,148850.200,0.0,0.0,7162.800,9938.600,2.800,0.0,0.0,5704486912.0,233820160.0,1.47404894208e+11,15436992512.0,0.0,0.0,0.0,100761.600,7163.0,9938.600,4.829,0.938,93.626,0.035,0.0,0.572,1493182382.149,
4.742,0.758,94.099,0.035,0.0,0.366,0.0,68812.800,511361553.200,189950.800,0.0,0.0,7011.400,12229.800,2.800,0.0,0.0,5713842176.0,233828352.0,1.47405058048e+11,15427465216.0,0.0,0.0,0.0,68812.800,7016.800,12229.800,4.742,0.753,94.103,0.035,0.0,0.366,1493182387.149,
4.894,0.713,93.921,0.010,0.0,0.462,0.0,69632.0,517813231.200,166332.800,0.0,0.0,7001.0,11308.600,2.200,0.0,0.400,5704335360.0,233832448.0,1.47405225984e+11,15436800000.0,0.0,0.0,0.0,69632.0,6999.400,11309.600,4.894,0.713,93.916,0.010,0.0,0.467,1493182392.149,
4.818,0.841,93.699,0.025,0.0,0.616,0.0,73728.0,517254481.0,150912.800,0.0,0.0,7196.400,10585.0,3.200,0.0,0.0,5709692928.0,233840640.0,1.47405406208e+11,15431254016.0,0.0,0.0,0.0,73728.0,7198.200,10584.400,4.818,0.841,93.704,0.025,0.0,0.611,1493182397.149,
4.601,0.837,94.021,0.0,0.0,0.541,0.0,67993.600,517812033.800,151900.200,0.0,0.0,7161.600,10866.0,2.200,0.0,0.400,5699022848.0,233844736.0,1.47405561856e+11,15441764352.0,0.0,0.0,0.0,67993.600,7156.800,10865.600,4.596,0.837,94.025,0.0,0.0,0.541,1493182402.149,
4.623,0.757,94.103,0.025,0.0,0.491,0.0,69632.0,522616873.0,193731.0,0.0,0.0,7059.800,12294.600,2.600,0.0,0.0,5715685376.0,233857024.0,1.47405733888e+11,15424917504.0,0.0,0.0,0.0,69632.0,7063.400,12298.200,4.633,0.757,94.094,0.025,0.0,0.491,1493182407.149,
4.945,0.893,93.686,0.025,0.0,0.451,0.0,67174.400,515619834.600,170966.600,0.0,0.0,7415.400,10626.400,2.800,0.0,0.200,5684441088.0,233861120.0,1.47405897728e+11,15455993856.0,0.0,0.0,0.0,67174.400,7415.600,10623.600,4.935,0.893,93.691,0.025,0.0,0.456,1493182412.149,
4.840,0.793,93.910,0.045,0.0,0.412,0.0,84377.600,515355841.600,166690.200,0.0,0.0,7426.400,11052.0,2.0,0.0,0.0,5693534208.0,233873408.0,1.47406061568e+11,15446724608.0,0.0,0.0,0.0,84377.600,7425.0,11051.800,4.845,0.798,93.905,0.045,0.0,0.407,1493182417.149,
4.717,0.933,93.874,0.050,0.0,0.426,0.0,72908.800,514402629.0,140247.200,0.0,0.0,7283.200,10253.0,2.400,0.0,0.400,5700763648.0,233885696.0,1.47406237696e+11,15439306752.0,0.0,0.0,0.0,72908.800,7283.400,10252.800,4.717,0.933,93.874,0.050,0.0,0.426,1493182422.149,
4.750,0.793,93.949,0.030,0.0,0.477,0.0,71270.400,518031643.600,173437.200,0.0,0.0,7178.600,10721.200,3.0,0.0,0.400,5700747264.0,233889792.0,1.47406422016e+11,15439134720.0,0.0,0.0,0.0,71270.400,7179.800,10720.800,4.749,0.793,93.950,0.030,0.0,0.477,1493182427.149,
4.502,0.683,94.328,0.045,0.0,0.442,0.0,73728.0,492643220.600,168097.800,0.0,0.0,6690.0,11252.800,1.800,0.0,0.0,5703974912.0,233902080.0,1.47406594048e+11,15435722752.0,0.0,0.0,0.0,73728.0,6685.200,11252.800,4.498,0.678,94.338,0.045,0.0,0.442,1493182432.149,
