"Dstat 0.7.2 CSV output"
"Author:","Dag Wieers <dag@wieers.com>",,,,"URL:","http://dag.wieers.com/home-made/dstat/"
"Host:","osd0.skyhook-1osds.skyhook-pg0.wisc.cloudlab.us",,,,"User:","jlefevre"
"Cmdline:","dstat -av --epoch --integer --noheaders --output 1osd.dstat-osd0.log 5",,,,"Date:","25 Apr 2017 15:29:30 CDT"

"total cpu usage",,,,,,"dsk/total",,"net/total",,"paging",,"system",,"procs",,,"memory usage",,,,"paging",,"dsk/total",,"system",,"total cpu usage",,,,,,"epoch"
"usr","sys","idl","wai","hiq","siq","read","writ","recv","send","in","out","int","csw","run","blk","new","used","buff","cach","free","in","out","read","writ","int","csw","usr","sys","idl","wai","hiq","siq","epoch"
0.005,0.010,99.985,0.0,0.0,0.0,0.0,2457.600,1200.0,39109.0,0.0,0.0,96.600,110.200,0.0,0.0,0.0,5884071936.0,1794048.0,1.41126541312e+11,21767786496.0,0.0,0.0,0.0,2457.600,96.600,110.200,0.005,0.010,99.985,0.0,0.0,0.0,1493161005.821,
5.749,11.007,83.114,0.065,0.0,0.065,4943872.0,0.0,225160.600,234798.0,0.0,0.0,10496.200,10341.400,8.200,0.0,0.0,5921452032.0,1794048.0,1.41137813504e+11,21719134208.0,0.0,0.0,4943872.0,0.0,10497.0,10341.400,5.751,11.011,83.107,0.065,0.0,0.065,1493161010.820,
5.875,11.355,82.670,0.005,0.0,0.095,0.0,2457.600,236395.800,246889.800,0.0,0.0,10709.600,10948.0,7.200,0.0,0.0,5952442368.0,1802240.0,1.41138722816e+11,21687226368.0,0.0,0.0,0.0,2457.600,10708.600,10948.0,5.875,11.354,82.671,0.005,0.0,0.095,1493161015.820,
6.106,11.888,81.910,0.0,0.0,0.095,0.0,0.0,231674.600,242641.400,0.0,0.0,10766.200,10628.400,7.400,0.0,0.400,5965774848.0,1802240.0,1.41138726912e+11,21673889792.0,0.0,0.0,0.0,0.0,10767.200,10631.600,6.106,11.888,81.910,0.0,0.0,0.095,1493161020.820,
6.061,11.622,82.241,0.0,0.0,0.075,0.0,3276.800,221052.200,232993.400,0.0,0.0,10320.600,10367.200,7.400,0.0,0.200,5933117440.0,1810432.0,1.41138726912e+11,21706539008.0,0.0,0.0,0.0,3276.800,10321.0,10364.0,6.062,11.623,82.240,0.0,0.0,0.075,1493161025.820,
4.408,8.515,87.002,0.015,0.0,0.060,0.0,8192.0,156026.0,185410.400,0.0,0.0,7334.0,7369.400,4.800,0.0,0.0,5896011776.0,1826816.0,1.41138726912e+11,21743628288.0,0.0,0.0,0.0,8192.0,7333.0,7369.800,4.410,8.511,87.004,0.015,0.0,0.060,1493161030.821,
