"Dstat 0.7.2 CSV output"
"Author:","Dag Wieers <dag@wieers.com>",,,,"URL:","http://dag.wieers.com/home-made/dstat/"
"Host:","client0.skyhook-1osds.skyhook-pg0.wisc.cloudlab.us",,,,"User:","jlefevre"
"Cmdline:","dstat -av --epoch --integer --noheaders --output 1osd.dstat-client0.log 5",,,,"Date:","25 Apr 2017 15:29:27 CDT"

"total cpu usage",,,,,,"dsk/total",,"net/total",,"paging",,"system",,"procs",,,"memory usage",,,,"paging",,"dsk/total",,"system",,"total cpu usage",,,,,,"epoch"
"usr","sys","idl","wai","hiq","siq","read","writ","recv","send","in","out","int","csw","run","blk","new","used","buff","cach","free","in","out","read","writ","int","csw","usr","sys","idl","wai","hiq","siq","epoch"
0.035,0.035,99.895,0.035,0.0,0.0,0.0,58982.400,44315.200,969.600,0.0,0.0,548.200,6949.200,0.0,0.0,0.400,5473431552.0,208543744.0,1.47397943296e+11,15700275200.0,0.0,0.0,0.0,58982.400,548.200,6949.200,0.030,0.035,99.900,0.035,0.0,0.0,1493166112.149,
0.155,0.231,99.544,0.015,0.0,0.055,0.0,10649.600,102323027.200,36942.200,0.0,0.0,1850.600,7978.200,0.600,0.0,5.0,5636784128.0,208543744.0,1.47397943296e+11,15536922624.0,0.0,0.0,0.0,10649.600,1856.0,7984.200,0.155,0.231,99.544,0.015,0.0,0.055,1493166117.149,
0.382,2.053,97.334,0.045,0.0,0.186,0.0,64716.800,378657185.800,108908.0,0.0,0.0,5491.600,10281.400,1.200,0.0,0.0,5657710592.0,208560128.0,1.47398078464e+11,15515844608.0,0.0,0.0,0.0,64716.800,5488.400,10277.200,0.387,2.053,97.329,0.045,0.0,0.186,1493166122.149,
0.296,2.279,97.300,0.030,0.0,0.095,0.0,49971.200,207922068.0,50587.0,0.0,0.0,3768.600,8506.0,1.0,0.0,0.0,5657931776.0,208564224.0,1.47398172672e+11,15515525120.0,0.0,0.0,0.0,49971.200,3767.200,8504.200,0.296,2.283,97.295,0.030,0.0,0.095,1493166127.149,
0.321,2.172,97.311,0.035,0.0,0.161,0.0,54067.200,243761012.200,55483.400,0.0,0.0,4133.0,8635.200,1.200,0.0,0.0,5665693696.0,208576512.0,1.47398270976e+11,15507652608.0,0.0,0.0,0.0,54067.200,4133.200,8636.0,0.321,2.167,97.316,0.035,0.0,0.161,1493166132.149,
0.276,2.240,97.294,0.035,0.0,0.155,0.0,50790.400,237551564.800,54525.0,0.0,0.0,3951.400,8365.200,1.0,0.0,0.0,5653168128.0,208584704.0,1.47398377472e+11,15520063488.0,0.0,0.0,0.0,50790.400,3950.800,8364.800,0.276,2.245,97.288,0.035,0.0,0.155,1493166137.149,
0.321,2.151,97.342,0.025,0.0,0.160,0.0,53248.0,313923916.200,84428.0,0.0,0.0,5151.400,9527.200,1.0,0.0,0.0,5643309056.0,208617472.0,1.47398479872e+11,15529787392.0,0.0,0.0,0.0,53248.0,5156.200,9526.800,0.316,2.146,97.352,0.025,0.0,0.160,1493166142.149,
0.376,2.067,97.316,0.025,0.0,0.216,0.0,67993.600,344800636.200,101584.200,0.0,0.0,5265.800,10109.400,1.800,0.0,0.400,5665832960.0,208625664.0,1.4739861504e+11,15507120128.0,0.0,0.0,0.0,67993.600,5261.800,10110.200,0.381,2.066,97.312,0.025,0.0,0.216,1493166147.149,
0.411,2.147,97.186,0.020,0.0,0.236,0.0,59801.600,267017275.800,54898.0,0.0,0.0,4372.200,8458.400,1.0,0.0,0.0,5660585984.0,208633856.0,1.47398746112e+11,15512227840.0,0.0,0.0,0.0,59801.600,4371.800,8457.600,0.406,2.147,97.191,0.020,0.0,0.236,1493166152.149,
0.406,2.123,97.200,0.020,0.0,0.251,0.0,57344.0,266826314.800,53823.600,0.0,0.0,4413.200,8544.600,1.600,0.0,0.0,5651963904.0,208658432.0,1.47398852608e+11,15520718848.0,0.0,0.0,0.0,57344.0,4416.0,8546.600,0.406,2.128,97.195,0.020,0.0,0.251,1493166157.149,
0.331,2.188,97.300,0.035,0.0,0.146,0.0,50790.400,263766617.400,79257.0,0.0,0.0,4437.400,9047.0,1.400,0.0,0.0,5646843904.0,208662528.0,1.473989632e+11,15525724160.0,0.0,0.0,0.0,50790.400,4435.0,9045.400,0.336,2.183,97.301,0.035,0.0,0.146,1493166162.149,
0.361,2.172,97.291,0.020,0.0,0.156,0.0,54067.200,281968202.400,88216.800,0.0,0.0,4490.800,9071.200,1.0,0.0,0.0,5657354240.0,208683008.0,1.47399061504e+11,15515095040.0,0.0,0.0,0.0,54067.200,4489.800,9070.800,0.356,2.173,97.296,0.020,0.0,0.156,1493166167.149,
0.391,2.127,97.226,0.020,0.0,0.236,0.0,51609.600,241894297.0,46224.800,0.0,0.0,4064.800,8424.400,1.0,0.0,0.0,5658963968.0,208703488.0,1.47399172096e+11,15513354240.0,0.0,0.0,0.0,51609.600,4065.200,8425.200,0.396,2.127,97.221,0.020,0.0,0.236,1493166172.149,
0.432,2.063,97.195,0.040,0.0,0.271,0.0,55705.600,288607140.800,58890.400,0.0,0.0,4687.0,8291.0,2.0,0.0,0.0,5659602944.0,208723968.0,1.47399282688e+11,15512584192.0,0.0,0.0,0.0,55705.600,4688.0,8293.0,0.427,2.068,97.194,0.040,0.0,0.271,1493166177.149,
0.567,1.801,97.351,0.030,0.0,0.251,0.0,70451.200,548722846.800,207137.800,0.0,0.0,7197.400,13032.800,1.400,0.0,0.400,5646532608.0,208748544.0,1.47399421952e+11,15525490688.0,0.0,0.0,0.0,70451.200,7201.0,13034.200,0.572,1.796,97.351,0.030,0.0,0.251,1493166182.149,
0.592,1.747,97.410,0.040,0.0,0.211,0.0,72908.800,598467307.600,227626.800,0.0,0.0,8084.600,14787.0,1.400,0.0,0.0,5661155328.0,208752640.0,1.47399610368e+11,15510675456.0,0.0,0.0,0.0,72908.800,8080.400,14782.800,0.587,1.752,97.410,0.040,0.0,0.211,1493166187.149,
0.758,1.527,97.374,0.015,0.0,0.326,0.0,70451.200,687336595.0,280629.0,0.0,0.0,8756.0,15602.200,1.600,0.0,0.0,5647966208.0,208760832.0,1.47399774208e+11,15523692544.0,0.0,0.0,0.0,70451.200,8761.0,15610.0,0.758,1.521,97.379,0.015,0.0,0.326,1493166192.149,
0.572,1.746,97.481,0.010,0.0,0.191,0.0,70451.200,518985155.200,233331.400,0.0,0.0,6847.400,14703.200,1.200,0.0,0.0,5655928832.0,208785408.0,1.47399979008e+11,15515500544.0,0.0,0.0,0.0,70451.200,6842.0,14696.0,0.572,1.747,97.480,0.010,0.0,0.191,1493166197.149,
0.645,1.813,97.301,0.020,0.0,0.222,0.0,67174.400,492425603.0,265455.600,0.0,0.0,6830.600,11281.200,0.600,0.0,0.200,5653393408.0,208797696.0,1.47400155136e+11,15517847552.0,0.0,0.0,0.0,67174.400,6830.200,11280.600,0.644,1.818,97.296,0.020,0.0,0.222,1493166202.149,
0.618,1.946,97.214,0.035,0.0,0.186,0.0,63078.400,455566473.200,229356.600,0.0,0.0,6497.200,11063.600,1.200,0.0,0.0,5651156992.0,208805888.0,1.47400323072e+11,15519907840.0,0.0,0.0,0.0,63078.400,6502.600,11067.600,0.623,1.941,97.215,0.035,0.0,0.186,1493166207.150,
0.371,2.152,97.236,0.035,0.0,0.206,0.0,63897.600,274000851.600,68004.0,0.0,0.0,4421.0,8820.200,1.200,0.0,0.600,5649383424.0,208822272.0,1.47400466432e+11,15521521664.0,0.0,0.0,0.0,63897.600,4418.0,8820.0,0.366,2.153,97.240,0.035,0.0,0.206,1493166212.149,
0.426,2.011,97.377,0.015,0.0,0.171,0.0,69632.0,411036566.800,136028.800,0.0,0.0,5815.600,11217.600,1.200,0.0,0.0,5651247104.0,208842752.0,1.4740058112e+11,15519522816.0,0.0,0.0,0.0,69632.0,5813.200,11213.800,0.426,2.016,97.373,0.015,0.0,0.170,1493166217.149,
0.507,1.852,97.390,0.005,0.0,0.246,0.0,65536.0,499907431.400,160110.200,0.0,0.0,6789.800,11788.600,0.800,0.0,0.0,5648842752.0,208846848.0,1.47400740864e+11,15521763328.0,0.0,0.0,0.0,65536.0,6795.0,11794.600,0.512,1.847,97.390,0.005,0.0,0.246,1493166222.149,
0.386,1.946,97.417,0.025,0.0,0.226,0.0,64716.800,374535926.400,142538.200,0.0,0.0,5310.200,11811.400,1.200,0.0,0.0,5648891904.0,208859136.0,1.474009088e+11,15521533952.0,0.0,0.0,0.0,64716.800,5309.200,11806.200,0.381,1.951,97.417,0.025,0.0,0.226,1493166227.149,
0.417,1.887,97.475,0.025,0.0,0.196,0.0,55705.600,429704446.600,172050.800,0.0,0.0,6100.600,12552.0,1.200,0.0,0.0,5651795968.0,208859136.0,1.47401039872e+11,15518498816.0,0.0,0.0,0.0,55705.600,6097.0,12551.800,0.422,1.882,97.475,0.025,0.0,0.196,1493166232.149,
0.517,1.838,97.324,0.030,0.0,0.291,0.0,64716.800,415806791.600,136074.600,0.0,0.0,5869.400,10768.400,1.400,0.0,0.0,5646864384.0,208887808.0,1.47401203712e+11,15523237888.0,0.0,0.0,0.0,64716.800,5871.0,10772.800,0.512,1.838,97.329,0.030,0.0,0.291,1493166237.149,
0.471,1.941,97.287,0.040,0.0,0.261,0.0,55705.600,394449580.400,135685.600,0.0,0.0,5575.600,10971.600,1.0,0.0,0.400,5655617536.0,208887808.0,1.4740133888e+11,15514349568.0,0.0,0.0,0.0,55705.600,5578.400,10967.800,0.476,1.946,97.277,0.040,0.0,0.261,1493166242.149,
0.472,1.929,97.353,0.040,0.0,0.206,0.0,68812.800,384088551.600,151575.600,0.0,0.0,5570.600,11274.800,1.0,0.0,0.0,5663551488.0,208900096.0,1.47401498624e+11,15506243584.0,0.0,0.0,0.0,68812.800,5566.200,11274.200,0.467,1.929,97.358,0.040,0.0,0.206,1493166247.149,
0.301,2.161,97.372,0.050,0.0,0.115,0.0,67174.400,276148051.400,71642.800,0.0,0.0,4560.800,9640.400,0.800,0.0,0.0,5658476544.0,208908288.0,1.47401617408e+11,15511191552.0,0.0,0.0,0.0,67174.400,4566.0,9646.600,0.301,2.156,97.377,0.050,0.0,0.115,1493166252.149,
0.291,2.206,97.338,0.035,0.0,0.130,0.0,54886.400,269466862.0,55845.800,0.0,0.0,4251.200,9149.800,1.200,0.0,0.0,5660880896.0,208916480.0,1.47401728e+11,15508668416.0,0.0,0.0,0.0,54886.400,4246.0,9143.400,0.291,2.206,97.338,0.035,0.0,0.130,1493166257.149,
0.356,2.162,97.251,0.020,0.0,0.211,0.0,52428.800,230769746.200,42708.400,0.0,0.0,3973.0,8399.800,1.0,0.0,0.0,5656563712.0,208928768.0,1.474018304e+11,15512870912.0,0.0,0.0,0.0,52428.800,3972.400,8399.400,0.356,2.163,97.250,0.020,0.0,0.211,1493166262.149,
0.366,2.164,97.279,0.005,0.0,0.186,0.0,50790.400,247692064.0,51921.800,0.0,0.0,4190.600,8321.600,1.0,0.0,0.0,5652811776.0,208928768.0,1.47401936896e+11,15516516352.0,0.0,0.0,0.0,50790.400,4197.600,8323.200,0.366,2.164,97.274,0.005,0.0,0.191,1493166267.149,
0.401,2.012,97.336,0.020,0.0,0.231,0.0,53248.0,394424884.600,120658.200,0.0,0.0,6021.400,10442.200,1.0,0.0,0.0,5656866816.0,208941056.0,1.47402043392e+11,15512342528.0,0.0,0.0,0.0,53248.0,6014.400,10440.600,0.401,2.017,97.336,0.020,0.0,0.226,1493166272.149,
0.472,1.887,97.410,0.015,0.0,0.216,0.0,61440.0,477741837.800,160714.800,0.0,0.0,6496.200,12386.400,0.800,0.0,0.400,5660160000.0,208953344.0,1.47402211328e+11,15508869120.0,0.0,0.0,0.0,61440.0,6496.200,12386.400,0.472,1.882,97.415,0.015,0.0,0.216,1493166277.149,
0.612,1.726,97.406,0.020,0.0,0.236,0.0,72089.600,645684708.600,246453.400,0.0,0.0,8080.0,15673.200,1.200,0.0,0.0,5663526912.0,208969728.0,1.47402371072e+11,15505326080.0,0.0,0.0,0.0,72089.600,8081.0,15673.600,0.612,1.726,97.406,0.020,0.0,0.236,1493166282.149,
0.852,1.685,97.052,0.015,0.0,0.396,0.0,86016.0,737169485.200,247665.600,0.0,0.0,9181.800,13300.800,1.0,0.0,0.0,5671030784.0,208986112.0,1.47402563584e+11,15497613312.0,0.0,0.0,0.0,86016.0,9185.800,13305.0,0.852,1.685,97.051,0.015,0.0,0.396,1493166287.149,
0.703,1.767,97.148,0.015,0.0,0.366,0.0,80281.600,582187521.0,175992.600,0.0,0.0,7638.800,11665.200,0.800,0.0,0.0,5667028992.0,209002496.0,1.47402805248e+11,15501357056.0,0.0,0.0,0.0,80281.600,7638.0,11661.0,0.703,1.772,97.139,0.015,0.0,0.371,1493166292.149,
0.427,2.103,97.214,0.015,0.0,0.241,0.0,58163.200,286042200.400,57225.200,0.0,0.0,4665.0,7968.200,1.0,0.0,0.0,5655334912.0,209010688.0,1.4740293632e+11,15512911872.0,0.0,0.0,0.0,58163.200,4661.600,7968.200,0.432,2.098,97.219,0.015,0.0,0.236,1493166297.150,
0.286,2.302,97.281,0.030,0.0,0.100,0.0,49971.200,200165331.0,46676.200,0.0,0.0,3641.0,8229.600,0.800,0.0,0.200,5654683648.0,209027072.0,1.47403042816e+11,15513440256.0,0.0,0.0,0.0,49971.200,3641.0,8229.600,0.281,2.303,97.286,0.030,0.0,0.100,1493166302.149,
0.271,2.212,97.337,0.045,0.0,0.135,0.0,54067.200,240090020.800,49687.800,0.0,0.0,4046.800,8698.800,1.0,0.0,0.0,5661843456.0,209035264.0,1.4740314112e+11,15506173952.0,0.0,0.0,0.0,54067.200,4046.0,8698.400,0.276,2.217,97.327,0.045,0.0,0.135,1493166307.149,
0.512,1.937,97.135,0.015,0.0,0.401,0.0,56524.800,339204511.600,75713.600,0.0,0.0,5349.800,8551.600,1.200,0.0,0.400,5653590016.0,209051648.0,1.47403264e+11,15514288128.0,0.0,0.0,0.0,56524.800,5355.600,8552.400,0.507,1.932,97.140,0.015,0.0,0.406,1493166312.149,
0.462,1.938,97.264,0.020,0.0,0.316,0.0,62259.200,328891057.600,68232.800,0.0,0.0,5113.800,8550.800,0.800,0.0,0.0,5655773184.0,209080320.0,1.4740338688e+11,15511953408.0,0.0,0.0,0.0,62259.200,5111.0,8550.200,0.467,1.938,97.264,0.020,0.0,0.311,1493166317.149,
0.558,1.863,97.187,0.025,0.0,0.367,0.0,80281.600,374635852.200,75915.600,0.0,0.0,5377.400,8642.0,1.200,0.0,0.0,5652144128.0,209100800.0,1.47403522048e+11,15515426816.0,0.0,0.0,0.0,80281.600,5380.200,8642.600,0.553,1.863,97.187,0.025,0.0,0.372,1493166322.149,
0.281,2.166,97.377,0.035,0.0,0.140,0.0,54886.400,248233570.0,77851.200,0.0,0.0,4135.400,9711.0,1.400,0.0,0.0,5654020096.0,209113088.0,1.47403649024e+11,15513411584.0,0.0,0.0,0.0,54886.400,4130.200,9710.600,0.281,2.171,97.377,0.035,0.0,0.135,1493166327.149,
0.321,2.002,97.481,0.045,0.0,0.151,0.0,53248.0,318719294.200,119017.0,0.0,0.0,4766.200,11049.800,0.800,0.0,0.0,5650092032.0,209129472.0,1.4740375552e+11,15517216768.0,0.0,0.0,0.0,53248.0,4770.400,11049.800,0.321,2.002,97.481,0.045,0.0,0.151,1493166332.149,
0.447,1.922,97.396,0.040,0.0,0.196,0.0,56524.800,405656823.200,165563.400,0.0,0.0,5864.0,12462.600,1.400,0.0,0.0,5657804800.0,209137664.0,1.47403890688e+11,15509360640.0,0.0,0.0,0.0,56524.800,5859.800,12463.200,0.447,1.922,97.396,0.040,0.0,0.196,1493166337.149,
0.532,1.942,97.199,0.005,0.0,0.321,0.0,58982.400,347965410.0,80354.600,0.0,0.0,5352.600,8623.200,1.0,0.0,0.400,5638361088.0,209162240.0,1.47404029952e+11,15528640512.0,0.0,0.0,0.0,58982.400,5354.600,8622.800,0.537,1.942,97.195,0.005,0.0,0.321,1493166342.150,
0.442,2.032,97.220,0.0,0.0,0.306,0.0,58163.200,297813244.800,59915.200,0.0,0.0,4540.400,8244.0,1.200,0.0,0.0,5657841664.0,209166336.0,1.47404156928e+11,15509028864.0,0.0,0.0,0.0,58163.200,4541.800,8245.200,0.437,2.032,97.225,0.0,0.0,0.306,1493166347.150,
0.502,1.908,97.284,0.010,0.0,0.296,0.0,59801.600,362983492.600,96976.800,0.0,0.0,5317.400,9748.600,0.800,0.0,0.0,5647228928.0,209195008.0,1.47404271616e+11,15519498240.0,0.0,0.0,0.0,59801.600,5318.200,9751.800,0.507,1.903,97.284,0.010,0.0,0.296,1493166352.149,
0.492,1.767,97.530,0.010,0.0,0.201,0.0,69632.0,474480539.200,201863.600,0.0,0.0,6798.800,13812.200,0.800,0.0,0.0,5662949376.0,209203200.0,1.47404427264e+11,15503613952.0,0.0,0.0,0.0,69632.0,6794.600,13807.800,0.487,1.772,97.530,0.010,0.0,0.201,1493166357.149,
0.361,2.052,97.346,0.015,0.0,0.226,0.0,59801.600,295571322.600,76651.400,0.0,0.0,4500.200,9244.0,1.400,0.0,0.0,5654659072.0,209203200.0,1.47404578816e+11,15511752704.0,0.0,0.0,0.0,59801.600,4499.800,9243.800,0.361,2.052,97.346,0.015,0.0,0.226,1493166362.149,
0.306,2.175,97.368,0.010,0.0,0.140,0.0,55705.600,286961660.0,74742.200,0.0,0.0,4538.400,9993.800,1.0,0.0,0.0,5658017792.0,209223680.0,1.47404689408e+11,15508262912.0,0.0,0.0,0.0,55705.600,4538.400,9993.400,0.306,2.170,97.373,0.010,0.0,0.140,1493166367.149,
0.326,2.135,97.354,0.045,0.0,0.140,0.0,54067.200,304283964.600,89004.800,0.0,0.0,4781.0,10473.200,1.0,0.0,0.0,5659729920.0,209235968.0,1.47404812288e+11,15506415616.0,0.0,0.0,0.0,54067.200,4786.600,10475.800,0.326,2.140,97.349,0.045,0.0,0.140,1493166372.149,
0.441,1.916,97.407,0.050,0.0,0.186,0.0,54886.400,375389227.800,127648.400,0.0,0.0,5409.600,11478.600,1.200,0.0,0.400,5661544448.0,209256448.0,1.47404931072e+11,15504461824.0,0.0,0.0,0.0,54886.400,5403.800,11476.0,0.441,1.916,97.407,0.050,0.0,0.186,1493166377.149,
0.542,1.797,97.078,0.371,0.0,0.211,0.0,7746355.200,462253747.0,194208.0,0.0,0.0,6506.600,13996.800,1.0,0.200,0.0,5645946880.0,209301504.0,1.47391696896e+11,15533248512.0,0.0,0.0,0.0,7746355.200,6508.800,13998.600,0.542,1.797,97.079,0.371,0.0,0.211,1493166382.149,
0.462,1.858,97.454,0.050,0.0,0.176,0.0,86835.200,390037942.400,170379.0,0.0,0.0,5666.400,12416.600,1.400,0.0,0.0,5634842624.0,209326080.0,1.47391860736e+11,15544164352.0,0.0,0.0,0.0,86835.200,5670.400,12424.400,0.462,1.858,97.454,0.050,0.0,0.176,1493166387.149,
0.386,2.063,97.300,0.045,0.0,0.206,0.0,100761.600,290604175.0,76798.400,0.0,0.0,4458.600,8746.200,1.0,0.0,0.200,5637722112.0,209346560.0,1.47391995904e+11,15541129216.0,0.0,0.0,0.0,100761.600,4453.400,8737.400,0.386,2.058,97.305,0.045,0.0,0.206,1493166392.149,
0.316,2.126,97.347,0.025,0.0,0.186,0.0,55705.600,309566707.200,79772.200,0.0,0.0,4648.200,9623.200,1.0,0.0,0.0,5640175616.0,209346560.0,1.47392114688e+11,15538556928.0,0.0,0.0,0.0,55705.600,4647.400,9622.800,0.321,2.126,97.342,0.025,0.0,0.186,1493166397.149,
0.472,1.892,97.336,0.035,0.0,0.266,0.0,55705.600,440863217.800,133269.200,0.0,0.0,6250.800,10546.400,1.200,0.0,0.0,5629128704.0,209367040.0,1.47392233472e+11,15549464576.0,0.0,0.0,0.0,55705.600,6256.0,10552.400,0.467,1.897,97.335,0.035,0.0,0.266,1493166402.149,
0.391,2.077,97.301,0.035,0.0,0.196,0.0,63078.400,333504601.600,97141.0,0.0,0.0,4975.200,10166.200,1.400,0.0,0.0,5640687616.0,209375232.0,1.47392401408e+11,15537729536.0,0.0,0.0,0.0,63078.400,4972.600,10160.600,0.391,2.072,97.301,0.035,0.0,0.201,1493166407.149,
0.361,2.125,97.284,0.040,0.0,0.190,0.0,54886.400,331888537.200,95906.200,0.0,0.0,4966.600,10231.0,1.200,0.0,0.400,5637771264.0,209391616.0,1.47392516096e+11,15540514816.0,0.0,0.0,0.0,54886.400,4969.0,10234.400,0.366,2.125,97.284,0.040,0.0,0.185,1493166412.149,
0.406,2.057,97.336,0.045,0.0,0.156,0.0,59801.600,356873895.200,117271.0,0.0,0.0,5379.600,10602.600,1.0,0.0,0.0,5633323008.0,209391616.0,1.47392651264e+11,15544827904.0,0.0,0.0,0.0,59801.600,5375.0,10599.200,0.401,2.057,97.340,0.045,0.0,0.156,1493166417.149,
0.407,2.078,97.259,0.065,0.0,0.191,0.0,67993.600,334333115.400,96173.400,0.0,0.0,5000.0,9524.200,1.0,0.0,0.0,5647638528.0,209416192.0,1.47392774144e+11,15530364928.0,0.0,0.0,0.0,67993.600,5000.200,9524.200,0.412,2.078,97.254,0.065,0.0,0.191,1493166422.149,
0.381,2.172,97.170,0.055,0.0,0.221,0.0,68812.800,253625867.600,50072.800,0.0,0.0,4263.0,8173.0,1.200,0.0,0.0,5639458816.0,209432576.0,1.4739290112e+11,15538401280.0,0.0,0.0,0.0,68812.800,4262.400,8172.600,0.381,2.172,97.170,0.055,0.0,0.221,1493166427.149,
0.381,2.081,97.342,0.040,0.0,0.155,0.0,51609.600,368852423.400,111324.600,0.0,0.0,5442.0,10708.600,1.0,0.0,0.0,5644345344.0,209432576.0,1.47393011712e+11,15533404160.0,0.0,0.0,0.0,51609.600,5442.800,10709.400,0.376,2.087,97.342,0.040,0.0,0.155,1493166432.149,
0.411,2.022,97.366,0.050,0.0,0.150,0.0,62259.200,375168414.800,157206.600,0.0,0.0,5351.600,11913.0,1.200,0.0,0.0,5640327168.0,209448960.0,1.47393163264e+11,15537254400.0,0.0,0.0,0.0,62259.200,5355.600,11915.800,0.411,2.022,97.366,0.050,0.0,0.151,1493166437.149,
0.608,1.668,97.493,0.035,0.0,0.196,0.0,59801.600,572742661.800,293655.400,0.0,0.0,8179.400,16119.400,1.200,0.0,0.0,5638209536.0,209448960.0,1.47393314816e+11,15539220480.0,0.0,0.0,0.0,59801.600,8180.0,16124.600,0.608,1.663,97.498,0.035,0.0,0.196,1493166442.149,
0.577,1.783,97.364,0.045,0.0,0.231,0.0,65536.0,483018674.200,223452.400,0.0,0.0,6784.200,13350.400,1.200,0.0,0.400,5637189632.0,209461248.0,1.47393486848e+11,15540056064.0,0.0,0.0,0.0,65536.0,6781.800,13343.200,0.577,1.783,97.364,0.045,0.0,0.231,1493166447.149,
0.417,2.073,97.229,0.035,0.0,0.246,0.0,62259.200,296847265.400,80238.600,0.0,0.0,4621.600,8768.200,0.800,0.0,0.0,5637959680.0,209461248.0,1.47393626112e+11,15539146752.0,0.0,0.0,0.0,62259.200,4619.200,8767.0,0.417,2.078,97.224,0.035,0.0,0.246,1493166452.149,
0.604,1.968,97.221,0.045,0.0,0.161,0.0,67993.600,496437628.800,271872.800,0.0,0.0,6896.0,11559.600,1.400,0.0,0.0,5626839040.0,209477632.0,1.47393773568e+11,15550103552.0,0.0,0.0,0.0,67993.600,6900.400,11567.200,0.604,1.963,97.226,0.045,0.0,0.161,1493166457.149,
0.432,1.967,97.350,0.055,0.0,0.196,0.0,74547.200,363631753.400,135067.400,0.0,0.0,5382.800,10909.600,1.600,0.0,0.0,5641318400.0,209494016.0,1.47393949696e+11,15535431680.0,0.0,0.0,0.0,74547.200,5378.400,10902.0,0.437,1.967,97.345,0.055,0.0,0.196,1493166462.149,
0.301,2.288,97.260,0.045,0.0,0.105,0.0,54886.400,195745692.400,49886.600,0.0,0.0,3483.800,7877.400,1.200,0.0,0.0,5652942848.0,209498112.0,1.47394052096e+11,15523700736.0,0.0,0.0,0.0,54886.400,3482.600,7877.400,0.296,2.293,97.260,0.045,0.0,0.105,1493166467.149,
0.286,2.267,97.241,0.045,0.0,0.161,0.0,49152.0,184033199.400,31217.0,0.0,0.0,3373.600,8130.400,1.200,0.0,0.0,5639172096.0,209510400.0,1.47394138112e+11,15537373184.0,0.0,0.0,0.0,49152.0,3375.0,8130.400,0.291,2.262,97.241,0.045,0.0,0.161,1493166472.149,
0.271,2.298,97.265,0.045,0.0,0.120,0.0,47513.600,178741508.800,34177.400,0.0,0.0,3389.600,8047.600,1.200,0.0,0.0,5649543168.0,209522688.0,1.47394228224e+11,15526899712.0,0.0,0.0,0.0,47513.600,3389.600,8047.800,0.266,2.303,97.265,0.045,0.0,0.120,1493166477.149,
0.381,2.277,96.945,0.236,0.0,0.161,0.0,5199462.400,207425132.800,37636.600,0.0,0.0,3800.400,8267.0,1.0,0.200,0.400,5641191424.0,209580032.0,1.47390971904e+11,15538450432.0,0.0,0.0,0.0,5199462.400,3800.200,8266.800,0.381,2.272,96.950,0.236,0.0,0.161,1493166482.149,
0.401,2.093,97.160,0.060,0.0,0.286,0.0,57344.0,282050357.200,52535.0,0.0,0.0,4740.200,8570.800,1.600,0.0,0.0,5642928128.0,209584128.0,1.473910784e+11,15536603136.0,0.0,0.0,0.0,57344.0,4739.600,8570.400,0.401,2.093,97.159,0.060,0.0,0.286,1493166487.149,
0.568,2.071,97.155,0.050,0.0,0.156,0.0,62259.200,412611056.200,145696.600,0.0,0.0,6063.600,9312.400,1.800,0.0,0.0,5637849088.0,209600512.0,1.4739120128e+11,15541542912.0,0.0,0.0,0.0,62259.200,6065.800,9313.0,0.573,2.076,97.145,0.050,0.0,0.156,1493166492.149,
0.261,2.152,97.381,0.055,0.0,0.150,0.0,99942.400,261677792.0,78616.600,0.0,0.0,4141.800,9249.200,1.0,0.0,0.0,5637627904.0,209616896.0,1.47391332352e+11,15541616640.0,0.0,0.0,0.0,99942.400,4140.0,9249.0,0.256,2.147,97.391,0.055,0.0,0.151,1493166497.149,
0.316,2.136,97.392,0.035,0.0,0.120,0.0,53248.0,299928163.800,85960.400,0.0,0.0,4643.400,10214.400,2.0,0.0,0.0,5630681088.0,209620992.0,1.47391438848e+11,15548452864.0,0.0,0.0,0.0,53248.0,4643.0,10214.0,0.316,2.136,97.392,0.035,0.0,0.120,1493166502.149,
0.306,2.146,97.358,0.035,0.0,0.155,0.0,55705.600,303954913.600,79855.600,0.0,0.0,4707.0,9967.400,0.600,0.0,0.0,5635289088.0,209641472.0,1.47391557632e+11,15543705600.0,0.0,0.0,0.0,55705.600,4711.400,9972.0,0.306,2.145,97.358,0.035,0.0,0.155,1493166507.149,
0.396,2.021,97.377,0.030,0.0,0.176,0.0,54067.200,375304786.600,108618.0,0.0,0.0,5326.0,10715.800,1.0,0.0,0.0,5637369856.0,209641472.0,1.47391680512e+11,15541501952.0,0.0,0.0,0.0,54067.200,5322.200,10711.600,0.401,2.021,97.372,0.030,0.0,0.176,1493166512.149,
0.376,2.143,97.230,0.045,0.0,0.206,0.0,58163.200,232013418.400,44557.800,0.0,0.0,4007.200,8353.0,1.0,0.0,0.0,5635514368.0,209649664.0,1.47391811584e+11,15543218176.0,0.0,0.0,0.0,58163.200,4007.400,8352.200,0.371,2.148,97.230,0.045,0.0,0.206,1493166517.149,
0.437,2.118,96.939,0.281,0.0,0.226,0.0,4933222.400,303303982.400,81493.600,0.0,0.0,5051.0,9017.600,1.200,0.200,0.400,5636435968.0,209698816.0,1.47390980096e+11,15543078912.0,0.0,0.0,0.0,4933222.400,5050.400,9018.0,0.437,2.113,96.944,0.281,0.0,0.226,1493166522.149,
0.492,1.856,97.402,0.045,0.0,0.206,0.0,68812.800,495613704.0,174664.0,0.0,0.0,6587.200,12673.0,0.800,0.0,0.0,5636308992.0,209715200.0,1.47391135744e+11,15543033856.0,0.0,0.0,0.0,68812.800,6591.600,12679.0,0.492,1.856,97.402,0.045,0.0,0.206,1493166527.149,
0.070,0.090,99.739,0.085,0.0,0.015,0.0,96665.600,25175374.0,9576.600,0.0,0.0,1069.400,7606.200,0.0,0.0,1.0,5456179200.0,209727488.0,1.47391258624e+11,15723028480.0,0.0,0.0,0.0,96665.600,1064.400,7599.800,0.070,0.090,99.739,0.085,0.0,0.015,1493166532.149,
