"Dstat 0.7.2 CSV output"
"Author:","Dag Wieers <dag@wieers.com>",,,,"URL:","http://dag.wieers.com/home-made/dstat/"
"Host:","client0.skyhook-1osds.skyhook-pg0.wisc.cloudlab.us",,,,"User:","jlefevre"
"Cmdline:","dstat -av --epoch --integer --noheaders --output 1osd.dstat-client0.log 5",,,,"Date:","25 Apr 2017 15:29:27 CDT"

"total cpu usage",,,,,,"dsk/total",,"net/total",,"paging",,"system",,"procs",,,"memory usage",,,,"paging",,"dsk/total",,"system",,"total cpu usage",,,,,,"epoch"
"usr","sys","idl","wai","hiq","siq","read","writ","recv","send","in","out","int","csw","run","blk","new","used","buff","cach","free","in","out","read","writ","int","csw","usr","sys","idl","wai","hiq","siq","epoch"
0.035,0.040,99.920,0.0,0.0,0.005,0.0,11468.800,40949.400,1699.200,0.0,0.0,397.400,6890.400,0.200,0.0,0.400,5485576192.0,227672064.0,1.47401883648e+11,15665061888.0,0.0,0.0,0.0,11468.800,398.0,6890.800,0.035,0.035,99.925,0.0,0.0,0.005,1493178707.149,
1.268,1.378,97.258,0.025,0.0,0.070,0.0,50790.400,139862907.800,45195.600,0.0,0.0,3478.800,8137.800,1.800,0.0,5.600,5630160896.0,227680256.0,1.47401895936e+11,15520456704.0,0.0,0.0,0.0,50790.400,3485.600,8143.200,1.273,1.378,97.253,0.025,0.0,0.070,1493178712.149,
3.379,2.096,94.300,0.045,0.0,0.180,0.0,72089.600,394580887.0,105712.600,0.0,0.0,6421.400,10721.400,2.200,0.0,0.600,5641043968.0,227692544.0,1.47401949184e+11,15509508096.0,0.0,0.0,0.0,72089.600,6415.0,10715.600,3.374,2.101,94.300,0.045,0.0,0.180,1493178717.149,
3.329,2.111,94.340,0.035,0.0,0.186,0.0,66355.200,392225548.200,113758.800,0.0,0.0,6071.0,10635.800,2.200,0.0,0.0,5649055744.0,227692544.0,1.4740209664e+11,15501348864.0,0.0,0.0,0.0,66355.200,6070.800,10636.600,3.328,2.110,94.341,0.035,0.0,0.185,1493178722.149,
3.470,1.991,94.278,0.060,0.0,0.201,0.0,71270.400,439669328.0,176828.200,0.0,0.0,6984.600,12846.0,1.800,0.0,0.800,5628465152.0,227700736.0,1.47402235904e+11,15521792000.0,0.0,0.0,0.0,71270.400,6990.200,12856.400,3.476,1.986,94.278,0.060,0.0,0.201,1493178727.149,
3.193,2.105,94.380,0.110,0.0,0.211,0.0,1545830.400,373151436.600,124313.200,0.0,0.0,5765.800,9564.800,2.400,0.0,0.0,5637763072.0,227704832.0,1.47402244096e+11,15512481792.0,0.0,0.0,0.0,1545830.400,5759.600,9553.600,3.188,2.111,94.380,0.110,0.0,0.211,1493178732.149,
3.319,2.065,94.370,0.020,0.0,0.226,0.0,71270.400,379727957.0,107241.200,0.0,0.0,5795.200,9622.0,2.800,0.0,0.400,5637652480.0,227717120.0,1.47402391552e+11,15512432640.0,0.0,0.0,0.0,71270.400,5798.800,9623.400,3.324,2.060,94.370,0.020,0.0,0.226,1493178737.149,
2.664,2.147,94.958,0.015,0.0,0.216,0.0,57344.0,293748896.200,87928.600,0.0,0.0,4979.200,8903.200,1.600,0.0,0.0,5655113728.0,227717120.0,1.47402539008e+11,15494823936.0,0.0,0.0,0.0,57344.0,4976.600,8902.200,2.659,2.148,94.962,0.015,0.0,0.216,1493178742.149,
2.911,2.088,94.705,0.025,0.0,0.271,0.0,91750.400,332258476.400,120648.600,0.0,0.0,5581.400,9080.200,2.200,0.0,0.0,5644500992.0,227729408.0,1.47402665984e+11,15505297408.0,0.0,0.0,0.0,91750.400,5583.800,9079.800,2.916,2.088,94.700,0.025,0.0,0.271,1493178747.149,
3.206,2.027,94.572,0.015,0.0,0.181,0.0,63078.400,401169071.600,123567.0,0.0,0.0,6067.0,10724.600,2.0,0.0,1.200,5644779520.0,227737600.0,1.47402784768e+11,15504891904.0,0.0,0.0,0.0,63078.400,6069.800,10727.0,3.205,2.026,94.573,0.015,0.0,0.181,1493178752.149,
4.084,1.856,93.809,0.010,0.0,0.241,0.0,63897.600,505122566.800,147459.600,0.0,0.0,7348.0,11533.600,2.600,0.0,0.0,5632843776.0,227737600.0,1.47402928128e+11,15516684288.0,0.0,0.0,0.0,63897.600,7342.600,11531.400,4.084,1.856,93.804,0.010,0.0,0.246,1493178757.149,
3.876,1.995,93.903,0.030,0.0,0.196,0.0,74547.200,472829148.0,131071.800,0.0,0.0,8316.600,11130.600,2.600,0.0,0.400,5643182080.0,227745792.0,1.47403083776e+11,15506182144.0,0.0,0.0,0.0,74547.200,8316.600,11130.400,3.871,2.001,93.908,0.030,0.0,0.191,1493178762.149,
3.649,2.105,94.031,0.015,0.0,0.200,0.0,71270.400,438397751.200,106119.0,0.0,0.0,6436.400,10434.200,2.600,0.0,0.0,5651726336.0,227766272.0,1.47403231232e+11,15497469952.0,0.0,0.0,0.0,71270.400,6436.600,10434.800,3.653,2.100,94.031,0.015,0.0,0.200,1493178767.149,
3.604,2.116,94.105,0.005,0.0,0.170,0.0,63897.600,436509429.600,105554.600,0.0,0.0,6443.200,10655.0,3.0,0.0,0.400,5639417856.0,227770368.0,1.47403399168e+11,15509606400.0,0.0,0.0,0.0,63897.600,6445.800,10665.200,3.604,2.121,94.100,0.005,0.0,0.170,1493178772.149,
3.783,2.044,93.962,0.015,0.0,0.195,0.0,70451.200,459979114.600,128501.0,0.0,0.0,6880.800,10946.0,2.200,0.0,0.400,5639823360.0,227778560.0,1.47403554816e+11,15509037056.0,0.0,0.0,0.0,70451.200,6878.200,10935.400,3.783,2.039,93.967,0.015,0.0,0.195,1493178777.149,
2.931,2.078,94.710,0.030,0.0,0.251,0.0,62259.200,324509336.0,66274.400,0.0,0.0,5245.600,8562.600,2.800,0.0,0.400,5641752576.0,227794944.0,1.47403718656e+11,15506927616.0,0.0,0.0,0.0,62259.200,5250.0,8566.800,2.931,2.077,94.711,0.030,0.0,0.251,1493178782.149,
2.959,2.127,94.653,0.040,0.0,0.221,0.0,63078.400,331430741.600,69676.0,0.0,0.0,5321.400,8652.600,2.200,0.0,0.0,5647159296.0,227803136.0,1.47403849728e+11,15501381632.0,0.0,0.0,0.0,63078.400,5321.0,8648.600,2.960,2.127,94.653,0.040,0.0,0.221,1493178787.149,
3.910,2.050,93.850,0.040,0.0,0.150,0.0,72089.600,472035519.0,127945.200,0.0,0.0,6988.400,11151.0,2.800,0.0,0.0,5642080256.0,227815424.0,1.47403988992e+11,15506309120.0,0.0,0.0,0.0,72089.600,6984.0,11150.600,3.910,2.055,93.845,0.040,0.0,0.150,1493178792.149,
3.995,1.990,93.799,0.020,0.0,0.196,0.0,84377.600,480081287.200,137737.800,0.0,0.0,7042.0,11576.800,2.800,0.0,0.0,5641965568.0,227815424.0,1.47404136448e+11,15506276352.0,0.0,0.0,0.0,84377.600,7041.200,11577.200,3.991,1.990,93.804,0.020,0.0,0.196,1493178797.149,
3.259,2.061,94.420,0.060,0.0,0.201,0.0,66355.200,393744726.0,98825.400,0.0,0.0,6091.0,10419.0,2.800,0.0,0.400,5655834624.0,227823616.0,1.47404300288e+11,15492235264.0,0.0,0.0,0.0,66355.200,6092.600,10419.200,3.264,2.060,94.415,0.060,0.0,0.201,1493178802.149,
3.117,2.055,94.562,0.030,0.0,0.236,0.0,57344.0,355633111.200,91765.800,0.0,0.0,5634.200,10017.200,2.200,0.0,0.0,5645197312.0,227823616.0,1.47404443648e+11,15502729216.0,0.0,0.0,0.0,57344.0,5634.0,10016.600,3.117,2.055,94.562,0.030,0.0,0.236,1493178807.149,
3.649,1.952,94.062,0.035,0.0,0.301,0.0,73728.0,426529163.800,148490.400,0.0,0.0,6525.200,10716.400,2.0,0.0,0.200,5651828736.0,227831808.0,1.47404578816e+11,15495954432.0,0.0,0.0,0.0,73728.0,6525.400,10717.400,3.644,1.948,94.072,0.035,0.0,0.301,1493178812.149,
3.809,1.897,94.008,0.035,0.0,0.251,0.0,63078.400,443091751.200,154665.200,0.0,0.0,6705.0,11655.400,3.0,0.0,0.0,5646245888.0,227840000.0,1.47404726272e+11,15501381632.0,0.0,0.0,0.0,63078.400,6707.400,11654.600,3.814,1.902,93.998,0.035,0.0,0.251,1493178817.149,
4.104,1.937,93.478,0.050,0.0,0.431,0.0,70451.200,474987527.200,217460.0,0.0,0.0,8072.200,10854.0,2.400,0.0,0.400,5647159296.0,227848192.0,1.47404886016e+11,15500300288.0,0.0,0.0,0.0,70451.200,8070.200,10857.200,4.099,1.932,93.488,0.050,0.0,0.431,1493178822.149,
4.422,1.656,93.465,0.045,0.0,0.412,0.0,73728.0,514321119.200,236642.600,0.0,0.0,7498.200,12461.400,3.0,0.0,0.400,5640699904.0,227848192.0,1.47405049856e+11,15506595840.0,0.0,0.0,0.0,73728.0,7500.600,12462.200,4.431,1.656,93.456,0.045,0.0,0.412,1493178827.149,
4.242,1.384,93.923,0.050,0.0,0.401,0.0,85196.800,501752961.0,199617.200,0.0,0.0,7128.600,12811.400,2.800,0.0,0.0,5644754944.0,227856384.0,1.47405213696e+11,15502368768.0,0.0,0.0,0.0,85196.800,7125.400,12807.400,4.238,1.384,93.927,0.050,0.0,0.401,1493178832.149,
3.890,1.625,93.820,0.025,0.0,0.640,0.0,65536.0,478708459.200,172833.400,0.0,0.0,6813.600,12460.800,2.200,0.0,0.0,5644021760.0,227864576.0,1.4740537344e+11,15502934016.0,0.0,0.0,0.0,65536.0,6817.0,12460.800,3.885,1.625,93.825,0.025,0.0,0.640,1493178837.149,
3.361,2.112,94.205,0.050,0.0,0.271,0.0,64716.800,381735907.400,101592.0,0.0,0.0,6262.400,9033.400,2.600,0.0,0.0,5645975552.0,227876864.0,1.4740553728e+11,15500804096.0,0.0,0.0,0.0,64716.800,6263.800,9034.0,3.361,2.112,94.201,0.050,0.0,0.276,1493178842.149,
3.318,2.082,94.020,0.040,0.0,0.540,0.0,63897.600,369704236.800,108462.800,0.0,0.0,5924.0,9266.400,2.600,0.0,0.0,5644505088.0,227876864.0,1.47405688832e+11,15502123008.0,0.0,0.0,0.0,63897.600,5924.0,9273.600,3.323,2.082,94.020,0.040,0.0,0.535,1493178847.149,
3.372,1.922,94.325,0.050,0.0,0.331,0.0,63897.600,400874212.0,132010.0,0.0,0.0,6148.200,10199.200,2.0,0.0,0.400,5660770304.0,227889152.0,1.47405836288e+11,15485698048.0,0.0,0.0,0.0,63897.600,6143.0,10192.0,3.372,1.922,94.325,0.050,0.0,0.331,1493178852.149,
2.952,2.023,94.738,0.020,0.0,0.266,0.0,54886.400,327333223.800,78898.800,0.0,0.0,5181.600,8655.800,2.200,0.0,0.400,5640826880.0,227897344.0,1.4740596736e+11,15505502208.0,0.0,0.0,0.0,54886.400,5182.600,8655.800,2.953,2.024,94.733,0.020,0.0,0.271,1493178857.149,
3.624,1.772,94.364,0.015,0.0,0.226,0.0,65536.0,475541143.800,183470.0,0.0,0.0,7012.400,13183.800,2.600,0.0,0.0,5656600576.0,227909632.0,1.47406114816e+11,15489568768.0,0.0,0.0,0.0,65536.0,7012.0,13183.600,3.624,1.772,94.369,0.015,0.0,0.221,1493178862.149,
4.069,1.591,93.964,0.015,0.0,0.361,0.0,74547.200,470549652.0,139261.0,0.0,0.0,6894.0,10548.600,2.200,0.0,0.0,5655101440.0,227909632.0,1.47406258176e+11,15490924544.0,0.0,0.0,0.0,74547.200,6896.0,10548.0,4.074,1.591,93.959,0.015,0.0,0.361,1493178867.149,
4.119,1.605,93.899,0.050,0.0,0.326,0.0,71270.400,509618883.0,154630.200,0.0,0.0,7206.200,11127.600,2.800,0.0,0.0,5651238912.0,227917824.0,1.47406422016e+11,15494615040.0,0.0,0.0,0.0,71270.400,7209.400,11128.0,4.114,1.605,93.904,0.050,0.0,0.326,1493178872.149,
3.986,1.594,94.054,0.025,0.0,0.341,0.0,69632.0,481168989.400,118956.400,0.0,0.0,6893.800,10113.400,2.400,0.0,0.400,5655502848.0,227921920.0,1.47406573568e+11,15490195456.0,0.0,0.0,0.0,69632.0,6889.200,10113.400,3.985,1.594,94.055,0.025,0.0,0.341,1493178877.149,
3.555,1.953,94.201,0.025,0.0,0.266,0.0,64716.800,405543551.600,103168.200,0.0,0.0,6304.800,9017.200,2.200,0.0,0.0,5649879040.0,227934208.0,1.47406749696e+11,15495630848.0,0.0,0.0,0.0,64716.800,6305.800,9018.0,3.555,1.958,94.196,0.025,0.0,0.266,1493178882.149,
4.122,1.830,93.596,0.020,0.0,0.431,0.0,63897.600,488546212.800,129143.200,0.0,0.0,7701.0,10157.600,2.600,0.0,0.600,5648125952.0,227942400.0,1.47406901248e+11,15497224192.0,0.0,0.0,0.0,63897.600,7701.0,10156.800,4.122,1.830,93.596,0.020,0.0,0.431,1493178887.149,
3.729,1.797,94.053,0.045,0.0,0.376,0.0,70451.200,416229269.800,88328.200,0.0,0.0,6347.600,9138.400,3.200,0.0,0.0,5653880832.0,227950592.0,1.47407065088e+11,15491297280.0,0.0,0.0,0.0,70451.200,6348.200,9139.200,3.730,1.792,94.057,0.045,0.0,0.376,1493178892.149,
4.203,1.760,93.690,0.035,0.0,0.311,0.0,68812.800,471032913.0,124573.600,0.0,0.0,6953.400,10486.600,2.0,0.0,0.0,5650092032.0,227958784.0,1.4740721664e+11,15494926336.0,0.0,0.0,0.0,68812.800,6953.400,10485.400,4.203,1.761,93.690,0.035,0.0,0.311,1493178897.149,
4.038,1.821,93.870,0.005,0.0,0.266,0.0,76185.600,463378870.600,112472.0,0.0,0.0,6700.200,10011.600,3.0,0.0,0.600,5662732288.0,227958784.0,1.47407364096e+11,15482138624.0,0.0,0.0,0.0,76185.600,6696.400,10012.0,4.033,1.826,93.871,0.005,0.0,0.266,1493178902.149,
4.412,1.764,93.432,0.025,0.0,0.367,0.0,68812.800,497685638.400,115969.200,0.0,0.0,7228.600,9568.200,3.200,0.0,0.0,5623300096.0,227979264.0,1.4740752384e+11,15521390592.0,0.0,0.0,0.0,68812.800,7232.800,9572.0,4.417,1.764,93.427,0.025,0.0,0.367,1493178907.149,
3.954,1.591,94.013,0.005,0.0,0.437,0.0,66355.200,454798786.600,132029.800,0.0,0.0,6732.600,9753.600,2.400,0.0,0.0,5641392128.0,227979264.0,1.47407699968e+11,15503122432.0,0.0,0.0,0.0,66355.200,6736.800,9754.0,3.954,1.586,94.018,0.005,0.0,0.437,1493178912.149,
4.391,1.643,93.504,0.025,0.0,0.437,0.0,71270.400,516130134.800,150817.0,0.0,0.0,7603.600,9956.600,3.200,0.0,0.0,5654278144.0,227987456.0,1.47407872e+11,15490056192.0,0.0,0.0,0.0,71270.400,7596.200,9952.400,4.391,1.643,93.504,0.025,0.0,0.437,1493178917.149,
4.409,1.073,94.116,0.035,0.0,0.366,0.0,67993.600,512380587.400,186740.0,0.0,0.0,7092.200,12356.800,3.0,0.0,0.0,5646815232.0,227987456.0,1.47408044032e+11,15497347072.0,0.0,0.0,0.0,67993.600,7092.600,12357.0,4.409,1.073,94.116,0.035,0.0,0.366,1493178922.149,
4.120,1.405,94.104,0.040,0.0,0.331,0.0,72089.600,491265148.0,154744.800,0.0,0.0,6958.200,11754.200,2.200,0.0,0.800,5655220224.0,227999744.0,1.47408289792e+11,15488684032.0,0.0,0.0,0.0,72089.600,6960.800,11753.600,4.120,1.410,94.099,0.040,0.0,0.331,1493178927.149,
3.906,1.697,94.066,0.040,0.0,0.291,0.0,67993.600,482538300.600,226011.800,0.0,0.0,7409.600,12072.400,3.600,0.0,0.0,5647904768.0,227999744.0,1.47408392192e+11,15495897088.0,0.0,0.0,0.0,67993.600,7407.400,12073.400,3.911,1.692,94.065,0.040,0.0,0.291,1493178932.149,
3.873,1.435,94.261,0.035,0.0,0.396,0.0,90112.0,485555937.600,295931.200,0.0,0.0,7280.600,12046.0,3.0,0.0,0.0,5649416192.0,228012032.0,1.47408556032e+11,15494209536.0,0.0,0.0,0.0,90112.0,7280.400,12045.400,3.863,1.440,94.266,0.035,0.0,0.396,1493178937.149,
3.612,1.833,94.049,0.035,0.0,0.471,0.0,63078.400,409133494.600,131918.800,0.0,0.0,6320.600,10236.200,2.600,0.0,0.0,5654659072.0,228020224.0,1.47408715776e+11,15488798720.0,0.0,0.0,0.0,63078.400,6323.800,10235.800,3.617,1.833,94.044,0.035,0.0,0.471,1493178942.149,
3.891,1.878,93.641,0.055,0.0,0.536,0.0,71270.400,469867000.200,125214.800,0.0,0.0,6930.800,10188.400,2.400,0.0,0.400,5650321408.0,228036608.0,1.47408863232e+11,15492972544.0,0.0,0.0,0.0,71270.400,6932.600,10192.400,3.891,1.873,93.646,0.055,0.0,0.536,1493178947.149,
3.868,1.771,94.126,0.015,0.0,0.221,0.0,64716.800,449033256.200,159956.800,0.0,0.0,10139.0,11947.600,3.200,0.0,0.0,5667880960.0,228040704.0,1.47409031168e+11,15475240960.0,0.0,0.0,0.0,64716.800,10133.800,11944.400,3.868,1.776,94.121,0.015,0.0,0.221,1493178952.149,
3.224,2.061,94.434,0.030,0.0,0.251,0.0,59801.600,376357699.400,122064.0,0.0,0.0,6970.0,10712.600,2.400,0.0,0.0,5663555584.0,228057088.0,1.47409190912e+11,15479390208.0,0.0,0.0,0.0,59801.600,6970.400,10712.200,3.219,2.061,94.440,0.030,0.0,0.251,1493178957.149,
2.504,2.183,95.078,0.010,0.0,0.226,0.0,52428.800,290163152.0,61911.200,0.0,0.0,7150.0,8382.800,2.400,0.0,0.0,5674622976.0,228057088.0,1.47409330176e+11,15468183552.0,0.0,0.0,0.0,52428.800,7149.800,8383.800,2.509,2.178,95.077,0.010,0.0,0.226,1493178962.149,
3.385,1.951,94.223,0.020,0.0,0.421,0.0,70451.200,378893326.0,99653.200,0.0,0.0,6140.400,9160.600,2.0,0.0,0.400,5675466752.0,228065280.0,1.47409494016e+11,15467167744.0,0.0,0.0,0.0,70451.200,6138.800,9160.200,3.380,1.956,94.223,0.020,0.0,0.421,1493178967.149,
4.442,1.243,93.843,0.035,0.0,0.436,0.0,79462.400,525038026.200,121976.600,0.0,0.0,7484.800,9715.0,2.600,0.0,0.400,5665808384.0,228065280.0,1.47409575936e+11,15476744192.0,0.0,0.0,0.0,79462.400,7488.200,9714.0,4.447,1.238,93.843,0.035,0.0,0.436,1493178972.149,
4.663,1.003,93.748,0.060,0.0,0.526,0.0,72908.800,519874328.400,106739.400,0.0,0.0,8566.800,9620.0,3.600,0.0,0.0,5671358464.0,228073472.0,1.47409743872e+11,15471017984.0,0.0,0.0,0.0,72908.800,8568.800,9622.600,4.667,1.003,93.744,0.060,0.0,0.526,1493178977.149,
4.495,1.185,93.863,0.040,0.0,0.417,0.0,62259.200,507803077.0,114113.400,0.0,0.0,7446.200,9143.400,4.0,0.0,0.0,5664587776.0,228085760.0,1.47409907712e+11,15477612544.0,0.0,0.0,0.0,62259.200,7442.400,9143.800,4.490,1.190,93.863,0.040,0.0,0.417,1493178982.149,
4.498,0.934,94.121,0.005,0.0,0.442,0.0,68812.800,521217326.800,152872.400,0.0,0.0,7180.800,10921.600,2.400,0.0,0.0,5645754368.0,228102144.0,1.47410079744e+11,15496257536.0,0.0,0.0,0.0,68812.800,7180.0,10918.600,4.498,0.934,94.121,0.005,0.0,0.442,1493178987.149,
4.440,0.838,94.280,0.015,0.0,0.426,0.0,66355.200,513778101.0,139846.0,0.0,0.0,6825.600,10168.600,2.200,0.0,0.200,5654040576.0,228110336.0,1.47410239488e+11,15487803392.0,0.0,0.0,0.0,66355.200,6828.400,10172.0,4.440,0.838,94.281,0.015,0.0,0.426,1493178992.149,
4.374,0.993,94.222,0.015,0.0,0.396,0.0,72089.600,510151260.800,193734.600,0.0,0.0,7146.600,12057.0,2.0,0.0,0.400,5671350272.0,228122624.0,1.47410403328e+11,15470317568.0,0.0,0.0,0.0,72089.600,7144.800,12054.0,4.369,0.993,94.226,0.015,0.0,0.396,1493178997.149,
3.577,1.741,94.281,0.035,0.0,0.366,0.0,63897.600,422069699.0,139612.400,0.0,0.0,6383.800,10436.0,2.200,0.0,0.400,5661347840.0,228122624.0,1.47410583552e+11,15480139776.0,0.0,0.0,0.0,63897.600,6388.0,10435.600,3.582,1.736,94.281,0.035,0.0,0.366,1493179002.149,
3.315,1.946,94.503,0.020,0.0,0.216,0.0,76185.600,408800601.600,125708.200,0.0,0.0,6162.0,11052.0,2.400,0.0,0.0,5663412224.0,228134912.0,1.47410726912e+11,15477919744.0,0.0,0.0,0.0,76185.600,6162.600,11052.800,3.310,1.946,94.508,0.020,0.0,0.216,1493179007.149,
4.535,1.021,93.693,0.040,0.0,0.711,0.0,70451.200,522516565.600,107501.600,0.0,0.0,7421.0,9694.200,2.600,0.0,0.0,5677637632.0,228134912.0,1.47410857984e+11,15463563264.0,0.0,0.0,0.0,70451.200,7417.200,9696.0,4.545,1.026,93.679,0.040,0.0,0.711,1493179012.149,
4.308,1.180,94.020,0.035,0.0,0.457,0.0,70451.200,481769240.0,155523.600,0.0,0.0,7365.600,10356.600,2.0,0.0,0.0,5660639232.0,228143104.0,1.47411050496e+11,15480360960.0,0.0,0.0,0.0,70451.200,7366.600,10354.0,4.299,1.180,94.029,0.035,0.0,0.457,1493179017.149,
3.497,1.902,94.315,0.040,0.0,0.246,0.0,63078.400,427079956.0,161880.800,0.0,0.0,6501.600,11740.600,3.400,0.0,0.400,5654487040.0,228151296.0,1.47411206144e+11,15486349312.0,0.0,0.0,0.0,63078.400,6504.600,11750.0,3.503,1.897,94.315,0.040,0.0,0.246,1493179022.149,
4.211,1.556,93.921,0.020,0.0,0.291,0.0,66355.200,506162968.400,212582.800,0.0,0.0,7345.200,13699.0,2.800,0.0,0.0,5658406912.0,228159488.0,1.47411349504e+11,15482277888.0,0.0,0.0,0.0,66355.200,7339.800,13690.0,4.211,1.556,93.921,0.020,0.0,0.291,1493179027.149,
3.718,1.784,94.163,0.005,0.0,0.331,0.0,63078.400,443364698.200,141954.200,0.0,0.0,6661.600,11561.200,2.600,0.0,0.0,5650665472.0,228159488.0,1.4741151744e+11,15489851392.0,0.0,0.0,0.0,63078.400,6666.0,11571.200,3.713,1.784,94.167,0.005,0.0,0.331,1493179032.149,
4.342,1.508,93.768,0.025,0.0,0.357,0.0,67174.400,517644972.0,306195.0,0.0,0.0,7483.800,12295.0,2.400,0.0,0.400,5657153536.0,228167680.0,1.4741168128e+11,15483191296.0,0.0,0.0,0.0,67174.400,7478.400,12284.600,4.343,1.508,93.768,0.025,0.0,0.357,1493179037.149,
3.812,1.841,94.092,0.015,0.0,0.241,0.0,78643.200,477298735.200,180474.400,0.0,0.0,6935.0,13692.800,2.0,0.0,0.0,5660110848.0,228179968.0,1.47411836928e+11,15480066048.0,0.0,0.0,0.0,78643.200,6939.400,13693.400,3.811,1.845,94.088,0.015,0.0,0.241,1493179042.149,
0.536,0.281,99.143,0.020,0.0,0.020,0.0,56524.800,53888098.0,22522.200,0.0,0.0,1250.200,7798.200,0.0,0.0,1.0,5482541056.0,228192256.0,1.4741200896e+11,15657451520.0,0.0,0.0,0.0,56524.800,1245.600,7797.600,0.541,0.276,99.143,0.020,0.0,0.020,1493179047.149,
