"Dstat 0.7.2 CSV output"
"Author:","Dag Wieers <dag@wieers.com>",,,,"URL:","http://dag.wieers.com/home-made/dstat/"
"Host:","client0.skyhook-1osds.skyhook-pg0.wisc.cloudlab.us",,,,"User:","jlefevre"
"Cmdline:","dstat -av --epoch --integer --noheaders --output 1osd.dstat-client0.log 5",,,,"Date:","25 Apr 2017 15:29:27 CDT"

"total cpu usage",,,,,,"dsk/total",,"net/total",,"paging",,"system",,"procs",,,"memory usage",,,,"paging",,"dsk/total",,"system",,"total cpu usage",,,,,,"epoch"
"usr","sys","idl","wai","hiq","siq","read","writ","recv","send","in","out","int","csw","run","blk","new","used","buff","cach","free","in","out","read","writ","int","csw","usr","sys","idl","wai","hiq","siq","epoch"
0.050,0.030,99.920,0.0,0.0,0.0,0.0,58163.200,51725.800,2122.0,0.0,0.0,715.800,7129.200,0.0,0.200,1.400,5510877184.0,198139904.0,1.47404525568e+11,15666651136.0,0.0,0.0,0.0,58163.200,716.400,7129.600,0.045,0.035,99.920,0.0,0.0,0.0,1493162167.149,
0.030,0.035,99.905,0.020,0.0,0.010,0.0,10649.600,40427.800,1010.800,0.0,0.0,703.800,6303.200,0.0,0.0,0.0,5511352320.0,198152192.0,1.47404525568e+11,15666163712.0,0.0,0.0,0.0,10649.600,703.200,6302.800,0.035,0.030,99.905,0.020,0.0,0.010,1493162172.149,
0.941,1.445,97.282,0.025,0.0,0.307,0.0,42598.400,759566675.200,276412.400,0.0,0.0,9540.800,12158.800,1.200,0.0,5.0,5685088256.0,198164480.0,1.47404570624e+11,15492370432.0,0.0,0.0,0.0,42598.400,9546.200,12164.0,0.941,1.445,97.282,0.025,0.0,0.307,1493162177.149,
0.909,1.526,97.003,0.025,0.0,0.537,0.0,99123.200,691787765.800,191257.0,0.0,0.0,9297.400,11563.0,1.0,0.200,0.0,5709910016.0,198193152.0,1.47404804096e+11,15467286528.0,0.0,0.0,0.0,99123.200,9293.600,11559.400,0.904,1.526,97.008,0.025,0.0,0.537,1493162182.149,
0.875,1.508,97.060,0.015,0.0,0.543,0.0,69632.0,684643353.200,209459.200,0.0,0.0,9346.200,11218.400,1.200,0.200,0.0,5698809856.0,198205440.0,1.47404996608e+11,15478181888.0,0.0,0.0,0.0,69632.0,9349.800,11218.600,0.875,1.508,97.060,0.015,0.0,0.543,1493162187.149,
0.783,1.743,97.082,0.035,0.0,0.357,0.0,77004.800,610691335.0,187251.600,0.0,0.0,8380.600,11352.800,1.400,0.200,0.0,5700980736.0,198225920.0,1.47405213696e+11,15475773440.0,0.0,0.0,0.0,77004.800,8375.800,11351.400,0.788,1.748,97.072,0.035,0.0,0.357,1493162192.149,
0.708,1.697,97.254,0.050,0.0,0.291,0.0,65536.0,699389048.0,247911.400,0.0,0.0,8910.200,14101.400,1.400,0.200,0.0,5680746496.0,198246400.0,1.4740537344e+11,15495827456.0,0.0,0.0,0.0,65536.0,8915.200,14106.200,0.703,1.692,97.264,0.050,0.0,0.291,1493162197.149,
0.557,1.832,97.255,0.040,0.0,0.316,0.0,73728.0,484385634.0,158943.200,0.0,0.0,6850.400,11399.0,1.200,0.200,0.400,5689004032.0,198254592.0,1.47405586432e+11,15487348736.0,0.0,0.0,0.0,73728.0,6845.800,11393.800,0.562,1.831,97.250,0.040,0.0,0.316,1493162202.149,
0.517,1.816,97.351,0.035,0.0,0.281,0.0,66355.200,516295624.0,167552.0,0.0,0.0,6920.0,12515.800,1.0,0.200,0.0,5682597888.0,198270976.0,1.47405733888e+11,15493591040.0,0.0,0.0,0.0,66355.200,6923.400,12515.800,0.517,1.816,97.351,0.035,0.0,0.281,1493162207.149,
0.865,1.629,96.999,0.015,0.0,0.493,0.0,72089.600,607984353.800,174546.200,0.0,0.0,8603.600,10333.800,1.0,0.200,0.0,5679132672.0,198275072.0,1.47405914112e+11,15496871936.0,0.0,0.0,0.0,72089.600,8602.200,10334.400,0.865,1.634,96.993,0.015,0.0,0.493,1493162212.149,
1.091,1.723,97.004,0.040,0.0,0.141,0.0,84377.600,848826119.600,411271.0,0.0,0.0,10726.0,12974.0,1.0,0.200,0.0,5667917824.0,198299648.0,1.47406106624e+11,15507869696.0,0.0,0.0,0.0,84377.600,10728.800,12975.200,1.091,1.718,97.009,0.040,0.0,0.141,1493162217.149,
0.986,1.398,97.198,0.040,0.0,0.377,0.0,74547.200,925484831.800,357486.400,0.0,0.0,11353.0,15966.200,1.0,0.200,0.600,5667352576.0,198299648.0,1.47406331904e+11,15508209664.0,0.0,0.0,0.0,74547.200,11352.200,15966.400,0.986,1.398,97.198,0.040,0.0,0.377,1493162222.149,
0.754,1.583,97.160,0.045,0.0,0.457,0.0,99942.400,590028283.600,202098.800,0.0,0.0,7950.600,11491.0,0.800,0.200,0.0,5677117440.0,198328320.0,1.47406565376e+11,15498182656.0,0.0,0.0,0.0,99942.400,7951.0,11491.0,0.749,1.588,97.160,0.045,0.0,0.457,1493162227.149,
0.543,1.815,97.300,0.030,0.0,0.312,0.0,63897.600,492743306.400,173290.600,0.0,0.0,6964.400,11053.800,1.400,0.200,0.400,5685329920.0,198352896.0,1.47406729216e+11,15489781760.0,0.0,0.0,0.0,63897.600,6959.400,11051.800,0.543,1.815,97.300,0.030,0.0,0.312,1493162232.149,
0.472,1.832,97.460,0.045,0.0,0.191,0.0,68812.800,434076993.200,177615.600,0.0,0.0,6020.200,13220.800,1.0,0.200,0.0,5690490880.0,198356992.0,1.47406913536e+11,15484432384.0,0.0,0.0,0.0,68812.800,6020.400,13221.200,0.472,1.832,97.460,0.045,0.0,0.191,1493162237.149,
0.467,1.928,97.394,0.040,0.0,0.171,0.0,65536.0,395642863.200,170097.600,0.0,0.0,5828.200,11971.800,1.0,0.200,0.400,5676310528.0,198365184.0,1.47407056896e+11,15498461184.0,0.0,0.0,0.0,65536.0,5833.400,11982.400,0.467,1.928,97.394,0.040,0.0,0.171,1493162242.149,
0.754,1.518,97.321,0.040,0.0,0.367,0.0,63078.400,624716382.400,247172.400,0.0,0.0,8402.800,13566.200,1.200,0.200,0.0,5696294912.0,198377472.0,1.47407204352e+11,15478317056.0,0.0,0.0,0.0,63078.400,8397.400,13555.200,0.754,1.513,97.326,0.040,0.0,0.367,1493162247.149,
0.895,1.428,97.178,0.035,0.0,0.463,0.0,75366.400,697916185.200,304775.200,0.0,0.0,8919.800,12994.600,1.800,0.200,0.600,5677092864.0,198397952.0,1.47407392768e+11,15497310208.0,0.0,0.0,0.0,75366.400,8925.600,12995.400,0.895,1.433,97.173,0.035,0.0,0.463,1493162252.149,
0.897,1.386,97.334,0.015,0.0,0.368,0.0,73728.0,735332086.0,376680.0,0.0,0.0,9551.400,14826.600,2.0,0.200,0.0,5672779776.0,198402048.0,1.47407601664e+11,15501410304.0,0.0,0.0,0.0,73728.0,9553.200,14832.800,0.897,1.386,97.334,0.015,0.0,0.368,1493162257.149,
0.923,1.418,97.396,0.040,0.0,0.222,0.0,92569.600,791241873.200,470628.600,0.0,0.0,10360.400,16573.600,1.600,0.200,0.400,5678931968.0,198414336.0,1.4740781056e+11,15495036928.0,0.0,0.0,0.0,92569.600,10357.400,16571.0,0.928,1.418,97.392,0.040,0.0,0.222,1493162262.149,
0.799,1.578,97.106,0.045,0.0,0.472,0.0,84377.600,681538823.400,207801.800,0.0,0.0,9607.400,12249.200,1.0,0.200,0.400,5666697216.0,198426624.0,1.47408031744e+11,15507038208.0,0.0,0.0,0.0,84377.600,9606.200,12248.600,0.794,1.573,97.116,0.045,0.0,0.472,1493162267.149,
0.844,1.502,96.996,0.045,0.0,0.613,0.0,77004.800,581609596.0,152061.400,0.0,0.0,8555.800,10087.400,1.0,0.200,0.400,5682937856.0,198426624.0,1.47408228352e+11,15490600960.0,0.0,0.0,0.0,77004.800,8553.0,10084.0,0.844,1.507,96.991,0.045,0.0,0.613,1493162272.149,
1.035,1.386,97.047,0.045,0.0,0.487,0.0,76185.600,922686690.400,313842.800,0.0,0.0,11510.600,15218.800,1.0,0.200,0.0,5669466112.0,198455296.0,1.47408412672e+11,15503859712.0,0.0,0.0,0.0,76185.600,11514.600,15219.0,1.035,1.386,97.047,0.045,0.0,0.487,1493162277.149,
1.005,1.307,97.196,0.035,0.0,0.457,0.0,82739.200,959594626.400,337944.800,0.0,0.0,11646.0,16014.0,2.0,0.200,0.400,5667201024.0,198463488.0,1.47408646144e+11,15505883136.0,0.0,0.0,0.0,82739.200,11646.600,16015.200,1.005,1.307,97.196,0.035,0.0,0.457,1493162282.149,
0.653,1.698,97.322,0.035,0.0,0.291,0.0,86016.0,617885171.600,214945.800,0.0,0.0,8190.200,13444.400,1.400,0.200,0.0,5678280704.0,198479872.0,1.47408891904e+11,15494541312.0,0.0,0.0,0.0,86016.0,8190.400,13443.200,0.653,1.698,97.322,0.035,0.0,0.291,1493162287.149,
0.366,2.087,97.406,0.025,0.0,0.115,0.0,69632.0,342304898.0,110265.800,0.0,0.0,5305.200,10298.600,1.200,0.200,0.400,5683576832.0,198483968.0,1.47409055744e+11,15489077248.0,0.0,0.0,0.0,69632.0,5299.800,10298.0,0.371,2.083,97.406,0.025,0.0,0.115,1493162292.149,
0.512,1.908,97.369,0.025,0.0,0.186,0.0,75366.400,466042860.400,183606.600,0.0,0.0,6487.400,12013.600,1.0,0.200,0.0,5677326336.0,198496256.0,1.47409186816e+11,15495184384.0,0.0,0.0,0.0,75366.400,6491.0,12014.0,0.507,1.908,97.374,0.025,0.0,0.186,1493162297.149,
0.846,1.691,97.121,0.035,0.0,0.307,0.0,72089.600,631900289.800,247302.200,0.0,0.0,8760.800,11817.800,1.600,0.200,0.800,5679751168.0,198516736.0,1.47409354752e+11,15492571136.0,0.0,0.0,0.0,72089.600,8759.400,11821.600,0.846,1.696,97.116,0.035,0.0,0.307,1493162302.149,
0.759,1.522,97.277,0.025,0.0,0.417,0.0,73728.0,694749379.600,247531.200,0.0,0.0,9309.600,14503.600,0.800,0.200,0.0,5676900352.0,198520832.0,1.47409559552e+11,15495213056.0,0.0,0.0,0.0,73728.0,9307.400,14499.400,0.759,1.517,97.282,0.025,0.0,0.417,1493162307.149,
0.668,1.758,97.077,0.045,0.0,0.452,0.0,74547.200,461854443.600,118857.600,0.0,0.0,7219.400,9754.600,2.0,0.200,0.400,5670072320.0,198541312.0,1.47409743872e+11,15501836288.0,0.0,0.0,0.0,74547.200,7222.600,9757.0,0.668,1.758,97.077,0.045,0.0,0.452,1493162312.149,
0.663,1.843,97.067,0.030,0.0,0.397,0.0,64716.800,466855151.200,151051.600,0.0,0.0,6855.400,9775.0,1.200,0.200,0.0,5674467328.0,198545408.0,1.47409895424e+11,15497285632.0,0.0,0.0,0.0,64716.800,6852.800,9773.0,0.663,1.849,97.061,0.030,0.0,0.397,1493162317.149,
1.028,1.239,97.411,0.055,0.0,0.267,0.0,69632.0,830003794.400,441344.200,0.0,0.0,10537.600,18252.600,1.0,0.200,0.400,5689913344.0,198569984.0,1.4741006336e+11,15481647104.0,0.0,0.0,0.0,69632.0,10537.400,18252.400,1.033,1.239,97.406,0.055,0.0,0.267,1493162322.149,
0.749,1.502,97.362,0.040,0.0,0.347,0.0,81100.800,639694818.200,279420.800,0.0,0.0,8312.0,15900.600,0.800,0.200,0.400,5695418368.0,198578176.0,1.4741028864e+11,15475908608.0,0.0,0.0,0.0,81100.800,8313.0,15902.600,0.744,1.502,97.367,0.040,0.0,0.347,1493162327.149,
0.724,1.563,97.352,0.055,0.0,0.307,0.0,84377.600,585966472.0,246766.400,0.0,0.0,7882.400,14493.600,0.800,0.200,0.400,5677617152.0,198590464.0,1.47410481152e+11,15493505024.0,0.0,0.0,0.0,84377.600,7886.200,14496.800,0.724,1.558,97.356,0.055,0.0,0.307,1493162332.149,
0.991,1.394,97.152,0.030,0.0,0.433,0.0,79462.400,774832799.800,346582.0,0.0,0.0,10059.800,14959.600,1.200,0.200,0.400,5682708480.0,198610944.0,1.47410685952e+11,15488188416.0,0.0,0.0,0.0,79462.400,10058.200,14954.200,0.991,1.399,97.147,0.030,0.0,0.433,1493162337.149,
0.638,1.573,97.362,0.040,0.0,0.387,0.0,74547.200,540621726.200,185210.200,0.0,0.0,7173.600,12809.800,1.200,0.200,0.0,5688184832.0,198631424.0,1.47410894848e+11,15482482688.0,0.0,0.0,0.0,74547.200,7175.200,12810.800,0.638,1.573,97.362,0.040,0.0,0.387,1493162342.149,
0.633,1.542,97.423,0.055,0.0,0.347,0.0,73728.0,617280913.0,262783.0,0.0,0.0,8101.200,15550.600,1.0,0.200,0.400,5687422976.0,198656000.0,1.47411083264e+11,15483031552.0,0.0,0.0,0.0,73728.0,8096.200,15550.0,0.638,1.537,97.422,0.055,0.0,0.347,1493162347.149,
0.734,1.558,97.136,0.015,0.0,0.558,0.0,77824.0,597988664.200,169365.200,0.0,0.0,8135.800,10922.0,1.800,0.200,0.0,5689892864.0,198660096.0,1.47411279872e+11,15480360960.0,0.0,0.0,0.0,77824.0,8139.800,10924.200,0.734,1.563,97.131,0.015,0.0,0.558,1493162352.149,
0.986,1.348,97.128,0.055,0.0,0.483,0.0,77824.0,810327041.400,416854.400,0.0,0.0,10318.600,17166.800,1.400,0.200,0.400,5665890304.0,198680576.0,1.4741147648e+11,15504146432.0,0.0,0.0,0.0,77824.0,10319.600,17165.0,0.981,1.343,97.138,0.055,0.0,0.483,1493162357.149,
0.988,1.589,97.080,0.045,0.0,0.298,0.0,77004.800,732445336.600,416953.400,0.0,0.0,9436.600,13527.200,1.800,0.200,0.0,5683650560.0,198709248.0,1.47411689472e+11,15486144512.0,0.0,0.0,0.0,77004.800,9435.0,13531.400,0.988,1.594,97.075,0.045,0.0,0.298,1493162362.149,
0.472,1.913,97.289,0.060,0.0,0.266,0.0,86016.0,411499076.0,141672.200,0.0,0.0,6021.200,11247.600,1.400,0.200,0.800,5685620736.0,198721536.0,1.47411881984e+11,15483969536.0,0.0,0.0,0.0,86016.0,6017.600,11242.600,0.472,1.913,97.289,0.060,0.0,0.266,1493162367.149,
0.593,1.733,97.278,0.050,0.0,0.347,0.0,67993.600,469705615.400,150025.0,0.0,0.0,6498.400,11759.0,1.200,0.200,0.0,5685530624.0,198742016.0,1.47412033536e+11,15483887616.0,0.0,0.0,0.0,67993.600,6502.200,11759.400,0.593,1.727,97.283,0.050,0.0,0.346,1493162372.149,
0.753,1.692,97.102,0.030,0.0,0.422,0.0,72908.800,624653314.600,183381.400,0.0,0.0,8381.600,11963.200,1.0,0.200,0.400,5675667456.0,198750208.0,1.47412209664e+11,15493566464.0,0.0,0.0,0.0,72908.800,8383.800,11966.800,0.758,1.692,97.097,0.030,0.0,0.422,1493162377.149,
0.837,1.876,97.131,0.015,0.0,0.141,0.0,68812.800,623328180.200,262784.800,0.0,0.0,8419.400,11165.400,1.400,0.200,0.0,5670932480.0,198762496.0,1.474123776e+11,15498121216.0,0.0,0.0,0.0,68812.800,8414.600,11162.200,0.832,1.881,97.130,0.015,0.0,0.141,1493162382.149,
1.044,1.877,96.882,0.045,0.0,0.151,0.0,75366.400,775446239.800,346885.800,0.0,0.0,9878.600,12719.400,1.800,0.200,0.400,5672046592.0,198782976.0,1.474125824e+11,15496781824.0,0.0,0.0,0.0,75366.400,9882.800,12723.200,1.049,1.876,96.878,0.045,0.0,0.151,1493162387.149,
0.715,1.902,97.152,0.040,0.0,0.191,0.0,80281.600,600561367.400,236784.800,0.0,0.0,8000.200,12099.0,0.800,0.200,0.0,5679599616.0,198811648.0,1.47412791296e+11,15488991232.0,0.0,0.0,0.0,80281.600,7994.400,12094.400,0.710,1.897,97.161,0.040,0.0,0.191,1493162392.149,
0.502,1.867,97.355,0.025,0.0,0.251,0.0,68812.800,517258625.400,174940.0,0.0,0.0,7264.800,12453.800,1.400,0.200,0.400,5688791040.0,198823936.0,1.47412963328e+11,15479615488.0,0.0,0.0,0.0,68812.800,7265.200,12453.800,0.502,1.867,97.355,0.025,0.0,0.251,1493162397.149,
0.467,2.089,97.218,0.055,0.0,0.171,0.0,82739.200,365477824.800,116486.400,0.0,0.0,5485.0,9910.800,1.400,0.200,0.600,5680627712.0,198844416.0,1.4741313536e+11,15487586304.0,0.0,0.0,0.0,82739.200,5489.200,9916.600,0.467,2.090,97.217,0.055,0.0,0.171,1493162402.149,
0.688,1.271,97.655,0.030,0.0,0.357,0.0,73728.0,553736566.400,160617.800,0.0,0.0,7414.0,11439.600,0.600,0.200,1.400,5494153216.0,198856704.0,1.47413303296e+11,15673880576.0,0.0,0.0,0.0,73728.0,7410.200,11434.400,0.693,1.270,97.650,0.030,0.0,0.356,1493162407.149,
