"Dstat 0.7.2 CSV output"
"Author:","Dag Wieers <dag@wieers.com>",,,,"URL:","http://dag.wieers.com/home-made/dstat/"
"Host:","client0.skyhook-1osds.skyhook-pg0.wisc.cloudlab.us",,,,"User:","jlefevre"
"Cmdline:","dstat -av --epoch --integer --noheaders --output 1osd.dstat-client0.log 5",,,,"Date:","25 Apr 2017 15:29:27 CDT"

"total cpu usage",,,,,,"dsk/total",,"net/total",,"paging",,"system",,"procs",,,"memory usage",,,,"paging",,"dsk/total",,"system",,"total cpu usage",,,,,,"epoch"
"usr","sys","idl","wai","hiq","siq","read","writ","recv","send","in","out","int","csw","run","blk","new","used","buff","cach","free","in","out","read","writ","int","csw","usr","sys","idl","wai","hiq","siq","epoch"
0.025,0.025,99.920,0.020,0.0,0.010,0.0,14745.600,40544.800,933.400,0.0,0.0,671.600,6838.200,0.200,0.0,0.0,5467566080.0,201519104.0,1.47397648384e+11,15713460224.0,0.0,0.0,0.0,14745.600,671.600,6838.200,0.025,0.030,99.915,0.020,0.0,0.010,1493163367.149,
0.130,0.130,99.679,0.015,0.0,0.045,0.0,13107.200,40433974.400,33393.200,0.0,0.0,1629.600,7846.800,0.0,0.0,5.200,5508128768.0,201523200.0,1.47397648384e+11,15672893440.0,0.0,0.0,0.0,13107.200,1629.600,7846.800,0.130,0.125,99.684,0.015,0.0,0.045,1493163372.149,
0.145,0.095,99.659,0.050,0.0,0.050,0.0,64716.800,52285188.600,45647.600,0.0,0.0,1539.400,8324.200,0.0,0.0,0.0,5507264512.0,201531392.0,1.47397820416e+11,15673577472.0,0.0,0.0,0.0,64716.800,1539.400,8324.200,0.145,0.095,99.659,0.050,0.0,0.050,1493163377.149,
0.140,0.110,99.649,0.045,0.0,0.055,0.0,64716.800,51893817.600,44048.600,0.0,0.0,1752.800,7940.200,0.200,0.0,0.0,5508259840.0,201535488.0,1.4739800064e+11,15672397824.0,0.0,0.0,0.0,64716.800,1752.800,7940.200,0.140,0.110,99.649,0.045,0.0,0.055,1493163382.149,
0.125,0.115,99.644,0.055,0.0,0.060,0.0,69632.0,51359269.200,41129.0,0.0,0.0,2374.0,8065.600,0.0,0.0,0.0,5510963200.0,201555968.0,1.47398176768e+11,15669497856.0,0.0,0.0,0.0,69632.0,2374.0,8065.600,0.125,0.115,99.644,0.055,0.0,0.060,1493163387.149,
0.120,0.100,99.709,0.035,0.0,0.035,0.0,74547.200,51295078.0,52783.400,0.0,0.0,1671.0,8169.400,0.0,0.0,0.0,5509365760.0,201564160.0,1.47398352896e+11,15670910976.0,0.0,0.0,0.0,74547.200,1671.0,8169.400,0.120,0.100,99.709,0.035,0.0,0.035,1493163392.149,
0.130,0.080,99.674,0.055,0.0,0.060,0.0,70451.200,53168301.400,43903.600,0.0,0.0,1788.800,7946.800,0.600,0.0,0.0,5508632576.0,201601024.0,1.47398520832e+11,15671439360.0,0.0,0.0,0.0,70451.200,1788.800,7946.800,0.130,0.080,99.674,0.055,0.0,0.060,1493163397.149,
0.110,0.085,99.699,0.050,0.0,0.055,0.0,69632.0,50481211.200,41779.400,0.0,0.0,1699.200,7831.800,0.400,0.0,0.400,5511065600.0,201617408.0,1.47398701056e+11,15668809728.0,0.0,0.0,0.0,69632.0,1699.200,7831.800,0.110,0.085,99.699,0.050,0.0,0.055,1493163402.149,
0.130,0.115,99.709,0.020,0.0,0.025,0.0,65536.0,51927196.0,44486.800,0.0,0.0,1462.600,8185.0,0.0,0.0,0.0,5509980160.0,201625600.0,1.473988608e+11,15669727232.0,0.0,0.0,0.0,65536.0,1463.0,8185.400,0.130,0.115,99.709,0.020,0.0,0.025,1493163407.149,
0.135,0.110,99.639,0.050,0.0,0.065,0.0,67993.600,52218302.0,42128.800,0.0,0.0,1667.400,8083.0,1.200,0.0,0.0,5510639616.0,201641984.0,1.4739902464e+11,15668887552.0,0.0,0.0,0.0,67993.600,1667.0,8082.600,0.135,0.115,99.634,0.050,0.0,0.065,1493163412.149,
0.120,0.090,99.674,0.040,0.0,0.075,0.0,63897.600,50775819.0,48304.600,0.0,0.0,1814.800,8040.200,0.200,0.0,0.0,5509038080.0,201654272.0,1.47399196672e+11,15670304768.0,0.0,0.0,0.0,63897.600,1814.800,8040.200,0.120,0.090,99.674,0.040,0.0,0.075,1493163417.149,
0.130,0.075,99.714,0.030,0.0,0.050,0.0,67174.400,51637801.400,47734.200,0.0,0.0,1459.0,7889.800,0.200,0.0,0.0,5508952064.0,201670656.0,1.473993728e+11,15670198272.0,0.0,0.0,0.0,67174.400,1464.200,7891.600,0.135,0.070,99.714,0.030,0.0,0.050,1493163422.149,
0.125,0.100,99.674,0.020,0.0,0.080,0.0,73728.0,51877412.600,42444.800,0.0,0.0,1567.200,7713.600,0.200,0.0,0.0,5509423104.0,201678848.0,1.47399540736e+11,15669551104.0,0.0,0.0,0.0,73728.0,1562.0,7711.800,0.125,0.100,99.674,0.020,0.0,0.080,1493163427.149,
0.140,0.100,99.694,0.015,0.0,0.050,0.0,67174.400,52240214.600,42565.600,0.0,0.0,2031.600,7696.0,0.200,0.0,0.400,5509799936.0,201695232.0,1.47399708672e+11,15668989952.0,0.0,0.0,0.0,67174.400,2031.600,7696.0,0.135,0.100,99.699,0.015,0.0,0.050,1493163432.149,
0.110,0.100,99.724,0.025,0.0,0.040,0.0,67993.600,51659977.200,43159.400,0.0,0.0,1404.400,7991.400,0.0,0.0,0.0,5511036928.0,201711616.0,1.473998848e+11,15667560448.0,0.0,0.0,0.0,67993.600,1404.400,7991.400,0.110,0.100,99.724,0.025,0.0,0.040,1493163437.149,
0.110,0.075,99.739,0.0,0.0,0.075,0.0,67993.600,52052896.600,44380.200,0.0,0.0,1567.600,7989.200,0.600,0.0,0.0,5511491584.0,201711616.0,1.47400060928e+11,15666929664.0,0.0,0.0,0.0,67993.600,1571.600,7995.600,0.110,0.080,99.734,0.0,0.0,0.075,1493163442.149,
0.100,0.090,99.709,0.045,0.0,0.055,0.0,68812.800,50925553.600,42506.400,0.0,0.0,1590.600,8213.600,0.0,0.0,0.0,5510692864.0,201723904.0,1.47400220672e+11,15667556352.0,0.0,0.0,0.0,68812.800,1586.600,8207.200,0.100,0.085,99.714,0.045,0.0,0.055,1493163447.149,
0.110,0.075,99.724,0.035,0.0,0.055,0.0,64716.800,52214473.600,40767.0,0.0,0.0,1416.800,8355.800,0.200,0.0,0.0,5512511488.0,201736192.0,1.474003968e+11,15665549312.0,0.0,0.0,0.0,64716.800,1416.800,8355.800,0.110,0.080,99.719,0.035,0.0,0.055,1493163452.149,
0.140,0.110,99.689,0.010,0.0,0.050,0.0,65536.0,51683044.200,43258.600,0.0,0.0,1696.200,7871.400,0.400,0.0,0.400,5499035648.0,201760768.0,1.47400568832e+11,15678828544.0,0.0,0.0,0.0,65536.0,1696.0,7871.400,0.145,0.105,99.689,0.010,0.0,0.050,1493163457.149,
0.130,0.125,99.644,0.030,0.0,0.070,0.0,76185.600,51702489.600,37963.200,0.0,0.0,1826.0,7819.400,0.0,0.0,0.0,5502189568.0,201764864.0,1.47400736768e+11,15675502592.0,0.0,0.0,0.0,76185.600,1826.400,7819.800,0.125,0.125,99.649,0.030,0.0,0.070,1493163462.149,
0.140,0.120,99.644,0.045,0.0,0.050,0.0,72908.800,52521571.200,40255.400,0.0,0.0,1710.400,8073.0,0.0,0.0,0.0,5504430080.0,201777152.0,1.474009088e+11,15673077760.0,0.0,0.0,0.0,72908.800,1710.800,8073.200,0.140,0.120,99.644,0.045,0.0,0.050,1493163467.149,
0.145,0.110,99.619,0.055,0.0,0.070,0.0,74547.200,50484556.200,38098.0,0.0,0.0,1982.0,7579.200,0.400,0.0,0.400,5504585728.0,201785344.0,1.47401089024e+11,15672733696.0,0.0,0.0,0.0,74547.200,1981.400,7578.600,0.145,0.115,99.614,0.055,0.0,0.070,1493163472.149,
0.155,0.135,99.619,0.040,0.0,0.050,0.0,70451.200,53129068.200,43450.400,0.0,0.0,1886.800,7920.0,0.0,0.0,0.0,5505605632.0,201797632.0,1.47401261056e+11,15671529472.0,0.0,0.0,0.0,70451.200,1886.800,7920.0,0.155,0.130,99.624,0.040,0.0,0.050,1493163477.149,
0.115,0.110,99.669,0.050,0.0,0.055,0.0,70451.200,50949877.0,40488.0,0.0,0.0,1505.400,8045.600,0.400,0.0,0.0,5504225280.0,201818112.0,1.47401428992e+11,15672721408.0,0.0,0.0,0.0,70451.200,1505.400,8045.600,0.115,0.110,99.669,0.050,0.0,0.055,1493163482.149,
0.145,0.115,99.644,0.040,0.0,0.055,0.0,63078.400,51312590.600,41804.600,0.0,0.0,1666.0,7634.800,0.200,0.0,0.0,5505019904.0,201818112.0,1.47401596928e+11,15671758848.0,0.0,0.0,0.0,63078.400,1666.0,7634.800,0.145,0.115,99.644,0.040,0.0,0.055,1493163487.149,
0.155,0.085,99.684,0.035,0.0,0.040,0.0,64716.800,51903915.0,42951.600,0.0,0.0,1606.400,8044.400,0.0,0.0,0.0,5506105344.0,201838592.0,1.47401760768e+11,15670489088.0,0.0,0.0,0.0,64716.800,1606.400,8044.400,0.155,0.085,99.684,0.035,0.0,0.040,1493163492.149,
0.150,0.120,99.624,0.035,0.0,0.070,0.0,73728.0,51333886.200,44268.800,0.0,0.0,1636.800,8195.200,0.400,0.0,0.0,5506310144.0,201838592.0,1.47401928704e+11,15670116352.0,0.0,0.0,0.0,73728.0,1636.600,8195.200,0.155,0.120,99.619,0.035,0.0,0.070,1493163497.149,
0.135,0.115,99.674,0.025,0.0,0.050,0.0,65536.0,52281216.400,44080.0,0.0,0.0,1549.0,7856.200,0.200,0.0,0.0,5506408448.0,201854976.0,1.47402088448e+11,15669841920.0,0.0,0.0,0.0,65536.0,1554.800,7860.400,0.130,0.120,99.674,0.025,0.0,0.050,1493163502.149,
0.150,0.120,99.629,0.025,0.0,0.075,0.0,70451.200,51909756.400,45592.400,0.0,0.0,1641.0,8203.800,0.0,0.0,0.400,5509464064.0,201871360.0,1.47402268672e+11,15666589696.0,0.0,0.0,0.0,70451.200,1635.800,8199.600,0.150,0.115,99.634,0.025,0.0,0.075,1493163507.149,
0.125,0.105,99.719,0.0,0.0,0.050,0.0,71270.400,50712546.400,46452.400,0.0,0.0,1419.200,8283.600,0.0,0.0,0.200,5510451200.0,201871360.0,1.47402436608e+11,15665434624.0,0.0,0.0,0.0,71270.400,1418.800,8283.600,0.125,0.105,99.719,0.0,0.0,0.050,1493163512.149,
0.150,0.100,99.659,0.020,0.0,0.070,0.0,68812.800,53109372.600,46601.600,0.0,0.0,1610.800,7940.800,0.0,0.0,0.0,5494632448.0,201879552.0,1.4740260864e+11,15681073152.0,0.0,0.0,0.0,68812.800,1610.800,7940.800,0.150,0.105,99.654,0.020,0.0,0.070,1493163517.149,
0.155,0.105,99.644,0.035,0.0,0.060,0.0,65536.0,52494131.400,46974.400,0.0,0.0,1742.600,7511.600,0.0,0.0,0.0,5499756544.0,201887744.0,1.47402780672e+11,15675768832.0,0.0,0.0,0.0,65536.0,1742.600,7511.600,0.155,0.100,99.649,0.035,0.0,0.060,1493163522.149,
0.120,0.125,99.659,0.040,0.0,0.055,0.0,63897.600,52228923.600,43370.400,0.0,0.0,1667.800,7975.400,0.200,0.0,0.0,5502017536.0,201912320.0,1.47402940416e+11,15673323520.0,0.0,0.0,0.0,63897.600,1667.600,7975.400,0.120,0.125,99.659,0.040,0.0,0.055,1493163527.149,
0.110,0.110,99.699,0.030,0.0,0.050,0.0,72908.800,50451831.800,46320.800,0.0,0.0,1715.0,7584.800,0.0,0.0,0.0,5503082496.0,201924608.0,1.47403112448e+11,15672074240.0,0.0,0.0,0.0,72908.800,1715.0,7584.800,0.115,0.110,99.694,0.030,0.0,0.050,1493163532.149,
0.135,0.115,99.659,0.035,0.0,0.055,0.0,69632.0,53143863.400,58356.800,0.0,0.0,1780.600,7958.200,0.200,0.0,0.0,5503516672.0,201945088.0,1.47403276288e+11,15671455744.0,0.0,0.0,0.0,69632.0,1780.800,7958.200,0.135,0.115,99.659,0.035,0.0,0.055,1493163537.149,
0.160,0.135,99.604,0.040,0.0,0.060,0.0,68812.800,51655930.600,46076.0,0.0,0.0,1562.600,8053.200,0.600,0.0,0.400,5508173824.0,201965568.0,1.47403452416e+11,15666601984.0,0.0,0.0,0.0,68812.800,1562.400,8053.200,0.155,0.135,99.609,0.040,0.0,0.060,1493163542.149,
0.125,0.100,99.654,0.040,0.0,0.080,0.0,80281.600,50516930.400,42475.200,0.0,0.0,1514.200,7648.800,0.0,0.0,0.0,5508554752.0,201965568.0,1.47403620352e+11,15666053120.0,0.0,0.0,0.0,80281.600,1514.400,7648.800,0.125,0.100,99.654,0.040,0.0,0.080,1493163547.149,
0.150,0.115,99.664,0.020,0.0,0.050,0.0,66355.200,51687555.800,48695.0,0.0,0.0,1685.600,7262.800,0.200,0.0,0.0,5507518464.0,201977856.0,1.47403784192e+11,15666913280.0,0.0,0.0,0.0,66355.200,1685.600,7262.800,0.150,0.115,99.664,0.020,0.0,0.050,1493163552.149,
0.160,0.135,99.619,0.040,0.0,0.045,0.0,68812.800,51674651.600,42524.800,0.0,0.0,1798.0,8105.200,0.200,0.0,0.0,5508075520.0,201986048.0,1.47403956224e+11,15666176000.0,0.0,0.0,0.0,68812.800,1798.600,8105.600,0.160,0.135,99.619,0.040,0.0,0.045,1493163557.149,
0.125,0.115,99.654,0.055,0.0,0.050,0.0,64716.800,51650536.600,50480.200,0.0,0.0,1876.600,8077.200,0.0,0.0,0.0,5508362240.0,202010624.0,1.47404120064e+11,15665700864.0,0.0,0.0,0.0,64716.800,1876.0,8076.800,0.125,0.120,99.649,0.055,0.0,0.050,1493163562.149,
0.135,0.130,99.639,0.035,0.0,0.060,0.0,73728.0,52975557.200,42655.0,0.0,0.0,1825.400,7634.600,0.200,0.0,0.0,5508206592.0,202014720.0,1.47404296192e+11,15665676288.0,0.0,0.0,0.0,73728.0,1829.600,7639.200,0.135,0.125,99.639,0.035,0.0,0.065,1493163567.149,
0.120,0.100,99.679,0.045,0.0,0.055,0.0,68812.800,52110706.400,43114.200,0.0,0.0,1515.800,6957.800,0.200,0.0,0.0,5508685824.0,202027008.0,1.4740447232e+11,15665008640.0,0.0,0.0,0.0,68812.800,1511.800,6953.200,0.120,0.100,99.684,0.045,0.0,0.050,1493163572.149,
0.165,0.105,99.629,0.040,0.0,0.060,0.0,69632.0,51951844.0,46346.400,0.0,0.0,1736.600,7917.800,0.0,0.0,0.600,5511036928.0,202059776.0,1.47404652544e+11,15662444544.0,0.0,0.0,0.0,69632.0,1736.400,7917.800,0.165,0.110,99.624,0.040,0.0,0.060,1493163577.149,
0.120,0.110,99.679,0.035,0.0,0.055,0.0,70451.200,50803251.0,44930.0,0.0,0.0,1752.0,7861.600,0.0,0.0,0.0,5511778304.0,202080256.0,1.47404828672e+11,15661506560.0,0.0,0.0,0.0,70451.200,1752.0,7861.600,0.125,0.105,99.679,0.035,0.0,0.055,1493163582.149,
0.180,0.110,99.629,0.055,0.0,0.025,0.0,68812.800,52779524.400,57389.200,0.0,0.0,1660.400,8048.400,0.400,0.0,0.0,5510971392.0,202092544.0,1.47404980224e+11,15662149632.0,0.0,0.0,0.0,68812.800,1660.200,8048.400,0.175,0.110,99.634,0.055,0.0,0.025,1493163587.149,
0.145,0.115,99.664,0.035,0.0,0.040,0.0,63897.600,51624717.0,55088.400,0.0,0.0,1773.200,7860.200,0.0,0.0,0.0,5510180864.0,202104832.0,1.47405152256e+11,15662755840.0,0.0,0.0,0.0,63897.600,1773.400,7860.200,0.145,0.115,99.664,0.035,0.0,0.040,1493163592.149,
0.110,0.085,99.704,0.045,0.0,0.055,0.0,66355.200,51631063.400,45159.800,0.0,0.0,1628.600,7757.400,0.200,0.0,0.0,5510860800.0,202129408.0,1.47405324288e+11,15661879296.0,0.0,0.0,0.0,66355.200,1629.0,7757.400,0.110,0.090,99.699,0.045,0.0,0.055,1493163597.149,
0.100,0.085,99.719,0.040,0.0,0.055,0.0,72089.600,51357599.600,43815.400,0.0,0.0,1727.600,7739.800,0.200,0.0,0.200,5509111808.0,202137600.0,1.47405500416e+11,15663443968.0,0.0,0.0,0.0,72089.600,1728.0,7740.200,0.100,0.085,99.719,0.040,0.0,0.055,1493163602.149,
0.160,0.120,99.619,0.040,0.0,0.060,0.0,67174.400,51927367.0,44541.800,0.0,0.0,1718.400,7850.600,0.0,0.0,0.400,5510541312.0,202145792.0,1.47405668352e+11,15661838336.0,0.0,0.0,0.0,67174.400,1717.600,7850.200,0.160,0.115,99.624,0.040,0.0,0.060,1493163607.149,
0.120,0.090,99.664,0.045,0.0,0.080,0.0,71270.400,50761955.800,43298.0,0.0,0.0,1589.400,7917.800,0.200,0.0,0.0,5511266304.0,202166272.0,1.47405832192e+11,15660929024.0,0.0,0.0,0.0,71270.400,1589.600,7918.200,0.120,0.090,99.664,0.045,0.0,0.080,1493163612.149,
0.150,0.085,99.654,0.040,0.0,0.070,0.0,70451.200,51628603.200,42374.800,0.0,0.0,1622.0,8158.200,0.400,0.0,0.0,5511503872.0,202174464.0,1.4740600832e+11,15660507136.0,0.0,0.0,0.0,70451.200,1621.600,8157.800,0.150,0.085,99.654,0.040,0.0,0.070,1493163617.149,
0.125,0.110,99.669,0.035,0.0,0.060,0.0,65536.0,54037917.800,43714.600,0.0,0.0,1762.600,7708.200,0.200,0.0,0.0,5511442432.0,202199040.0,1.4740617216e+11,15660380160.0,0.0,0.0,0.0,65536.0,1763.0,7708.200,0.125,0.110,99.669,0.035,0.0,0.060,1493163622.149,
0.155,0.100,99.654,0.040,0.0,0.050,0.0,66355.200,50798647.800,41668.800,0.0,0.0,1786.400,7702.0,0.0,0.0,0.0,5512019968.0,202211328.0,1.47406348288e+11,15659614208.0,0.0,0.0,0.0,66355.200,1786.200,7702.0,0.155,0.105,99.649,0.040,0.0,0.050,1493163627.149,
0.165,0.100,99.634,0.050,0.0,0.050,0.0,64716.800,51909535.0,47245.600,0.0,0.0,1708.600,7822.600,0.200,0.0,0.0,5512237056.0,202227712.0,1.47406512128e+11,15659216896.0,0.0,0.0,0.0,64716.800,1708.400,7822.600,0.165,0.095,99.639,0.050,0.0,0.050,1493163632.149,
0.165,0.090,99.664,0.035,0.0,0.045,0.0,71270.400,51885238.0,45609.600,0.0,0.0,1868.0,7631.200,0.0,0.0,0.400,5512896512.0,202240000.0,1.47406675968e+11,15658381312.0,0.0,0.0,0.0,71270.400,1868.600,7631.600,0.165,0.090,99.664,0.035,0.0,0.045,1493163637.149,
0.165,0.100,99.659,0.040,0.0,0.035,0.0,72908.800,50820668.400,49151.800,0.0,0.0,1843.600,7850.0,0.400,0.0,0.0,5513412608.0,202256384.0,1.47406848e+11,15657676800.0,0.0,0.0,0.0,72908.800,1843.200,7849.600,0.165,0.105,99.654,0.040,0.0,0.035,1493163642.149,
0.130,0.090,99.699,0.045,0.0,0.035,0.0,74547.200,51634398.0,58394.400,0.0,0.0,1643.600,8043.400,0.0,0.0,0.0,5513506816.0,202272768.0,1.47407015936e+11,15657398272.0,0.0,0.0,0.0,74547.200,1643.600,8043.400,0.130,0.090,99.699,0.045,0.0,0.035,1493163647.149,
0.145,0.070,99.704,0.035,0.0,0.045,0.0,63078.400,51868940.600,57247.800,0.0,0.0,1712.600,7694.200,0.0,0.0,0.0,5513498624.0,202276864.0,1.47407179776e+11,15657238528.0,0.0,0.0,0.0,63078.400,1712.600,7694.200,0.145,0.065,99.709,0.035,0.0,0.045,1493163652.149,
0.060,0.050,99.840,0.040,0.0,0.010,0.0,68812.800,11547936.600,13632.0,0.0,0.0,990.800,7110.200,0.0,0.0,1.400,5482840064.0,202297344.0,1.47407347712e+11,15687708672.0,0.0,0.0,0.0,68812.800,990.800,7110.200,0.060,0.050,99.840,0.040,0.0,0.010,1493163657.149,
