"Dstat 0.7.2 CSV output"
"Author:","Dag Wieers <dag@wieers.com>",,,,"URL:","http://dag.wieers.com/home-made/dstat/"
"Host:","client0.skyhook-1osds.skyhook-pg0.wisc.cloudlab.us",,,,"User:","jlefevre"
"Cmdline:","dstat -av --epoch --integer --noheaders --output 1osd.dstat-client0.log 5",,,,"Date:","25 Apr 2017 15:29:27 CDT"

"total cpu usage",,,,,,"dsk/total",,"net/total",,"paging",,"system",,"procs",,,"memory usage",,,,"paging",,"dsk/total",,"system",,"total cpu usage",,,,,,"epoch"
"usr","sys","idl","wai","hiq","siq","read","writ","recv","send","in","out","int","csw","run","blk","new","used","buff","cach","free","in","out","read","writ","int","csw","usr","sys","idl","wai","hiq","siq","epoch"
0.060,0.045,99.890,0.005,0.0,0.0,0.0,13107.200,41369.600,1929.800,0.0,0.0,926.600,7104.200,0.0,0.0,0.200,5475799040.0,185868288.0,1.4741428224e+11,15704244224.0,0.0,0.0,0.0,13107.200,926.800,7104.600,0.060,0.045,99.890,0.005,0.0,0.0,1493158452.149,
0.150,0.240,99.559,0.0,0.0,0.050,0.0,10649.600,54760434.0,22197.200,0.0,0.0,1419.400,7795.800,0.0,0.0,5.600,5639716864.0,185880576.0,1.47414286336e+11,15540310016.0,0.0,0.0,0.0,10649.600,1425.0,7800.600,0.150,0.240,99.559,0.0,0.0,0.050,1493158457.149,
0.492,1.903,97.334,0.050,0.0,0.221,0.0,52428.800,379241781.0,114413.600,0.0,0.0,5861.200,9404.0,0.800,0.0,0.0,5660938240.0,185909248.0,1.47414339584e+11,15519006720.0,0.0,0.0,0.0,52428.800,5857.600,9398.800,0.497,1.903,97.329,0.050,0.0,0.221,1493158462.149,
0.512,2.064,97.193,0.045,0.0,0.186,0.0,67174.400,408375649.200,136978.0,0.0,0.0,6208.800,9835.0,0.800,0.0,0.0,5662740480.0,185917440.0,1.47414474752e+11,15517061120.0,0.0,0.0,0.0,67174.400,6210.200,9836.400,0.507,2.069,97.193,0.045,0.0,0.186,1493158467.149,
0.361,2.191,97.202,0.040,0.0,0.206,0.0,69632.0,277187169.400,65176.0,0.0,0.0,4574.0,8753.0,1.0,0.0,0.0,5653561344.0,185942016.0,1.474146304e+11,15526060032.0,0.0,0.0,0.0,69632.0,4570.800,8751.600,0.366,2.191,97.198,0.040,0.0,0.206,1493158472.149,
0.291,2.233,97.271,0.060,0.0,0.146,0.0,59801.600,250542546.400,57607.0,0.0,0.0,4628.0,8691.800,1.0,0.0,0.0,5656489984.0,185966592.0,1.47414740992e+11,15522996224.0,0.0,0.0,0.0,59801.600,4626.800,8691.400,0.286,2.229,97.279,0.060,0.0,0.146,1493158477.149,
0.311,2.263,97.225,0.080,0.0,0.120,0.0,58982.400,245352740.200,71622.200,0.0,0.0,4577.800,8818.400,1.200,0.0,0.0,5653909504.0,185999360.0,1.47414851584e+11,15525433344.0,0.0,0.0,0.0,58982.400,4579.600,8825.200,0.311,2.262,97.226,0.080,0.0,0.120,1493158482.149,
0.276,2.314,97.279,0.040,0.0,0.090,0.0,58163.200,212375462.400,55142.400,0.0,0.0,3951.800,8466.400,1.0,0.0,0.0,5659987968.0,186011648.0,1.47414953984e+11,15519240192.0,0.0,0.0,0.0,58163.200,3950.400,8460.0,0.276,2.319,97.274,0.040,0.0,0.090,1493158487.149,
0.537,1.812,97.280,0.065,0.0,0.306,0.0,59801.600,439590341.200,130489.0,0.0,0.0,6519.800,10485.600,0.800,0.0,0.400,5675036672.0,186028032.0,1.47415052288e+11,15504076800.0,0.0,0.0,0.0,59801.600,6521.0,10486.200,0.537,1.812,97.280,0.065,0.0,0.306,1493158492.149,
0.698,1.305,97.499,0.075,0.0,0.422,0.0,67993.600,525348862.400,135318.800,0.0,0.0,7373.400,9932.600,0.400,0.0,0.0,5704249344.0,186040320.0,1.4741520384e+11,15474700288.0,0.0,0.0,0.0,67993.600,7371.800,9931.600,0.698,1.301,97.504,0.075,0.0,0.422,1493158497.149,
0.728,0.999,97.842,0.060,0.0,0.371,0.0,69632.0,514768906.200,116228.600,0.0,0.0,6938.200,9763.400,1.200,0.0,0.200,5710577664.0,186040320.0,1.47415359488e+11,15468216320.0,0.0,0.0,0.0,69632.0,6943.600,9768.600,0.728,0.998,97.842,0.060,0.0,0.371,1493158502.149,
0.693,1.045,97.775,0.065,0.0,0.422,0.0,78643.200,520296025.200,115473.0,0.0,0.0,7269.800,9687.200,1.200,0.0,0.0,5722230784.0,186056704.0,1.47415527424e+11,15456378880.0,0.0,0.0,0.0,78643.200,7267.600,9692.0,0.693,1.049,97.771,0.065,0.0,0.422,1493158507.149,
0.677,0.878,97.924,0.060,0.0,0.461,0.0,72908.800,516057944.0,151355.600,0.0,0.0,6950.0,11164.0,0.600,0.0,0.0,5690044416.0,186077184.0,1.47415691264e+11,15488380928.0,0.0,0.0,0.0,72908.800,6947.800,11154.800,0.682,0.873,97.923,0.060,0.0,0.462,1493158512.149,
0.672,0.808,98.043,0.040,0.0,0.437,0.0,69632.0,510166509.800,153439.400,0.0,0.0,6540.800,10718.800,0.600,0.0,0.0,5691875328.0,186085376.0,1.474158592e+11,15486373888.0,0.0,0.0,0.0,69632.0,6541.0,10718.400,0.672,0.808,98.043,0.040,0.0,0.437,1493158517.150,
0.698,0.969,97.735,0.050,0.0,0.547,0.0,78643.200,520202092.200,117804.400,0.0,0.0,7071.400,9396.400,1.200,0.0,0.200,5670273024.0,186101760.0,1.47416031232e+11,15507787776.0,0.0,0.0,0.0,78643.200,7076.200,9403.400,0.693,0.969,97.740,0.050,0.0,0.547,1493158522.149,
0.697,0.923,97.858,0.045,0.0,0.477,0.0,75366.400,509284517.0,113650.600,0.0,0.0,6864.200,9576.200,0.800,0.0,0.600,5704105984.0,186122240.0,1.4741620736e+11,15473758208.0,0.0,0.0,0.0,75366.400,6863.400,9571.200,0.702,0.923,97.852,0.045,0.0,0.477,1493158527.149,
0.678,0.833,98.013,0.035,0.0,0.442,0.0,77004.800,518690931.0,139501.800,0.0,0.0,6618.0,10275.400,1.0,0.0,0.200,5699194880.0,186142720.0,1.47416375296e+11,15478480896.0,0.0,0.0,0.0,77004.800,6614.0,10277.400,0.672,0.833,98.018,0.035,0.0,0.442,1493158532.149,
0.703,0.894,97.956,0.040,0.0,0.407,0.0,73728.0,519006616.200,176547.200,0.0,0.0,6859.800,10783.0,0.600,0.0,0.0,5700595712.0,186146816.0,1.4741653504e+11,15476916224.0,0.0,0.0,0.0,73728.0,6860.0,10787.200,0.703,0.894,97.956,0.040,0.0,0.407,1493158537.150,
0.663,0.823,98.112,0.0,0.0,0.402,0.0,64716.800,513773178.200,172263.200,0.0,0.0,6830.200,10943.600,1.200,0.0,0.200,5725597696.0,186159104.0,1.47416711168e+11,15451725824.0,0.0,0.0,0.0,64716.800,6830.600,10945.0,0.668,0.823,98.107,0.0,0.0,0.402,1493158542.149,
0.683,0.823,98.077,0.020,0.0,0.397,0.0,71270.400,518344535.600,186401.600,0.0,0.0,6655.400,11100.800,0.600,0.0,0.0,5688057856.0,186175488.0,1.47416879104e+11,15489081344.0,0.0,0.0,0.0,71270.400,6660.400,11094.400,0.678,0.823,98.082,0.020,0.0,0.397,1493158547.149,
0.653,0.683,98.197,0.030,0.0,0.437,0.0,72908.800,519008957.200,173309.0,0.0,0.0,6804.400,11419.400,0.800,0.0,0.0,5697179648.0,186208256.0,1.47417059328e+11,15479746560.0,0.0,0.0,0.0,72908.800,6800.200,11423.800,0.653,0.683,98.197,0.030,0.0,0.437,1493158552.149,
0.703,0.854,97.961,0.065,0.0,0.417,0.0,67174.400,514534024.0,154953.200,0.0,0.0,6856.800,10459.400,0.200,0.0,0.400,5696413696.0,186236928.0,1.47417227264e+11,15480315904.0,0.0,0.0,0.0,67174.400,6861.200,10457.200,0.708,0.854,97.956,0.065,0.0,0.417,1493158557.149,
0.678,0.743,98.087,0.035,0.0,0.457,0.0,71270.400,514637145.600,167730.600,0.0,0.0,6657.400,10818.800,0.600,0.0,0.200,5671104512.0,186249216.0,1.47417403392e+11,15505436672.0,0.0,0.0,0.0,71270.400,6655.600,10813.600,0.678,0.743,98.087,0.035,0.0,0.457,1493158562.149,
0.739,1.060,97.799,0.015,0.0,0.387,0.0,77004.800,516800893.200,143716.200,0.0,0.0,7381.400,9842.0,1.0,0.0,0.0,5721141248.0,186257408.0,1.47417571328e+11,15455223808.0,0.0,0.0,0.0,77004.800,7382.200,9844.800,0.739,1.061,97.799,0.015,0.0,0.387,1493158567.149,
0.718,1.085,97.749,0.005,0.0,0.442,0.0,80281.600,517993651.400,131927.400,0.0,0.0,7359.400,9391.800,1.400,0.0,0.0,5718601728.0,186273792.0,1.47417739264e+11,15457579008.0,0.0,0.0,0.0,80281.600,7359.200,9398.0,0.718,1.090,97.744,0.005,0.0,0.442,1493158572.149,
0.709,1.096,97.789,0.030,0.0,0.377,0.0,72908.800,519287790.800,145572.0,0.0,0.0,7127.0,9659.600,1.800,0.0,0.0,5707640832.0,186306560.0,1.47417915392e+11,15468331008.0,0.0,0.0,0.0,72908.800,7122.0,9650.600,0.709,1.091,97.794,0.030,0.0,0.377,1493158577.150,
0.673,0.975,97.950,0.045,0.0,0.357,0.0,72908.800,512307559.800,132442.0,0.0,0.0,7064.200,9785.400,1.0,0.0,0.0,5739974656.0,186331136.0,1.47418083328e+11,15435804672.0,0.0,0.0,0.0,72908.800,7069.800,9786.800,0.668,0.975,97.955,0.045,0.0,0.357,1493158582.149,
0.683,1.004,97.861,0.050,0.0,0.402,0.0,70451.200,518808118.800,117142.200,0.0,0.0,7125.800,10002.200,0.800,0.0,0.0,5721399296.0,186351616.0,1.47418263552e+11,15454179328.0,0.0,0.0,0.0,70451.200,7125.400,10000.600,0.683,1.004,97.861,0.050,0.0,0.402,1493158587.149,
0.712,0.833,98.024,0.035,0.0,0.396,0.0,74547.200,513731160.800,154529.0,0.0,0.0,6654.200,10957.200,0.400,0.0,0.400,5687930880.0,186380288.0,1.47418431488e+11,15487451136.0,0.0,0.0,0.0,74547.200,6654.0,10964.800,0.712,0.833,98.023,0.035,0.0,0.396,1493158592.149,
0.648,0.778,98.112,0.055,0.0,0.407,0.0,75366.400,519389981.200,166685.200,0.0,0.0,6827.600,11264.600,0.200,0.0,0.0,5683322880.0,186408960.0,1.4741860352e+11,15491858432.0,0.0,0.0,0.0,75366.400,6822.800,11257.400,0.648,0.778,98.112,0.055,0.0,0.407,1493158597.149,
0.653,0.925,97.995,0.035,0.0,0.392,0.0,71270.400,513117336.600,165922.600,0.0,0.0,7002.400,10042.600,0.800,0.0,0.0,5702795264.0,186425344.0,1.47418783744e+11,15472189440.0,0.0,0.0,0.0,71270.400,7002.400,10049.600,0.658,0.925,97.989,0.035,0.0,0.392,1493158602.149,
0.678,0.803,98.068,0.030,0.0,0.422,0.0,76185.600,521956342.400,159121.200,0.0,0.0,6638.400,10917.600,0.600,0.0,0.0,5711253504.0,186445824.0,1.47418955776e+11,15463538688.0,0.0,0.0,0.0,76185.600,6638.400,10914.600,0.673,0.803,98.073,0.030,0.0,0.422,1493158607.149,
0.673,0.768,98.037,0.060,0.0,0.462,0.0,71270.400,516058799.400,153164.0,0.0,0.0,6713.0,10696.0,1.0,0.0,0.0,5719621632.0,186486784.0,1.47419123712e+11,15454961664.0,0.0,0.0,0.0,71270.400,6712.800,10691.800,0.673,0.773,98.032,0.060,0.0,0.462,1493158612.149,
0.678,0.899,97.961,0.060,0.0,0.402,0.0,74547.200,519713876.400,152905.600,0.0,0.0,6914.400,10405.400,1.0,0.0,0.0,5730209792.0,186494976.0,1.47419291648e+11,15444197376.0,0.0,0.0,0.0,74547.200,6919.0,10411.600,0.678,0.899,97.961,0.060,0.0,0.402,1493158617.149,
0.632,0.783,98.108,0.040,0.0,0.437,0.0,70451.200,520377581.400,157869.200,0.0,0.0,6595.800,11099.400,0.400,0.0,0.600,5722222592.0,186507264.0,1.4741946368e+11,15452000256.0,0.0,0.0,0.0,70451.200,6596.800,11098.0,0.632,0.783,98.108,0.040,0.0,0.437,1493158622.149,
0.633,0.799,98.066,0.050,0.0,0.452,0.0,83558.400,519880327.600,148415.800,0.0,0.0,6757.0,10302.400,0.800,0.0,0.0,5723742208.0,186535936.0,1.47419631616e+11,15450284032.0,0.0,0.0,0.0,83558.400,6751.800,10300.400,0.638,0.794,98.066,0.050,0.0,0.452,1493158627.149,
0.648,0.813,97.957,0.060,0.0,0.522,0.0,72908.800,516073439.600,145734.0,0.0,0.0,6929.200,10578.600,0.600,0.0,0.400,5731266560.0,186548224.0,1.4741981184e+11,15442567168.0,0.0,0.0,0.0,72908.800,6928.0,10575.600,0.643,0.813,97.962,0.060,0.0,0.522,1493158632.149,
0.677,0.763,98.068,0.040,0.0,0.452,0.0,75366.400,519007206.800,159181.200,0.0,0.0,6588.200,10951.400,0.800,0.0,0.0,5734211584.0,186576896.0,1.47419979776e+11,15439425536.0,0.0,0.0,0.0,75366.400,6589.600,10952.800,0.682,0.763,98.063,0.040,0.0,0.452,1493158637.149,
0.668,0.753,98.142,0.005,0.0,0.432,0.0,82739.200,523121467.200,154345.600,0.0,0.0,6726.200,10773.400,1.0,0.0,0.0,5706047488.0,186605568.0,1.47420151808e+11,15467388928.0,0.0,0.0,0.0,82739.200,6731.200,10793.200,0.663,0.758,98.142,0.005,0.0,0.432,1493158642.149,
0.678,0.788,98.163,0.0,0.0,0.371,0.0,74547.200,509595800.200,155474.400,0.0,0.0,6698.400,10998.200,1.400,0.0,0.0,5704306688.0,186634240.0,1.47420327936e+11,15468924928.0,0.0,0.0,0.0,74547.200,6698.800,10983.600,0.678,0.783,98.168,0.0,0.0,0.371,1493158647.149,
0.687,0.727,98.074,0.015,0.0,0.497,0.0,73728.0,524307051.800,160665.800,0.0,0.0,7125.800,11021.800,0.200,0.0,0.0,5707919360.0,186658816.0,1.47420499968e+11,15465115648.0,0.0,0.0,0.0,73728.0,7120.0,11017.800,0.687,0.732,98.069,0.015,0.0,0.497,1493158652.149,
0.652,0.828,98.133,0.0,0.0,0.386,0.0,64716.800,510492020.400,157285.0,0.0,0.0,6619.600,11111.400,0.800,0.0,0.0,5697536000.0,186675200.0,1.47420667904e+11,15475314688.0,0.0,0.0,0.0,64716.800,6623.800,11108.800,0.652,0.828,98.133,0.0,0.0,0.386,1493158657.149,
0.633,0.763,98.152,0.015,0.0,0.437,0.0,68812.800,519348162.600,161828.400,0.0,0.0,6945.400,11041.600,1.0,0.0,0.400,5691199488.0,186683392.0,1.47420848128e+11,15481462784.0,0.0,0.0,0.0,68812.800,6942.0,11047.800,0.633,0.758,98.157,0.015,0.0,0.437,1493158662.149,
0.774,0.864,97.534,0.427,0.0,0.402,0.0,12118425.600,518349638.0,186635.0,0.0,0.0,6818.400,11161.0,1.400,0.0,0.0,5684617216.0,186769408.0,1.47398283264e+11,15510523904.0,0.0,0.0,0.0,12118425.600,6818.0,11156.600,0.774,0.864,97.534,0.427,0.0,0.402,1493158667.149,
0.678,0.798,98.073,0.020,0.0,0.432,0.0,87654.400,519008347.400,166710.400,0.0,0.0,6880.0,10973.200,1.200,0.0,0.0,5656784896.0,186781696.0,1.47398463488e+11,15538163712.0,0.0,0.0,0.0,87654.400,6879.600,10986.400,0.678,0.798,98.073,0.020,0.0,0.432,1493158672.149,
0.667,0.828,97.958,0.030,0.0,0.517,0.0,68812.800,518665760.200,158773.400,0.0,0.0,6808.600,10560.600,0.800,0.0,0.0,5660643328.0,186785792.0,1.47398639616e+11,15534125056.0,0.0,0.0,0.0,68812.800,6811.400,10551.400,0.667,0.828,97.958,0.030,0.0,0.517,1493158677.149,
0.677,0.743,98.108,0.015,0.0,0.457,0.0,64716.800,518076736.400,159134.0,0.0,0.0,6542.0,11025.200,1.400,0.0,0.0,5659381760.0,186798080.0,1.47398803456e+11,15535210496.0,0.0,0.0,0.0,64716.800,6543.400,11024.800,0.682,0.743,98.103,0.015,0.0,0.457,1493158682.149,
0.683,0.944,97.881,0.040,0.0,0.452,0.0,63897.600,519076240.800,129307.200,0.0,0.0,7026.200,9924.0,1.0,0.0,0.0,5690724352.0,186810368.0,1.47398979584e+11,15503679488.0,0.0,0.0,0.0,63897.600,7027.0,9922.0,0.678,0.944,97.886,0.040,0.0,0.452,1493158687.150,
0.692,0.998,97.863,0.030,0.0,0.416,0.0,115507.200,523161526.800,103558.600,0.0,0.0,7306.400,9689.800,1.0,0.0,0.0,5667368960.0,186822656.0,1.47399151616e+11,15526850560.0,0.0,0.0,0.0,115507.200,7305.400,9687.200,0.692,1.003,97.858,0.030,0.0,0.416,1493158692.149,
0.732,0.988,97.808,0.035,0.0,0.436,0.0,77004.800,510677012.0,115683.400,0.0,0.0,7060.0,9722.600,1.200,0.0,0.0,5707591680.0,186830848.0,1.47399335936e+11,15486435328.0,0.0,0.0,0.0,77004.800,7060.600,9730.400,0.732,0.988,97.808,0.035,0.0,0.436,1493158697.149,
0.779,1.121,97.758,0.030,0.0,0.312,0.0,76185.600,514963743.400,172877.200,0.0,0.0,7455.800,10056.200,1.0,0.0,0.400,5709135872.0,186851328.0,1.47399503872e+11,15484702720.0,0.0,0.0,0.0,76185.600,7453.0,10048.0,0.779,1.121,97.758,0.030,0.0,0.312,1493158702.149,
0.733,1.040,97.800,0.025,0.0,0.402,0.0,73728.0,515235382.800,128032.800,0.0,0.0,7263.800,9519.400,0.600,0.0,0.0,5714493440.0,186863616.0,1.4739965952e+11,15479177216.0,0.0,0.0,0.0,73728.0,7264.400,9519.0,0.733,1.040,97.800,0.025,0.0,0.402,1493158707.149,
0.744,1.116,97.728,0.050,0.0,0.362,0.0,77824.0,515266368.400,159477.800,0.0,0.0,7239.600,9643.400,1.600,0.0,0.0,5662113792.0,186896384.0,1.47399815168e+11,15531368448.0,0.0,0.0,0.0,77824.0,7244.400,9649.0,0.744,1.111,97.728,0.050,0.0,0.367,1493158712.149,
0.779,1.085,97.704,0.045,0.0,0.387,0.0,72908.800,518267133.600,144802.200,0.0,0.0,7369.800,9877.0,1.200,0.0,0.0,5713911808.0,186904576.0,1.47399983104e+11,15479394304.0,0.0,0.0,0.0,72908.800,7362.400,9872.0,0.779,1.085,97.709,0.045,0.0,0.382,1493158717.149,
0.744,1.036,97.863,0.010,0.0,0.347,0.0,64716.800,519007723.800,168280.600,0.0,0.0,7429.400,9971.200,0.800,0.0,0.200,5726547968.0,186925056.0,1.47400155136e+11,15466565632.0,0.0,0.0,0.0,64716.800,7429.800,9973.200,0.749,1.036,97.858,0.010,0.0,0.347,1493158722.150,
0.748,1.065,97.820,0.0,0.0,0.367,0.0,68812.800,521955634.0,147429.600,0.0,0.0,7144.400,9794.0,1.200,0.0,0.200,5717430272.0,186937344.0,1.47400323072e+11,15475503104.0,0.0,0.0,0.0,68812.800,7144.600,9794.600,0.748,1.065,97.820,0.0,0.0,0.367,1493158727.149,
0.677,0.858,97.953,0.080,0.0,0.432,0.0,2189721.600,514229586.800,141886.800,0.0,0.0,6876.600,10612.600,0.600,0.200,0.600,5686894592.0,186982400.0,1.47397275648e+11,15509041152.0,0.0,0.0,0.0,2189721.600,6881.800,10626.200,0.677,0.858,97.953,0.080,0.0,0.432,1493158732.149,
0.643,0.798,98.092,0.020,0.0,0.447,0.0,73728.0,521550920.0,153348.400,0.0,0.0,6921.400,11165.400,1.0,0.0,0.200,5692481536.0,186998784.0,1.4739744768e+11,15503265792.0,0.0,0.0,0.0,73728.0,6921.800,11157.400,0.643,0.798,98.092,0.020,0.0,0.447,1493158737.149,
0.662,0.787,98.014,0.025,0.0,0.512,0.0,67993.600,516868198.800,140105.400,0.0,0.0,6474.800,10409.600,0.800,0.0,0.0,5683961856.0,187011072.0,1.47397603328e+11,15511617536.0,0.0,0.0,0.0,67993.600,6475.0,10412.400,0.662,0.792,98.009,0.025,0.0,0.512,1493158742.149,
0.643,0.823,98.042,0.040,0.0,0.452,0.0,95027.200,513392651.0,154205.400,0.0,0.0,6698.400,10296.600,1.400,0.0,0.200,5694996480.0,187023360.0,1.4739777536e+11,15500398592.0,0.0,0.0,0.0,95027.200,6697.0,10307.600,0.638,0.823,98.047,0.040,0.0,0.452,1493158747.149,
0.678,1.004,97.856,0.035,0.0,0.427,0.0,74547.200,520067989.800,135661.0,0.0,0.0,7171.400,9975.200,0.600,0.0,0.0,5704994816.0,187047936.0,1.47397951488e+11,15490199552.0,0.0,0.0,0.0,74547.200,7167.200,9957.800,0.683,0.999,97.856,0.035,0.0,0.427,1493158752.149,
0.467,0.668,98.619,0.020,0.0,0.226,0.0,73728.0,318593592.800,91889.800,0.0,0.0,4697.800,8890.200,0.200,0.0,1.0,5509955584.0,187056128.0,1.47398127616e+11,15685054464.0,0.0,0.0,0.0,73728.0,4697.200,8888.0,0.462,0.673,98.620,0.020,0.0,0.226,1493158757.149,
