"Dstat 0.7.2 CSV output"
"Author:","Dag Wieers <dag@wieers.com>",,,,"URL:","http://dag.wieers.com/home-made/dstat/"
"Host:","client0.skyhook-1osds.skyhook-pg0.wisc.cloudlab.us",,,,"User:","jlefevre"
"Cmdline:","dstat -av --epoch --integer --noheaders --output 1osd.dstat-client0.log 5",,,,"Date:","25 Apr 2017 15:29:27 CDT"

"total cpu usage",,,,,,"dsk/total",,"net/total",,"paging",,"system",,"procs",,,"memory usage",,,,"paging",,"dsk/total",,"system",,"total cpu usage",,,,,,"epoch"
"usr","sys","idl","wai","hiq","siq","read","writ","recv","send","in","out","int","csw","run","blk","new","used","buff","cach","free","in","out","read","writ","int","csw","usr","sys","idl","wai","hiq","siq","epoch"
0.055,0.050,99.860,0.030,0.0,0.005,0.0,43417.600,41638.0,1478.600,0.0,0.0,646.0,6905.0,0.0,0.0,0.400,5483167744.0,203927552.0,1.47403808768e+11,15689289728.0,0.0,0.0,0.0,43417.600,646.0,6905.0,0.055,0.055,99.855,0.030,0.0,0.005,1493164272.149,
0.427,0.361,99.117,0.015,0.0,0.080,0.0,14745.600,195664285.800,244281.600,0.0,0.0,3727.800,11251.800,0.600,0.0,5.0,5520388096.0,203927552.0,1.47403812864e+11,15652065280.0,0.0,0.0,0.0,14745.600,3732.400,11270.600,0.427,0.361,99.117,0.015,0.0,0.080,1493164277.149,
0.831,0.589,98.384,0.050,0.0,0.146,0.0,96665.600,433161684.0,524991.800,0.0,0.0,7325.200,16447.0,0.200,0.0,0.0,5521059840.0,203939840.0,1.4740412416e+11,15651069952.0,0.0,0.0,0.0,96665.600,7320.800,16432.800,0.831,0.584,98.389,0.050,0.0,0.146,1493164282.149,
0.810,0.523,98.470,0.040,0.0,0.156,0.0,93388.800,439505537.0,559918.800,0.0,0.0,7325.400,17430.0,0.800,0.0,0.0,5518708736.0,203948032.0,1.47404443648e+11,15653093376.0,0.0,0.0,0.0,93388.800,7327.600,17428.0,0.810,0.523,98.470,0.040,0.0,0.156,1493164287.149,
0.786,0.619,98.469,0.045,0.0,0.081,0.0,95846.400,432807773.800,591383.600,0.0,0.0,8169.0,16212.200,0.200,0.0,0.0,5517402112.0,203968512.0,1.47404763136e+11,15654060032.0,0.0,0.0,0.0,95846.400,8168.800,16221.800,0.786,0.619,98.469,0.045,0.0,0.081,1493164292.149,
0.766,0.559,98.594,0.045,0.0,0.035,0.0,104857.600,406626533.0,617563.800,0.0,0.0,6572.800,15811.800,0.0,0.0,0.0,5515313152.0,203976704.0,1.47405082624e+11,15655821312.0,0.0,0.0,0.0,104857.600,6572.600,15813.800,0.766,0.564,98.589,0.045,0.0,0.035,1493164297.149,
0.796,0.609,98.504,0.040,0.0,0.050,0.0,92569.600,427907868.0,644876.800,0.0,0.0,7341.400,16572.400,0.800,0.0,0.400,5517078528.0,203993088.0,1.47405402112e+11,15653720064.0,0.0,0.0,0.0,92569.600,7343.400,16560.400,0.796,0.609,98.504,0.040,0.0,0.050,1493164302.149,
1.014,0.817,98.008,0.030,0.0,0.131,0.0,104038.400,594885261.200,827037.0,0.0,0.0,9371.0,20231.400,0.800,0.0,0.0,5516955648.0,204005376.0,1.47405725696e+11,15653507072.0,0.0,0.0,0.0,104038.400,9368.200,20252.800,1.014,0.817,98.008,0.030,0.0,0.131,1493164307.149,
0.085,0.070,99.785,0.030,0.0,0.030,0.0,104857.600,17729896.400,19289.400,0.0,0.0,911.400,7345.0,0.0,0.0,1.0,5486075904.0,204021760.0,1.47406045184e+11,15684050944.0,0.0,0.0,0.0,104857.600,910.200,7325.0,0.085,0.070,99.785,0.030,0.0,0.030,1493164312.149,
