"Dstat 0.7.2 CSV output"
"Author:","Dag Wieers <dag@wieers.com>",,,,"URL:","http://dag.wieers.com/home-made/dstat/"
"Host:","osd0.skyhook-1osds.skyhook-pg0.wisc.cloudlab.us",,,,"User:","jlefevre"
"Cmdline:","dstat -av --epoch --integer --noheaders --output 1osd.dstat-osd0.log 5",,,,"Date:","25 Apr 2017 15:29:30 CDT"

"total cpu usage",,,,,,"dsk/total",,"net/total",,"paging",,"system",,"procs",,,"memory usage",,,,"paging",,"dsk/total",,"system",,"total cpu usage",,,,,,"epoch"
"usr","sys","idl","wai","hiq","siq","read","writ","recv","send","in","out","int","csw","run","blk","new","used","buff","cach","free","in","out","read","writ","int","csw","usr","sys","idl","wai","hiq","siq","epoch"
0.005,0.020,99.955,0.020,0.0,0.0,0.0,11468.800,1468.800,39164.400,0.0,0.0,135.0,150.400,0.0,0.0,0.0,5856931840.0,2064384.0,1.4110257152e+11,21818626048.0,0.0,0.0,0.0,11468.800,135.0,150.400,0.005,0.020,99.955,0.020,0.0,0.0,1493179775.821,
0.320,1.316,98.234,0.115,0.0,0.015,7430144.0,4915.200,122277.600,342648420.0,0.0,0.0,4431.600,1178.600,0.200,0.0,0.0,6019940352.0,2072576.0,1.41139714048e+11,21618466816.0,0.0,0.0,7430144.0,4915.200,4431.800,1179.0,0.320,1.316,98.234,0.115,0.0,0.015,1493179780.821,
0.330,1.346,98.259,0.045,0.0,0.020,7418675.200,2457.600,96953.800,369476385.800,0.0,0.0,4783.600,1118.400,0.400,0.0,0.0,6018629632.0,2080768.0,1.4113972224e+11,21619761152.0,0.0,0.0,7418675.200,2457.600,4783.600,1118.600,0.330,1.346,98.259,0.045,0.0,0.020,1493179785.821,
0.255,1.036,98.684,0.010,0.0,0.015,0.0,3276.800,93203.600,295973023.600,0.0,0.0,3764.0,880.600,0.600,0.0,0.0,6018867200.0,2088960.0,1.4113972224e+11,21619515392.0,0.0,0.0,0.0,3276.800,3769.200,881.0,0.250,1.036,98.689,0.010,0.0,0.015,1493179790.820,
0.290,1.221,98.453,0.025,0.0,0.010,3530752.0,9830.400,102116.600,330443127.400,0.0,0.0,4493.400,1082.800,0.600,0.0,0.800,6025375744.0,2105344.0,1.4113970176e+11,21613010944.0,0.0,0.0,3530752.0,9830.400,4488.800,1082.600,0.295,1.221,98.449,0.025,0.0,0.010,1493179795.821,
0.270,1.151,98.559,0.010,0.0,0.010,0.0,2457.600,75281.600,298639014.0,0.0,0.0,4067.200,990.400,0.400,0.0,0.0,6031122432.0,2113536.0,1.41139705856e+11,21607251968.0,0.0,0.0,0.0,2457.600,4066.600,990.0,0.265,1.151,98.564,0.010,0.0,0.010,1493179800.821,
0.280,1.061,98.649,0.005,0.0,0.005,0.0,4915.200,104083.600,286739874.200,0.0,0.0,3950.800,903.400,0.600,0.0,0.0,6034010112.0,2121728.0,1.41139705856e+11,21604356096.0,0.0,0.0,0.0,4915.200,3951.200,903.600,0.280,1.061,98.649,0.005,0.0,0.005,1493179805.821,
0.330,1.406,98.219,0.020,0.0,0.025,0.0,12288.0,136451.0,378697218.400,0.0,0.0,5073.0,1114.800,0.600,0.0,0.0,6028054528.0,2138112.0,1.41139705856e+11,21610295296.0,0.0,0.0,0.0,12288.0,5077.800,1115.400,0.330,1.411,98.214,0.020,0.0,0.025,1493179810.821,
0.350,1.436,98.168,0.005,0.0,0.040,0.0,4096.0,127554.200,403491494.800,0.0,0.0,5214.0,1107.800,0.600,0.200,0.400,6044336128.0,2146304.0,1.41139697664e+11,21594013696.0,0.0,0.0,0.0,4096.0,5209.200,1107.0,0.350,1.431,98.173,0.005,0.0,0.040,1493179815.821,
0.250,1.001,98.729,0.010,0.0,0.010,0.0,3276.800,76285.800,277651988.400,0.0,0.0,3557.800,799.600,0.200,0.0,0.0,6044721152.0,2154496.0,1.41139705856e+11,21593612288.0,0.0,0.0,0.0,3276.800,3557.800,800.0,0.250,1.001,98.729,0.010,0.0,0.010,1493179820.821,
0.310,1.282,98.383,0.0,0.0,0.025,0.0,0.0,88818.400,353766566.600,0.0,0.0,4703.200,1006.0,0.600,0.0,0.0,6046191616.0,2154496.0,1.41139705856e+11,21592141824.0,0.0,0.0,0.0,0.0,4705.800,1006.0,0.315,1.281,98.378,0.0,0.0,0.025,1493179825.821,
0.300,1.191,98.473,0.020,0.0,0.015,0.0,9011.200,93042.0,327740645.800,0.0,0.0,4544.200,988.800,0.400,0.0,0.400,6048002048.0,2170880.0,1.41139709952e+11,21590310912.0,0.0,0.0,0.0,9011.200,4541.200,988.400,0.295,1.196,98.473,0.020,0.0,0.015,1493179830.821,
0.250,1.036,98.704,0.010,0.0,0.0,0.0,4915.200,60331.0,278097168.0,0.0,0.0,3707.400,875.400,1.200,0.0,0.0,6034231296.0,2179072.0,1.41139709952e+11,21604073472.0,0.0,0.0,0.0,4915.200,3707.600,875.400,0.250,1.031,98.709,0.010,0.0,0.0,1493179835.821,
0.330,1.332,98.318,0.010,0.0,0.010,0.0,8192.0,178190.600,361460295.0,0.0,0.0,5122.600,1108.200,0.400,0.0,0.0,6032560128.0,2187264.0,1.41139705856e+11,21605740544.0,0.0,0.0,0.0,8192.0,5124.200,1108.200,0.330,1.332,98.318,0.010,0.0,0.010,1493179840.821,
0.350,1.386,98.248,0.015,0.0,0.0,0.0,9830.400,102442.600,363547862.400,0.0,0.0,5089.400,1056.400,0.800,0.0,0.400,6027272192.0,2203648.0,1.41139709952e+11,21611008000.0,0.0,0.0,0.0,9830.400,5092.200,1056.400,0.350,1.386,98.248,0.015,0.0,0.0,1493179845.821,
0.270,1.181,98.544,0.0,0.0,0.005,0.0,2457.600,70271.400,310376464.800,0.0,0.0,4219.0,930.0,0.200,0.0,0.0,6028972032.0,2203648.0,1.41139709952e+11,21609308160.0,0.0,0.0,0.0,2457.600,4214.400,930.0,0.275,1.181,98.539,0.0,0.0,0.005,1493179850.821,
0.200,0.901,98.874,0.025,0.0,0.0,2646835.200,7372.800,49509.600,242267369.800,0.0,0.0,3280.200,782.200,0.400,0.0,0.0,6018764800.0,2220032.0,1.4113968128e+11,21619527680.0,0.0,0.0,2646835.200,7372.800,3281.400,782.200,0.195,0.901,98.879,0.025,0.0,0.0,1493179855.821,
0.200,0.831,98.964,0.0,0.0,0.005,0.0,0.0,46642.200,231469197.600,0.0,0.0,3134.600,720.600,0.200,0.0,0.0,6030106624.0,2220032.0,1.4113968128e+11,21608185856.0,0.0,0.0,0.0,0.0,3133.0,721.0,0.200,0.836,98.959,0.0,0.0,0.005,1493179860.820,
0.220,0.850,98.904,0.020,0.0,0.005,0.0,6553.600,38564.200,229048986.400,0.0,0.0,3085.0,725.600,1.0,0.0,0.400,6029148160.0,2236416.0,1.41139685376e+11,21609123840.0,0.0,0.0,0.0,6553.600,3085.800,725.200,0.225,0.850,98.895,0.020,0.0,0.010,1493179865.821,
0.225,0.851,98.904,0.015,0.0,0.005,0.0,10649.600,35546.0,227815810.600,0.0,0.0,3039.600,754.800,0.600,0.0,0.400,6039867392.0,2252800.0,1.41139693568e+11,21598380032.0,0.0,0.0,0.0,10649.600,3039.400,754.800,0.220,0.846,98.919,0.015,0.0,0.0,1493179870.821,
0.225,0.846,98.914,0.015,0.0,0.0,2443673.600,9830.400,38915.0,236379956.400,0.0,0.0,3184.400,791.0,0.600,0.0,0.0,6026919936.0,2260992.0,1.41139673088e+11,21611339776.0,0.0,0.0,2443673.600,9830.400,3185.0,791.400,0.225,0.851,98.909,0.015,0.0,0.0,1493179875.821,
0.346,1.427,98.122,0.075,0.0,0.030,2402713.600,27852.800,91021.200,390454036.200,0.0,0.0,5272.0,1300.200,1.200,0.0,0.200,6023532544.0,2564096.0,1.41139709952e+11,21614387200.0,0.0,0.0,2402713.600,27852.800,5276.600,1300.200,0.351,1.422,98.122,0.075,0.0,0.030,1493179880.821,
0.391,1.633,97.931,0.025,0.0,0.020,2254438.400,8192.0,143345.200,452372769.200,0.0,0.0,6187.600,1447.600,1.600,0.0,0.400,6036488192.0,2580480.0,1.411396608e+11,21601464320.0,0.0,0.0,2254438.400,8192.0,6183.400,1447.600,0.386,1.638,97.931,0.025,0.0,0.020,1493179885.821,
0.295,1.261,98.413,0.015,0.0,0.015,0.0,4915.200,109071.0,339348595.600,0.0,0.0,4667.400,1091.200,0.800,0.0,0.200,6041260032.0,2588672.0,1.41139922944e+11,21596422144.0,0.0,0.0,0.0,4915.200,4666.200,1090.800,0.295,1.256,98.418,0.015,0.0,0.015,1493179890.821,
0.340,1.342,98.298,0.015,0.0,0.005,0.0,5734.400,97968.400,353458259.800,0.0,0.0,4919.600,1027.600,0.600,0.0,0.800,6048333824.0,2605056.0,1.41139931136e+11,21589323776.0,0.0,0.0,0.0,5734.400,4920.400,1027.600,0.345,1.342,98.293,0.015,0.0,0.005,1493179895.821,
0.270,1.181,98.533,0.005,0.0,0.010,2036531.200,1638.400,97377.400,314200706.400,0.0,0.0,4370.0,1029.400,0.400,0.0,0.200,6034919424.0,2605056.0,1.41139935232e+11,21602734080.0,0.0,0.0,2036531.200,1638.400,4375.400,1030.0,0.270,1.181,98.534,0.005,0.0,0.010,1493179900.821,
0.250,1.071,98.649,0.020,0.0,0.010,0.0,13107.200,51492.200,276508687.0,0.0,0.0,3727.800,884.400,0.400,0.0,0.0,6034329600.0,2621440.0,1.41139935232e+11,21603307520.0,0.0,0.0,0.0,13107.200,3723.200,883.600,0.245,1.071,98.654,0.020,0.0,0.010,1493179905.821,
0.335,1.422,98.213,0.010,0.0,0.020,0.0,5734.400,143602.0,381167650.0,0.0,0.0,5389.400,1117.0,0.800,0.0,0.0,6033956864.0,2629632.0,1.41139935232e+11,21603672064.0,0.0,0.0,0.0,5734.400,5392.600,1117.400,0.340,1.422,98.208,0.010,0.0,0.020,1493179910.821,
0.356,1.492,98.127,0.010,0.0,0.015,0.0,17203.200,134388.0,398096946.200,0.0,0.0,5636.0,1090.400,0.800,0.0,0.0,6035578880.0,2637824.0,1.41139935232e+11,21602041856.0,0.0,0.0,0.0,17203.200,5631.0,1089.800,0.350,1.492,98.132,0.010,0.0,0.015,1493179915.821,
0.350,1.457,98.183,0.005,0.0,0.005,0.0,5734.400,103688.200,387469905.800,0.0,0.0,5248.600,1087.400,0.800,0.0,0.400,6037544960.0,2654208.0,1.41139935232e+11,21600059392.0,0.0,0.0,0.0,5734.400,5251.400,1087.600,0.350,1.457,98.183,0.005,0.0,0.005,1493179920.821,
0.340,1.397,98.228,0.005,0.0,0.030,1526988.800,7372.800,94008.400,385242910.800,0.0,0.0,4950.400,1074.400,0.200,0.0,0.200,6023880704.0,2662400.0,1.41139935232e+11,21613715456.0,0.0,0.0,1526988.800,7372.800,4947.800,1074.600,0.340,1.397,98.228,0.005,0.0,0.030,1493179925.821,
0.240,0.931,98.794,0.015,0.0,0.020,0.0,10649.600,50040.600,248465521.600,0.0,0.0,3260.400,773.0,0.400,0.0,0.0,6031101952.0,2678784.0,1.41139939328e+11,21606473728.0,0.0,0.0,0.0,10649.600,3260.200,772.600,0.240,0.931,98.794,0.015,0.0,0.020,1493179930.821,
0.245,1.020,98.710,0.015,0.0,0.010,0.0,9011.200,71289.400,265840114.600,0.0,0.0,3663.400,828.600,1.0,0.0,0.400,6046130176.0,2686976.0,1.41139943424e+11,21591433216.0,0.0,0.0,0.0,9011.200,3664.800,829.0,0.250,1.020,98.705,0.015,0.0,0.010,1493179935.821,
0.260,1.141,98.583,0.010,0.0,0.005,0.0,7372.800,75096.0,303522862.800,0.0,0.0,4094.400,963.600,0.200,0.0,0.0,6045876224.0,2703360.0,1.41139943424e+11,21591670784.0,0.0,0.0,0.0,7372.800,4098.400,964.400,0.255,1.146,98.583,0.010,0.0,0.005,1493179940.821,
0.250,1.001,98.729,0.010,0.0,0.010,0.0,4096.0,58207.400,266378456.200,0.0,0.0,3609.600,811.800,0.400,0.200,0.400,6049644544.0,2711552.0,1.41139935232e+11,21587902464.0,0.0,0.0,0.0,4096.0,3604.200,810.600,0.250,0.996,98.734,0.010,0.0,0.010,1493179945.821,
0.360,1.382,98.233,0.010,0.0,0.015,0.0,9011.200,111457.200,369504498.0,0.0,0.0,5192.400,1075.200,0.800,0.0,0.0,6034092032.0,2719744.0,1.41139943424e+11,21603438592.0,0.0,0.0,0.0,9011.200,5192.600,1075.400,0.360,1.382,98.233,0.010,0.0,0.015,1493179950.821,
0.330,1.331,98.333,0.0,0.0,0.005,0.0,0.0,105110.600,349518189.0,0.0,0.0,4887.400,985.800,0.600,0.0,0.0,6048047104.0,2719744.0,1.41139943424e+11,21589483520.0,0.0,0.0,0.0,0.0,4888.600,985.600,0.335,1.331,98.328,0.0,0.0,0.005,1493179955.821,
0.340,1.522,98.098,0.015,0.0,0.025,0.0,8192.0,124099.200,405512509.200,0.0,0.0,5380.400,1245.400,0.600,0.0,0.0,6034522112.0,2736128.0,1.4113994752e+11,21602988032.0,0.0,0.0,0.0,8192.0,5380.200,1245.600,0.340,1.522,98.098,0.015,0.0,0.025,1493179960.821,
0.456,1.647,97.862,0.010,0.0,0.025,0.0,3276.800,140888.0,452742199.400,0.0,0.0,6012.400,1393.600,1.0,0.0,0.400,6050017280.0,2744320.0,1.41139955712e+11,21587476480.0,0.0,0.0,0.0,3276.800,6011.800,1393.800,0.451,1.647,97.867,0.010,0.0,0.025,1493179965.821,
0.360,1.446,98.144,0.015,0.0,0.035,0.0,12288.0,118948.600,383451151.200,0.0,0.0,4858.600,1252.600,1.0,0.0,0.400,6047469568.0,2760704.0,1.41139951616e+11,21590011904.0,0.0,0.0,0.0,12288.0,4860.800,1253.0,0.360,1.451,98.139,0.015,0.0,0.035,1493179970.821,
0.275,1.101,98.584,0.020,0.0,0.020,0.0,9830.400,77046.200,302907292.200,0.0,0.0,3796.200,910.600,1.0,0.0,0.0,6046461952.0,2777088.0,1.4113994752e+11,21591007232.0,0.0,0.0,0.0,9830.400,3799.400,910.600,0.280,1.101,98.579,0.020,0.0,0.020,1493179975.821,
0.365,1.471,98.138,0.0,0.0,0.025,0.0,0.0,130991.400,391597249.200,0.0,0.0,5388.200,1174.200,0.600,0.0,0.0,6035574784.0,2777088.0,1.41139951616e+11,21601890304.0,0.0,0.0,0.0,0.0,5382.200,1173.400,0.360,1.467,98.148,0.0,0.0,0.025,1493179980.821,
0.305,1.226,98.448,0.010,0.0,0.010,1198489.600,7372.800,123193.400,329174145.800,0.0,0.0,4632.800,986.600,0.200,0.0,0.0,6038564864.0,2793472.0,1.41139939328e+11,21598896128.0,0.0,0.0,1198489.600,7372.800,4634.0,987.200,0.310,1.226,98.444,0.010,0.0,0.010,1493179985.821,
0.285,1.222,98.483,0.0,0.0,0.010,0.0,6553.600,109214.600,330603373.200,0.0,0.0,4607.200,978.800,0.600,0.0,0.0,6040707072.0,2801664.0,1.41139939328e+11,21596745728.0,0.0,0.0,0.0,6553.600,4607.200,978.600,0.280,1.222,98.488,0.0,0.0,0.010,1493179990.820,
0.240,0.996,98.749,0.010,0.0,0.005,963379.200,10649.600,48993.800,265504731.600,0.0,0.0,3563.800,835.600,0.400,0.0,0.400,6028664832.0,2818048.0,1.41139943424e+11,21608767488.0,0.0,0.0,963379.200,10649.600,3564.200,835.200,0.240,0.996,98.749,0.010,0.0,0.005,1493179995.821,
0.270,1.086,98.644,0.0,0.0,0.0,0.0,2457.600,57025.800,282088964.200,0.0,0.0,3772.400,870.200,0.600,0.0,0.400,6035632128.0,2818048.0,1.4113994752e+11,21601796096.0,0.0,0.0,0.0,2457.600,3772.400,870.200,0.270,1.086,98.644,0.0,0.0,0.0,1493180000.821,
0.230,1.076,98.664,0.020,0.0,0.010,0.0,11468.800,57527.400,285409255.0,0.0,0.0,3655.400,892.800,0.600,0.200,0.0,6040784896.0,2834432.0,1.41139951616e+11,21596622848.0,0.0,0.0,0.0,11468.800,3655.600,893.800,0.235,1.080,98.655,0.020,0.0,0.010,1493180005.821,
0.240,0.996,98.714,0.020,0.0,0.030,0.0,7372.800,58611.0,265388018.800,0.0,0.0,3409.0,832.600,0.200,0.0,0.0,6034210816.0,2850816.0,1.4113994752e+11,21603184640.0,0.0,0.0,0.0,7372.800,3413.200,832.200,0.235,0.991,98.724,0.020,0.0,0.030,1493180010.821,
0.340,1.286,98.349,0.010,0.0,0.015,0.0,4915.200,90735.200,335546119.200,0.0,0.0,4678.0,1001.0,0.600,0.0,0.400,6032338944.0,2859008.0,1.4113994752e+11,21605048320.0,0.0,0.0,0.0,4915.200,4672.200,1000.800,0.340,1.286,98.349,0.010,0.0,0.015,1493180015.821,
0.325,1.291,98.349,0.015,0.0,0.020,0.0,5734.400,100119.200,339868406.0,0.0,0.0,4702.400,979.600,0.200,0.200,0.0,6032035840.0,2875392.0,1.4113994752e+11,21605335040.0,0.0,0.0,0.0,5734.400,4705.600,979.800,0.330,1.291,98.344,0.015,0.0,0.020,1493180020.821,
0.340,1.361,98.254,0.0,0.0,0.045,0.0,5734.400,103191.0,353875957.400,0.0,0.0,4904.800,995.400,0.600,0.0,0.0,6032977920.0,2875392.0,1.4113994752e+11,21604392960.0,0.0,0.0,0.0,5734.400,4905.400,997.200,0.335,1.361,98.259,0.0,0.0,0.045,1493180025.821,
0.250,0.971,98.754,0.015,0.0,0.010,0.0,7372.800,54953.200,278525480.800,0.0,0.0,3574.800,839.0,0.200,0.0,0.0,6033457152.0,2891776.0,1.4113994752e+11,21603897344.0,0.0,0.0,0.0,7372.800,3571.800,837.0,0.250,0.971,98.754,0.015,0.0,0.010,1493180030.821,
0.335,1.281,98.354,0.0,0.0,0.030,0.0,0.0,83705.200,361267741.0,0.0,0.0,4616.200,973.400,1.200,0.0,0.400,6036725760.0,2891776.0,1.41139955712e+11,21600620544.0,0.0,0.0,0.0,0.0,4621.600,973.800,0.340,1.286,98.344,0.0,0.0,0.030,1493180035.821,
0.360,1.542,98.058,0.025,0.0,0.015,0.0,12288.0,123197.600,398402092.800,0.0,0.0,5656.200,1152.0,0.600,0.0,0.400,6039093248.0,2908160.0,1.41139959808e+11,21598232576.0,0.0,0.0,0.0,12288.0,5652.600,1152.0,0.360,1.542,98.058,0.025,0.0,0.015,1493180040.821,
0.315,1.281,98.379,0.010,0.0,0.015,0.0,13107.200,113493.400,338425738.600,0.0,0.0,4622.200,949.800,0.0,0.0,0.0,6035816448.0,2924544.0,1.41139959808e+11,21601492992.0,0.0,0.0,0.0,13107.200,4622.200,951.600,0.315,1.276,98.379,0.010,0.0,0.020,1493180045.821,
0.375,1.526,98.083,0.0,0.0,0.015,0.0,0.0,126413.800,406953248.0,0.0,0.0,5388.400,1203.800,0.800,0.0,0.0,6035058688.0,2924544.0,1.41139959808e+11,21602250752.0,0.0,0.0,0.0,0.0,5385.800,1201.600,0.375,1.526,98.088,0.0,0.0,0.010,1493180050.821,
0.290,1.186,98.504,0.015,0.0,0.005,0.0,7372.800,72310.400,311398113.400,0.0,0.0,4227.200,920.800,0.400,0.200,0.0,6049460224.0,2940928.0,1.41139959808e+11,21587832832.0,0.0,0.0,0.0,7372.800,4228.600,921.400,0.285,1.186,98.509,0.015,0.0,0.005,1493180055.821,
0.215,0.921,98.844,0.015,0.0,0.005,0.0,7372.800,48341.600,243053424.400,0.0,0.0,3277.800,735.0,0.400,0.0,0.0,6036910080.0,2949120.0,1.41139959808e+11,21600374784.0,0.0,0.0,0.0,7372.800,3276.400,734.400,0.220,0.921,98.839,0.015,0.0,0.005,1493180060.821,
0.240,1.041,98.709,0.005,0.0,0.005,0.0,8192.0,64263.800,261895534.400,0.0,0.0,3583.400,792.800,0.200,0.0,0.400,6036840448.0,2957312.0,1.41139963904e+11,21600432128.0,0.0,0.0,0.0,8192.0,3588.400,794.400,0.240,1.041,98.709,0.005,0.0,0.005,1493180065.821,
0.325,1.261,98.394,0.010,0.0,0.010,0.0,7372.800,78113.800,329810314.0,0.0,0.0,4463.600,966.0,0.800,0.0,0.0,6048624640.0,2965504.0,1.41139963904e+11,21588639744.0,0.0,0.0,0.0,7372.800,4462.800,964.600,0.320,1.261,98.399,0.010,0.0,0.010,1493180070.821,
0.340,1.362,98.278,0.010,0.0,0.010,0.0,40960.0,116845.0,354904692.800,0.0,37683.200,4954.0,1069.400,0.600,0.0,0.400,6029275136.0,2973696.0,1.411254272e+11,21622517760.0,0.0,37683.200,0.0,40960.0,4957.200,1071.600,0.340,1.361,98.278,0.010,0.0,0.010,1493180075.821,
0.445,1.752,97.758,0.020,0.0,0.025,2457.600,61440.0,139631.600,483644360.0,0.0,54067.200,6204.800,1438.600,0.400,0.0,0.200,6028537856.0,2990080.0,1.41118697472e+11,21629968384.0,0.0,54067.200,2457.600,61440.0,6198.0,1436.600,0.446,1.752,97.757,0.020,0.0,0.025,1493180080.821,
0.490,1.761,97.694,0.010,0.0,0.045,0.0,4915.200,140224.0,491907437.800,0.0,0.0,6157.200,1427.0,0.800,0.0,0.0,6026567680.0,2998272.0,1.41118693376e+11,21631934464.0,0.0,0.0,0.0,4915.200,6159.200,1427.400,0.490,1.761,97.694,0.010,0.0,0.045,1493180085.820,
0.395,1.721,97.833,0.020,0.0,0.030,0.0,7372.800,130060.200,459284386.800,0.0,0.0,5797.600,1387.0,0.800,0.0,0.400,6040821760.0,3014656.0,1.41118693376e+11,21617664000.0,0.0,0.0,0.0,7372.800,5795.0,1386.400,0.395,1.721,97.834,0.020,0.0,0.030,1493180090.821,
0.235,0.986,98.769,0.0,0.0,0.010,0.0,0.0,73386.800,271164961.400,0.0,0.0,3541.400,828.600,0.400,0.0,0.0,6045675520.0,3014656.0,1.41118697472e+11,21612806144.0,0.0,0.0,0.0,0.0,3541.800,828.800,0.240,0.986,98.764,0.0,0.0,0.010,1493180095.821,
0.230,1.081,98.664,0.015,0.0,0.010,0.0,10649.600,80486.0,284380742.0,0.0,0.0,3765.600,863.600,0.600,0.0,0.0,6033649664.0,3031040.0,1.41118697472e+11,21624815616.0,0.0,0.0,0.0,10649.600,3765.200,863.200,0.225,1.081,98.669,0.015,0.0,0.010,1493180100.821,
0.295,1.216,98.474,0.010,0.0,0.005,0.0,8192.0,89477.200,317429190.200,0.0,0.0,4264.200,941.600,0.200,0.0,0.400,6050025472.0,3039232.0,1.41118701568e+11,21608427520.0,0.0,0.0,0.0,8192.0,4264.800,942.200,0.300,1.216,98.469,0.010,0.0,0.005,1493180105.821,
0.320,1.281,98.384,0.005,0.0,0.010,0.0,11468.800,88372.200,325620259.600,0.0,0.0,4514.0,1007.200,0.400,0.0,0.400,6032506880.0,3055616.0,1.41118697472e+11,21625933824.0,0.0,0.0,0.0,11468.800,4513.200,1006.200,0.315,1.285,98.384,0.005,0.0,0.010,1493180110.821,
0.320,1.336,98.314,0.020,0.0,0.010,0.0,7372.800,92576.400,336980007.0,0.0,0.0,4679.800,963.0,1.0,0.0,0.0,6033616896.0,3072000.0,1.41118693376e+11,21624811520.0,0.0,0.0,0.0,7372.800,4685.800,966.200,0.320,1.336,98.314,0.020,0.0,0.010,1493180115.821,
0.340,1.376,98.254,0.010,0.0,0.020,2143846.400,0.0,91426.0,360196289.600,0.0,0.0,5016.800,1070.0,0.800,0.0,0.0,6044696576.0,3072000.0,1.41129424896e+11,21603000320.0,0.0,0.0,2143846.400,0.0,5011.200,1067.200,0.345,1.376,98.249,0.010,0.0,0.020,1493180120.821,
0.390,1.542,98.038,0.010,0.0,0.020,0.0,7372.800,124809.400,412878459.400,0.0,0.0,5712.400,1183.600,0.600,0.0,0.0,6046851072.0,3088384.0,1.41129424896e+11,21600829440.0,0.0,0.0,0.0,7372.800,5718.200,1183.800,0.390,1.537,98.043,0.010,0.0,0.020,1493180125.821,
0.305,1.291,98.389,0.0,0.0,0.015,0.0,819.200,90804.0,335313396.0,0.0,0.0,4600.800,977.0,0.600,0.0,0.0,6035316736.0,3088384.0,1.41129428992e+11,21612359680.0,0.0,0.0,0.0,819.200,4600.200,978.600,0.300,1.296,98.389,0.0,0.0,0.015,1493180130.821,
0.400,1.576,97.984,0.010,0.0,0.030,0.0,8192.0,121610.200,413549075.0,0.0,0.0,5711.200,1157.800,0.600,0.0,0.0,6038843392.0,3104768.0,1.41129424896e+11,21608820736.0,0.0,0.0,0.0,8192.0,5706.600,1156.400,0.400,1.576,97.984,0.010,0.0,0.030,1493180135.821,
0.345,1.397,98.218,0.020,0.0,0.020,0.0,9011.200,111496.600,368851789.200,0.0,0.0,5119.0,1079.0,0.800,0.0,0.800,6053367808.0,3112960.0,1.41129433088e+11,21594279936.0,0.0,0.0,0.0,9011.200,5123.0,1078.600,0.345,1.392,98.223,0.020,0.0,0.020,1493180140.821,
0.240,1.046,98.709,0.005,0.0,0.0,0.0,23756.800,75594.800,275949133.400,0.0,19660.800,3784.400,867.600,0.400,0.0,0.0,6029733888.0,3080192.0,1.41125107712e+11,21622272000.0,0.0,19660.800,0.0,23756.800,3779.600,868.400,0.240,1.046,98.709,0.005,0.0,0.0,1493180145.821,
0.340,1.337,98.298,0.015,0.0,0.010,0.0,9830.400,92444.400,358900986.800,0.0,0.0,4999.400,1081.800,0.600,0.0,0.0,6045573120.0,3096576.0,1.41125103616e+11,21606420480.0,0.0,0.0,0.0,9830.400,4999.400,1081.0,0.345,1.337,98.293,0.015,0.0,0.010,1493180150.821,
0.350,1.357,98.273,0.015,0.0,0.005,0.0,5734.400,90631.800,353578659.400,0.0,0.0,4883.800,1019.200,0.800,0.0,0.0,6046666752.0,3104768.0,1.41125107712e+11,21605314560.0,0.0,0.0,0.0,5734.400,4883.800,1019.200,0.345,1.357,98.278,0.015,0.0,0.005,1493180155.821,
0.200,0.876,98.909,0.015,0.0,0.0,0.0,8192.0,44428.800,234561263.800,0.0,0.0,3169.0,751.400,0.0,0.0,0.400,6034321408.0,3121152.0,1.41125107712e+11,21617643520.0,0.0,0.0,0.0,8192.0,3168.800,751.0,0.200,0.876,98.909,0.015,0.0,0.0,1493180160.821,
0.205,0.891,98.884,0.015,0.0,0.005,0.0,3276.800,40930.0,233595927.400,0.0,0.0,3111.0,724.0,1.0,0.0,0.0,6033059840.0,3129344.0,1.41125107712e+11,21618896896.0,0.0,0.0,0.0,3276.800,3117.200,726.800,0.210,0.891,98.879,0.015,0.0,0.005,1493180165.821,
0.350,1.392,98.248,0.005,0.0,0.005,0.0,5734.400,93251.600,372842440.0,0.0,0.0,5057.800,1049.200,1.0,0.0,0.0,6047305728.0,3137536.0,1.41125107712e+11,21604642816.0,0.0,0.0,0.0,5734.400,5052.200,1047.800,0.350,1.392,98.248,0.005,0.0,0.005,1493180170.821,
0.365,1.406,98.198,0.015,0.0,0.015,0.0,7372.800,92495.200,381414942.800,0.0,0.0,4874.200,1044.400,0.600,0.0,0.400,6034468864.0,3145728.0,1.41125111808e+11,21617467392.0,0.0,0.0,0.0,7372.800,4873.600,1043.0,0.365,1.406,98.198,0.015,0.0,0.015,1493180175.821,
0.355,1.346,98.229,0.020,0.0,0.050,0.0,8192.0,89051.400,378118686.600,0.0,0.0,4804.600,1037.800,0.200,0.0,0.0,6034448384.0,3162112.0,1.41125111808e+11,21617471488.0,0.0,0.0,0.0,8192.0,4808.0,1039.200,0.355,1.346,98.229,0.020,0.0,0.050,1493180180.821,
0.350,1.381,98.208,0.025,0.0,0.035,0.0,13107.200,104096.0,384655957.0,0.0,0.0,4911.400,1070.200,0.200,0.0,0.400,6036520960.0,3178496.0,1.41125115904e+11,21615378432.0,0.0,0.0,0.0,13107.200,4910.400,1069.200,0.350,1.381,98.208,0.025,0.0,0.035,1493180185.821,
0.245,0.916,98.824,0.0,0.0,0.015,0.0,0.0,63464.200,260666950.800,0.0,0.0,3284.800,768.0,0.400,0.0,0.0,6036881408.0,3178496.0,1.41125115904e+11,21615017984.0,0.0,0.0,0.0,0.0,3283.0,768.800,0.240,0.916,98.829,0.0,0.0,0.015,1493180190.821,
0.235,0.996,98.739,0.005,0.0,0.025,0.0,2457.600,73008.400,265677186.200,0.0,0.0,3616.0,832.0,0.400,0.0,0.0,6037536768.0,3186688.0,1.41125115904e+11,21614354432.0,0.0,0.0,0.0,2457.600,3620.400,831.600,0.235,1.001,98.734,0.005,0.0,0.025,1493180195.821,
0.285,1.221,98.464,0.015,0.0,0.015,0.0,4915.200,94044.0,319431058.800,0.0,0.0,4461.800,951.200,1.0,0.0,0.0,6050754560.0,3194880.0,1.41125115904e+11,21601128448.0,0.0,0.0,0.0,4915.200,4458.0,952.0,0.285,1.221,98.464,0.015,0.0,0.015,1493180200.821,
0.270,1.011,98.708,0.010,0.0,0.0,0.0,10649.600,68399.200,280159052.200,0.0,0.0,3859.600,850.200,0.0,0.0,0.0,6051442688.0,3211264.0,1.4112512e+11,21600419840.0,0.0,0.0,0.0,10649.600,3858.800,849.0,0.275,1.007,98.708,0.010,0.0,0.0,1493180205.820,
0.295,1.192,98.493,0.020,0.0,0.0,0.0,8192.0,90357.800,318584260.0,0.0,0.0,4476.200,948.400,0.600,0.0,0.800,6050381824.0,3227648.0,1.41125124096e+11,21601460224.0,0.0,0.0,0.0,8192.0,4476.400,949.200,0.295,1.192,98.493,0.020,0.0,0.0,1493180210.821,
0.375,1.462,98.153,0.0,0.0,0.010,0.0,36864.0,107500.200,376676766.200,0.0,35225.600,5359.800,1070.800,0.600,0.0,0.0,6029377536.0,2854912.0,1.41119807488e+11,21628153856.0,0.0,35225.600,0.0,36864.0,5364.400,1072.0,0.375,1.462,98.153,0.0,0.0,0.010,1493180215.821,
0.155,0.661,99.154,0.025,0.0,0.005,0.0,9830.400,51099.800,199294628.400,0.0,0.0,2733.600,590.400,0.200,0.0,0.0,5875675136.0,2871296.0,1.41119803392e+11,21781843968.0,0.0,0.0,0.0,9830.400,2728.400,588.0,0.155,0.661,99.154,0.025,0.0,0.005,1493180220.821,
