"Dstat 0.7.2 CSV output"
"Author:","Dag Wieers <dag@wieers.com>",,,,"URL:","http://dag.wieers.com/home-made/dstat/"
"Host:","osd0.skyhook-1osds.skyhook-pg0.wisc.cloudlab.us",,,,"User:","jlefevre"
"Cmdline:","dstat -av --epoch --integer --noheaders --output 1osd.dstat-osd0.log 5",,,,"Date:","25 Apr 2017 15:29:30 CDT"

"total cpu usage",,,,,,"dsk/total",,"net/total",,"paging",,"system",,"procs",,,"memory usage",,,,"paging",,"dsk/total",,"system",,"total cpu usage",,,,,,"epoch"
"usr","sys","idl","wai","hiq","siq","read","writ","recv","send","in","out","int","csw","run","blk","new","used","buff","cach","free","in","out","read","writ","int","csw","usr","sys","idl","wai","hiq","siq","epoch"
0.015,0.010,99.975,0.0,0.0,0.0,0.0,0.0,1773.400,42375.0,0.0,0.0,113.800,133.0,0.0,0.0,0.400,5874245632.0,1781760.0,1.41144457216e+11,21759709184.0,0.0,0.0,0.0,0.0,113.600,133.0,0.020,0.010,99.970,0.0,0.0,0.0,1493168255.821,
0.335,0.795,98.865,0.0,0.0,0.005,0.0,9011.200,14557.600,48084.200,0.0,0.0,694.0,731.0,1.600,0.0,0.0,5973516288.0,1798144.0,1.4114445312e+11,21660426240.0,0.0,0.0,0.0,9011.200,697.600,734.400,0.330,0.796,98.869,0.0,0.0,0.005,1493168260.820,
5.828,11.786,82.246,0.010,0.0,0.130,0.0,3276.800,243908.200,251341.0,0.0,0.0,11519.400,11021.200,6.400,0.0,0.0,5901299712.0,1806336.0,1.41144449024e+11,21732638720.0,0.0,0.0,0.0,3276.800,11519.400,11023.600,5.828,11.787,82.244,0.010,0.0,0.130,1493168265.820,
5.735,11.605,82.544,0.0,0.0,0.115,0.0,2457.600,242814.0,249065.200,0.0,0.0,11256.600,11073.0,7.0,0.0,0.0,5966151680.0,1814528.0,1.4114445312e+11,21667774464.0,0.0,0.0,0.0,2457.600,11254.200,11068.200,5.735,11.606,82.543,0.0,0.0,0.115,1493168270.820,
5.911,11.807,82.217,0.0,0.0,0.065,0.0,0.0,238014.0,244550.800,0.0,0.0,11116.600,10828.600,7.600,0.0,0.0,5908439040.0,1814528.0,1.4114445312e+11,21725487104.0,0.0,0.0,0.0,0.0,11116.0,10835.0,5.910,11.806,82.219,0.0,0.0,0.065,1493168275.820,
5.779,12.052,82.054,0.0,0.0,0.115,0.0,4096.0,223063.200,234325.600,0.0,0.0,10776.800,10136.600,8.400,0.0,0.0,5950083072.0,1822720.0,1.41144457216e+11,21683830784.0,0.0,0.0,0.0,4096.0,10782.200,10133.600,5.780,12.054,82.052,0.0,0.0,0.115,1493168280.820,
2.872,6.065,91.003,0.0,0.0,0.060,0.0,4915.200,118630.600,156606.600,0.0,0.0,5696.800,5400.200,3.400,0.0,0.400,5882482688.0,1830912.0,1.41144457216e+11,21751422976.0,0.0,0.0,0.0,4915.200,5690.600,5395.400,2.876,6.062,91.002,0.0,0.0,0.060,1493168285.821,
