"Dstat 0.7.2 CSV output"
"Author:","Dag Wieers <dag@wieers.com>",,,,"URL:","http://dag.wieers.com/home-made/dstat/"
"Host:","client0.skyhook-1osds.skyhook-pg0.wisc.cloudlab.us",,,,"User:","jlefevre"
"Cmdline:","dstat -av --epoch --integer --noheaders --output 1osd.dstat-client0.log 5",,,,"Date:","25 Apr 2017 15:29:27 CDT"

"total cpu usage",,,,,,"dsk/total",,"net/total",,"paging",,"system",,"procs",,,"memory usage",,,,"paging",,"dsk/total",,"system",,"total cpu usage",,,,,,"epoch"
"usr","sys","idl","wai","hiq","siq","read","writ","recv","send","in","out","int","csw","run","blk","new","used","buff","cach","free","in","out","read","writ","int","csw","usr","sys","idl","wai","hiq","siq","epoch"
0.040,0.035,99.870,0.045,0.0,0.010,0.0,58163.200,49383.400,1442.200,0.0,0.0,728.200,6780.0,0.0,0.0,0.0,5484908544.0,194486272.0,1.47410653184e+11,15690145792.0,0.0,0.0,0.0,58163.200,728.600,6780.400,0.040,0.035,99.870,0.045,0.0,0.010,1493161002.149,
0.070,0.095,99.775,0.050,0.0,0.010,0.0,31129.600,64333.400,33929.200,0.0,0.0,893.600,8480.0,0.200,0.0,5.0,5486837760.0,194502656.0,1.47410673664e+11,15688179712.0,0.0,0.0,0.0,31129.600,895.400,8486.200,0.070,0.095,99.775,0.050,0.0,0.010,1493161007.149,
0.301,0.211,99.434,0.040,0.0,0.015,0.0,105676.800,246238.600,238579.0,0.0,0.0,3073.0,14409.0,0.200,0.0,0.0,5488107520.0,194523136.0,1.47410972672e+11,15686590464.0,0.0,0.0,0.0,105676.800,3072.400,14409.0,0.301,0.211,99.434,0.040,0.0,0.015,1493161012.149,
0.331,0.175,99.409,0.060,0.0,0.025,0.0,108134.400,248980.600,237622.0,0.0,0.0,3532.800,14277.0,0.600,0.0,0.0,5487882240.0,194539520.0,1.4741129216e+11,15686479872.0,0.0,0.0,0.0,108134.400,3534.200,14276.800,0.331,0.170,99.414,0.060,0.0,0.025,1493161017.149,
0.301,0.140,99.499,0.050,0.0,0.010,0.0,93388.800,240011.0,228023.400,0.0,0.0,3045.0,14455.600,0.400,0.0,0.400,5488025600.0,194555904.0,1.47411611648e+11,15686000640.0,0.0,0.0,0.0,93388.800,3045.200,14456.400,0.301,0.145,99.494,0.050,0.0,0.010,1493161022.149,
0.261,0.160,99.524,0.040,0.0,0.015,0.0,102400.0,234064.400,219748.800,0.0,0.0,2848.600,14286.200,0.0,0.0,0.0,5487935488.0,194564096.0,1.47411939328e+11,15685754880.0,0.0,0.0,0.0,102400.0,2845.600,14279.0,0.261,0.155,99.529,0.040,0.0,0.015,1493161027.149,
0.150,0.115,99.669,0.050,0.0,0.015,0.0,104857.600,153151.200,112336.200,0.0,0.0,1891.600,10585.0,0.400,0.0,1.0,5481918464.0,194580480.0,1.47412262912e+11,15691431936.0,0.0,0.0,0.0,104857.600,1891.800,10585.400,0.150,0.120,99.664,0.050,0.0,0.015,1493161032.149,
