"Dstat 0.7.2 CSV output"
"Author:","Dag Wieers <dag@wieers.com>",,,,"URL:","http://dag.wieers.com/home-made/dstat/"
"Host:","client0.skyhook-1osds.skyhook-pg0.wisc.cloudlab.us",,,,"User:","jlefevre"
"Cmdline:","dstat -av --epoch --integer --noheaders --output 1osd.dstat-client0.log 5",,,,"Date:","25 Apr 2017 15:29:27 CDT"

"total cpu usage",,,,,,"dsk/total",,"net/total",,"paging",,"system",,"procs",,,"memory usage",,,,"paging",,"dsk/total",,"system",,"total cpu usage",,,,,,"epoch"
"usr","sys","idl","wai","hiq","siq","read","writ","recv","send","in","out","int","csw","run","blk","new","used","buff","cach","free","in","out","read","writ","int","csw","usr","sys","idl","wai","hiq","siq","epoch"
0.075,0.045,99.860,0.015,0.0,0.005,0.0,19660.800,41699.400,2638.800,0.0,0.0,670.800,6994.600,0.0,0.0,0.400,5490716672.0,204181504.0,1.47409498112e+11,15675797504.0,0.0,0.0,0.0,19660.800,670.800,6994.600,0.075,0.050,99.855,0.015,0.0,0.005,1493164392.149,
0.045,0.075,99.855,0.010,0.0,0.015,0.0,7372.800,40823.800,1437.200,0.0,0.0,474.600,6895.200,0.0,0.0,0.200,5489934336.0,204189696.0,1.47409498112e+11,15676571648.0,0.0,0.0,0.0,7372.800,476.200,6897.200,0.045,0.070,99.860,0.010,0.0,0.015,1493164397.149,
0.331,2.131,97.332,0.040,0.0,0.165,0.0,36044.800,204862508.0,55976.800,0.0,0.0,4942.200,8335.600,1.400,0.0,5.400,5644550144.0,204193792.0,1.47409547264e+11,15521902592.0,0.0,0.0,0.0,36044.800,4941.200,8333.600,0.336,2.131,97.327,0.040,0.0,0.165,1493164402.149,
0.341,2.206,97.142,0.050,0.0,0.261,0.0,57344.0,234437652.0,49876.400,0.0,0.0,4078.0,8026.400,1.200,0.0,0.0,5651976192.0,204210176.0,1.47409657856e+11,15514349568.0,0.0,0.0,0.0,57344.0,4078.200,8026.800,0.336,2.211,97.143,0.050,0.0,0.261,1493164407.149,
0.326,2.211,97.203,0.050,0.0,0.211,0.0,53248.0,219782041.800,41820.200,0.0,0.0,3800.600,7974.600,1.800,0.0,0.200,5643423744.0,204214272.0,1.47409747968e+11,15522807808.0,0.0,0.0,0.0,53248.0,3803.200,8083.0,0.331,2.211,97.197,0.050,0.0,0.211,1493164412.149,
0.406,2.007,97.351,0.050,0.0,0.186,0.0,52428.800,336732168.400,132091.400,0.0,0.0,5485.800,11449.800,0.800,0.0,0.0,5639110656.0,204226560.0,1.47409850368e+11,15527006208.0,0.0,0.0,0.0,52428.800,5487.600,11341.0,0.401,2.002,97.361,0.050,0.0,0.186,1493164417.149,
0.437,1.872,97.451,0.040,0.0,0.201,0.0,56524.800,407747919.800,175244.800,0.0,0.0,5828.200,13075.0,1.0,0.0,0.0,5646397440.0,204234752.0,1.47409985536e+11,15519576064.0,0.0,0.0,0.0,56524.800,5828.200,13079.0,0.442,1.872,97.446,0.040,0.0,0.201,1493164422.149,
0.361,2.171,97.228,0.040,0.0,0.201,0.0,72089.600,257671384.0,68222.0,0.0,0.0,4146.400,9172.800,1.400,0.0,0.0,5644726272.0,204242944.0,1.47410141184e+11,15521083392.0,0.0,0.0,0.0,72089.600,4144.0,9236.400,0.356,2.176,97.228,0.040,0.0,0.201,1493164427.149,
0.301,2.272,97.201,0.070,0.0,0.155,0.0,59801.600,211459869.0,57232.0,0.0,0.0,3812.600,8467.400,1.0,0.0,0.0,5649903616.0,204255232.0,1.47410235392e+11,15515799552.0,0.0,0.0,0.0,59801.600,3810.200,8399.800,0.306,2.267,97.202,0.070,0.0,0.155,1493164432.149,
0.311,2.223,97.255,0.040,0.0,0.171,0.0,56524.800,240896742.0,84938.0,0.0,0.0,4229.200,8711.600,1.0,0.0,0.0,5642063872.0,204271616.0,1.47410325504e+11,15523532800.0,0.0,0.0,0.0,56524.800,4231.0,8713.600,0.306,2.223,97.260,0.040,0.0,0.171,1493164437.149,
0.316,2.269,97.265,0.045,0.0,0.105,0.0,55705.600,231761245.200,92683.0,0.0,0.0,3944.0,8654.400,1.0,0.0,0.400,5644656640.0,204288000.0,1.47410436096e+11,15520813056.0,0.0,0.0,0.0,55705.600,3947.800,8688.200,0.316,2.269,97.264,0.045,0.0,0.105,1493164442.149,
0.311,2.254,97.259,0.065,0.0,0.110,0.0,58163.200,236047624.800,91509.200,0.0,0.0,4123.800,8706.400,0.800,0.0,0.0,5642256384.0,204304384.0,1.47410530304e+11,15523102720.0,0.0,0.0,0.0,58163.200,4123.400,8677.800,0.311,2.259,97.254,0.065,0.0,0.110,1493164447.149,
0.326,2.215,97.263,0.045,0.0,0.151,0.0,63897.600,269564559.400,111131.400,0.0,0.0,4495.600,9102.0,1.0,0.0,0.0,5651415040.0,204312576.0,1.474106368e+11,15513829376.0,0.0,0.0,0.0,63897.600,4490.200,9094.800,0.331,2.210,97.263,0.045,0.0,0.151,1493164452.149,
0.321,2.136,97.227,0.055,0.0,0.261,0.0,58982.400,236847268.400,48803.400,0.0,0.0,3902.600,8037.600,1.600,0.0,0.0,5650853888.0,204324864.0,1.47410743296e+11,15514271744.0,0.0,0.0,0.0,58982.400,3907.600,8092.0,0.321,2.137,97.226,0.055,0.0,0.261,1493164457.149,
0.311,2.208,97.256,0.040,0.0,0.186,0.0,53248.0,225948548.200,55963.0,0.0,0.0,4110.400,8283.800,1.0,0.0,0.0,5645004800.0,204333056.0,1.47410853888e+11,15520002048.0,0.0,0.0,0.0,53248.0,4105.600,8229.400,0.311,2.213,97.251,0.040,0.0,0.186,1493164462.149,
0.241,2.278,97.320,0.050,0.0,0.110,0.0,53248.0,208136186.800,68905.400,0.0,0.0,3896.800,8608.200,1.400,0.0,0.0,5656764416.0,204349440.0,1.47410952192e+11,15508127744.0,0.0,0.0,0.0,53248.0,3896.600,8608.400,0.236,2.278,97.325,0.050,0.0,0.110,1493164467.149,
0.286,2.235,97.299,0.045,0.0,0.135,0.0,48332.800,265487519.200,63029.200,0.0,0.0,4261.800,9372.400,1.600,0.0,0.400,5658361856.0,204361728.0,1.47411050496e+11,15506419712.0,0.0,0.0,0.0,48332.800,4263.600,9424.600,0.286,2.235,97.299,0.045,0.0,0.135,1493164472.149,
0.301,2.196,97.227,0.055,0.0,0.221,0.0,57344.0,224152651.600,48001.200,0.0,0.0,3839.600,8279.400,1.0,0.0,0.0,5643595776.0,204382208.0,1.47411161088e+11,15521054720.0,0.0,0.0,0.0,57344.0,3837.800,8227.0,0.301,2.191,97.232,0.055,0.0,0.221,1493164477.149,
0.396,2.138,96.919,0.341,0.0,0.206,0.0,6918144.0,273261858.600,75063.400,0.0,0.0,4539.400,9347.200,1.0,0.200,0.0,5635047424.0,204419072.0,1.47396476928e+11,15544250368.0,0.0,0.0,0.0,6918144.0,4539.600,9347.200,0.396,2.138,96.919,0.341,0.0,0.206,1493164482.149,
0.456,1.930,97.348,0.055,0.0,0.211,0.0,75366.400,389269936.0,155849.0,0.0,0.0,5508.800,12145.800,1.400,0.0,0.0,5636104192.0,204439552.0,1.47396603904e+11,15543046144.0,0.0,0.0,0.0,75366.400,5511.800,12188.400,0.456,1.936,97.342,0.055,0.0,0.211,1493164487.149,
0.472,1.793,97.489,0.045,0.0,0.201,0.0,63078.400,455751445.0,192564.400,0.0,0.0,6292.800,13578.800,0.800,0.0,0.0,5633380352.0,204455936.0,1.47396747264e+11,15545610240.0,0.0,0.0,0.0,63078.400,6294.600,13546.800,0.477,1.787,97.490,0.045,0.0,0.201,1493164492.149,
0.477,1.773,97.444,0.050,0.0,0.256,0.0,98304.0,472678711.800,193361.600,0.0,0.0,6488.0,13162.400,1.0,0.0,0.0,5639856128.0,204460032.0,1.47396907008e+11,15538970624.0,0.0,0.0,0.0,98304.0,6490.800,13155.800,0.472,1.778,97.444,0.050,0.0,0.256,1493164497.149,
0.401,2.063,97.225,0.050,0.0,0.261,0.0,59801.600,286158034.400,60913.200,0.0,0.0,4536.0,8375.800,1.600,0.0,0.600,5644603392.0,204480512.0,1.47397054464e+11,15534055424.0,0.0,0.0,0.0,59801.600,4530.400,8407.400,0.407,2.058,97.225,0.050,0.0,0.261,1493164502.149,
0.386,2.107,97.166,0.045,0.0,0.296,0.0,60620.800,288076914.800,60231.0,0.0,0.0,4828.0,8500.0,1.200,0.0,0.0,5645238272.0,204492800.0,1.47397173248e+11,15533289472.0,0.0,0.0,0.0,60620.800,4828.0,8464.400,0.381,2.112,97.166,0.045,0.0,0.296,1493164507.149,
0.431,2.062,97.185,0.050,0.0,0.271,0.0,59801.600,300295843.800,69821.0,0.0,0.0,4841.600,8499.800,1.0,0.0,0.0,5637914624.0,204500992.0,1.4739728384e+11,15540494336.0,0.0,0.0,0.0,59801.600,4840.0,8500.200,0.431,2.062,97.186,0.050,0.0,0.271,1493164512.149,
0.563,1.950,97.266,0.040,0.0,0.181,0.0,54886.400,433409713.200,216441.800,0.0,0.0,6106.400,10935.400,1.200,0.0,0.0,5644800000.0,204505088.0,1.47397410816e+11,15533477888.0,0.0,0.0,0.0,54886.400,6108.400,10949.200,0.568,1.950,97.261,0.040,0.0,0.181,1493164517.149,
0.594,1.881,97.314,0.055,0.0,0.156,0.0,63078.400,482287001.400,272230.0,0.0,0.0,6768.200,11762.200,0.800,0.0,0.0,5645611008.0,204517376.0,1.47397566464e+11,15532498944.0,0.0,0.0,0.0,63078.400,6770.200,11748.800,0.589,1.881,97.319,0.055,0.0,0.156,1493164522.149,
0.512,1.894,97.363,0.035,0.0,0.196,0.0,63078.400,485532490.400,226238.400,0.0,0.0,6681.600,13164.800,1.200,0.0,0.0,5642199040.0,204521472.0,1.47397730304e+11,15535742976.0,0.0,0.0,0.0,63078.400,6681.800,13173.0,0.512,1.889,97.368,0.035,0.0,0.196,1493164527.149,
0.391,1.987,97.311,0.050,0.0,0.261,0.0,77824.0,325493230.200,94843.800,0.0,0.0,4810.600,9748.0,1.400,0.0,0.0,5647388672.0,204537856.0,1.47397902336e+11,15530364928.0,0.0,0.0,0.0,77824.0,4805.600,9741.600,0.391,1.992,97.306,0.050,0.0,0.261,1493164532.149,
0.426,2.107,97.171,0.050,0.0,0.246,0.0,55705.600,266726444.800,59319.0,0.0,0.0,4383.0,8406.600,1.0,0.0,0.800,5646073856.0,204550144.0,1.47398025216e+11,15531544576.0,0.0,0.0,0.0,55705.600,4383.600,8404.600,0.431,2.102,97.171,0.050,0.0,0.246,1493164537.149,
0.468,2.046,97.285,0.045,0.0,0.156,0.0,60620.800,366633130.0,177674.400,0.0,0.0,5630.800,10460.600,1.800,0.0,0.400,5642608640.0,204550144.0,1.47398139904e+11,15534895104.0,0.0,0.0,0.0,60620.800,5634.200,10462.0,0.463,2.047,97.290,0.045,0.0,0.156,1493164542.149,
0.432,2.095,97.287,0.055,0.0,0.131,0.0,65536.0,364716145.600,161899.200,0.0,0.0,5432.0,10473.800,1.400,0.0,0.0,5648453632.0,204566528.0,1.47398283264e+11,15528890368.0,0.0,0.0,0.0,65536.0,5429.600,10496.400,0.437,2.095,97.282,0.055,0.0,0.131,1493164547.149,
0.466,1.790,97.418,0.055,0.0,0.271,0.0,63078.400,453986043.600,197003.0,0.0,0.0,6610.800,14094.0,0.800,0.0,0.400,5647405056.0,204570624.0,1.47398422528e+11,15529795584.0,0.0,0.0,0.0,63078.400,6610.200,14069.400,0.466,1.790,97.418,0.055,0.0,0.271,1493164552.149,
0.407,1.999,97.363,0.050,0.0,0.181,0.0,68812.800,356190529.200,148156.200,0.0,0.0,5365.600,10922.800,0.800,0.0,0.0,5645176832.0,204587008.0,1.47398582272e+11,15531847680.0,0.0,0.0,0.0,68812.800,5368.800,10924.600,0.407,2.004,97.358,0.050,0.0,0.181,1493164557.149,
0.442,1.962,97.316,0.040,0.0,0.241,0.0,64716.800,355351019.200,118053.200,0.0,0.0,5178.200,10566.200,1.400,0.0,0.400,5642584064.0,204591104.0,1.47398729728e+11,15534288896.0,0.0,0.0,0.0,64716.800,5176.0,10650.200,0.437,1.962,97.321,0.040,0.0,0.241,1493164562.149,
0.376,2.122,97.196,0.055,0.0,0.251,0.0,73728.0,265841493.200,55865.200,0.0,0.0,4377.200,8475.600,1.0,0.0,0.0,5646016512.0,204619776.0,1.47398852608e+11,15530704896.0,0.0,0.0,0.0,73728.0,4375.0,8389.800,0.376,2.122,97.196,0.055,0.0,0.251,1493164567.149,
0.416,2.093,97.200,0.055,0.0,0.236,0.0,62259.200,286652415.800,66159.600,0.0,0.0,4728.0,8526.0,1.0,0.0,0.800,5652635648.0,204627968.0,1.47398971392e+11,15523958784.0,0.0,0.0,0.0,62259.200,4728.600,8526.400,0.416,2.093,97.200,0.055,0.0,0.236,1493164572.149,
0.432,2.109,97.248,0.025,0.0,0.186,0.0,58163.200,318730270.800,135459.0,0.0,0.0,4960.600,9562.800,1.400,0.0,0.0,5648736256.0,204640256.0,1.4739908608e+11,15527731200.0,0.0,0.0,0.0,58163.200,4962.200,9584.200,0.432,2.104,97.253,0.025,0.0,0.186,1493164577.149,
0.462,2.081,97.250,0.060,0.0,0.146,0.0,69632.0,366734679.400,180024.800,0.0,0.0,5656.200,10470.0,1.200,0.0,0.800,5656682496.0,204660736.0,1.47399233536e+11,15519617024.0,0.0,0.0,0.0,69632.0,5654.400,10448.200,0.462,2.086,97.245,0.060,0.0,0.146,1493164582.149,
0.502,1.894,97.347,0.045,0.0,0.211,0.0,62259.200,399595088.400,213558.800,0.0,0.0,6017.600,10715.0,0.800,0.0,0.200,5651054592.0,204677120.0,1.47399364608e+11,15525097472.0,0.0,0.0,0.0,62259.200,6020.600,10716.800,0.502,1.894,97.347,0.045,0.0,0.211,1493164587.149,
0.391,2.141,97.112,0.060,0.0,0.296,0.0,69632.0,266841258.200,56697.400,0.0,0.0,4453.800,8299.0,1.600,0.0,1.0,5661618176.0,204693504.0,1.47399503872e+11,15514378240.0,0.0,0.0,0.0,69632.0,4450.600,8330.600,0.391,2.136,97.117,0.060,0.0,0.296,1493164592.149,
0.351,2.118,97.234,0.050,0.0,0.246,0.0,58982.400,268456729.0,75225.0,0.0,0.0,4407.200,8767.600,1.0,0.0,0.400,5658566656.0,204693504.0,1.47399614464e+11,15517319168.0,0.0,0.0,0.0,58982.400,4407.400,8734.400,0.351,2.118,97.234,0.050,0.0,0.246,1493164597.149,
0.467,2.012,97.271,0.055,0.0,0.196,0.0,72908.800,340069865.400,118170.800,0.0,0.0,5293.600,10663.400,1.0,0.0,0.800,5666418688.0,204701696.0,1.47399733248e+11,15509340160.0,0.0,0.0,0.0,72908.800,5293.800,10663.600,0.472,2.017,97.261,0.055,0.0,0.196,1493164602.149,
0.482,2.067,97.004,0.171,0.0,0.276,0.0,2288025.600,301875859.400,66344.800,0.0,0.0,4913.0,8625.0,1.0,0.0,0.400,5659602944.0,204734464.0,1.47399733248e+11,15516123136.0,0.0,0.0,0.0,2288025.600,4917.800,8626.600,0.482,2.063,97.004,0.171,0.0,0.281,1493164607.149,
0.306,2.113,97.335,0.045,0.0,0.201,0.0,71270.400,265390726.400,67746.0,0.0,0.0,4394.800,9318.800,1.0,0.0,0.400,5667106816.0,204742656.0,1.47399852032e+11,15508492288.0,0.0,0.0,0.0,71270.400,4389.800,9316.800,0.301,2.113,97.345,0.045,0.0,0.196,1493164612.149,
0.271,2.228,97.341,0.045,0.0,0.115,0.0,56524.800,254603922.200,68689.0,0.0,0.0,4369.200,8686.600,1.200,0.0,0.400,5675704320.0,204759040.0,1.47399962624e+11,15499767808.0,0.0,0.0,0.0,56524.800,4369.200,8686.600,0.271,2.228,97.341,0.045,0.0,0.115,1493164617.149,
0.321,2.298,97.241,0.050,0.0,0.090,0.0,59801.600,232115958.800,62429.200,0.0,0.0,3960.600,8546.600,1.0,0.0,0.400,5665263616.0,204763136.0,1.47400073216e+11,15510093824.0,0.0,0.0,0.0,59801.600,3961.0,8564.600,0.321,2.298,97.241,0.050,0.0,0.090,1493164622.149,
0.306,2.233,97.270,0.050,0.0,0.141,0.0,62259.200,228002024.200,60105.800,0.0,0.0,4075.0,8501.0,1.200,0.0,0.400,5655715840.0,204783616.0,1.4740017152e+11,15519522816.0,0.0,0.0,0.0,62259.200,4075.200,8483.400,0.311,2.238,97.260,0.050,0.0,0.141,1493164627.149,
0.427,2.093,97.194,0.045,0.0,0.241,0.0,58982.400,289004389.400,68254.600,0.0,0.0,4923.600,8588.600,1.0,0.0,0.800,5654519808.0,204783616.0,1.47400286208e+11,15520604160.0,0.0,0.0,0.0,58982.400,4923.200,8588.600,0.422,2.093,97.199,0.045,0.0,0.241,1493164632.149,
0.442,2.114,97.223,0.055,0.0,0.166,0.0,99123.200,286829655.600,99069.600,0.0,0.0,5025.200,8790.600,1.0,0.0,0.800,5645369344.0,204800000.0,1.47400413184e+11,15529611264.0,0.0,0.0,0.0,99123.200,5028.400,8790.400,0.442,2.114,97.219,0.055,0.0,0.171,1493164637.149,
0.527,1.762,97.395,0.045,0.0,0.271,0.0,65536.0,468058384.200,203121.400,0.0,0.0,6482.200,13573.0,1.200,0.0,0.400,5660860416.0,204820480.0,1.47400536064e+11,15513976832.0,0.0,0.0,0.0,65536.0,6479.0,13572.800,0.532,1.757,97.400,0.045,0.0,0.266,1493164642.149,
0.396,2.108,97.245,0.015,0.0,0.236,0.0,64716.800,276284379.400,74733.600,0.0,0.0,4625.0,8502.400,1.200,0.0,0.400,5655810048.0,204832768.0,1.4740068352e+11,15518867456.0,0.0,0.0,0.0,64716.800,4625.800,8502.400,0.391,2.112,97.245,0.015,0.0,0.236,1493164647.149,
0.527,1.837,97.375,0.040,0.0,0.221,0.0,63897.600,450619809.600,181422.400,0.0,0.0,6238.400,12292.200,1.0,0.0,0.400,5655162880.0,204849152.0,1.47400818688e+11,15519363072.0,0.0,0.0,0.0,63897.600,6238.600,12294.200,0.527,1.832,97.380,0.040,0.0,0.221,1493164652.149,
0.457,2.031,97.306,0.035,0.0,0.171,0.0,62259.200,375516584.200,170347.0,0.0,0.0,5653.0,10585.400,1.200,0.0,0.400,5655318528.0,204849152.0,1.47400966144e+11,15519059968.0,0.0,0.0,0.0,62259.200,5651.800,10583.400,0.457,2.031,97.306,0.035,0.0,0.171,1493164657.149,
0.411,1.962,97.416,0.050,0.0,0.161,0.0,67174.400,370847287.200,145300.200,0.0,0.0,5526.600,11919.600,1.400,0.0,0.400,5651578880.0,204873728.0,1.47401105408e+11,15522635776.0,0.0,0.0,0.0,67174.400,5528.200,11919.600,0.411,1.967,97.411,0.050,0.0,0.161,1493164662.149,
0.452,1.877,97.450,0.035,0.0,0.186,0.0,64716.800,395519745.200,167671.200,0.0,0.0,5595.200,11771.600,0.600,0.0,0.400,5649883136.0,204886016.0,1.47401244672e+11,15524179968.0,0.0,0.0,0.0,64716.800,5596.600,11774.200,0.452,1.873,97.455,0.035,0.0,0.186,1493164667.149,
0.562,1.642,97.430,0.045,0.0,0.321,0.0,80281.600,466218964.0,217290.600,0.0,0.0,6547.0,12811.800,0.800,0.0,0.800,5644390400.0,204910592.0,1.47401396224e+11,15529496576.0,0.0,0.0,0.0,80281.600,6544.0,12809.600,0.562,1.641,97.430,0.045,0.0,0.321,1493164672.149,
0.511,1.494,97.573,0.040,0.0,0.381,0.0,77824.0,407796161.800,128240.400,0.0,0.0,6033.400,10215.600,1.0,0.0,0.800,5647294464.0,204947456.0,1.47401560064e+11,15526391808.0,0.0,0.0,0.0,77824.0,6039.0,10216.400,0.511,1.494,97.568,0.040,0.0,0.386,1493164677.149,
0.341,2.162,97.312,0.020,0.0,0.166,0.0,63078.400,263366177.800,71587.0,0.0,0.0,4299.400,9167.800,1.0,0.0,0.0,5650833408.0,204959744.0,1.47401699328e+11,15522701312.0,0.0,0.0,0.0,63078.400,4294.0,9168.400,0.341,2.167,97.312,0.020,0.0,0.160,1493164682.149,
0.336,2.122,97.372,0.045,0.0,0.125,0.0,61440.0,301269740.400,94140.400,0.0,0.0,4780.800,10399.200,1.200,0.0,0.800,5650399232.0,204972032.0,1.47401818112e+11,15523004416.0,0.0,0.0,0.0,61440.0,4780.800,10397.400,0.336,2.117,97.376,0.045,0.0,0.125,1493164687.149,
0.316,2.047,97.421,0.040,0.0,0.176,0.0,63897.600,325817486.600,109617.200,0.0,0.0,5015.200,10649.400,1.0,0.0,0.0,5655511040.0,204984320.0,1.47401949184e+11,15517749248.0,0.0,0.0,0.0,63897.600,5014.600,10649.800,0.316,2.047,97.421,0.040,0.0,0.176,1493164692.149,
0.427,1.898,97.430,0.040,0.0,0.206,0.0,63897.600,382374477.600,141641.200,0.0,0.0,5550.200,11662.0,1.400,0.0,0.800,5652615168.0,204996608.0,1.47402080256e+11,15520501760.0,0.0,0.0,0.0,63897.600,5550.800,11661.600,0.427,1.898,97.429,0.040,0.0,0.206,1493164697.149,
0.401,2.037,97.276,0.040,0.0,0.246,0.0,65536.0,300595251.600,89895.600,0.0,0.0,4811.400,9777.400,1.200,0.0,1.200,5647028224.0,205000704.0,1.4740221952e+11,15525945344.0,0.0,0.0,0.0,65536.0,4812.800,9778.800,0.401,2.037,97.276,0.040,0.0,0.246,1493164702.149,
0.396,2.126,97.182,0.045,0.0,0.251,0.0,73728.0,271146288.800,63542.200,0.0,0.0,4569.600,8625.400,1.400,0.0,0.0,5652754432.0,205037568.0,1.474023424e+11,15520059392.0,0.0,0.0,0.0,73728.0,4571.800,8624.400,0.396,2.131,97.177,0.045,0.0,0.251,1493164707.149,
0.321,2.136,97.358,0.055,0.0,0.130,0.0,63897.600,322850979.400,94344.800,0.0,0.0,4986.400,10474.800,1.200,0.0,0.800,5658685440.0,205049856.0,1.47402452992e+11,15514005504.0,0.0,0.0,0.0,63897.600,4982.600,10474.600,0.321,2.131,97.363,0.055,0.0,0.130,1493164712.149,
0.381,2.021,97.397,0.035,0.0,0.165,0.0,63897.600,358146712.800,108700.400,0.0,0.0,5351.400,11148.0,1.200,0.0,0.0,5649403904.0,205070336.0,1.47402600448e+11,15523119104.0,0.0,0.0,0.0,63897.600,5356.400,11147.800,0.381,2.026,97.392,0.035,0.0,0.165,1493164717.149,
0.356,2.116,97.357,0.050,0.0,0.120,0.0,67174.400,342420591.400,103869.400,0.0,0.0,5832.600,10710.600,1.0,0.0,0.800,5646487552.0,205082624.0,1.47402735616e+11,15525888000.0,0.0,0.0,0.0,67174.400,5827.200,10710.600,0.356,2.116,97.357,0.050,0.0,0.120,1493164722.149,
0.371,2.121,97.202,0.030,0.0,0.276,0.0,58982.400,274701146.800,67028.200,0.0,0.0,4513.0,8628.0,1.0,0.0,0.800,5658394624.0,205103104.0,1.47402870784e+11,15513825280.0,0.0,0.0,0.0,58982.400,4513.400,8628.0,0.371,2.116,97.207,0.030,0.0,0.276,1493164727.149,
0.618,0.974,97.991,0.050,0.0,0.367,0.0,66355.200,514095207.400,200342.600,0.0,0.0,6729.600,12804.200,1.0,0.0,1.200,5648867328.0,205115392.0,1.4740299776e+11,15523213312.0,0.0,0.0,0.0,66355.200,6729.600,12804.200,0.618,0.974,97.991,0.050,0.0,0.367,1493164732.149,
0.652,0.878,98.068,0.045,0.0,0.356,0.0,75366.400,506456756.0,183158.600,0.0,0.0,6610.400,12153.400,0.600,0.0,0.800,5642555392.0,205119488.0,1.4740318208e+11,15529336832.0,0.0,0.0,0.0,75366.400,6610.200,12153.600,0.652,0.883,98.063,0.045,0.0,0.356,1493164737.149,
0.587,0.909,98.133,0.005,0.0,0.366,0.0,83558.400,517378736.200,199222.200,0.0,0.0,6535.400,12203.400,1.0,0.0,0.400,5639069696.0,205139968.0,1.47403337728e+11,15532646400.0,0.0,0.0,0.0,83558.400,6540.600,12204.200,0.587,0.904,98.133,0.005,0.0,0.371,1493164742.149,
0.422,2.017,97.285,0.020,0.0,0.256,0.0,77824.0,294351314.200,78418.800,0.0,0.0,4767.400,9112.200,1.0,0.0,0.800,5639458816.0,205156352.0,1.47403497472e+11,15532081152.0,0.0,0.0,0.0,77824.0,4768.400,9116.0,0.427,2.018,97.285,0.020,0.0,0.251,1493164747.149,
0.416,2.097,97.206,0.015,0.0,0.266,0.0,58982.400,288337326.0,62832.0,0.0,0.0,4681.400,8428.400,1.0,0.0,0.400,5654634496.0,205160448.0,1.47403628544e+11,15516770304.0,0.0,0.0,0.0,58982.400,4675.600,8424.0,0.411,2.102,97.206,0.015,0.0,0.266,1493164752.149,
0.437,2.047,97.200,0.045,0.0,0.271,0.0,60620.800,297542771.200,61627.800,0.0,0.0,4586.400,8237.0,1.200,0.0,0.0,5648838656.0,205172736.0,1.47403743232e+11,15522439168.0,0.0,0.0,0.0,60620.800,4586.200,8236.600,0.437,2.042,97.205,0.045,0.0,0.271,1493164757.149,
0.481,2.066,97.116,0.040,0.0,0.296,0.0,63078.400,308703117.800,68800.200,0.0,0.0,4886.200,8695.0,1.0,0.0,0.800,5644308480.0,205185024.0,1.47403870208e+11,15526830080.0,0.0,0.0,0.0,63078.400,4889.600,8696.800,0.482,2.072,97.111,0.040,0.0,0.296,1493164762.149,
0.412,2.078,97.185,0.040,0.0,0.286,0.0,61440.0,292668449.600,64859.0,0.0,0.0,4798.0,8364.400,1.200,0.0,0.800,5648121856.0,205213696.0,1.47403984896e+11,15522873344.0,0.0,0.0,0.0,61440.0,4795.0,8362.600,0.412,2.078,97.185,0.040,0.0,0.286,1493164767.149,
0.406,2.052,97.255,0.045,0.0,0.241,0.0,56524.800,292136106.400,70929.200,0.0,0.0,4592.400,8878.600,1.0,0.0,0.600,5650857984.0,205213696.0,1.47404099584e+11,15520022528.0,0.0,0.0,0.0,56524.800,4595.0,8878.600,0.406,2.052,97.255,0.045,0.0,0.241,1493164772.149,
0.396,2.002,97.417,0.050,0.0,0.135,0.0,70451.200,383372379.0,142442.0,0.0,0.0,5601.800,12433.800,0.800,0.0,0.400,5648814080.0,205225984.0,1.4740420608e+11,15521947648.0,0.0,0.0,0.0,70451.200,5598.400,12433.800,0.396,1.997,97.421,0.050,0.0,0.135,1493164777.149,
0.457,1.896,97.406,0.055,0.0,0.186,0.0,72908.800,409749359.200,166058.400,0.0,0.0,5960.0,12657.400,1.400,0.0,0.400,5654573056.0,205238272.0,1.47404353536e+11,15516028928.0,0.0,0.0,0.0,72908.800,5961.600,12657.400,0.457,1.901,97.401,0.055,0.0,0.186,1493164782.149,
0.422,1.977,97.340,0.040,0.0,0.221,0.0,66355.200,338033505.400,115945.400,0.0,0.0,5151.400,10364.400,0.800,0.0,0.400,5646372864.0,205238272.0,1.4740451328e+11,15524069376.0,0.0,0.0,0.0,66355.200,5156.800,10368.0,0.421,1.972,97.346,0.040,0.0,0.221,1493164787.149,
0.396,2.077,97.196,0.025,0.0,0.306,0.0,63078.400,277357830.400,57105.200,0.0,0.0,4704.200,8692.600,1.200,0.0,0.400,5648539648.0,205254656.0,1.47404627968e+11,15521771520.0,0.0,0.0,0.0,63078.400,4700.800,8689.0,0.396,2.077,97.196,0.025,0.0,0.306,1493164792.149,
0.446,2.067,97.166,0.010,0.0,0.311,0.0,55705.600,304286737.0,65463.0,0.0,0.0,5029.600,8543.0,1.0,0.0,0.400,5648654336.0,205266944.0,1.4740473856e+11,15521533952.0,0.0,0.0,0.0,55705.600,5026.400,8543.0,0.446,2.067,97.166,0.010,0.0,0.311,1493164797.149,
0.311,2.269,97.274,0.035,0.0,0.110,0.0,62259.200,218405132.200,73062.400,0.0,0.0,3945.200,8604.200,1.200,0.0,0.200,5647659008.0,205295616.0,1.4740486144e+11,15522377728.0,0.0,0.0,0.0,62259.200,3945.200,8604.400,0.311,2.269,97.275,0.035,0.0,0.110,1493164802.149,
0.291,2.245,97.308,0.045,0.0,0.110,0.0,60620.800,223631581.200,83996.600,0.0,0.0,4625.200,8428.0,1.0,0.0,0.800,5646438400.0,205312000.0,1.47404967936e+11,15523475456.0,0.0,0.0,0.0,60620.800,4629.600,8427.800,0.291,2.250,97.303,0.045,0.0,0.110,1493164807.149,
0.321,2.283,97.240,0.045,0.0,0.110,0.0,77004.800,218397570.600,72925.600,0.0,0.0,4097.0,8525.800,1.400,0.0,0.200,5646483456.0,205324288.0,1.4740506624e+11,15523319808.0,0.0,0.0,0.0,77004.800,4093.600,8526.200,0.321,2.283,97.240,0.045,0.0,0.110,1493164812.149,
0.291,2.279,97.309,0.040,0.0,0.080,0.0,57344.0,202920043.0,65374.600,0.0,0.0,3708.0,8328.600,1.400,0.0,0.400,5645111296.0,205332480.0,1.47405144064e+11,15524605952.0,0.0,0.0,0.0,57344.0,3711.200,8338.400,0.291,2.284,97.304,0.040,0.0,0.080,1493164817.149,
0.301,2.294,97.274,0.050,0.0,0.080,0.0,53248.0,202335356.200,60284.200,0.0,0.0,3687.200,8339.600,1.200,0.0,0.0,5650034688.0,205336576.0,1.47405242368e+11,15519580160.0,0.0,0.0,0.0,53248.0,3683.0,8329.400,0.301,2.289,97.279,0.050,0.0,0.080,1493164822.149,
0.356,2.178,97.310,0.010,0.0,0.146,0.0,51609.600,267847703.0,88977.0,0.0,0.0,4470.200,9177.600,1.600,0.0,0.400,5650202624.0,205357056.0,1.47405336576e+11,15519297536.0,0.0,0.0,0.0,51609.600,4470.200,9177.600,0.356,2.178,97.310,0.010,0.0,0.146,1493164827.149,
0.426,2.046,97.196,0.030,0.0,0.301,0.0,54067.200,296113598.0,61311.600,0.0,0.0,4611.400,8484.0,1.200,0.0,0.400,5653798912.0,205361152.0,1.47405451264e+11,15515582464.0,0.0,0.0,0.0,54067.200,4611.400,8484.200,0.431,2.046,97.191,0.030,0.0,0.301,1493164832.149,
0.437,1.993,97.214,0.020,0.0,0.336,0.0,63897.600,322537803.800,66407.200,0.0,0.0,4986.400,8694.600,1.0,0.0,0.400,5649158144.0,205369344.0,1.4740557824e+11,15520088064.0,0.0,0.0,0.0,63897.600,4987.800,8694.800,0.432,1.993,97.219,0.020,0.0,0.336,1493164837.149,
0.326,2.092,97.356,0.020,0.0,0.206,0.0,63078.400,292641995.400,84590.0,0.0,0.0,4638.800,9112.200,1.0,0.0,0.0,5649543168.0,205373440.0,1.47405697024e+11,15519580160.0,0.0,0.0,0.0,63078.400,4638.0,9112.200,0.326,2.092,97.356,0.020,0.0,0.206,1493164842.149,
0.381,1.986,97.407,0.050,0.0,0.176,0.0,74547.200,372624839.800,127894.0,0.0,0.0,5383.400,11660.600,1.0,0.0,0.400,5650571264.0,205393920.0,1.47405828096e+11,15518400512.0,0.0,0.0,0.0,74547.200,5384.800,11660.400,0.381,1.986,97.407,0.050,0.0,0.176,1493164847.149,
0.522,1.481,97.735,0.040,0.0,0.221,0.0,62259.200,504308326.600,222160.600,0.0,0.0,7120.600,14430.0,0.600,0.0,0.0,5645430784.0,205406208.0,1.47405959168e+11,15523397632.0,0.0,0.0,0.0,62259.200,7122.800,14437.600,0.522,1.476,97.740,0.040,0.0,0.221,1493164852.149,
0.281,0.697,98.881,0.025,0.0,0.115,0.0,67993.600,252994093.800,121529.200,0.0,0.0,3708.800,11084.800,0.600,0.0,1.400,5481639936.0,205418496.0,1.47406127104e+11,15687008256.0,0.0,0.0,0.0,67993.600,3704.400,11077.0,0.281,0.697,98.881,0.025,0.0,0.115,1493164857.149,
