"Dstat 0.7.2 CSV output"
"Author:","Dag Wieers <dag@wieers.com>",,,,"URL:","http://dag.wieers.com/home-made/dstat/"
"Host:","client0.skyhook-1osds.skyhook-pg0.wisc.cloudlab.us",,,,"User:","jlefevre"
"Cmdline:","dstat -av --epoch --integer --noheaders --output 1osd.dstat-client0.log 5",,,,"Date:","25 Apr 2017 15:29:27 CDT"

"total cpu usage",,,,,,"dsk/total",,"net/total",,"paging",,"system",,"procs",,,"memory usage",,,,"paging",,"dsk/total",,"system",,"total cpu usage",,,,,,"epoch"
"usr","sys","idl","wai","hiq","siq","read","writ","recv","send","in","out","int","csw","run","blk","new","used","buff","cach","free","in","out","read","writ","int","csw","usr","sys","idl","wai","hiq","siq","epoch"
0.065,0.030,99.890,0.010,0.0,0.005,0.0,9830.400,40625.400,1832.400,0.0,0.0,517.200,6948.200,0.400,0.0,0.600,5465112576.0,221569024.0,1.4739320832e+11,15700303872.0,0.0,0.0,0.0,9830.400,517.600,6948.600,0.065,0.030,99.890,0.010,0.0,0.005,1493171682.149,
0.150,0.491,99.338,0.0,0.0,0.020,0.0,16384.0,56723751.600,20765.800,0.0,0.0,1411.200,7622.800,1.0,0.0,5.600,5618577408.0,221577216.0,1.47393212416e+11,15546826752.0,0.0,0.0,0.0,16384.0,1412.400,7623.0,0.155,0.491,99.333,0.0,0.0,0.020,1493171687.149,
0.467,2.038,97.250,0.040,0.0,0.206,0.0,54886.400,332684117.800,95366.200,0.0,0.0,5072.400,9862.200,1.0,0.0,0.0,5628657664.0,221581312.0,1.473933312e+11,15536623616.0,0.0,0.0,0.0,54886.400,5070.800,9861.600,0.462,2.042,97.250,0.040,0.0,0.206,1493171692.149,
0.467,2.107,97.236,0.050,0.0,0.140,0.0,71270.400,348545430.800,127119.0,0.0,0.0,5322.600,10206.600,2.0,0.0,0.0,5640925184.0,221589504.0,1.47393449984e+11,15524229120.0,0.0,0.0,0.0,71270.400,5323.800,10207.0,0.467,2.112,97.231,0.050,0.0,0.140,1493171697.149,
0.537,1.956,97.287,0.045,0.0,0.176,0.0,68812.800,439412659.400,145636.800,0.0,0.0,6005.400,11413.400,1.200,0.0,0.200,5638549504.0,221597696.0,1.47393609728e+11,15526436864.0,0.0,0.0,0.0,68812.800,6012.600,11413.400,0.537,1.946,97.297,0.045,0.0,0.176,1493171702.149,
0.447,1.988,97.345,0.050,0.0,0.171,0.0,68812.800,373523118.200,118120.200,0.0,0.0,5371.200,10738.400,1.0,0.0,0.400,5637677056.0,221601792.0,1.47393765376e+11,15527149568.0,0.0,0.0,0.0,68812.800,5362.800,10738.0,0.447,1.988,97.345,0.050,0.0,0.171,1493171707.149,
0.582,1.902,97.225,0.050,0.0,0.241,0.0,68812.800,452481930.400,150136.600,0.0,0.0,6176.400,10791.600,1.400,0.0,0.0,5626408960.0,221609984.0,1.4739392512e+11,15538249728.0,0.0,0.0,0.0,68812.800,6181.200,10792.200,0.582,1.907,97.220,0.050,0.0,0.241,1493171712.149,
0.533,2.135,97.131,0.035,0.0,0.166,0.0,61440.0,324220318.600,103225.200,0.0,0.0,4935.800,9058.800,1.600,0.0,0.400,5625896960.0,221614080.0,1.47394060288e+11,15538622464.0,0.0,0.0,0.0,61440.0,4931.600,9059.200,0.538,2.130,97.131,0.035,0.0,0.166,1493171717.149,
0.402,2.208,97.220,0.030,0.0,0.141,0.0,65536.0,287450066.200,75563.200,0.0,0.0,4591.200,9150.600,0.800,0.0,0.0,5633835008.0,221622272.0,1.47394187264e+11,15530549248.0,0.0,0.0,0.0,65536.0,4590.600,9149.600,0.397,2.213,97.219,0.030,0.0,0.141,1493171722.149,
0.316,2.338,97.226,0.035,0.0,0.085,0.0,58982.400,187273952.200,49473.800,0.0,0.0,3593.400,8223.0,1.400,0.0,0.400,5621485568.0,221630464.0,1.47394285568e+11,15542792192.0,0.0,0.0,0.0,58982.400,3594.800,8223.600,0.321,2.332,97.226,0.035,0.0,0.085,1493171727.149,
0.311,2.309,97.260,0.050,0.0,0.070,0.0,67174.400,185823621.400,49044.200,0.0,0.0,3460.400,8267.0,1.0,0.0,0.0,5635608576.0,221642752.0,1.47394371584e+11,15528570880.0,0.0,0.0,0.0,67174.400,3459.800,8266.800,0.311,2.314,97.255,0.050,0.0,0.070,1493171732.149,
0.281,2.256,97.273,0.050,0.0,0.140,0.0,58163.200,237544832.800,50871.600,0.0,0.0,4092.0,8923.600,1.200,0.0,0.0,5634830336.0,221650944.0,1.47394465792e+11,15529246720.0,0.0,0.0,0.0,58163.200,4091.200,8923.200,0.281,2.256,97.273,0.050,0.0,0.140,1493171737.149,
0.286,2.313,97.286,0.025,0.0,0.090,0.0,56524.800,188728376.0,41377.0,0.0,0.0,3617.200,8207.200,1.200,0.0,0.400,5634174976.0,221650944.0,1.47394564096e+11,15529803776.0,0.0,0.0,0.0,56524.800,3616.800,8207.600,0.281,2.313,97.291,0.025,0.0,0.090,1493171742.149,
0.371,2.151,97.293,0.055,0.0,0.130,0.0,56524.800,307189845.400,84533.0,0.0,0.0,4687.200,9764.600,1.0,0.0,0.0,5637148672.0,221663232.0,1.47394666496e+11,15526715392.0,0.0,0.0,0.0,56524.800,4693.600,9764.200,0.371,2.146,97.298,0.055,0.0,0.130,1493171747.149,
0.351,2.202,97.262,0.050,0.0,0.135,0.0,59801.600,253069720.0,72172.0,0.0,0.0,4240.600,9337.400,1.200,0.0,0.400,5633978368.0,221667328.0,1.4739478528e+11,15529762816.0,0.0,0.0,0.0,59801.600,4234.600,9337.400,0.356,2.207,97.252,0.050,0.0,0.135,1493171752.149,
0.381,2.127,97.306,0.050,0.0,0.135,0.0,67174.400,307138845.600,91925.200,0.0,0.0,4761.0,9806.400,1.400,0.0,0.0,5629820928.0,221675520.0,1.47394912256e+11,15533785088.0,0.0,0.0,0.0,67174.400,4761.600,9806.800,0.376,2.127,97.311,0.050,0.0,0.135,1493171757.149,
0.573,2.120,97.146,0.020,0.0,0.141,0.0,58982.400,343097169.200,111038.200,0.0,0.0,5202.800,9221.800,1.800,0.0,0.400,5630271488.0,221683712.0,1.4739503104e+11,15533207552.0,0.0,0.0,0.0,58982.400,5202.800,9222.400,0.573,2.115,97.151,0.020,0.0,0.141,1493171762.149,
0.482,2.191,97.181,0.035,0.0,0.111,0.0,70451.200,293432010.800,88502.600,0.0,0.0,4619.600,8976.0,1.200,0.0,0.200,5629505536.0,221691904.0,1.47395162112e+11,15533834240.0,0.0,0.0,0.0,70451.200,4619.0,8975.0,0.487,2.191,97.176,0.035,0.0,0.111,1493171767.149,
0.387,2.264,97.199,0.040,0.0,0.110,0.0,57344.0,227823717.400,60930.600,0.0,0.0,3935.800,8408.400,2.0,0.0,0.0,5637341184.0,221700096.0,1.47395264512e+11,15525888000.0,0.0,0.0,0.0,57344.0,3941.800,8411.800,0.387,2.264,97.199,0.040,0.0,0.110,1493171772.149,
0.432,2.200,97.287,0.0,0.0,0.080,0.0,58982.400,266134690.400,96556.0,0.0,0.0,4321.400,9029.0,1.600,0.0,0.0,5637066752.0,221700096.0,1.473953792e+11,15526047744.0,0.0,0.0,0.0,58982.400,4315.600,9026.0,0.427,2.200,97.292,0.0,0.0,0.080,1493171777.149,
0.427,2.079,97.304,0.050,0.0,0.141,0.0,61440.0,320476961.600,102422.400,0.0,0.0,5343.0,9863.400,1.0,0.0,0.400,5631348736.0,221708288.0,1.47395493888e+11,15531642880.0,0.0,0.0,0.0,61440.0,5342.800,9863.0,0.427,2.079,97.304,0.050,0.0,0.141,1493171782.149,
0.452,1.987,97.355,0.040,0.0,0.166,0.0,63897.600,362847156.200,115094.600,0.0,0.0,5295.400,10479.600,1.600,0.0,0.400,5638414336.0,221708288.0,1.47395637248e+11,15524433920.0,0.0,0.0,0.0,63897.600,5296.800,10481.200,0.452,1.987,97.355,0.040,0.0,0.166,1493171787.149,
0.512,1.897,97.330,0.050,0.0,0.211,0.0,68812.800,415017093.0,135567.0,0.0,0.0,5825.800,11102.600,0.800,0.0,0.600,5641691136.0,221716480.0,1.4739576832e+11,15521017856.0,0.0,0.0,0.0,68812.800,5829.600,11107.600,0.512,1.897,97.330,0.050,0.0,0.211,1493171792.149,
0.577,1.817,97.360,0.020,0.0,0.226,0.0,65536.0,426809312.400,121001.600,0.0,0.0,5968.800,10488.200,1.200,0.0,0.0,5637242880.0,221720576.0,1.47395915776e+11,15525314560.0,0.0,0.0,0.0,65536.0,5968.600,10482.200,0.577,1.817,97.360,0.020,0.0,0.226,1493171797.149,
0.427,2.204,97.208,0.040,0.0,0.121,0.0,77004.800,264373100.600,82281.400,0.0,0.0,4479.600,8361.800,1.600,0.0,0.800,5651632128.0,221732864.0,1.47396067328e+11,15510761472.0,0.0,0.0,0.0,77004.800,4479.600,8363.800,0.427,2.209,97.198,0.040,0.0,0.126,1493171802.149,
0.351,2.294,97.259,0.040,0.0,0.055,0.0,67174.400,214403961.400,72045.400,0.0,0.0,3861.800,8628.600,1.600,0.0,0.400,5645570048.0,221753344.0,1.47396173824e+11,15516696576.0,0.0,0.0,0.0,67174.400,3857.200,8626.400,0.356,2.294,97.259,0.040,0.0,0.050,1493171807.149,
0.442,2.229,97.194,0.010,0.0,0.125,0.0,66355.200,250190307.200,71451.600,0.0,0.0,4322.400,8831.600,1.0,0.0,0.400,5645529088.0,221761536.0,1.47396284416e+11,15516618752.0,0.0,0.0,0.0,66355.200,4326.400,8831.200,0.437,2.229,97.199,0.010,0.0,0.125,1493171812.149,
0.437,2.169,97.213,0.040,0.0,0.141,0.0,62259.200,269348382.200,86937.800,0.0,0.0,4627.400,8828.800,1.400,0.0,0.600,5639483392.0,221777920.0,1.47396399104e+11,15522533376.0,0.0,0.0,0.0,62259.200,4623.600,8829.400,0.442,2.164,97.213,0.040,0.0,0.141,1493171817.149,
0.431,2.152,97.246,0.020,0.0,0.151,0.0,61440.0,279940768.800,89597.400,0.0,0.0,4549.200,9336.0,1.400,0.0,0.400,5641105408.0,221777920.0,1.47396513792e+11,15520796672.0,0.0,0.0,0.0,61440.0,4549.200,9335.800,0.426,2.153,97.250,0.020,0.0,0.151,1493171822.149,
0.371,2.201,97.287,0.030,0.0,0.110,0.0,67174.400,285692931.0,88264.0,0.0,0.0,4892.800,10006.200,1.0,0.0,0.400,5635616768.0,221786112.0,1.4739662848e+11,15526162432.0,0.0,0.0,0.0,67174.400,4893.400,10007.800,0.371,2.201,97.287,0.030,0.0,0.110,1493171827.149,
0.366,2.128,97.335,0.030,0.0,0.141,0.0,58982.400,291988960.600,98596.400,0.0,0.0,4655.800,9501.600,1.600,0.0,0.0,5634424832.0,221790208.0,1.4739675136e+11,15527227392.0,0.0,0.0,0.0,58982.400,4655.800,9500.0,0.366,2.133,97.331,0.030,0.0,0.140,1493171832.149,
0.386,2.178,97.260,0.035,0.0,0.141,0.0,76185.600,249116388.200,89954.600,0.0,0.0,4213.600,9067.200,1.200,0.0,0.400,5635448832.0,221818880.0,1.47396870144e+11,15526055936.0,0.0,0.0,0.0,76185.600,4212.600,9067.0,0.386,2.173,97.265,0.035,0.0,0.141,1493171837.149,
0.452,2.171,97.256,0.010,0.0,0.111,0.0,61440.0,292011209.200,151317.600,0.0,0.0,4776.400,9862.600,1.0,0.0,0.400,5640462336.0,221839360.0,1.47396980736e+11,15520911360.0,0.0,0.0,0.0,61440.0,4776.200,9862.400,0.457,2.171,97.252,0.010,0.0,0.111,1493171842.149,
0.572,1.862,97.319,0.040,0.0,0.206,0.0,62259.200,417446959.400,197753.0,0.0,0.0,5996.600,12800.400,1.400,0.0,0.800,5637517312.0,221843456.0,1.47397107712e+11,15523725312.0,0.0,0.0,0.0,62259.200,6001.0,12802.400,0.567,1.863,97.324,0.040,0.0,0.206,1493171847.149,
0.456,2.005,97.328,0.035,0.0,0.175,0.0,69632.0,342955353.400,125600.400,0.0,0.0,5047.800,11576.600,1.200,0.0,0.0,5636964352.0,221851648.0,1.47397255168e+11,15524122624.0,0.0,0.0,0.0,69632.0,5043.400,11574.600,0.456,2.010,97.323,0.035,0.0,0.175,1493171852.149,
0.517,1.866,97.367,0.035,0.0,0.216,0.0,67174.400,408244350.200,161212.400,0.0,0.0,5873.0,13019.200,0.400,0.0,0.400,5632090112.0,221855744.0,1.47397394432e+11,15528853504.0,0.0,0.0,0.0,67174.400,5878.0,13023.600,0.517,1.866,97.367,0.035,0.0,0.216,1493171857.149,
0.522,1.856,97.376,0.055,0.0,0.191,0.0,68812.800,408632891.600,161216.600,0.0,0.0,5849.200,12448.600,1.200,0.0,0.400,5632647168.0,221863936.0,1.47397537792e+11,15528144896.0,0.0,0.0,0.0,68812.800,5848.600,12446.800,0.522,1.856,97.376,0.055,0.0,0.191,1493171862.149,
0.582,1.882,97.299,0.050,0.0,0.186,0.0,67993.600,401549606.200,180963.600,0.0,0.0,5819.600,12367.200,1.600,0.0,0.400,5634789376.0,221863936.0,1.47397681152e+11,15525859328.0,0.0,0.0,0.0,67993.600,5815.800,12364.600,0.582,1.882,97.299,0.050,0.0,0.186,1493171867.149,
0.597,1.962,97.200,0.030,0.0,0.211,0.0,78643.200,390874263.600,163176.0,0.0,0.0,5914.0,11649.200,1.600,0.0,0.400,5633036288.0,221872128.0,1.47397844992e+11,15527440384.0,0.0,0.0,0.0,78643.200,5913.600,11649.600,0.597,1.962,97.200,0.030,0.0,0.211,1493171872.149,
0.472,2.121,97.271,0.030,0.0,0.106,0.0,63897.600,297501842.800,141983.0,0.0,0.0,4742.600,9570.400,1.800,0.0,0.0,5628383232.0,221884416.0,1.47397963776e+11,15531962368.0,0.0,0.0,0.0,63897.600,4748.400,9582.600,0.472,2.121,97.271,0.030,0.0,0.106,1493171877.149,
0.462,2.200,97.197,0.020,0.0,0.121,0.0,58982.400,279088913.600,104634.200,0.0,0.0,4583.200,9082.600,2.200,0.0,1.200,5624975360.0,221888512.0,1.47398090752e+11,15535239168.0,0.0,0.0,0.0,58982.400,4582.200,9075.200,0.462,2.195,97.203,0.020,0.0,0.121,1493171882.149,
0.341,2.223,97.265,0.025,0.0,0.146,0.0,67174.400,240449769.600,59819.200,0.0,0.0,4105.0,8888.600,1.0,0.0,0.0,5641228288.0,221908992.0,1.47398201344e+11,15518855168.0,0.0,0.0,0.0,67174.400,4103.400,8885.800,0.341,2.228,97.260,0.025,0.0,0.146,1493171887.149,
0.311,2.201,97.317,0.020,0.0,0.150,0.0,57344.0,247700455.200,57480.800,0.0,0.0,4162.400,8718.600,1.800,0.0,0.400,5637689344.0,221913088.0,1.47398295552e+11,15522295808.0,0.0,0.0,0.0,57344.0,4159.600,8716.600,0.311,2.201,97.317,0.020,0.0,0.150,1493171892.149,
0.331,2.221,97.308,0.015,0.0,0.125,0.0,61440.0,251993025.600,57144.400,0.0,0.0,4096.0,8845.200,1.800,0.0,0.0,5647998976.0,221925376.0,1.4739841024e+11,15511859200.0,0.0,0.0,0.0,61440.0,4096.400,8845.800,0.331,2.221,97.308,0.015,0.0,0.125,1493171897.149,
0.371,2.234,97.259,0.035,0.0,0.100,0.0,60620.800,254853814.600,75900.600,0.0,0.0,4353.800,9104.200,1.0,0.0,0.800,5631471616.0,221933568.0,1.47398529024e+11,15528259584.0,0.0,0.0,0.0,60620.800,4352.800,9103.200,0.376,2.233,97.255,0.035,0.0,0.100,1493171902.149,
0.386,2.228,97.210,0.035,0.0,0.141,0.0,67174.400,230087188.0,66794.0,0.0,0.0,4066.200,8582.0,1.600,0.0,0.0,5633933312.0,221954048.0,1.4739863552e+11,15525670912.0,0.0,0.0,0.0,67174.400,4069.600,8584.400,0.386,2.223,97.215,0.035,0.0,0.141,1493171907.149,
0.381,2.233,97.220,0.045,0.0,0.120,0.0,61440.0,227320604.600,62631.600,0.0,0.0,4464.800,8404.800,1.400,0.0,0.800,5634342912.0,221970432.0,1.4739873792e+11,15525142528.0,0.0,0.0,0.0,61440.0,4461.600,8402.800,0.381,2.238,97.215,0.045,0.0,0.120,1493171912.150,
0.426,2.147,97.256,0.040,0.0,0.130,0.0,63078.400,300417631.600,86338.400,0.0,0.0,4741.200,9674.400,0.800,0.0,0.0,5645869056.0,221978624.0,1.47398856704e+11,15513489408.0,0.0,0.0,0.0,63078.400,4741.400,9674.400,0.421,2.142,97.266,0.040,0.0,0.130,1493171917.149,
0.462,2.120,97.237,0.045,0.0,0.136,0.0,63897.600,283967614.600,100473.600,0.0,0.0,4739.800,8987.0,1.400,0.0,0.800,5640966144.0,221990912.0,1.47398971392e+11,15518265344.0,0.0,0.0,0.0,63897.600,4740.400,8987.200,0.462,2.125,97.232,0.045,0.0,0.136,1493171922.149,
0.417,2.154,97.269,0.045,0.0,0.115,0.0,59801.600,273629496.800,115513.200,0.0,0.0,4451.400,9440.200,1.0,0.0,0.0,5636788224.0,221999104.0,1.47399081984e+11,15522324480.0,0.0,0.0,0.0,59801.600,4452.200,9439.600,0.417,2.154,97.268,0.045,0.0,0.115,1493171927.149,
0.437,2.073,97.345,0.015,0.0,0.130,0.0,68812.800,303333212.0,110644.0,0.0,0.0,4754.0,10607.0,1.0,0.0,0.400,5637738496.0,222015488.0,1.47399204864e+11,15521234944.0,0.0,0.0,0.0,68812.800,4757.200,10607.400,0.437,2.068,97.345,0.015,0.0,0.135,1493171932.149,
0.571,1.840,97.353,0.010,0.0,0.226,0.0,64716.800,450087444.200,194006.800,0.0,0.0,6268.400,13427.0,2.200,0.0,0.400,5637292032.0,222023680.0,1.47399340032e+11,15521538048.0,0.0,0.0,0.0,64716.800,6268.400,13429.0,0.571,1.845,97.353,0.010,0.0,0.221,1493171937.149,
0.457,2.089,97.263,0.010,0.0,0.181,0.0,78643.200,290818363.600,112890.200,0.0,0.0,4877.0,9530.800,1.0,0.0,0.400,5635117056.0,222035968.0,1.47399479296e+11,15523561472.0,0.0,0.0,0.0,78643.200,4872.0,9528.400,0.457,2.089,97.263,0.010,0.0,0.181,1493171942.149,
0.497,2.048,97.280,0.010,0.0,0.166,0.0,64716.800,351333004.200,144136.400,0.0,0.0,5549.600,11045.0,1.200,0.0,0.400,5637316608.0,222052352.0,1.4739959808e+11,15521226752.0,0.0,0.0,0.0,64716.800,5552.0,11048.400,0.497,2.043,97.284,0.010,0.0,0.166,1493171947.149,
0.432,2.109,97.288,0.010,0.0,0.161,0.0,63078.400,278890450.800,108036.600,0.0,0.0,4965.0,9238.600,1.800,0.0,0.400,5632184320.0,222052352.0,1.47399729152e+11,15526227968.0,0.0,0.0,0.0,63078.400,4972.600,9281.800,0.432,2.114,97.284,0.010,0.0,0.161,1493171952.149,
0.537,1.924,97.328,0.025,0.0,0.186,0.0,67174.400,386218042.0,155949.0,0.0,0.0,6083.0,11436.800,1.0,0.0,0.800,5635293184.0,222060544.0,1.47399847936e+11,15522992128.0,0.0,0.0,0.0,67174.400,6078.0,11400.800,0.538,1.919,97.332,0.025,0.0,0.186,1493171957.149,
0.557,1.936,97.291,0.005,0.0,0.211,0.0,69632.0,425492972.800,155032.400,0.0,0.0,5979.400,12080.600,0.400,0.0,0.0,5639790592.0,222060544.0,1.4740000768e+11,15518334976.0,0.0,0.0,0.0,69632.0,5979.400,12076.400,0.557,1.936,97.291,0.005,0.0,0.211,1493171962.149,
0.622,1.882,97.230,0.035,0.0,0.231,0.0,71270.400,491945327.0,161749.400,0.0,0.0,6682.600,11645.200,1.0,0.0,0.400,5642121216.0,222076928.0,1.47400159232e+11,15515836416.0,0.0,0.0,0.0,71270.400,6682.0,11646.600,0.622,1.882,97.225,0.035,0.0,0.236,1493171967.149,
0.508,2.151,97.181,0.035,0.0,0.126,0.0,70451.200,314686089.600,111451.800,0.0,0.0,4906.400,9200.400,1.400,0.0,0.600,5645656064.0,222089216.0,1.47400318976e+11,15512129536.0,0.0,0.0,0.0,70451.200,4902.200,9193.200,0.508,2.156,97.181,0.035,0.0,0.121,1493171972.149,
0.346,2.278,97.221,0.020,0.0,0.135,0.0,70451.200,212791686.200,61588.600,0.0,0.0,4039.0,8635.0,1.0,0.0,0.400,5646049280.0,222097408.0,1.47400433664e+11,15511613440.0,0.0,0.0,0.0,70451.200,4039.0,8634.400,0.346,2.278,97.220,0.020,0.0,0.135,1493171977.149,
0.437,2.089,97.284,0.045,0.0,0.146,0.0,62259.200,288461662.0,130183.200,0.0,0.0,4993.200,9834.800,2.0,0.0,0.400,5636886528.0,222105600.0,1.4740054016e+11,15520661504.0,0.0,0.0,0.0,62259.200,4993.600,9848.600,0.442,2.084,97.284,0.045,0.0,0.146,1493171982.149,
0.537,1.933,97.334,0.020,0.0,0.176,0.0,67993.600,363423036.600,159356.600,0.0,0.0,5304.0,11569.0,1.200,0.0,0.400,5628514304.0,222105600.0,1.47400675328e+11,15528898560.0,0.0,0.0,0.0,67993.600,5307.0,11556.800,0.532,1.933,97.334,0.020,0.0,0.181,1493171987.149,
0.452,2.156,97.262,0.045,0.0,0.085,0.0,66355.200,265990169.600,113698.200,0.0,0.0,4508.200,9507.400,0.800,0.0,0.400,5639000064.0,222121984.0,1.47400802304e+11,15518269440.0,0.0,0.0,0.0,66355.200,4507.600,9506.200,0.452,2.161,97.261,0.045,0.0,0.080,1493171992.149,
0.437,2.063,97.285,0.035,0.0,0.181,0.0,62259.200,313484389.0,140046.800,0.0,0.0,5310.800,10538.600,1.0,0.0,0.400,5629571072.0,222121984.0,1.47400912896e+11,15527587840.0,0.0,0.0,0.0,62259.200,5312.600,10559.400,0.442,2.058,97.285,0.035,0.0,0.181,1493171997.149,
0.477,1.876,97.431,0.045,0.0,0.171,0.0,64716.800,365713875.800,153148.800,0.0,0.0,5329.800,12156.600,0.400,0.0,0.200,5628395520.0,222138368.0,1.47401043968e+11,15528615936.0,0.0,0.0,0.0,64716.800,5327.400,12140.800,0.472,1.881,97.432,0.045,0.0,0.171,1493172002.149,
0.573,1.667,97.524,0.040,0.0,0.196,0.0,65536.0,440243717.400,190491.0,0.0,0.0,6161.800,13388.800,1.200,0.200,0.0,5632495616.0,222150656.0,1.47401187328e+11,15524360192.0,0.0,0.0,0.0,65536.0,6159.400,13383.400,0.573,1.667,97.524,0.040,0.0,0.196,1493172007.149,
0.401,2.056,97.343,0.045,0.0,0.155,0.0,82739.200,293284309.0,95399.800,0.0,0.0,4624.600,10085.800,1.0,0.0,0.0,5636259840.0,222158848.0,1.47401342976e+11,15520432128.0,0.0,0.0,0.0,82739.200,4625.600,10086.400,0.401,2.051,97.348,0.045,0.0,0.155,1493172012.149,
0.426,2.016,97.357,0.040,0.0,0.160,0.0,61440.0,341632171.600,141864.200,0.0,0.0,5107.0,11951.800,1.200,0.0,0.800,5632393216.0,222167040.0,1.4740146176e+11,15524171776.0,0.0,0.0,0.0,61440.0,5109.800,11958.0,0.426,2.021,97.352,0.040,0.0,0.160,1493172017.149,
0.386,2.067,97.371,0.010,0.0,0.166,0.0,64716.800,298356187.400,112991.200,0.0,0.0,4808.600,10831.200,1.400,0.0,0.0,5632565248.0,222167040.0,1.47401596928e+11,15523864576.0,0.0,0.0,0.0,64716.800,4804.800,10824.400,0.386,2.067,97.372,0.010,0.0,0.166,1493172022.149,
0.457,2.170,97.252,0.030,0.0,0.090,0.0,62259.200,266901606.800,131857.800,0.0,0.0,4477.0,9126.800,1.200,0.0,0.0,5635059712.0,222179328.0,1.47401715712e+11,15521239040.0,0.0,0.0,0.0,62259.200,4478.0,9138.400,0.462,2.165,97.252,0.030,0.0,0.090,1493172027.149,
0.517,1.978,97.334,0.020,0.0,0.151,0.0,56524.800,345060118.600,156981.200,0.0,0.0,5104.200,11305.0,1.0,0.0,0.0,5631467520.0,222179328.0,1.47401826304e+11,15524720640.0,0.0,0.0,0.0,56524.800,5103.400,11293.800,0.512,1.983,97.334,0.020,0.0,0.151,1493172032.149,
0.502,1.932,97.320,0.040,0.0,0.206,0.0,67993.600,359924437.400,140244.200,0.0,0.0,5367.200,11633.800,1.400,0.0,0.400,5639524352.0,222195712.0,1.47401981952e+11,15516491776.0,0.0,0.0,0.0,67993.600,5367.800,11633.800,0.502,1.927,97.325,0.040,0.0,0.206,1493172037.149,
0.422,2.159,97.264,0.010,0.0,0.146,0.0,56524.800,278722125.800,97720.200,0.0,0.0,4727.800,9083.0,1.0,0.0,0.0,5637926912.0,222199808.0,1.47402092544e+11,15517974528.0,0.0,0.0,0.0,56524.800,4727.800,9088.0,0.422,2.164,97.259,0.010,0.0,0.146,1493172042.149,
0.411,2.080,97.343,0.015,0.0,0.150,0.0,67993.600,299902395.0,86754.600,0.0,0.0,4597.600,10236.0,1.0,0.0,0.400,5630623744.0,222208000.0,1.47402211328e+11,15525150720.0,0.0,0.0,0.0,67993.600,4601.800,10231.800,0.411,2.080,97.343,0.015,0.0,0.150,1493172047.149,
0.441,2.001,97.352,0.035,0.0,0.170,0.0,72908.800,350160392.0,127650.0,0.0,0.0,5228.600,11770.400,1.200,0.200,0.400,5640462336.0,222220288.0,1.47402350592e+11,15515160576.0,0.0,0.0,0.0,72908.800,5223.600,11769.200,0.441,2.001,97.352,0.035,0.0,0.170,1493172052.149,
0.497,1.892,97.396,0.045,0.0,0.171,0.0,72089.600,374646474.800,160156.200,0.0,0.0,5479.200,12240.600,1.600,0.200,0.0,5641306112.0,222220288.0,1.47402489856e+11,15514177536.0,0.0,0.0,0.0,72089.600,5480.0,12288.800,0.497,1.892,97.396,0.045,0.0,0.171,1493172057.149,
0.436,2.041,97.318,0.045,0.0,0.160,0.0,64716.800,339143817.0,116067.600,0.0,0.0,4983.200,11075.400,1.0,0.200,0.0,5641601024.0,222232576.0,1.47402620928e+11,15513739264.0,0.0,0.0,0.0,64716.800,4982.400,11027.200,0.436,2.041,97.318,0.045,0.0,0.160,1493172062.149,
0.487,1.931,97.387,0.040,0.0,0.155,0.0,62259.200,378222232.0,150367.0,0.0,0.0,5491.600,12188.600,1.200,0.0,0.0,5631238144.0,222236672.0,1.47402752e+11,15523966976.0,0.0,0.0,0.0,62259.200,5496.400,12196.200,0.487,1.926,97.392,0.040,0.0,0.155,1493172067.149,
0.351,2.137,97.317,0.045,0.0,0.150,0.0,58982.400,251217013.600,73070.0,0.0,0.0,4123.0,9000.400,1.400,0.0,0.400,5634596864.0,222253056.0,1.47402862592e+11,15520481280.0,0.0,0.0,0.0,58982.400,4122.600,9008.800,0.351,2.137,97.317,0.045,0.0,0.150,1493172072.149,
0.367,2.219,97.259,0.045,0.0,0.110,0.0,53248.0,222853314.800,66872.200,0.0,0.0,3853.400,8538.600,1.0,0.200,0.0,5636759552.0,222257152.0,1.474029568e+11,15518220288.0,0.0,0.0,0.0,53248.0,3849.200,8523.0,0.366,2.224,97.254,0.045,0.0,0.110,1493172077.149,
0.422,2.215,97.217,0.050,0.0,0.095,0.0,66355.200,255601210.0,81907.800,0.0,0.0,4519.600,8724.600,1.200,0.200,0.400,5630275584.0,222273536.0,1.47403067392e+11,15524577280.0,0.0,0.0,0.0,66355.200,4519.600,8724.600,0.422,2.215,97.217,0.050,0.0,0.095,1493172082.150,
0.472,2.160,97.202,0.025,0.0,0.141,0.0,59801.600,286524627.600,99937.600,0.0,0.0,4788.400,8837.800,2.400,0.200,0.0,5639942144.0,222281728.0,1.47403186176e+11,15514783744.0,0.0,0.0,0.0,59801.600,4793.600,8884.800,0.472,2.155,97.207,0.025,0.0,0.141,1493172087.149,
0.452,2.153,97.199,0.055,0.0,0.141,0.0,64716.800,273359410.0,77695.800,0.0,0.0,4461.800,8702.0,1.0,0.200,0.400,5635747840.0,222285824.0,1.47403309056e+11,15518851072.0,0.0,0.0,0.0,64716.800,4457.0,8655.0,0.452,2.153,97.200,0.055,0.0,0.141,1493172092.149,
0.361,2.233,97.235,0.050,0.0,0.120,0.0,58163.200,223701780.0,56711.0,0.0,0.0,3930.400,8644.800,1.400,0.200,0.0,5641166848.0,222306304.0,1.47403415552e+11,15513305088.0,0.0,0.0,0.0,58163.200,3930.400,8644.800,0.361,2.233,97.235,0.050,0.0,0.120,1493172097.149,
0.306,2.308,97.275,0.040,0.0,0.070,0.0,50790.400,182849008.200,46857.0,0.0,0.0,3502.600,7922.200,1.200,0.0,0.0,5649854464.0,222314496.0,1.47403497472e+11,15504527360.0,0.0,0.0,0.0,50790.400,3502.600,7922.200,0.311,2.308,97.270,0.040,0.0,0.070,1493172102.149,
0.331,2.384,96.813,0.396,0.0,0.075,0.0,7094272.0,175544932.0,44437.400,0.0,0.0,3473.800,8306.800,1.200,0.200,0.0,5640089600.0,222351360.0,1.47393052672e+11,15524700160.0,0.0,0.0,0.0,7094272.0,3476.600,8307.800,0.331,2.389,96.808,0.397,0.0,0.075,1493172107.149,
0.427,2.234,97.218,0.030,0.0,0.090,0.0,62259.200,248844095.200,72643.600,0.0,0.0,4205.600,8551.0,1.400,0.200,0.400,5627826176.0,222355456.0,1.47392815104e+11,15537197056.0,0.0,0.0,0.0,62259.200,4206.600,8550.800,0.422,2.234,97.223,0.030,0.0,0.090,1493172112.149,
0.533,2.116,97.191,0.050,0.0,0.111,0.0,101580.800,316490232.600,104455.0,0.0,0.0,4925.200,8838.600,1.800,0.200,0.400,5631406080.0,222375936.0,1.47392950272e+11,15533461504.0,0.0,0.0,0.0,101580.800,4926.800,8863.200,0.533,2.111,97.196,0.050,0.0,0.111,1493172117.149,
0.492,2.068,97.230,0.055,0.0,0.156,0.0,67174.400,345322083.800,103625.600,0.0,0.0,5090.400,9654.600,1.0,0.200,0.0,5633720320.0,222392320.0,1.47393077248e+11,15531003904.0,0.0,0.0,0.0,67174.400,5084.400,9628.800,0.492,2.073,97.225,0.055,0.0,0.156,1493172122.149,
0.472,2.017,97.301,0.030,0.0,0.181,0.0,69632.0,360974825.800,112354.400,0.0,0.0,5686.400,10519.200,1.200,0.200,0.400,5624606720.0,222404608.0,1.47393216512e+11,15539965952.0,0.0,0.0,0.0,69632.0,5690.0,10519.200,0.477,2.012,97.301,0.030,0.0,0.181,1493172127.149,
0.573,2.045,97.176,0.045,0.0,0.161,0.0,66355.200,363862997.0,138732.0,0.0,0.0,5701.600,9629.800,1.600,0.200,0.0,5628366848.0,222416896.0,1.4739335168e+11,15536058368.0,0.0,0.0,0.0,66355.200,5701.800,9650.200,0.568,2.050,97.176,0.045,0.0,0.161,1493172132.149,
0.552,2.104,97.113,0.045,0.0,0.186,0.0,60620.800,338228828.800,111888.200,0.0,0.0,5175.200,9341.0,1.200,0.200,0.0,5638692864.0,222416896.0,1.47393482752e+11,15525601280.0,0.0,0.0,0.0,60620.800,5172.0,9321.0,0.557,2.099,97.113,0.045,0.0,0.186,1493172137.149,
0.457,1.987,97.366,0.050,0.0,0.140,0.0,64716.800,378869811.0,128474.400,0.0,0.0,5476.200,11323.600,1.0,0.200,0.0,5636562944.0,222425088.0,1.4739361792e+11,15527587840.0,0.0,0.0,0.0,64716.800,5479.400,11326.600,0.452,1.987,97.371,0.050,0.0,0.141,1493172142.149,
0.456,2.006,97.357,0.030,0.0,0.150,0.0,60620.800,334691919.800,133787.800,0.0,0.0,5001.800,11177.800,1.200,0.200,0.600,5621121024.0,222429184.0,1.47393748992e+11,15542894592.0,0.0,0.0,0.0,60620.800,5002.0,11241.800,0.457,2.007,97.356,0.030,0.0,0.150,1493172147.149,
0.371,2.126,97.333,0.045,0.0,0.125,0.0,72908.800,271223614.800,94783.600,0.0,0.0,4317.0,10270.200,1.0,0.200,0.600,5632380928.0,222445568.0,1.47393875968e+11,15531491328.0,0.0,0.0,0.0,72908.800,4313.200,10202.800,0.371,2.125,97.333,0.045,0.0,0.125,1493172152.149,
0.371,2.121,97.383,0.015,0.0,0.110,0.0,63897.600,287208472.800,99827.600,0.0,0.0,4581.400,10760.400,1.200,0.200,0.0,5636677632.0,222461952.0,1.47393990656e+11,15527063552.0,0.0,0.0,0.0,63897.600,4581.200,10760.400,0.371,2.121,97.382,0.015,0.0,0.110,1493172157.149,
0.401,1.915,97.579,0.015,0.0,0.090,0.0,63078.400,313501577.200,128624.800,0.0,0.0,4744.400,11718.200,1.400,0.200,0.0,5627043840.0,222466048.0,1.47394101248e+11,15536582656.0,0.0,0.0,0.0,63078.400,4745.200,11746.600,0.401,1.915,97.579,0.015,0.0,0.090,1493172162.149,
