"Dstat 0.7.2 CSV output"
"Author:","Dag Wieers <dag@wieers.com>",,,,"URL:","http://dag.wieers.com/home-made/dstat/"
"Host:","client0.skyhook-1osds.skyhook-pg0.wisc.cloudlab.us",,,,"User:","jlefevre"
"Cmdline:","dstat -av --epoch --integer --noheaders --output 1osd.dstat-client0.log 5",,,,"Date:","25 Apr 2017 15:29:27 CDT"

"total cpu usage",,,,,,"dsk/total",,"net/total",,"paging",,"system",,"procs",,,"memory usage",,,,"paging",,"dsk/total",,"system",,"total cpu usage",,,,,,"epoch"
"usr","sys","idl","wai","hiq","siq","read","writ","recv","send","in","out","int","csw","run","blk","new","used","buff","cach","free","in","out","read","writ","int","csw","usr","sys","idl","wai","hiq","siq","epoch"
0.030,0.070,99.885,0.005,0.0,0.010,0.0,36864.0,40109.0,1329.0,0.0,0.0,465.800,6916.200,1.200,0.0,1.0,5476679680.0,229486592.0,1.47405549568e+11,15668477952.0,0.0,0.0,0.0,36864.0,468.200,6989.200,0.030,0.075,99.880,0.005,0.0,0.010,1493179772.149,
0.030,0.035,99.930,0.005,0.0,0.0,0.0,30310.400,40414.0,963.600,0.0,0.0,464.0,6892.800,0.400,0.0,0.0,5476671488.0,229502976.0,1.47405574144e+11,15668445184.0,0.0,0.0,0.0,30310.400,463.200,6855.400,0.030,0.030,99.935,0.005,0.0,0.0,1493179777.149,
3.244,2.031,94.414,0.020,0.0,0.291,0.0,60620.800,402289042.600,139950.400,0.0,0.0,7182.800,12019.800,2.200,0.0,5.0,5629194240.0,229515264.0,1.47405574144e+11,15515910144.0,0.0,0.0,0.0,60620.800,7182.200,11984.200,3.249,2.036,94.404,0.020,0.0,0.291,1493179782.149,
3.013,2.076,94.720,0.005,0.0,0.186,0.0,61440.0,359230014.800,95658.600,0.0,0.0,5705.400,9952.200,2.400,0.0,0.0,5645873152.0,229515264.0,1.47405717504e+11,15499087872.0,0.0,0.0,0.0,61440.0,5705.200,9952.400,3.009,2.071,94.730,0.005,0.0,0.186,1493179787.149,
2.575,2.133,95.106,0.015,0.0,0.171,0.0,58982.400,298942772.800,93967.400,0.0,0.0,5344.200,9352.600,2.400,0.0,0.400,5628649472.0,229527552.0,1.47405848576e+11,15516168192.0,0.0,0.0,0.0,58982.400,5346.0,9387.600,2.579,2.138,95.097,0.015,0.0,0.171,1493179792.149,
2.888,2.125,94.791,0.0,0.0,0.196,0.0,56524.800,320108098.200,94739.200,0.0,0.0,5884.200,8578.0,2.0,0.0,0.400,5629743104.0,229531648.0,1.47405975552e+11,15514943488.0,0.0,0.0,0.0,56524.800,5885.0,8544.400,2.883,2.120,94.801,0.0,0.0,0.196,1493179797.149,
2.716,2.058,94.895,0.035,0.0,0.296,0.0,59801.600,305854257.0,84085.200,0.0,0.0,5065.0,8498.400,3.0,0.0,0.200,5647433728.0,229543936.0,1.47406102528e+11,15497113600.0,0.0,0.0,0.0,59801.600,5062.600,8507.0,2.716,2.058,94.895,0.035,0.0,0.296,1493179802.150,
2.598,2.127,94.989,0.010,0.0,0.276,0.0,67174.400,291033436.800,104879.800,0.0,0.0,4973.400,9487.200,3.400,0.0,0.0,5628850176.0,229552128.0,1.47406229504e+11,15515561984.0,0.0,0.0,0.0,67174.400,4975.0,9524.400,2.603,2.132,94.979,0.010,0.0,0.276,1493179807.149,
3.076,2.009,94.610,0.020,0.0,0.286,0.0,78643.200,379847888.600,133217.400,0.0,0.0,6089.200,11670.200,3.0,0.0,0.0,5627228160.0,229560320.0,1.47406352384e+11,15517052928.0,0.0,0.0,0.0,78643.200,6090.800,11622.800,3.071,2.009,94.614,0.020,0.0,0.286,1493179812.149,
3.216,2.014,94.475,0.015,0.0,0.281,0.0,65536.0,391873853.800,124081.200,0.0,0.0,6132.0,11079.400,2.600,0.0,0.400,5625982976.0,229568512.0,1.47406491648e+11,15518150656.0,0.0,0.0,0.0,65536.0,6131.200,11086.400,3.225,2.008,94.471,0.015,0.0,0.280,1493179817.149,
2.586,2.079,95.139,0.005,0.0,0.191,0.0,53248.0,284605680.600,76289.400,0.0,0.0,4794.600,9167.600,2.0,0.0,0.0,5632045056.0,229572608.0,1.47406630912e+11,15511945216.0,0.0,0.0,0.0,53248.0,4795.200,9187.600,2.582,2.079,95.143,0.005,0.0,0.191,1493179822.149,
3.149,2.076,94.595,0.010,0.0,0.170,0.0,62259.200,361416756.800,94327.200,0.0,0.0,5807.600,10322.400,2.400,0.0,0.0,5630943232.0,229588992.0,1.47406733312e+11,15512928256.0,0.0,0.0,0.0,62259.200,5808.200,10295.400,3.149,2.081,94.590,0.010,0.0,0.170,1493179827.149,
2.765,2.082,94.947,0.010,0.0,0.196,0.0,57344.0,315102662.400,81681.600,0.0,0.0,5271.0,9451.800,2.600,0.0,0.400,5645066240.0,229588992.0,1.47406880768e+11,15498657792.0,0.0,0.0,0.0,57344.0,5268.600,9463.0,2.765,2.077,94.952,0.010,0.0,0.196,1493179832.149,
2.672,2.104,95.013,0.010,0.0,0.201,0.0,63897.600,291407095.600,85111.600,0.0,0.0,5184.600,9234.600,2.600,0.0,0.0,5642780672.0,229597184.0,1.47407007744e+11,15500808192.0,0.0,0.0,0.0,63897.600,5184.0,9238.200,2.671,2.109,95.009,0.010,0.0,0.201,1493179837.149,
3.096,2.118,94.605,0.010,0.0,0.171,0.0,63897.600,354958694.200,156110.800,0.0,0.0,6662.600,10383.200,2.600,0.0,0.0,5627940864.0,229601280.0,1.47407110144e+11,15515541504.0,0.0,0.0,0.0,63897.600,6661.0,10368.400,3.097,2.113,94.609,0.010,0.0,0.171,1493179842.149,
3.118,2.110,94.611,0.010,0.0,0.150,0.0,67993.600,363527766.200,100036.0,0.0,0.0,5667.600,9977.800,2.400,0.0,0.400,5636820992.0,229609472.0,1.47407249408e+11,15506513920.0,0.0,0.0,0.0,67993.600,5669.0,9977.800,3.117,2.110,94.612,0.010,0.0,0.150,1493179847.149,
2.513,2.152,95.090,0.015,0.0,0.231,0.0,59801.600,294851598.200,64607.0,0.0,0.0,4823.600,9029.200,2.200,0.0,0.0,5634813952.0,229617664.0,1.4740738048e+11,15508381696.0,0.0,0.0,0.0,59801.600,4824.0,9045.200,2.508,2.157,95.089,0.015,0.0,0.231,1493179852.149,
2.182,2.202,95.450,0.015,0.0,0.151,0.0,53248.0,240492168.0,48139.600,0.0,0.0,4141.0,8046.0,1.800,0.0,0.200,5645049856.0,229617664.0,1.47407511552e+11,15498014720.0,0.0,0.0,0.0,53248.0,4144.0,8030.0,2.187,2.197,95.450,0.015,0.0,0.151,1493179857.149,
2.117,2.268,95.419,0.050,0.0,0.146,0.0,55705.600,232939498.600,47243.200,0.0,0.0,4032.0,7903.0,1.800,0.0,0.0,5643399168.0,229625856.0,1.47407613952e+11,15499554816.0,0.0,0.0,0.0,55705.600,4029.600,7903.400,2.117,2.268,95.419,0.050,0.0,0.146,1493179862.149,
2.012,2.188,95.564,0.025,0.0,0.211,0.0,58163.200,228607456.600,36091.400,0.0,0.0,3990.800,8142.200,2.400,0.0,0.400,5639184384.0,229625856.0,1.47407716352e+11,15503667200.0,0.0,0.0,0.0,58163.200,3988.400,8163.600,2.012,2.193,95.559,0.025,0.0,0.211,1493179867.149,
1.921,2.192,95.657,0.010,0.0,0.221,0.0,55705.600,227599128.0,35062.0,0.0,0.0,3935.800,7861.800,2.400,0.0,0.400,5638737920.0,229634048.0,1.47407818752e+11,15504003072.0,0.0,0.0,0.0,55705.600,3936.600,7840.400,1.921,2.186,95.662,0.010,0.0,0.221,1493179872.149,
2.252,2.212,95.360,0.010,0.0,0.166,0.0,61440.0,251427624.800,43021.0,0.0,0.0,4314.800,8037.400,2.600,0.0,0.0,5638451200.0,229642240.0,1.47407921152e+11,15504179200.0,0.0,0.0,0.0,61440.0,4315.200,8037.200,2.252,2.217,95.355,0.010,0.0,0.166,1493179877.149,
3.420,2.066,94.264,0.020,0.0,0.231,0.0,75366.400,404575863.0,98385.400,0.0,0.0,6072.400,9904.600,3.800,0.0,0.200,5644840960.0,229642240.0,1.47408023552e+11,15497687040.0,0.0,0.0,0.0,75366.400,6072.800,9918.200,3.420,2.061,94.269,0.020,0.0,0.231,1493179882.149,
3.881,1.971,93.807,0.130,0.0,0.211,0.0,3672473.600,459906070.800,151171.800,0.0,0.0,6908.200,11740.600,2.200,0.200,0.400,5631774720.0,229658624.0,1.47394367488e+11,15524392960.0,0.0,0.0,0.0,3672473.600,6908.0,11727.400,3.881,1.976,93.802,0.130,0.0,0.211,1493179887.149,
2.745,2.098,94.886,0.020,0.0,0.251,0.0,61440.0,312639436.600,93630.0,0.0,0.0,5249.600,8840.0,2.800,0.0,0.200,5642903552.0,229666816.0,1.47394514944e+11,15513108480.0,0.0,0.0,0.0,61440.0,5249.200,8840.600,2.745,2.098,94.886,0.020,0.0,0.251,1493179892.149,
3.039,2.121,94.679,0.010,0.0,0.150,0.0,59801.600,360259836.400,101144.600,0.0,0.0,5779.400,10806.0,2.400,0.0,0.800,5635067904.0,229687296.0,1.47394646016e+11,15520792576.0,0.0,0.0,0.0,59801.600,5779.800,10818.800,3.039,2.116,94.684,0.010,0.0,0.150,1493179897.149,
2.641,2.074,95.045,0.040,0.0,0.201,0.0,56524.800,306337869.400,92917.200,0.0,0.0,5082.0,9574.800,2.400,0.0,0.0,5659910144.0,229687296.0,1.4739478528e+11,15495811072.0,0.0,0.0,0.0,56524.800,5080.400,9562.800,2.641,2.079,95.040,0.040,0.0,0.201,1493179902.149,
2.424,2.113,95.222,0.015,0.0,0.226,0.0,62259.200,282925620.400,62433.600,0.0,0.0,4769.400,8445.200,2.0,0.0,0.0,5651714048.0,229699584.0,1.47394904064e+11,15503876096.0,0.0,0.0,0.0,62259.200,4770.400,8448.400,2.424,2.108,95.227,0.015,0.0,0.226,1493179907.149,
3.241,1.972,94.592,0.030,0.0,0.166,0.0,62259.200,383130469.400,141307.200,0.0,0.0,5986.600,12487.0,3.0,0.0,0.0,5644288000.0,229699584.0,1.47395022848e+11,15511183360.0,0.0,0.0,0.0,62259.200,5989.800,12536.400,3.246,1.976,94.582,0.030,0.0,0.166,1493179912.149,
3.447,1.934,94.319,0.010,0.0,0.291,0.0,96665.600,412340763.600,137746.600,0.0,0.0,6722.800,12068.0,2.800,0.0,0.0,5638057984.0,229707776.0,1.47395162112e+11,15517265920.0,0.0,0.0,0.0,96665.600,6720.0,12013.400,3.437,1.929,94.334,0.010,0.0,0.291,1493179917.149,
3.188,2.050,94.512,0.010,0.0,0.241,0.0,63897.600,380375696.0,95664.0,0.0,0.0,6227.600,9958.600,3.200,0.0,0.400,5638721536.0,229715968.0,1.4739529728e+11,15516459008.0,0.0,0.0,0.0,63897.600,6227.0,9958.800,3.188,2.050,94.512,0.010,0.0,0.241,1493179922.149,
3.095,2.083,94.491,0.010,0.0,0.321,0.0,66355.200,367421947.200,84264.400,0.0,0.0,5923.200,9854.400,2.800,0.0,0.0,5632897024.0,229715968.0,1.47395452928e+11,15522127872.0,0.0,0.0,0.0,66355.200,5924.0,9868.400,3.095,2.088,94.487,0.010,0.0,0.320,1493179927.150,
2.198,2.223,95.379,0.015,0.0,0.186,0.0,56524.800,245890915.200,49663.200,0.0,0.0,4272.0,8204.600,2.0,0.0,0.400,5640146944.0,229724160.0,1.47395592192e+11,15514730496.0,0.0,0.0,0.0,56524.800,4273.200,8190.800,2.198,2.223,95.379,0.015,0.0,0.186,1493179932.149,
2.450,2.194,95.215,0.005,0.0,0.136,0.0,55705.600,268183466.0,72519.200,0.0,0.0,4589.400,8305.0,2.200,0.0,0.0,5634326528.0,229732352.0,1.4739570688e+11,15520428032.0,0.0,0.0,0.0,55705.600,4591.800,8326.200,2.455,2.194,95.210,0.005,0.0,0.136,1493179937.150,
2.736,2.119,94.919,0.040,0.0,0.186,0.0,58982.400,304077501.800,72521.800,0.0,0.0,5200.600,8804.400,3.0,0.0,0.0,5638569984.0,229740544.0,1.47395862528e+11,15516020736.0,0.0,0.0,0.0,58982.400,5197.0,8805.400,2.737,2.114,94.923,0.040,0.0,0.186,1493179942.150,
2.348,2.138,95.293,0.015,0.0,0.206,0.0,52428.800,269872409.0,62375.400,0.0,0.0,4647.400,8420.400,2.200,0.0,0.400,5632114688.0,229740544.0,1.47395928064e+11,15522410496.0,0.0,0.0,0.0,52428.800,4648.0,8399.400,2.349,2.138,95.293,0.015,0.0,0.206,1493179947.149,
3.259,2.066,94.485,0.030,0.0,0.160,0.0,72908.800,383311340.600,118207.0,0.0,0.0,6023.600,11261.0,1.400,0.0,0.0,5631270912.0,229752832.0,1.47396038656e+11,15523131392.0,0.0,0.0,0.0,72908.800,6027.0,11269.200,3.258,2.070,94.481,0.030,0.0,0.160,1493179952.149,
2.818,2.146,94.845,0.030,0.0,0.160,0.0,62259.200,339325153.200,97637.600,0.0,0.0,5509.800,10455.0,2.200,0.0,0.0,5628456960.0,229761024.0,1.47396173824e+11,15525801984.0,0.0,0.0,0.0,62259.200,5510.200,10507.0,2.818,2.141,94.850,0.030,0.0,0.160,1493179957.149,
3.425,1.971,94.369,0.020,0.0,0.216,0.0,63897.600,425519224.0,131101.800,0.0,0.0,6743.600,10831.600,2.400,0.0,0.400,5637574656.0,229765120.0,1.47396304896e+11,15516549120.0,0.0,0.0,0.0,63897.600,6739.0,10769.800,3.425,1.971,94.369,0.020,0.0,0.216,1493179962.149,
3.718,1.959,93.998,0.030,0.0,0.296,0.0,67174.400,449541219.600,139431.0,0.0,0.0,6670.800,11106.600,1.800,0.0,0.0,5641195520.0,229773312.0,1.47396460544e+11,15512764416.0,0.0,0.0,0.0,67174.400,6670.200,11109.200,3.718,1.959,93.997,0.030,0.0,0.296,1493179967.149,
3.226,2.067,94.361,0.025,0.0,0.321,0.0,65536.0,365574541.600,106737.200,0.0,0.0,5926.600,9507.600,2.800,0.0,0.400,5634445312.0,229773312.0,1.47396620288e+11,15519354880.0,0.0,0.0,0.0,65536.0,5927.600,9535.800,3.226,2.072,94.356,0.025,0.0,0.321,1493179972.149,
2.825,2.173,94.802,0.030,0.0,0.171,0.0,58163.200,315619386.400,88064.400,0.0,0.0,5233.600,9300.0,2.400,0.0,0.0,5646782464.0,229797888.0,1.47396759552e+11,15506853888.0,0.0,0.0,0.0,58163.200,5231.800,9269.400,2.820,2.173,94.806,0.030,0.0,0.171,1493179977.149,
3.103,1.987,94.470,0.010,0.0,0.430,0.0,68812.800,369649189.0,121974.400,0.0,0.0,5865.200,10900.400,2.200,0.0,0.0,5629456384.0,229806080.0,1.47396882432e+11,15524048896.0,0.0,0.0,0.0,68812.800,5866.0,10900.200,3.102,1.986,94.471,0.010,0.0,0.430,1493179982.149,
3.080,2.047,94.702,0.020,0.0,0.151,0.0,75366.400,351509536.400,135902.200,0.0,0.0,5677.800,11526.800,2.400,0.0,0.0,5631934464.0,229818368.0,1.47397029888e+11,15521411072.0,0.0,0.0,0.0,75366.400,5683.400,11554.200,3.085,2.047,94.697,0.020,0.0,0.151,1493179987.149,
2.782,2.156,94.851,0.010,0.0,0.201,0.0,59801.600,311051828.0,95380.400,0.0,0.0,5313.400,9621.600,2.200,0.0,0.400,5623349248.0,229818368.0,1.4739716096e+11,15529865216.0,0.0,0.0,0.0,59801.600,5312.600,9595.200,2.783,2.151,94.856,0.010,0.0,0.201,1493179992.149,
2.418,2.147,95.189,0.030,0.0,0.216,0.0,60620.800,264663765.600,46474.0,0.0,0.0,4457.800,8022.600,2.200,0.0,0.0,5632458752.0,229830656.0,1.47397287936e+11,15520616448.0,0.0,0.0,0.0,60620.800,4453.0,8021.600,2.418,2.152,95.184,0.030,0.0,0.216,1493179997.149,
2.570,2.189,95.030,0.035,0.0,0.176,0.0,54067.200,285024674.400,57315.0,0.0,0.0,4770.0,8574.800,3.0,0.0,0.400,5630959616.0,229834752.0,1.4739740672e+11,15521992704.0,0.0,0.0,0.0,54067.200,4771.200,8597.200,2.571,2.184,95.035,0.035,0.0,0.176,1493180002.149,
2.556,2.139,95.070,0.045,0.0,0.191,0.0,63078.400,280791303.200,55581.800,0.0,0.0,4925.600,8425.400,2.200,0.0,0.0,5634207744.0,229842944.0,1.473975296e+11,15518613504.0,0.0,0.0,0.0,63078.400,4925.0,8403.400,2.555,2.144,95.065,0.045,0.0,0.191,1493180007.149,
2.468,2.237,95.034,0.110,0.0,0.150,0.0,1259110.400,277207202.600,66481.800,0.0,0.0,4634.200,8419.200,1.800,0.0,0.0,5634633728.0,229847040.0,1.4739748864e+11,15518224384.0,0.0,0.0,0.0,1259110.400,4638.200,8418.800,2.468,2.232,95.039,0.110,0.0,0.150,1493180012.149,
2.933,2.166,94.695,0.045,0.0,0.160,0.0,61440.0,336224653.0,87104.800,0.0,0.0,5375.200,9466.400,2.800,0.0,0.400,5632356352.0,229855232.0,1.47397599232e+11,15520382976.0,0.0,0.0,0.0,61440.0,5374.200,9482.800,2.933,2.166,94.696,0.045,0.0,0.160,1493180017.149,
2.953,2.126,94.686,0.040,0.0,0.196,0.0,78643.200,349503167.400,107475.600,0.0,0.0,5460.400,10082.800,2.200,0.0,0.0,5626163200.0,229859328.0,1.47397722112e+11,15526449152.0,0.0,0.0,0.0,78643.200,5458.600,10070.400,2.948,2.131,94.685,0.040,0.0,0.196,1493180022.149,
2.978,2.095,94.666,0.045,0.0,0.216,0.0,60620.800,340169824.800,95017.400,0.0,0.0,5370.600,9536.600,2.200,0.0,0.200,5634899968.0,229875712.0,1.47397849088e+11,15517569024.0,0.0,0.0,0.0,60620.800,5371.0,9532.600,2.982,2.090,94.667,0.045,0.0,0.216,1493180027.149,
2.519,2.188,95.068,0.040,0.0,0.186,0.0,55705.600,280162853.800,55584.200,0.0,0.0,4617.800,8468.800,2.200,0.0,0.0,5636190208.0,229875712.0,1.47397984256e+11,15516143616.0,0.0,0.0,0.0,55705.600,4617.400,8474.200,2.514,2.193,95.067,0.040,0.0,0.186,1493180032.149,
3.219,2.129,94.167,0.050,0.0,0.435,0.0,67174.400,375145205.0,89694.800,0.0,0.0,5903.0,10080.800,2.400,0.0,0.400,5633142784.0,229892096.0,1.47398098944e+11,15519059968.0,0.0,0.0,0.0,67174.400,5901.600,10076.600,3.218,2.129,94.168,0.050,0.0,0.435,1493180037.149,
3.439,1.910,94.350,0.045,0.0,0.256,0.0,62259.200,401060230.800,124658.200,0.0,0.0,6274.400,11312.400,2.200,0.0,0.400,5630992384.0,229912576.0,1.47398234112e+11,15521054720.0,0.0,0.0,0.0,62259.200,6274.0,11311.200,3.439,1.910,94.350,0.045,0.0,0.256,1493180042.149,
2.943,2.045,94.178,0.050,0.0,0.783,0.0,60620.800,337207262.800,112797.0,0.0,0.0,5528.600,10118.600,2.600,0.0,0.0,5627551744.0,229924864.0,1.47398381568e+11,15524335616.0,0.0,0.0,0.0,60620.800,5532.0,10161.600,2.944,2.046,94.178,0.050,0.0,0.783,1493180047.149,
3.419,1.900,94.365,0.035,0.0,0.281,0.0,67174.400,406377727.0,126253.400,0.0,0.0,6318.200,11457.200,3.0,0.0,0.0,5632798720.0,229928960.0,1.47398516736e+11,15518949376.0,0.0,0.0,0.0,67174.400,6315.400,11414.200,3.419,1.900,94.365,0.035,0.0,0.281,1493180052.149,
2.549,2.112,95.088,0.060,0.0,0.191,0.0,75366.400,288582128.0,60814.400,0.0,0.0,4791.400,8369.800,2.400,0.0,0.0,5637545984.0,229949440.0,1.47398664192e+11,15514034176.0,0.0,0.0,0.0,75366.400,4790.400,8369.800,2.554,2.107,95.088,0.060,0.0,0.191,1493180057.149,
2.163,2.234,95.422,0.040,0.0,0.141,0.0,54886.400,239228429.800,48068.800,0.0,0.0,4175.0,8125.0,2.400,0.0,0.0,5636452352.0,229953536.0,1.47398782976e+11,15515004928.0,0.0,0.0,0.0,54886.400,4180.800,8155.200,2.163,2.238,95.418,0.040,0.0,0.141,1493180062.149,
2.459,2.193,95.128,0.035,0.0,0.186,0.0,60620.800,274068331.800,64483.600,0.0,0.0,4658.800,8564.800,2.400,0.0,0.400,5636050944.0,229961728.0,1.47398893568e+11,15515287552.0,0.0,0.0,0.0,60620.800,4655.800,8535.200,2.454,2.193,95.132,0.035,0.0,0.186,1493180067.149,
2.998,2.081,94.696,0.0,0.0,0.226,0.0,54067.200,345743753.400,98330.0,0.0,0.0,5444.0,9713.400,2.200,0.0,0.200,5652078592.0,229961728.0,1.47399000064e+11,15499153408.0,0.0,0.0,0.0,54067.200,5442.0,9713.600,3.003,2.080,94.691,0.0,0.0,0.226,1493180072.149,
2.980,1.986,94.773,0.025,0.0,0.236,0.0,68812.800,350431557.800,104170.800,0.0,0.0,5604.400,10116.800,3.0,0.0,0.400,5636255744.0,229969920.0,1.47399131136e+11,15514836992.0,0.0,0.0,0.0,68812.800,5604.600,10182.800,2.980,1.987,94.772,0.025,0.0,0.236,1493180077.149,
4.204,1.921,93.664,0.015,0.0,0.196,0.0,69632.0,500524399.400,144507.400,0.0,0.0,7343.200,12085.800,3.0,0.0,0.0,5626871808.0,229969920.0,1.47399262208e+11,15524089856.0,0.0,0.0,0.0,69632.0,7342.800,12022.200,4.204,1.916,93.669,0.015,0.0,0.196,1493180082.149,
4.348,2.017,93.310,0.005,0.0,0.320,0.0,71270.400,491469636.0,138508.0,0.0,0.0,7223.600,11597.800,2.800,0.0,0.0,5621854208.0,229978112.0,1.47399438336e+11,15528923136.0,0.0,0.0,0.0,71270.400,7228.800,11602.800,4.348,2.021,93.306,0.005,0.0,0.320,1493180087.149,
3.811,2.021,93.977,0.005,0.0,0.186,0.0,73728.0,427197028.400,123234.600,0.0,0.0,6634.600,11008.200,2.200,0.0,0.400,5625954304.0,229978112.0,1.47399610368e+11,15524651008.0,0.0,0.0,0.0,73728.0,6630.600,11002.400,3.812,2.021,93.976,0.005,0.0,0.186,1493180092.149,
2.470,2.179,95.156,0.015,0.0,0.181,0.0,55705.600,273178972.400,73959.0,0.0,0.0,4712.400,8597.400,2.400,0.0,0.0,5632446464.0,229986304.0,1.47399770112e+11,15517990912.0,0.0,0.0,0.0,55705.600,4711.0,8595.0,2.470,2.174,95.161,0.015,0.0,0.181,1493180097.149,
2.582,2.221,94.985,0.025,0.0,0.186,0.0,58163.200,286015194.600,78794.0,0.0,0.0,4820.200,8551.0,3.200,0.0,0.200,5632577536.0,229990400.0,1.47399872512e+11,15517753344.0,0.0,0.0,0.0,58163.200,4820.800,8551.600,2.582,2.221,94.985,0.025,0.0,0.186,1493180102.149,
2.797,2.166,94.811,0.025,0.0,0.201,0.0,60620.800,319420865.0,89538.0,0.0,0.0,5126.600,9111.200,3.200,0.0,0.400,5639856128.0,229998592.0,1.47399995392e+11,15510343680.0,0.0,0.0,0.0,60620.800,5127.400,9173.0,2.797,2.166,94.812,0.025,0.0,0.201,1493180107.149,
2.913,2.116,94.741,0.050,0.0,0.180,0.0,58163.200,332136850.800,88485.400,0.0,0.0,5363.0,9336.400,2.800,0.0,0.400,5632978944.0,229998592.0,1.4740011008e+11,15517106176.0,0.0,0.0,0.0,58163.200,5364.400,9274.0,2.908,2.116,94.745,0.050,0.0,0.181,1493180112.149,
2.888,2.146,94.751,0.045,0.0,0.170,0.0,58982.400,329132050.800,89782.200,0.0,0.0,5327.200,9282.200,2.200,0.0,0.0,5626580992.0,230010880.0,1.47400237056e+11,15523364864.0,0.0,0.0,0.0,58982.400,5324.400,9282.200,2.892,2.145,94.747,0.045,0.0,0.170,1493180117.149,
3.158,2.115,94.517,0.045,0.0,0.165,0.0,60620.800,372134880.600,95573.600,0.0,0.0,5816.400,10060.600,2.600,0.0,0.0,5628203008.0,230010880.0,1.47400368128e+11,15521611776.0,0.0,0.0,0.0,60620.800,5819.0,10095.600,3.154,2.116,94.520,0.045,0.0,0.165,1493180122.149,
3.395,2.021,94.419,0.030,0.0,0.135,0.0,73728.0,412172307.200,122521.0,0.0,0.0,6258.400,11289.800,2.600,0.0,0.0,5626527744.0,230019072.0,1.47400515584e+11,15523131392.0,0.0,0.0,0.0,73728.0,6255.0,11255.200,3.399,2.025,94.410,0.030,0.0,0.135,1493180127.149,
2.917,2.140,94.672,0.050,0.0,0.221,0.0,65536.0,337267064.600,92555.600,0.0,0.0,5516.200,9028.800,2.200,0.0,0.0,5631774720.0,230035456.0,1.47400646656e+11,15517736960.0,0.0,0.0,0.0,65536.0,5517.0,9028.400,2.917,2.135,94.678,0.050,0.0,0.221,1493180132.149,
3.425,2.001,94.398,0.035,0.0,0.140,0.0,59801.600,415447802.200,123140.0,0.0,0.0,6793.600,11216.400,2.0,0.0,0.400,5629472768.0,230047744.0,1.47400781824e+11,15519891456.0,0.0,0.0,0.0,59801.600,6798.0,11224.400,3.425,2.001,94.398,0.035,0.0,0.140,1493180137.149,
2.930,2.142,94.738,0.050,0.0,0.140,0.0,56524.800,347274878.800,104869.400,0.0,0.0,5503.400,9861.0,2.600,0.0,0.400,5627047936.0,230064128.0,1.47400921088e+11,15522160640.0,0.0,0.0,0.0,56524.800,5504.400,9853.400,2.925,2.147,94.738,0.050,0.0,0.140,1493180142.149,
2.478,2.147,95.159,0.035,0.0,0.181,0.0,59801.600,284017020.800,74787.200,0.0,0.0,4819.800,8715.600,2.400,0.0,0.0,5633941504.0,230064128.0,1.4740105216e+11,15515136000.0,0.0,0.0,0.0,59801.600,4815.400,8715.200,2.483,2.142,95.159,0.035,0.0,0.181,1493180147.149,
3.061,2.036,94.393,0.050,0.0,0.460,0.0,64716.800,356924486.600,93788.200,0.0,0.0,5718.400,10415.600,2.400,0.0,0.0,5632450560.0,230080512.0,1.4740115456e+11,15516508160.0,0.0,0.0,0.0,64716.800,5719.800,10474.0,3.056,2.041,94.393,0.050,0.0,0.460,1493180152.149,
2.913,2.096,94.721,0.045,0.0,0.226,0.0,65536.0,338787460.0,81809.400,0.0,0.0,5518.800,9859.800,2.200,0.0,0.0,5631627264.0,230080512.0,1.47401302016e+11,15517184000.0,0.0,0.0,0.0,65536.0,5518.800,9801.800,2.918,2.091,94.721,0.045,0.0,0.226,1493180157.150,
2.013,2.128,95.609,0.045,0.0,0.206,0.0,72908.800,235522383.200,42779.0,0.0,0.0,4123.600,7883.800,2.0,0.0,0.400,5635452928.0,230092800.0,1.47401433088e+11,15513214976.0,0.0,0.0,0.0,72908.800,4122.600,7883.400,2.012,2.133,95.604,0.045,0.0,0.206,1493180162.150,
2.168,2.153,95.447,0.030,0.0,0.201,0.0,52428.800,247789462.0,49412.0,0.0,0.0,4235.200,8439.0,2.200,0.0,0.0,5635076096.0,230092800.0,1.47401535488e+11,15513489408.0,0.0,0.0,0.0,52428.800,4236.600,8465.200,2.164,2.149,95.457,0.030,0.0,0.201,1493180167.149,
3.236,2.074,94.350,0.040,0.0,0.301,0.0,64716.800,381541415.400,93127.400,0.0,0.0,6062.600,10487.200,2.600,0.0,0.0,5636534272.0,230105088.0,1.47401629696e+11,15511924736.0,0.0,0.0,0.0,64716.800,6061.0,10461.400,3.236,2.079,94.345,0.040,0.0,0.301,1493180172.149,
3.292,2.074,94.333,0.025,0.0,0.276,0.0,58982.400,381714916.600,90738.0,0.0,0.0,6339.200,10025.600,2.200,0.0,0.400,5628686336.0,230121472.0,1.47401781248e+11,15519604736.0,0.0,0.0,0.0,58982.400,6338.200,10025.200,3.297,2.074,94.329,0.025,0.0,0.276,1493180177.149,
3.269,2.076,94.415,0.035,0.0,0.206,0.0,66355.200,380968087.800,88704.200,0.0,0.0,6096.800,10210.600,3.0,0.0,0.0,5632237568.0,230129664.0,1.47401916416e+11,15515910144.0,0.0,0.0,0.0,66355.200,6099.200,10253.800,3.269,2.071,94.420,0.035,0.0,0.206,1493180182.149,
3.155,2.087,94.573,0.020,0.0,0.166,0.0,62259.200,363453757.800,101538.600,0.0,0.0,5900.0,10549.200,2.600,0.0,0.400,5630439424.0,230137856.0,1.47402047488e+11,15517569024.0,0.0,0.0,0.0,62259.200,5897.800,10506.400,3.150,2.086,94.578,0.020,0.0,0.166,1493180187.149,
2.197,2.197,95.390,0.030,0.0,0.186,0.0,54886.400,258884619.0,59231.200,0.0,0.0,4586.400,8102.600,2.0,0.0,0.0,5626806272.0,230154240.0,1.47402174464e+11,15521058816.0,0.0,0.0,0.0,54886.400,4586.200,8102.200,2.202,2.197,95.385,0.030,0.0,0.186,1493180192.149,
2.449,2.123,95.192,0.020,0.0,0.216,0.0,62259.200,282692329.600,85822.200,0.0,0.0,4980.400,8998.200,2.200,0.0,0.0,5624020992.0,230154240.0,1.47402293248e+11,15523725312.0,0.0,0.0,0.0,62259.200,4986.400,9041.0,2.449,2.123,95.191,0.020,0.0,0.216,1493180197.149,
2.603,2.062,94.854,0.055,0.0,0.425,0.0,62259.200,305809767.0,82184.400,0.0,0.0,5095.400,9567.200,2.400,0.0,0.0,5637259264.0,230162432.0,1.47402412032e+11,15510360064.0,0.0,0.0,0.0,62259.200,5090.600,9526.800,2.603,2.067,94.850,0.055,0.0,0.425,1493180202.149,
2.247,2.152,95.350,0.040,0.0,0.211,0.0,61440.0,271818342.400,65585.400,0.0,0.0,4574.0,8666.400,2.0,0.0,0.0,5625901056.0,230170624.0,1.47402539008e+11,15521583104.0,0.0,0.0,0.0,61440.0,4583.800,8665.200,2.243,2.147,95.359,0.040,0.0,0.211,1493180207.149,
2.854,2.048,94.688,0.040,0.0,0.370,0.0,58982.400,341227919.0,100823.400,0.0,0.0,5584.800,10510.400,3.0,0.0,0.800,5633662976.0,230170624.0,1.47402653696e+11,15513706496.0,0.0,0.0,0.0,58982.400,5579.800,10543.0,2.854,2.053,94.683,0.040,0.0,0.370,1493180212.149,
3.218,2.047,94.340,0.045,0.0,0.350,0.0,65536.0,372843757.600,102927.0,0.0,0.0,5974.800,10678.600,2.0,0.0,0.0,5629923328.0,230178816.0,1.47402780672e+11,15517310976.0,0.0,0.0,0.0,65536.0,5974.200,10645.800,3.218,2.042,94.339,0.045,0.0,0.355,1493180217.149,
1.362,0.851,97.651,0.045,0.0,0.090,0.0,58163.200,146363556.200,37667.400,0.0,0.0,2809.200,8258.600,0.400,0.0,1.600,5475475456.0,230182912.0,1.4740291584e+11,15671619584.0,0.0,0.0,0.0,58163.200,2803.0,8257.600,1.362,0.851,97.656,0.045,0.0,0.085,1493180222.149,
