"Dstat 0.7.2 CSV output"
"Author:","Dag Wieers <dag@wieers.com>",,,,"URL:","http://dag.wieers.com/home-made/dstat/"
"Host:","client0.skyhook-1osds.skyhook-pg0.wisc.cloudlab.us",,,,"User:","jlefevre"
"Cmdline:","dstat -av --epoch --integer --noheaders --output 1osd.dstat-client0.log 5",,,,"Date:","25 Apr 2017 15:29:27 CDT"

"total cpu usage",,,,,,"dsk/total",,"net/total",,"paging",,"system",,"procs",,,"memory usage",,,,"paging",,"dsk/total",,"system",,"total cpu usage",,,,,,"epoch"
"usr","sys","idl","wai","hiq","siq","read","writ","recv","send","in","out","int","csw","run","blk","new","used","buff","cach","free","in","out","read","writ","int","csw","usr","sys","idl","wai","hiq","siq","epoch"
0.035,0.045,99.890,0.030,0.0,0.0,0.0,52428.800,43098.0,953.200,0.0,0.0,488.400,7132.0,0.0,0.0,0.0,5465092096.0,213680128.0,1.47410571264e+11,15690850304.0,0.0,0.0,0.0,52428.800,487.400,7122.800,0.035,0.040,99.895,0.030,0.0,0.0,1493168257.149,
0.085,0.045,99.840,0.020,0.0,0.010,0.0,18841.600,81182.200,56315.400,0.0,0.0,1090.600,8612.0,0.0,0.0,5.0,5464674304.0,213688320.0,1.47410571264e+11,15691259904.0,0.0,0.0,0.0,18841.600,1091.600,8614.800,0.085,0.045,99.840,0.020,0.0,0.010,1493168262.149,
0.346,0.205,99.404,0.040,0.0,0.005,0.0,95027.200,253225.600,245107.400,0.0,0.0,2911.800,14565.200,0.200,0.0,0.0,5466202112.0,213704704.0,1.47410890752e+11,15689396224.0,0.0,0.0,0.0,95027.200,2914.0,14584.800,0.346,0.205,99.404,0.040,0.0,0.005,1493168267.149,
0.266,0.166,99.493,0.055,0.0,0.020,0.0,100761.600,251348.800,243198.600,0.0,0.0,2911.400,14437.200,1.0,0.0,0.0,5466030080.0,213721088.0,1.4741121024e+11,15689232384.0,0.0,0.0,0.0,100761.600,2908.600,14414.800,0.266,0.166,99.493,0.055,0.0,0.020,1493168272.149,
0.276,0.180,99.489,0.035,0.0,0.020,0.0,95027.200,243193.0,232510.200,0.0,0.0,2856.0,14037.600,0.0,0.0,0.0,5466669056.0,213725184.0,1.47411533824e+11,15688265728.0,0.0,0.0,0.0,95027.200,2855.600,14037.600,0.276,0.180,99.489,0.035,0.0,0.020,1493168277.149,
0.316,0.190,99.424,0.055,0.0,0.015,0.0,114688.0,236450.200,222900.0,0.0,0.0,2675.800,14166.800,1.800,0.0,0.0,5466710016.0,213741568.0,1.47411857408e+11,15687884800.0,0.0,0.0,0.0,114688.0,2679.800,14218.400,0.316,0.195,99.419,0.055,0.0,0.015,1493168282.149,
0.150,0.110,99.689,0.040,0.0,0.010,0.0,103219.200,125406.400,74458.0,0.0,0.0,1319.0,9572.800,0.0,0.0,1.400,5464698880.0,213749760.0,1.47412189184e+11,15689555968.0,0.0,0.0,0.0,103219.200,1315.800,9521.800,0.150,0.105,99.694,0.040,0.0,0.010,1493168287.149,
