"Dstat 0.7.2 CSV output"
"Author:","Dag Wieers <dag@wieers.com>",,,,"URL:","http://dag.wieers.com/home-made/dstat/"
"Host:","client0.skyhook-1osds.skyhook-pg0.wisc.cloudlab.us",,,,"User:","jlefevre"
"Cmdline:","dstat -av --epoch --integer --noheaders --output 1osd.dstat-client0.log 5",,,,"Date:","25 Apr 2017 15:29:27 CDT"

"total cpu usage",,,,,,"dsk/total",,"net/total",,"paging",,"system",,"procs",,,"memory usage",,,,"paging",,"dsk/total",,"system",,"total cpu usage",,,,,,"epoch"
"usr","sys","idl","wai","hiq","siq","read","writ","recv","send","in","out","int","csw","run","blk","new","used","buff","cach","free","in","out","read","writ","int","csw","usr","sys","idl","wai","hiq","siq","epoch"
0.020,0.050,99.870,0.045,0.0,0.015,0.0,98304.0,52060.400,1804.200,0.0,0.0,480.600,7174.200,0.0,0.0,1.0,5478731776.0,230248448.0,1.47382837248e+11,15688376320.0,0.0,0.0,0.0,98304.0,480.600,7174.200,0.020,0.050,99.870,0.045,0.0,0.015,1493185167.149,
0.045,0.040,99.855,0.055,0.0,0.005,0.0,34406.400,40516.400,1465.400,0.0,0.0,448.0,7160.400,0.0,0.0,0.400,5479149568.0,230256640.0,1.47382857728e+11,15687929856.0,0.0,0.0,0.0,34406.400,448.0,7160.400,0.045,0.040,99.855,0.055,0.0,0.005,1493185172.149,
3.655,1.845,94.144,0.040,0.0,0.316,0.0,38502.400,412238811.0,181100.800,0.0,0.0,6782.200,13092.0,3.0,0.0,5.400,5679882240.0,230264832.0,1.47382902784e+11,15487143936.0,0.0,0.0,0.0,38502.400,6788.600,13093.0,3.660,1.845,94.140,0.040,0.0,0.316,1493185177.149,
3.764,1.952,93.912,0.020,0.0,0.351,0.0,71270.400,398168252.200,119963.600,0.0,0.0,6375.600,8730.200,2.200,0.0,0.0,5684158464.0,230277120.0,1.47383062528e+11,15482695680.0,0.0,0.0,0.0,71270.400,6375.400,8730.0,3.760,1.953,93.916,0.020,0.0,0.351,1493185182.149,
4.503,1.762,93.419,0.015,0.0,0.301,0.0,65536.0,513286947.600,239491.800,0.0,0.0,7455.200,13990.600,2.800,0.0,0.0,5686890496.0,230277120.0,1.47383201792e+11,15479824384.0,0.0,0.0,0.0,65536.0,7452.0,13991.600,4.512,1.762,93.410,0.015,0.0,0.301,1493185187.149,
6.239,1.518,91.856,0.035,0.0,0.352,0.0,73728.0,746259368.600,542139.0,0.0,0.0,10743.0,17642.0,3.600,0.0,0.0,5628022784.0,230289408.0,1.47383382016e+11,15538499584.0,0.0,0.0,0.0,73728.0,10742.600,17640.600,6.234,1.518,91.860,0.035,0.0,0.352,1493185192.149,
4.519,1.915,93.310,0.025,0.0,0.231,0.0,73728.0,515070281.0,238292.0,0.0,0.0,7778.200,12302.200,2.0,0.0,0.400,5641826304.0,230289408.0,1.47383586816e+11,15524491264.0,0.0,0.0,0.0,73728.0,7777.600,12307.600,4.524,1.920,93.299,0.025,0.0,0.231,1493185197.149,
4.180,1.872,93.642,0.055,0.0,0.251,0.0,80281.600,486046587.800,190309.400,0.0,0.0,7275.600,11974.200,2.0,0.0,0.200,5649674240.0,230297600.0,1.47383750656e+11,15516471296.0,0.0,0.0,0.0,80281.600,7274.400,11968.800,4.175,1.867,93.652,0.055,0.0,0.251,1493185202.149,
3.155,2.042,94.432,0.050,0.0,0.321,0.0,70451.200,349971760.800,84525.600,0.0,0.0,5755.800,8674.600,2.0,0.0,0.0,5644238848.0,230305792.0,1.47383906304e+11,15521742848.0,0.0,0.0,0.0,70451.200,5755.800,8674.200,3.155,2.042,94.432,0.050,0.0,0.321,1493185207.149,
4.408,1.837,93.383,0.045,0.0,0.326,0.0,61440.0,506056467.600,243142.400,0.0,0.0,8639.0,11246.200,3.0,0.0,0.400,5660639232.0,230309888.0,1.47384041472e+11,15505203200.0,0.0,0.0,0.0,61440.0,8641.800,11246.600,4.412,1.842,93.374,0.045,0.0,0.326,1493185212.149,
4.365,1.781,93.493,0.050,0.0,0.311,0.0,72908.800,509526183.200,222814.200,0.0,0.0,8012.600,12737.600,2.800,0.0,0.0,5664452608.0,230318080.0,1.473842176e+11,15501205504.0,0.0,0.0,0.0,72908.800,8015.800,12739.0,4.370,1.776,93.493,0.050,0.0,0.311,1493185217.149,
5.272,1.622,92.629,0.040,0.0,0.437,0.0,68812.800,605276095.600,318655.200,0.0,0.0,8998.400,13526.800,2.600,0.0,0.400,5637128192.0,230322176.0,1.4738438144e+11,15528361984.0,0.0,0.0,0.0,68812.800,8997.600,13532.600,5.257,1.627,92.639,0.040,0.0,0.437,1493185222.149,
6.704,1.296,91.519,0.050,0.0,0.432,0.0,71270.400,801018046.0,570758.600,0.0,0.0,11225.0,20013.600,3.200,0.0,0.0,5658603520.0,230330368.0,1.47384578048e+11,15506681856.0,0.0,0.0,0.0,71270.400,11222.400,20009.200,6.708,1.290,91.515,0.050,0.0,0.437,1493185227.149,
6.036,1.515,91.927,0.025,0.0,0.497,0.0,81920.0,686949519.400,398761.400,0.0,0.0,9826.800,16580.400,3.400,0.0,0.0,5662965760.0,230338560.0,1.47384795136e+11,15502094336.0,0.0,0.0,0.0,81920.0,9826.0,16580.0,6.037,1.515,91.931,0.025,0.0,0.492,1493185232.149,
4.986,1.650,92.812,0.045,0.0,0.507,0.0,89292.800,551408208.0,306690.0,0.0,0.0,8128.800,13985.200,4.0,0.0,0.0,5674164224.0,230346752.0,1.47384991744e+11,15490691072.0,0.0,0.0,0.0,89292.800,8130.200,13988.600,4.986,1.655,92.807,0.045,0.0,0.507,1493185237.149,
4.165,1.839,93.790,0.005,0.0,0.201,0.0,71270.400,490964086.600,288169.200,0.0,0.0,7402.200,13571.200,2.200,0.0,0.0,5656522752.0,230354944.0,1.47385171968e+11,15508144128.0,0.0,0.0,0.0,71270.400,7399.0,13565.400,4.160,1.834,93.801,0.005,0.0,0.201,1493185242.149,
5.384,1.523,92.942,0.0,0.0,0.151,0.0,64716.800,704383738.800,382705.800,0.0,0.0,9413.0,20899.800,3.0,0.0,0.800,5662109696.0,230354944.0,1.47385335808e+11,15502393344.0,0.0,0.0,0.0,64716.800,9413.600,20899.800,5.389,1.523,92.937,0.0,0.0,0.151,1493185247.149,
3.765,1.948,94.116,0.035,0.0,0.136,0.0,81100.800,435887159.800,203524.600,0.0,0.0,6538.800,13979.400,2.800,0.0,0.0,5646983168.0,230363136.0,1.473855488e+11,15517298688.0,0.0,0.0,0.0,81100.800,6537.200,13979.0,3.766,1.953,94.110,0.035,0.0,0.136,1493185252.149,
2.409,2.128,95.198,0.040,0.0,0.226,0.0,69632.0,279356682.400,91549.200,0.0,0.0,5204.600,9131.0,2.600,0.0,0.0,5660958720.0,230375424.0,1.4738571264e+11,15503147008.0,0.0,0.0,0.0,69632.0,5209.400,9131.800,2.408,2.122,95.204,0.040,0.0,0.226,1493185257.149,
3.747,1.889,94.108,0.015,0.0,0.241,0.0,60620.800,447850714.600,207764.800,0.0,0.0,7053.600,10985.600,2.600,0.0,0.200,5653479424.0,230391808.0,1.47385819136e+11,15510503424.0,0.0,0.0,0.0,60620.800,7051.400,10985.800,3.748,1.894,94.102,0.015,0.0,0.241,1493185262.149,
3.899,1.862,93.848,0.010,0.0,0.381,0.0,63897.600,452894140.800,209295.800,0.0,0.0,6870.400,11672.400,2.600,0.0,0.0,5664366592.0,230391808.0,1.47385970688e+11,15499464704.0,0.0,0.0,0.0,63897.600,6871.200,11671.400,3.899,1.862,93.848,0.010,0.0,0.381,1493185267.149,
3.791,1.943,93.935,0.025,0.0,0.306,0.0,81920.0,421538229.200,150303.800,0.0,0.0,6656.600,9811.600,2.400,0.0,0.400,5648142336.0,230400000.0,1.47386130432e+11,15515521024.0,0.0,0.0,0.0,81920.0,6657.400,9812.0,3.786,1.938,93.945,0.025,0.0,0.306,1493185272.149,
3.387,1.889,94.312,0.055,0.0,0.356,0.0,67174.400,391811628.800,155189.0,0.0,0.0,6015.400,12014.0,2.400,0.0,0.0,5659983872.0,230408192.0,1.47386277888e+11,15503523840.0,0.0,0.0,0.0,67174.400,6017.400,12013.600,3.387,1.894,94.308,0.055,0.0,0.356,1493185277.149,
3.489,1.895,94.245,0.070,0.0,0.301,819.200,113868.800,423886670.400,180699.400,0.0,0.0,6395.800,13649.200,3.200,0.0,2.400,5661347840.0,230412288.0,1.47386433536e+11,15502000128.0,0.0,0.0,819.200,113868.800,6396.200,13650.400,3.489,1.895,94.245,0.070,0.0,0.301,1493185282.149,
3.403,1.908,94.513,0.045,0.0,0.131,0.0,68812.800,389904979.800,194499.600,0.0,0.0,6094.0,14346.400,2.600,0.0,0.600,5659447296.0,230424576.0,1.47386589184e+11,15503732736.0,0.0,0.0,0.0,68812.800,6089.200,14345.600,3.403,1.907,94.514,0.045,0.0,0.131,1493185287.149,
2.954,2.047,94.633,0.040,0.0,0.326,0.0,67174.400,335544487.400,161015.0,0.0,0.0,5644.0,10067.200,1.600,0.0,0.0,5648887808.0,230428672.0,1.47386724352e+11,15514152960.0,0.0,0.0,0.0,67174.400,5644.200,10066.800,2.959,2.042,94.628,0.040,0.0,0.331,1493185292.149,
2.735,2.118,94.906,0.045,0.0,0.196,0.0,67174.400,301963729.600,124740.400,0.0,0.0,5181.0,10448.600,1.600,0.0,1.0,5668265984.0,230436864.0,1.47386851328e+11,15494639616.0,0.0,0.0,0.0,67174.400,5183.200,10450.800,2.730,2.118,94.916,0.045,0.0,0.191,1493185297.149,
3.635,1.888,94.136,0.040,0.0,0.301,0.0,61440.0,409943654.200,211988.0,0.0,0.0,9334.200,11740.800,2.200,0.0,0.0,5664722944.0,230436864.0,1.47386974208e+11,15498059776.0,0.0,0.0,0.0,61440.0,9332.800,11738.600,3.636,1.888,94.134,0.040,0.0,0.301,1493185302.149,
6.243,1.604,91.791,0.040,0.0,0.322,0.0,91750.400,677549525.0,318209.200,0.0,0.0,9879.400,14010.400,3.200,0.0,0.400,5664800768.0,230449152.0,1.47387129856e+11,15497814016.0,0.0,0.0,0.0,91750.400,9880.800,14013.400,6.246,1.603,91.789,0.040,0.0,0.322,1493185307.149,
2.937,2.060,94.703,0.035,0.0,0.266,0.0,78643.200,338985536.400,125033.800,0.0,0.0,5327.800,11040.0,1.800,0.0,0.400,5673213952.0,230461440.0,1.4738733056e+11,15489187840.0,0.0,0.0,0.0,78643.200,5323.600,11037.0,2.937,2.060,94.702,0.035,0.0,0.266,1493185312.149,
6.588,1.383,91.657,0.035,0.0,0.337,0.0,65536.0,790472521.400,505917.800,0.0,0.0,13279.600,18763.800,4.200,0.0,0.400,5669216256.0,230461440.0,1.47387478016e+11,15493038080.0,0.0,0.0,0.0,65536.0,13283.400,18766.0,6.584,1.383,91.661,0.035,0.0,0.337,1493185317.149,
6.651,1.392,91.505,0.050,0.0,0.402,0.0,87654.400,772889671.400,354327.0,0.0,0.0,12044.800,16407.200,3.600,0.0,0.800,5672988672.0,230473728.0,1.47387715584e+11,15489015808.0,0.0,0.0,0.0,87654.400,12045.600,16406.200,6.654,1.392,91.502,0.050,0.0,0.402,1493185322.149,
7.537,1.200,90.590,0.040,0.0,0.633,0.0,82739.200,851250399.0,505461.600,0.0,0.0,12988.800,16735.400,3.600,0.0,0.400,5691240448.0,230486016.0,1.4738792448e+11,15470542848.0,0.0,0.0,0.0,82739.200,12987.600,16736.0,7.542,1.205,90.580,0.040,0.0,0.633,1493185327.149,
7.546,1.238,90.814,0.050,0.0,0.352,0.0,86016.0,901742369.0,476772.0,0.0,0.0,12086.600,19423.800,3.400,0.0,0.0,5700493312.0,230494208.0,1.47388157952e+11,15461048320.0,0.0,0.0,0.0,86016.0,12089.600,19423.200,7.546,1.233,90.819,0.050,0.0,0.352,1493185332.149,
6.972,1.216,91.336,0.035,0.0,0.442,0.0,80281.600,820438609.0,409820.400,0.0,0.0,10935.400,20063.600,3.200,0.0,0.400,5687083008.0,230494208.0,1.47388383232e+11,15474233344.0,0.0,0.0,0.0,80281.600,10934.200,20074.200,6.963,1.221,91.339,0.035,0.0,0.442,1493185337.149,
7.649,1.253,90.645,0.055,0.0,0.398,0.0,99123.200,899071475.0,522769.600,0.0,0.0,12031.200,19684.800,4.0,0.0,0.0,5690372096.0,230502400.0,1.47388608512e+11,15470710784.0,0.0,0.0,0.0,99123.200,12030.400,19677.800,7.658,1.248,90.641,0.055,0.0,0.398,1493185342.149,
7.280,1.031,91.096,0.040,0.0,0.553,0.0,93388.800,963331393.200,696203.800,0.0,0.0,13230.600,23399.200,4.200,0.0,0.800,5694959616.0,230522880.0,1.47388858368e+11,15465852928.0,0.0,0.0,0.0,93388.800,13230.0,23394.600,7.271,1.031,91.105,0.040,0.0,0.553,1493185347.149,
7.362,1.244,90.966,0.030,0.0,0.398,0.0,80281.600,861365642.600,524919.600,0.0,0.0,12750.600,16135.200,2.800,0.0,0.800,5699403776.0,230522880.0,1.4738909184e+11,15461175296.0,0.0,0.0,0.0,80281.600,12752.200,16142.0,7.370,1.243,90.959,0.030,0.0,0.398,1493185352.149,
5.587,1.413,92.577,0.060,0.0,0.362,0.0,89292.800,695770808.800,380577.0,0.0,0.0,10101.400,15809.200,3.600,0.0,0.0,5682008064.0,230535168.0,1.47389329408e+11,15478321152.0,0.0,0.0,0.0,89292.800,10097.200,15804.400,5.582,1.418,92.577,0.060,0.0,0.362,1493185357.149,
6.238,1.484,91.997,0.0,0.0,0.282,0.0,72908.800,718353598.0,416609.800,0.0,0.0,10268.400,16917.0,3.0,0.0,0.400,5680345088.0,230535168.0,1.47389530112e+11,15479783424.0,0.0,0.0,0.0,72908.800,10271.200,16916.800,6.239,1.479,92.0,0.0,0.0,0.282,1493185362.149,
5.925,1.592,92.126,0.015,0.0,0.341,0.0,79462.400,694338664.400,294252.600,0.0,0.0,9423.600,16324.800,3.400,0.0,0.0,5668597760.0,230547456.0,1.47389734912e+11,15491313664.0,0.0,0.0,0.0,79462.400,9420.600,16322.800,5.925,1.597,92.122,0.015,0.0,0.341,1493185367.149,
5.563,1.680,92.310,0.025,0.0,0.421,0.0,76185.600,653659298.800,332848.800,0.0,0.0,9301.800,16131.0,3.200,0.0,0.400,5690318848.0,230555648.0,1.47389939712e+11,15469379584.0,0.0,0.0,0.0,76185.600,9302.200,16133.200,5.568,1.676,92.310,0.025,0.0,0.421,1493185372.149,
5.335,1.750,92.413,0.040,0.0,0.461,0.0,90931.200,633259414.600,288927.600,0.0,0.0,8543.600,15082.400,2.200,0.0,0.400,5668126720.0,230567936.0,1.47390148608e+11,15491350528.0,0.0,0.0,0.0,90931.200,8547.600,15082.600,5.330,1.755,92.414,0.040,0.0,0.461,1493185377.149,
6.055,1.597,91.801,0.020,0.0,0.527,0.0,73728.0,650258999.200,195051.0,0.0,0.0,9566.200,11766.0,3.200,0.0,0.400,5652934656.0,230576128.0,1.4739034112e+11,15506341888.0,0.0,0.0,0.0,73728.0,9564.600,11765.600,6.055,1.592,91.806,0.020,0.0,0.527,1493185382.149,
5.083,1.602,92.908,0.0,0.0,0.407,0.0,76185.600,592506604.600,277629.600,0.0,0.0,9828.200,13091.600,3.400,0.0,0.400,5652213760.0,230580224.0,1.47390529536e+11,15506870272.0,0.0,0.0,0.0,76185.600,9827.600,13094.400,5.080,1.603,92.911,0.0,0.0,0.407,1493185387.149,
6.382,1.623,91.638,0.050,0.0,0.307,0.0,75366.400,704222205.600,368899.600,0.0,0.0,10343.800,15331.0,3.400,0.0,0.400,5666725888.0,230588416.0,1.47390722048e+11,15492157440.0,0.0,0.0,0.0,75366.400,10346.800,15333.600,6.390,1.623,91.631,0.050,0.0,0.306,1493185392.149,
8.391,1.298,89.883,0.040,0.0,0.387,0.0,81100.800,942668085.600,476232.0,0.0,0.0,13282.800,20846.0,4.200,0.0,0.800,5672353792.0,230588416.0,1.47390918656e+11,15486332928.0,0.0,0.0,0.0,81100.800,13279.600,20844.0,8.383,1.298,89.891,0.040,0.0,0.387,1493185397.149,
6.381,1.443,91.809,0.0,0.0,0.367,0.0,85196.800,739534493.400,358076.800,0.0,0.0,10496.0,16317.200,3.0,0.0,0.0,5683126272.0,230604800.0,1.47391152128e+11,15475310592.0,0.0,0.0,0.0,85196.800,10496.800,16315.800,6.384,1.443,91.807,0.0,0.0,0.367,1493185402.149,
4.968,1.812,93.018,0.005,0.0,0.196,0.0,74547.200,553541477.0,325605.200,0.0,0.0,8526.800,12599.400,3.0,0.0,0.400,5671215104.0,230604800.0,1.4739134464e+11,15487029248.0,0.0,0.0,0.0,74547.200,8529.200,12597.600,4.973,1.812,93.013,0.005,0.0,0.196,1493185407.149,
5.204,1.807,92.697,0.015,0.0,0.277,0.0,93388.800,561656784.400,311373.800,0.0,0.0,8625.800,11316.0,3.200,0.0,0.400,5690564608.0,230617088.0,1.47391537152e+11,15467474944.0,0.0,0.0,0.0,93388.800,8621.0,11314.200,5.200,1.812,92.696,0.015,0.0,0.277,1493185412.149,
5.787,1.746,92.180,0.030,0.0,0.257,0.0,73728.0,608951647.0,367082.400,0.0,0.0,9699.400,12119.600,2.800,0.0,0.400,5697449984.0,230637568.0,1.47391717376e+11,15460388864.0,0.0,0.0,0.0,73728.0,9701.0,12119.200,5.783,1.742,92.188,0.030,0.0,0.257,1493185417.149,
2.408,0.697,96.725,0.0,0.0,0.171,0.0,76185.600,285834313.0,145838.600,0.0,0.0,4470.800,9733.800,1.0,0.0,1.800,5490556928.0,230637568.0,1.47391913984e+11,15667085312.0,0.0,0.0,0.0,76185.600,4468.0,9733.800,2.407,0.702,96.720,0.0,0.0,0.171,1493185422.149,
