"Dstat 0.7.2 CSV output"
"Author:","Dag Wieers <dag@wieers.com>",,,,"URL:","http://dag.wieers.com/home-made/dstat/"
"Host:","osd0.skyhook-1osds.skyhook-pg0.wisc.cloudlab.us",,,,"User:","jlefevre"
"Cmdline:","dstat -av --epoch --integer --noheaders --output 1osd.dstat-osd0.log 5",,,,"Date:","25 Apr 2017 15:29:30 CDT"

"total cpu usage",,,,,,"dsk/total",,"net/total",,"paging",,"system",,"procs",,,"memory usage",,,,"paging",,"dsk/total",,"system",,"total cpu usage",,,,,,"epoch"
"usr","sys","idl","wai","hiq","siq","read","writ","recv","send","in","out","int","csw","run","blk","new","used","buff","cach","free","in","out","read","writ","int","csw","usr","sys","idl","wai","hiq","siq","epoch"
0.010,0.015,99.975,0.0,0.0,0.0,0.0,2457.600,2059.200,40705.0,0.0,0.0,135.200,152.800,0.0,0.0,0.400,5883527168.0,1818624.0,1.40893323264e+11,22001524736.0,0.0,0.0,0.0,2457.600,135.200,152.800,0.005,0.015,99.980,0.0,0.0,0.0,1493164270.821,
1.776,2.857,94.571,0.766,0.0,0.030,50111283.200,7372.800,131964.400,111628976.400,0.0,0.0,4168.200,2702.600,2.0,0.0,0.0,5919428608.0,1835008.0,1.4114387968e+11,21715050496.0,0.0,0.0,50111283.200,7372.800,4173.600,2709.200,1.777,2.858,94.569,0.766,0.0,0.030,1493164275.821,
7.335,11.038,81.561,0.0,0.0,0.065,0.0,0.0,559898.0,433193975.600,0.0,0.0,15757.600,7269.600,7.600,0.0,0.0,5920350208.0,1835008.0,1.41143875584e+11,21714132992.0,0.0,0.0,0.0,0.0,15758.800,7263.200,7.334,11.036,81.565,0.0,0.0,0.065,1493164280.820,
7.108,10.709,82.098,0.010,0.0,0.075,0.0,7372.800,510597.600,439694457.800,0.0,0.0,15545.0,7306.400,7.0,0.0,0.0,5941997568.0,1851392.0,1.41143875584e+11,21692469248.0,0.0,0.0,0.0,7372.800,15538.200,7306.200,7.109,10.711,82.095,0.010,0.0,0.075,1493164285.820,
7.017,10.856,82.057,0.0,0.0,0.070,0.0,0.0,609867.200,434685188.0,0.0,0.0,16486.600,7079.600,7.600,0.0,0.0,5937913856.0,1851392.0,1.41143875584e+11,21696552960.0,0.0,0.0,0.0,0.0,16487.0,7079.600,7.018,10.857,82.055,0.0,0.0,0.070,1493164290.820,
7.202,11.052,81.676,0.005,0.0,0.065,0.0,3276.800,609705.0,410354905.800,0.0,0.0,16515.400,6811.600,7.800,0.0,0.0,5958512640.0,1859584.0,1.41143875584e+11,21675945984.0,0.0,0.0,0.0,3276.800,16518.400,6816.400,7.202,11.051,81.677,0.005,0.0,0.065,1493164295.820,
6.871,11.542,81.471,0.015,0.0,0.100,1925120.0,70451.200,626776.400,406337401.600,0.0,67993.600,16052.600,6788.400,8.800,0.0,0.400,5973446656.0,1867776.0,1.41143826432e+11,21661052928.0,0.0,67993.600,1925120.0,70451.200,16051.400,6785.200,6.870,11.541,81.473,0.015,0.0,0.100,1493164300.820,
5.629,12.735,81.441,0.005,0.0,0.190,0.0,7372.800,829689.0,577089633.0,0.0,0.0,22503.800,9408.200,8.200,0.200,0.0,5980950528.0,1875968.0,1.41143822336e+11,21653544960.0,0.0,0.0,0.0,7372.800,22512.0,9408.600,5.630,12.735,81.435,0.010,0.0,0.190,1493164305.820,
1.240,2.820,95.890,0.010,0.0,0.040,0.0,5734.400,154923.200,135295007.800,0.0,0.0,4346.200,2285.400,1.200,0.0,0.0,5897134080.0,1884160.0,1.41143826432e+11,21737349120.0,0.0,0.0,0.0,5734.400,4336.0,2283.400,1.244,2.819,95.892,0.005,0.0,0.040,1493164310.821,
