"Dstat 0.7.2 CSV output"
"Author:","Dag Wieers <dag@wieers.com>",,,,"URL:","http://dag.wieers.com/home-made/dstat/"
"Host:","client0.skyhook-1osds.skyhook-pg0.wisc.cloudlab.us",,,,"User:","jlefevre"
"Cmdline:","dstat -av --epoch --integer --noheaders --output 1osd.dstat-client0.log 5",,,,"Date:","25 Apr 2017 15:29:27 CDT"

"total cpu usage",,,,,,"dsk/total",,"net/total",,"paging",,"system",,"procs",,,"memory usage",,,,"paging",,"dsk/total",,"system",,"total cpu usage",,,,,,"epoch"
"usr","sys","idl","wai","hiq","siq","read","writ","recv","send","in","out","int","csw","run","blk","new","used","buff","cach","free","in","out","read","writ","int","csw","usr","sys","idl","wai","hiq","siq","epoch"
0.040,0.045,99.850,0.060,0.0,0.005,0.0,79462.400,53823.400,2825.600,0.0,0.0,885.600,6998.400,0.0,0.0,1.400,5512286208.0,189177856.0,1.47399196672e+11,15679533056.0,0.0,0.0,0.0,79462.400,884.0,6994.400,0.040,0.050,99.845,0.060,0.0,0.005,1493159377.149,
0.025,0.030,99.910,0.030,0.0,0.005,0.0,21299.200,40730.600,1114.0,0.0,0.0,1144.600,6936.400,0.0,0.0,0.0,5512134656.0,189194240.0,1.47399204864e+11,15679660032.0,0.0,0.0,0.0,21299.200,1145.800,6937.200,0.025,0.030,99.910,0.030,0.0,0.005,1493159382.149,
0.507,1.902,97.336,0.0,0.0,0.256,0.0,21299.200,410499992.200,129231.200,0.0,0.0,6414.0,10367.600,1.400,0.0,5.400,5664534528.0,189194240.0,1.47399204864e+11,15527260160.0,0.0,0.0,0.0,21299.200,6414.0,10365.400,0.507,1.897,97.341,0.0,0.0,0.256,1493159387.149,
0.381,2.113,97.295,0.015,0.0,0.196,0.0,81920.0,308775721.400,82183.800,0.0,0.0,5026.400,9363.400,1.0,0.0,0.0,5663334400.0,189218816.0,1.47399364608e+11,15528275968.0,0.0,0.0,0.0,81920.0,5027.200,9363.200,0.381,2.118,97.290,0.015,0.0,0.196,1493159392.149,
0.392,2.124,97.299,0.010,0.0,0.176,0.0,67993.600,338649103.200,100641.0,0.0,0.0,5408.600,9886.0,1.0,0.0,0.800,5651914752.0,189235200.0,1.47399487488e+11,15539556352.0,0.0,0.0,0.0,67993.600,5407.600,9888.200,0.392,2.124,97.299,0.010,0.0,0.176,1493159397.149,
0.437,1.933,97.395,0.035,0.0,0.201,0.0,71270.400,414066133.0,158785.800,0.0,0.0,6285.200,12425.600,1.400,0.0,0.200,5659463680.0,189255680.0,1.4739961856e+11,15531855872.0,0.0,0.0,0.0,71270.400,6288.0,12432.200,0.442,1.933,97.390,0.035,0.0,0.201,1493159402.149,
0.447,2.048,97.178,0.025,0.0,0.301,0.0,73728.0,339439809.0,78994.600,0.0,0.0,5358.400,8949.200,1.200,0.0,0.400,5655769088.0,189276160.0,1.47399770112e+11,15535378432.0,0.0,0.0,0.0,73728.0,5355.400,8942.0,0.442,2.049,97.183,0.025,0.0,0.301,1493159407.149,
0.492,2.012,97.235,0.0,0.0,0.261,0.0,58163.200,386242899.400,112836.800,0.0,0.0,5926.200,10173.400,1.0,0.0,0.0,5653110784.0,189292544.0,1.47399901184e+11,15537889280.0,0.0,0.0,0.0,58163.200,5926.400,10171.400,0.492,2.007,97.240,0.0,0.0,0.261,1493159412.149,
0.492,1.912,97.376,0.020,0.0,0.201,0.0,68812.800,499053786.600,176634.0,0.0,0.0,6804.0,12739.0,1.0,0.0,0.400,5651693568.0,189313024.0,1.47400040448e+11,15539146752.0,0.0,0.0,0.0,68812.800,6809.200,12751.800,0.497,1.917,97.366,0.020,0.0,0.201,1493159417.149,
0.547,1.891,97.291,0.035,0.0,0.236,0.0,75366.400,512424360.200,163099.200,0.0,0.0,7051.800,12238.800,1.200,0.0,0.0,5659594752.0,189333504.0,1.47400200192e+11,15531065344.0,0.0,0.0,0.0,75366.400,7045.800,12225.400,0.547,1.891,97.291,0.035,0.0,0.236,1493159422.149,
0.588,2.041,97.190,0.050,0.0,0.131,0.0,78643.200,473944781.400,235892.600,0.0,0.0,7448.800,11767.600,1.200,0.0,0.400,5652729856.0,189345792.0,1.47400364032e+11,15537754112.0,0.0,0.0,0.0,78643.200,7458.0,11774.0,0.588,2.041,97.190,0.050,0.0,0.131,1493159427.149,
0.644,2.052,97.159,0.010,0.0,0.136,0.0,74547.200,478425160.800,228332.0,0.0,0.0,6998.200,10799.600,1.800,0.0,0.400,5658558464.0,189362176.0,1.4740051968e+11,15531753472.0,0.0,0.0,0.0,74547.200,6995.800,10800.600,0.639,2.047,97.168,0.010,0.0,0.136,1493159432.149,
0.533,2.051,97.240,0.015,0.0,0.161,0.0,77004.800,413821832.0,179759.200,0.0,0.0,6245.800,10482.800,1.200,0.0,0.0,5657632768.0,189382656.0,1.4740068352e+11,15532494848.0,0.0,0.0,0.0,77004.800,6245.0,10493.400,0.533,2.056,97.230,0.015,0.0,0.166,1493159437.149,
0.421,2.042,97.231,0.166,0.0,0.140,0.0,2274918.400,387344869.400,139486.600,0.0,0.0,5902.200,11847.800,1.400,0.0,0.0,5658865664.0,189407232.0,1.47400691712e+11,15531229184.0,0.0,0.0,0.0,2274918.400,5897.800,11830.600,0.421,2.042,97.236,0.166,0.0,0.135,1493159442.149,
0.461,1.896,97.392,0.040,0.0,0.211,0.0,73728.0,483360222.0,171437.200,0.0,0.0,6728.0,12831.400,1.0,0.0,0.0,5645045760.0,189423616.0,1.47400835072e+11,15544889344.0,0.0,0.0,0.0,73728.0,6732.200,12839.0,0.462,1.891,97.396,0.040,0.0,0.211,1493159447.149,
0.743,1.682,97.198,0.035,0.0,0.341,0.0,66355.200,744455272.600,253043.800,0.0,0.0,9396.200,14387.800,1.600,0.0,0.0,5658484736.0,189423616.0,1.47401007104e+11,15531278336.0,0.0,0.0,0.0,66355.200,9391.200,14380.800,0.743,1.682,97.198,0.035,0.0,0.341,1493159452.149,
0.537,1.908,97.284,0.035,0.0,0.236,0.0,101580.800,572283944.0,189218.800,0.0,0.0,7734.400,12778.200,1.0,0.0,0.0,5646393344.0,189440000.0,1.47401207808e+11,15543152640.0,0.0,0.0,0.0,101580.800,7734.200,12777.400,0.537,1.908,97.284,0.035,0.0,0.236,1493159457.149,
0.955,1.478,97.134,0.035,0.0,0.397,0.0,75366.400,826947038.800,305837.0,0.0,0.0,11139.600,14835.0,1.400,0.0,0.400,5671387136.0,189456384.0,1.47401392128e+11,15517958144.0,0.0,0.0,0.0,75366.400,11145.0,14843.600,0.960,1.478,97.129,0.035,0.0,0.397,1493159462.149,
0.955,1.307,97.185,0.045,0.0,0.508,0.0,94208.0,871653857.200,307504.200,0.0,0.0,11168.600,15042.800,1.0,0.0,0.0,5686964224.0,189476864.0,1.47401617408e+11,15502135296.0,0.0,0.0,0.0,94208.0,11167.800,15040.800,0.955,1.307,97.185,0.045,0.0,0.508,1493159467.150,
0.492,1.781,97.346,0.030,0.0,0.351,0.0,86835.200,459192656.200,183003.400,0.0,0.0,7000.800,13048.0,1.400,0.0,0.0,5694787584.0,189493248.0,1.47401838592e+11,15494074368.0,0.0,0.0,0.0,86835.200,7001.200,13044.0,0.492,1.786,97.341,0.030,0.0,0.351,1493159472.149,
0.648,1.638,97.322,0.020,0.0,0.372,0.0,59801.600,570607244.0,264378.0,0.0,0.0,7937.0,13344.0,0.800,0.0,0.0,5672886272.0,189501440.0,1.4740199424e+11,15515811840.0,0.0,0.0,0.0,59801.600,7939.200,13351.200,0.643,1.633,97.332,0.020,0.0,0.372,1493159477.149,
0.915,1.282,97.251,0.015,0.0,0.538,0.0,78643.200,776976243.0,371490.400,0.0,0.0,10449.800,16205.400,1.200,0.0,0.0,5690544128.0,189513728.0,1.4740217856e+11,15497957376.0,0.0,0.0,0.0,78643.200,10446.600,16198.0,0.920,1.287,97.241,0.015,0.0,0.538,1493159482.149,
1.036,1.102,97.535,0.025,0.0,0.302,0.0,70451.200,968623544.800,496248.200,0.0,0.0,11907.0,23916.800,1.0,0.0,0.0,5682114560.0,189542400.0,1.47402375168e+11,15506161664.0,0.0,0.0,0.0,70451.200,11908.600,23927.600,1.031,1.102,97.539,0.025,0.0,0.302,1493159487.149,
0.915,1.563,97.084,0.025,0.0,0.412,0.0,81100.800,780675329.400,304774.600,0.0,0.0,9977.600,14120.600,1.0,0.0,0.0,5686956032.0,189562880.0,1.47402616832e+11,15501058048.0,0.0,0.0,0.0,81100.800,9977.0,14112.0,0.915,1.558,97.089,0.025,0.0,0.412,1493159492.149,
1.016,1.373,97.159,0.015,0.0,0.437,0.0,76185.600,835402682.800,298194.0,0.0,0.0,10870.800,13885.800,1.200,0.0,0.0,5664026624.0,189587456.0,1.47402825728e+11,15523753984.0,0.0,0.0,0.0,76185.600,10868.600,13894.800,1.016,1.373,97.159,0.015,0.0,0.437,1493159497.149,
1.057,1.440,97.110,0.030,0.0,0.362,0.0,78643.200,895093878.800,374776.400,0.0,0.0,11620.200,14973.800,1.0,0.0,0.400,5701820416.0,189612032.0,1.47403042816e+11,15485718528.0,0.0,0.0,0.0,78643.200,11622.400,14967.800,1.057,1.445,97.105,0.030,0.0,0.362,1493159502.149,
1.088,1.441,97.153,0.040,0.0,0.277,0.0,84377.600,894958214.400,443957.600,0.0,0.0,11408.400,15101.0,1.200,0.0,0.0,5684776960.0,189624320.0,1.47403264e+11,15502528512.0,0.0,0.0,0.0,84377.600,11408.200,15096.800,1.088,1.436,97.158,0.040,0.0,0.277,1493159507.149,
1.056,1.392,96.984,0.065,0.0,0.503,0.0,91750.400,888635033.0,303026.800,0.0,0.0,11197.600,14407.600,1.400,0.0,0.200,5678706688.0,189636608.0,1.47403501568e+11,15508348928.0,0.0,0.0,0.0,91750.400,11196.800,14404.800,1.060,1.392,96.979,0.065,0.0,0.503,1493159512.149,
0.997,1.455,97.070,0.065,0.0,0.413,0.0,87654.400,857374152.800,292928.400,0.0,0.0,10946.200,13771.600,1.600,0.0,0.200,5692866560.0,189652992.0,1.47403739136e+11,15493935104.0,0.0,0.0,0.0,87654.400,10947.400,13777.800,0.992,1.455,97.075,0.065,0.0,0.413,1493159517.149,
0.618,1.858,97.173,0.030,0.0,0.321,0.0,87654.400,525163566.200,180497.600,0.0,0.0,7272.600,11129.0,1.0,0.0,0.200,5711466496.0,189661184.0,1.47403968512e+11,15475097600.0,0.0,0.0,0.0,87654.400,7268.800,11125.400,0.618,1.863,97.168,0.030,0.0,0.321,1493159522.149,
0.326,2.213,97.246,0.060,0.0,0.156,0.0,76185.600,251965515.600,60968.200,0.0,0.0,4404.400,8925.200,1.400,0.0,0.200,5713162240.0,189677568.0,1.47404128256e+11,15473225728.0,0.0,0.0,0.0,76185.600,4402.600,8922.0,0.326,2.212,97.246,0.060,0.0,0.156,1493159527.149,
0.522,1.946,97.221,0.085,0.0,0.226,0.0,65536.0,483897353.600,157990.400,0.0,0.0,6891.400,11877.600,1.400,0.0,0.400,5703065600.0,189693952.0,1.4740424704e+11,15483187200.0,0.0,0.0,0.0,65536.0,6893.0,11881.600,0.522,1.941,97.226,0.085,0.0,0.226,1493159532.149,
0.840,1.081,97.702,0.060,0.0,0.317,0.0,78643.200,887917073.200,421576.600,0.0,0.0,11045.200,20995.800,1.0,0.0,0.0,5695004672.0,189693952.0,1.47404423168e+11,15491072000.0,0.0,0.0,0.0,78643.200,11049.400,20997.400,0.845,1.081,97.692,0.060,0.0,0.322,1493159537.149,
0.886,0.991,97.625,0.055,0.0,0.443,0.0,90931.200,862595141.800,440621.600,0.0,0.0,11027.800,20144.800,1.200,0.0,0.0,5701586944.0,189710336.0,1.47404648448e+11,15484248064.0,0.0,0.0,0.0,90931.200,11027.200,20139.400,0.881,0.991,97.635,0.055,0.0,0.438,1493159542.149,
0.982,1.244,97.236,0.060,0.0,0.478,0.0,88473.600,820523549.200,412344.800,0.0,0.0,10684.0,16222.600,1.200,0.0,0.0,5706989568.0,189747200.0,1.4740488192e+11,15478575104.0,0.0,0.0,0.0,88473.600,10683.400,16232.800,0.982,1.244,97.236,0.060,0.0,0.478,1493159547.149,
0.804,1.222,97.617,0.035,0.0,0.322,0.0,81920.0,748921443.0,364352.600,0.0,0.0,9805.800,18933.800,0.800,0.0,0.0,5696565248.0,189759488.0,1.47405099008e+11,15488770048.0,0.0,0.0,0.0,81920.0,9807.0,18932.400,0.804,1.222,97.617,0.035,0.0,0.322,1493159552.149,
0.608,1.638,97.478,0.050,0.0,0.226,0.0,87654.400,594205498.800,284622.200,0.0,0.0,8567.600,15747.800,1.200,0.0,0.0,5701025792.0,189784064.0,1.47405316096e+11,15484067840.0,0.0,0.0,0.0,87654.400,8566.400,15749.0,0.608,1.643,97.472,0.050,0.0,0.226,1493159557.149,
0.931,0.981,97.700,0.045,0.0,0.342,0.0,76185.600,882862178.200,454387.800,0.0,0.0,11188.200,21680.800,1.0,0.0,0.0,5694160896.0,189800448.0,1.47405500416e+11,15490732032.0,0.0,0.0,0.0,76185.600,11186.400,21674.200,0.936,0.981,97.695,0.045,0.0,0.342,1493159562.149,
0.719,1.574,97.350,0.050,0.0,0.307,0.0,74547.200,591500723.400,267263.800,0.0,0.0,8084.600,13770.0,1.600,0.0,0.400,5709008896.0,189812736.0,1.47405729792e+11,15475642368.0,0.0,0.0,0.0,74547.200,8086.800,13766.400,0.719,1.569,97.356,0.050,0.0,0.307,1493159567.149,
0.547,1.888,97.213,0.040,0.0,0.311,0.0,75366.400,407249753.0,125160.200,0.0,0.0,6014.600,9910.0,1.0,0.0,0.0,5702221824.0,189825024.0,1.47405910016e+11,15482236928.0,0.0,0.0,0.0,75366.400,6014.600,9914.0,0.542,1.889,97.217,0.040,0.0,0.311,1493159572.149,
0.462,1.829,97.382,0.055,0.0,0.271,0.0,68812.800,396838736.400,150293.200,0.0,0.0,5969.400,11668.600,1.200,0.0,0.0,5698252800.0,189845504.0,1.47406053376e+11,15486042112.0,0.0,0.0,0.0,68812.800,5970.0,11676.0,0.462,1.829,97.382,0.055,0.0,0.271,1493159577.149,
0.467,1.892,97.405,0.045,0.0,0.191,0.0,63897.600,427246432.600,179921.0,0.0,0.0,6172.600,12359.0,1.0,0.0,0.0,5711253504.0,189878272.0,1.47406184448e+11,15472877568.0,0.0,0.0,0.0,63897.600,6167.400,12347.400,0.467,1.897,97.400,0.045,0.0,0.191,1493159582.149,
0.467,1.752,97.520,0.050,0.0,0.211,0.0,66355.200,522696432.400,226687.0,0.0,0.0,7318.400,14136.600,1.600,0.0,0.0,5697597440.0,189890560.0,1.47406331904e+11,15486373888.0,0.0,0.0,0.0,66355.200,7323.0,14145.400,0.472,1.747,97.520,0.050,0.0,0.211,1493159587.149,
0.442,2.018,97.199,0.060,0.0,0.281,0.0,73728.0,315825572.200,68956.0,0.0,0.0,5046.200,8612.400,1.0,0.0,0.200,5709389824.0,189919232.0,1.47406503936e+11,15474380800.0,0.0,0.0,0.0,73728.0,5041.800,8606.800,0.437,2.018,97.203,0.060,0.0,0.281,1493159592.149,
0.427,2.073,97.164,0.075,0.0,0.261,0.0,58163.200,290994120.400,68988.0,0.0,0.0,4920.0,8496.200,1.200,0.0,0.0,5706555392.0,189935616.0,1.47406618624e+11,15477084160.0,0.0,0.0,0.0,58163.200,4921.600,8493.800,0.427,2.078,97.159,0.075,0.0,0.261,1493159597.149,
0.719,1.363,97.521,0.045,0.0,0.352,0.0,57344.0,678302625.600,323801.600,0.0,0.0,8978.0,17421.800,1.800,0.0,0.400,5695033344.0,189947904.0,1.47406741504e+11,15488471040.0,0.0,0.0,0.0,57344.0,8980.600,17427.400,0.719,1.363,97.521,0.045,0.0,0.352,1493159602.149,
0.527,1.873,97.313,0.055,0.0,0.231,0.0,82739.200,443840618.800,162287.200,0.0,0.0,6474.0,11963.0,1.0,0.0,0.0,5719445504.0,189976576.0,1.47406942208e+11,15463829504.0,0.0,0.0,0.0,82739.200,6469.800,11957.0,0.527,1.873,97.313,0.055,0.0,0.231,1493159607.149,
0.467,1.767,97.515,0.050,0.0,0.201,0.0,73728.0,491415613.800,210859.200,0.0,0.0,6824.800,14370.400,0.800,0.0,0.0,5701447680.0,189988864.0,1.47407089664e+11,15481667584.0,0.0,0.0,0.0,73728.0,6829.400,14375.400,0.467,1.767,97.515,0.050,0.0,0.201,1493159612.149,
0.613,1.502,97.559,0.045,0.0,0.281,0.0,72089.600,564940519.600,266013.0,0.0,0.0,7703.200,15646.800,1.400,0.0,0.0,5714784256.0,190001152.0,1.47407253504e+11,15468154880.0,0.0,0.0,0.0,72089.600,7702.600,15643.200,0.613,1.497,97.564,0.045,0.0,0.281,1493159617.149,
0.311,2.023,97.460,0.045,0.0,0.161,0.0,71270.400,328050467.800,104406.0,0.0,0.0,5225.400,10737.800,1.200,0.0,0.0,5704859648.0,190021632.0,1.47407417344e+11,15477895168.0,0.0,0.0,0.0,71270.400,5226.400,10747.400,0.311,2.028,97.455,0.045,0.0,0.161,1493159622.149,
0.809,1.312,97.508,0.040,0.0,0.332,0.0,71270.400,734247101.400,349011.800,0.0,0.0,9439.0,18502.400,1.800,0.0,0.400,5694726144.0,190033920.0,1.47407552512e+11,15487881216.0,0.0,0.0,0.0,71270.400,9434.200,18491.200,0.809,1.307,97.512,0.040,0.0,0.332,1493159627.149,
0.861,1.511,97.185,0.040,0.0,0.403,0.0,76185.600,695875402.600,291310.0,0.0,0.0,9035.800,13503.200,1.400,0.0,0.0,5704994816.0,190046208.0,1.47407765504e+11,15477387264.0,0.0,0.0,0.0,76185.600,9039.600,13510.800,0.861,1.511,97.185,0.040,0.0,0.403,1493159632.149,
0.251,0.311,99.297,0.040,0.0,0.100,0.0,77824.0,152784484.800,66248.0,0.0,0.0,2857.200,8297.800,0.400,0.0,1.800,5511684096.0,190054400.0,1.47407990784e+11,15670464512.0,0.0,0.0,0.0,77824.0,2853.200,8290.400,0.251,0.316,99.292,0.040,0.0,0.100,1493159637.149,
