"Dstat 0.7.2 CSV output"
"Author:","Dag Wieers <dag@wieers.com>",,,,"URL:","http://dag.wieers.com/home-made/dstat/"
"Host:","client0.skyhook-1osds.skyhook-pg0.wisc.cloudlab.us",,,,"User:","jlefevre"
"Cmdline:","dstat -av --epoch --integer --noheaders --output 1osd.dstat-client0.log 5",,,,"Date:","25 Apr 2017 15:29:27 CDT"

"total cpu usage",,,,,,"dsk/total",,"net/total",,"paging",,"system",,"procs",,,"memory usage",,,,"paging",,"dsk/total",,"system",,"total cpu usage",,,,,,"epoch"
"usr","sys","idl","wai","hiq","siq","read","writ","recv","send","in","out","int","csw","run","blk","new","used","buff","cach","free","in","out","read","writ","int","csw","usr","sys","idl","wai","hiq","siq","epoch"
0.040,0.045,99.885,0.025,0.0,0.005,0.0,47513.600,40519.800,1891.200,0.0,0.0,413.800,6992.0,0.0,0.200,0.0,5473452032.0,233119744.0,1.47407908864e+11,15665713152.0,0.0,0.0,0.0,47513.600,413.800,6991.600,0.040,0.045,99.885,0.025,0.0,0.005,1493181922.149,
0.496,0.160,99.244,0.045,0.0,0.055,0.0,54886.400,39762018.800,33871.0,0.0,0.0,1229.200,7593.0,0.400,0.200,5.0,5501849600.0,233127936.0,1.47407929344e+11,15637286912.0,0.0,0.0,0.0,54886.400,1231.200,7595.800,0.501,0.160,99.234,0.050,0.0,0.055,1493181927.149,
3.132,0.427,96.185,0.045,0.0,0.211,0.0,78643.200,272622749.800,245962.600,0.0,0.0,5507.800,11298.0,1.400,0.200,0.400,5512634368.0,233127936.0,1.47408060416e+11,15626371072.0,0.0,0.0,0.0,78643.200,5507.800,11298.0,3.132,0.427,96.190,0.040,0.0,0.211,1493181932.149,
2.932,0.402,96.421,0.040,0.0,0.206,0.0,99942.400,261390949.400,260366.200,0.0,0.0,5451.400,11745.0,0.600,0.200,0.0,5513093120.0,233136128.0,1.47408379904e+11,15625584640.0,0.0,0.0,0.0,99942.400,5449.400,11742.200,2.927,0.407,96.421,0.040,0.0,0.206,1493181937.149,
2.791,0.416,96.547,0.025,0.0,0.220,0.0,97484.800,248424018.600,216904.400,0.0,0.0,5539.200,11380.0,1.400,0.200,0.0,5514747904.0,233144320.0,1.47408687104e+11,15623614464.0,0.0,0.0,0.0,97484.800,5545.800,11387.200,2.791,0.416,96.548,0.025,0.0,0.220,1493181942.149,
2.911,0.336,96.497,0.075,0.0,0.181,0.0,114688.0,253139318.400,267114.200,0.0,0.0,5355.600,11873.0,2.0,0.200,0.400,5516689408.0,233152512.0,1.47409010688e+11,15621341184.0,0.0,0.0,0.0,114688.0,5349.400,11865.800,2.911,0.331,96.497,0.080,0.0,0.181,1493181947.149,
2.923,0.376,96.380,0.060,0.0,0.261,0.0,104857.600,253531450.800,233217.200,0.0,0.0,5391.200,11630.600,0.800,0.200,0.0,5516120064.0,233164800.0,1.47409317888e+11,15621591040.0,0.0,0.0,0.0,104857.600,5391.200,11630.600,2.923,0.376,96.385,0.055,0.0,0.261,1493181952.149,
2.965,0.376,96.428,0.030,0.0,0.201,0.0,99942.400,264865028.800,247951.0,0.0,0.0,5246.0,12405.600,1.0,0.200,0.400,5513723904.0,233164800.0,1.4740963328e+11,15623671808.0,0.0,0.0,0.0,99942.400,5249.200,12410.0,2.964,0.381,96.419,0.035,0.0,0.201,1493181957.149,
2.823,0.376,96.520,0.045,0.0,0.236,0.0,95846.400,248689614.400,218084.200,0.0,0.0,4939.600,11451.800,2.0,0.200,0.0,5515755520.0,233172992.0,1.47409944576e+11,15621320704.0,0.0,0.0,0.0,95846.400,4939.600,11450.600,2.829,0.371,96.519,0.045,0.0,0.236,1493181962.149,
2.823,0.391,96.445,0.125,0.0,0.216,0.0,2288025.600,253353180.400,249977.400,0.0,0.0,5398.800,12043.400,0.800,0.200,0.0,5512945664.0,233172992.0,1.47410108416e+11,15623966720.0,0.0,0.0,0.0,2288025.600,5400.400,12049.0,2.823,0.396,96.445,0.120,0.0,0.216,1493181967.149,
2.960,0.421,96.378,0.055,0.0,0.186,0.0,99942.400,259709056.600,231261.0,0.0,0.0,5233.200,11408.600,0.800,0.200,0.0,5513244672.0,233185280.0,1.47410419712e+11,15623344128.0,0.0,0.0,0.0,99942.400,5231.200,11404.600,2.954,0.416,96.379,0.060,0.0,0.191,1493181972.149,
2.737,0.431,96.601,0.040,0.0,0.191,0.0,98304.0,247760116.600,217182.800,0.0,0.0,4944.600,11496.600,1.400,0.200,0.0,5508231168.0,233193472.0,1.47410731008e+11,15628038144.0,0.0,0.0,0.0,98304.0,4941.400,11491.800,2.738,0.431,96.606,0.040,0.0,0.186,1493181977.149,
2.999,0.441,96.288,0.075,0.0,0.196,0.0,123699.200,259160213.600,227419.800,0.0,0.0,5134.0,11495.600,0.600,0.200,0.800,5510348800.0,233201664.0,1.47411038208e+11,15625605120.0,0.0,0.0,0.0,124518.400,5134.200,11496.200,2.999,0.441,96.294,0.070,0.0,0.196,1493181982.149,
1.528,0.245,98.032,0.035,0.0,0.160,0.0,96665.600,129930785.0,115617.400,0.0,0.0,3297.400,9403.800,0.600,0.200,1.0,5483008000.0,233213952.0,1.47411357696e+11,15652614144.0,0.0,0.0,0.0,95846.400,3297.0,9403.200,1.528,0.245,98.031,0.035,0.0,0.160,1493181987.149,
