"Dstat 0.7.2 CSV output"
"Author:","Dag Wieers <dag@wieers.com>",,,,"URL:","http://dag.wieers.com/home-made/dstat/"
"Host:","client0.skyhook-1osds.skyhook-pg0.wisc.cloudlab.us",,,,"User:","jlefevre"
"Cmdline:","dstat -av --epoch --integer --noheaders --output 1osd.dstat-client0.log 5",,,,"Date:","25 Apr 2017 15:29:27 CDT"

"total cpu usage",,,,,,"dsk/total",,"net/total",,"paging",,"system",,"procs",,,"memory usage",,,,"paging",,"dsk/total",,"system",,"total cpu usage",,,,,,"epoch"
"usr","sys","idl","wai","hiq","siq","read","writ","recv","send","in","out","int","csw","run","blk","new","used","buff","cach","free","in","out","read","writ","int","csw","usr","sys","idl","wai","hiq","siq","epoch"
0.045,0.060,99.870,0.015,0.0,0.010,0.0,9011.200,39679.200,300.200,0.0,0.0,467.600,6810.0,0.0,0.0,0.0,5458804736.0,213970944.0,1.47400679424e+11,15706738688.0,0.0,0.0,0.0,9011.200,467.200,6809.600,0.045,0.065,99.865,0.015,0.0,0.010,1493168367.149,
0.185,0.806,98.963,0.010,0.0,0.035,0.0,9830.400,57257649.600,20568.200,0.0,0.0,1471.600,7318.0,1.600,0.0,5.400,5605433344.0,213970944.0,1.4740068352e+11,15560105984.0,0.0,0.0,0.0,9830.400,1472.800,7348.400,0.185,0.806,98.963,0.010,0.0,0.035,1493168372.149,
0.316,2.356,97.183,0.050,0.0,0.095,0.0,48332.800,189053986.0,49015.0,0.0,0.0,3486.400,7910.400,1.200,0.0,0.0,5606809600.0,213983232.0,1.47400769536e+11,15558631424.0,0.0,0.0,0.0,48332.800,3486.400,7880.400,0.321,2.351,97.182,0.050,0.0,0.095,1493168377.149,
0.301,2.270,97.299,0.040,0.0,0.090,0.0,49152.0,241767004.200,80146.0,0.0,0.0,4098.600,9279.600,0.600,0.0,0.0,5605916672.0,213991424.0,1.47400859648e+11,15559426048.0,0.0,0.0,0.0,49152.0,4097.600,9279.200,0.301,2.270,97.299,0.040,0.0,0.090,1493168382.149,
0.361,2.309,97.150,0.055,0.0,0.125,0.0,54067.200,262798131.600,68335.400,0.0,0.0,4150.400,9147.200,1.600,0.0,0.0,5604012032.0,213999616.0,1.47400962048e+11,15561220096.0,0.0,0.0,0.0,54067.200,4152.0,9166.400,0.356,2.309,97.155,0.055,0.0,0.125,1493168387.149,
0.346,2.280,97.214,0.050,0.0,0.110,0.0,63897.600,242196973.200,75579.600,0.0,0.0,4019.400,9319.400,1.800,0.0,0.400,5606481920.0,213999616.0,1.47401084928e+11,15558627328.0,0.0,0.0,0.0,63897.600,4019.200,9300.600,0.346,2.280,97.214,0.050,0.0,0.110,1493168392.149,
0.346,2.265,97.254,0.040,0.0,0.095,0.0,59801.600,241786294.800,67275.200,0.0,0.0,4014.200,8928.400,1.0,0.0,0.0,5604925440.0,214024192.0,1.47401183232e+11,15560060928.0,0.0,0.0,0.0,59801.600,4013.0,8928.400,0.346,2.265,97.253,0.040,0.0,0.095,1493168397.149,
0.296,2.306,97.263,0.055,0.0,0.080,0.0,60620.800,239479482.200,76549.200,0.0,0.0,3881.800,9313.800,1.400,0.0,0.200,5610086400.0,214036480.0,1.47401289728e+11,15554781184.0,0.0,0.0,0.0,60620.800,3884.200,9335.200,0.296,2.311,97.258,0.055,0.0,0.080,1493168402.149,
0.321,2.311,97.252,0.050,0.0,0.065,0.0,52428.800,224955988.400,71533.800,0.0,0.0,3920.600,9420.400,1.200,0.0,0.0,5610868736.0,214044672.0,1.47401388032e+11,15553892352.0,0.0,0.0,0.0,52428.800,3918.200,9399.400,0.321,2.306,97.257,0.050,0.0,0.065,1493168407.149,
0.291,2.357,97.207,0.045,0.0,0.100,0.0,51609.600,164214709.800,42362.800,0.0,0.0,3314.600,7870.600,1.200,0.0,0.0,5606977536.0,214052864.0,1.4740148224e+11,15557681152.0,0.0,0.0,0.0,51609.600,3320.400,7872.800,0.291,2.362,97.202,0.045,0.0,0.100,1493168412.149,
0.321,2.377,97.192,0.040,0.0,0.070,0.0,47513.600,167416412.400,40306.600,0.0,0.0,3208.0,7477.0,1.800,0.0,0.0,5605920768.0,214056960.0,1.47401555968e+11,15558660096.0,0.0,0.0,0.0,47513.600,3206.200,7497.800,0.326,2.372,97.192,0.040,0.0,0.070,1493168417.149,
0.311,2.348,97.221,0.040,0.0,0.080,0.0,49971.200,165654695.200,40819.600,0.0,0.0,3294.200,8244.200,1.400,0.0,0.400,5607649280.0,214065152.0,1.4740164608e+11,15556833280.0,0.0,0.0,0.0,49971.200,3292.800,8221.800,0.306,2.348,97.226,0.040,0.0,0.080,1493168422.150,
0.321,2.327,97.197,0.040,0.0,0.115,0.0,63078.400,168405741.200,31558.400,0.0,0.0,3357.200,7672.600,1.400,0.0,0.0,5608931328.0,214081536.0,1.47401728e+11,15555452928.0,0.0,0.0,0.0,63078.400,3355.200,7671.200,0.326,2.331,97.187,0.040,0.0,0.115,1493168427.149,
0.311,2.361,97.178,0.040,0.0,0.110,0.0,55705.600,163343895.400,36915.600,0.0,0.0,3198.400,7971.800,2.0,0.0,0.0,5598097408.0,214106112.0,1.47401801728e+11,15566188544.0,0.0,0.0,0.0,55705.600,3198.400,8004.0,0.306,2.361,97.183,0.040,0.0,0.110,1493168432.150,
0.286,2.383,97.225,0.045,0.0,0.060,0.0,49152.0,178499625.600,42330.0,0.0,0.0,3370.0,7833.600,1.200,0.0,0.0,5614833664.0,214122496.0,1.47401879552e+11,15549358080.0,0.0,0.0,0.0,49152.0,3369.800,7801.800,0.286,2.379,97.230,0.045,0.0,0.060,1493168437.149,
0.311,2.372,97.212,0.045,0.0,0.060,0.0,49152.0,172379358.200,41837.600,0.0,0.0,3320.200,7570.400,1.400,0.0,0.0,5616070656.0,214134784.0,1.47401969664e+11,15548018688.0,0.0,0.0,0.0,49152.0,3320.200,7570.800,0.311,2.372,97.211,0.045,0.0,0.060,1493168442.149,
0.356,2.377,97.016,0.176,0.0,0.075,0.0,2406809.600,180839281.600,48992.800,0.0,0.0,3414.0,8066.600,1.200,0.0,0.0,5607424000.0,214179840.0,1.47401895936e+11,15556694016.0,0.0,0.0,0.0,2406809.600,3414.200,8076.200,0.356,2.382,97.011,0.176,0.0,0.075,1493168447.149,
0.336,2.333,97.186,0.045,0.0,0.100,0.0,49971.200,189771241.600,44898.200,0.0,0.0,3502.600,8297.0,1.200,0.0,0.400,5608464384.0,214188032.0,1.47401986048e+11,15555555328.0,0.0,0.0,0.0,49971.200,3503.0,8287.0,0.336,2.332,97.186,0.045,0.0,0.100,1493168452.149,
0.371,2.322,97.166,0.040,0.0,0.100,0.0,58982.400,205828505.200,55014.0,0.0,0.0,3776.600,8194.800,1.0,0.0,0.0,5615673344.0,214196224.0,1.47402080256e+11,15548243968.0,0.0,0.0,0.0,58982.400,3776.0,8194.400,0.371,2.318,97.171,0.040,0.0,0.100,1493168457.149,
0.386,2.338,97.145,0.045,0.0,0.085,0.0,88473.600,221506441.400,55311.400,0.0,0.0,3835.400,8374.200,1.800,0.0,0.0,5618143232.0,214196224.0,1.47402174464e+11,15545679872.0,0.0,0.0,0.0,88473.600,3835.600,8395.800,0.391,2.342,97.136,0.045,0.0,0.085,1493168462.149,
0.311,2.287,97.257,0.040,0.0,0.105,0.0,55705.600,228021727.600,53461.400,0.0,0.0,4027.400,8459.0,1.200,0.0,0.0,5633351680.0,214208512.0,1.47402268672e+11,15530364928.0,0.0,0.0,0.0,55705.600,4030.800,8437.800,0.306,2.282,97.267,0.040,0.0,0.105,1493168467.149,
0.296,2.241,97.248,0.055,0.0,0.160,0.0,53248.0,237212061.0,50260.200,0.0,0.0,3953.800,8345.800,1.800,0.0,0.0,5622218752.0,214224896.0,1.47402371072e+11,15541379072.0,0.0,0.0,0.0,53248.0,3951.400,8345.400,0.296,2.241,97.248,0.055,0.0,0.160,1493168472.149,
0.291,2.251,97.283,0.040,0.0,0.135,0.0,51609.600,250313490.800,60319.600,0.0,0.0,3982.800,9116.800,1.400,0.0,0.0,5611864064.0,214224896.0,1.47402473472e+11,15551631360.0,0.0,0.0,0.0,51609.600,3982.200,9135.600,0.291,2.251,97.283,0.040,0.0,0.135,1493168477.149,
0.321,2.362,97.187,0.050,0.0,0.080,0.0,54886.400,188338245.400,44593.800,0.0,0.0,3472.200,8347.600,1.800,0.0,0.200,5615841280.0,214245376.0,1.47402579968e+11,15547527168.0,0.0,0.0,0.0,54886.400,3473.200,8330.0,0.326,2.362,97.182,0.050,0.0,0.080,1493168482.149,
0.326,2.316,97.228,0.030,0.0,0.100,0.0,46694.400,212718389.0,52171.200,0.0,0.0,3760.200,8237.400,1.200,0.0,0.400,5625352192.0,214249472.0,1.47402661888e+11,15537930240.0,0.0,0.0,0.0,46694.400,3758.200,8236.200,0.321,2.316,97.233,0.030,0.0,0.100,1493168487.149,
0.326,2.290,97.244,0.040,0.0,0.100,0.0,59801.600,260572941.800,67384.200,0.0,0.0,4071.200,9373.0,1.800,0.0,0.0,5630345216.0,214269952.0,1.47402768384e+11,15532810240.0,0.0,0.0,0.0,59801.600,4076.800,9405.0,0.331,2.290,97.239,0.040,0.0,0.100,1493168492.149,
0.321,2.296,97.223,0.030,0.0,0.130,0.0,64716.800,254044453.600,51807.200,0.0,0.0,4123.200,8877.0,1.0,0.0,0.0,5626855424.0,214278144.0,1.47402887168e+11,15536173056.0,0.0,0.0,0.0,64716.800,4117.200,8845.400,0.316,2.301,97.223,0.030,0.0,0.130,1493168497.149,
0.341,2.293,97.226,0.040,0.0,0.100,0.0,55705.600,223263142.200,63704.800,0.0,0.0,3951.200,8414.400,1.400,0.0,0.0,5625352192.0,214286336.0,1.47402989568e+11,15537565696.0,0.0,0.0,0.0,55705.600,3951.0,8414.0,0.341,2.293,97.226,0.040,0.0,0.100,1493168502.149,
0.326,2.357,97.211,0.035,0.0,0.070,0.0,54067.200,183740310.400,53289.800,0.0,0.0,3349.800,8183.200,1.600,0.0,0.0,5635379200.0,214294528.0,1.4740307968e+11,15527440384.0,0.0,0.0,0.0,54067.200,3351.0,8214.600,0.326,2.352,97.217,0.035,0.0,0.070,1493168507.149,
0.321,2.276,97.252,0.035,0.0,0.115,0.0,48332.800,232762568.200,52557.0,0.0,0.0,4055.400,9007.600,1.200,0.0,0.0,5634195456.0,214315008.0,1.47403165696e+11,15528517632.0,0.0,0.0,0.0,48332.800,4060.800,8990.400,0.321,2.276,97.252,0.035,0.0,0.115,1493168512.149,
0.336,2.255,97.239,0.040,0.0,0.130,0.0,55705.600,266650658.400,58007.200,0.0,0.0,4270.200,9115.400,1.200,0.0,0.0,5636161536.0,214339584.0,1.47403280384e+11,15526412288.0,0.0,0.0,0.0,55705.600,4264.0,9101.400,0.336,2.260,97.234,0.040,0.0,0.130,1493168517.149,
0.401,2.117,97.287,0.030,0.0,0.166,0.0,56524.800,291971051.600,89628.800,0.0,0.0,4410.0,9891.800,1.400,0.0,0.400,5632458752.0,214339584.0,1.47403399168e+11,15529996288.0,0.0,0.0,0.0,56524.800,4410.800,9904.600,0.401,2.117,97.287,0.030,0.0,0.166,1493168522.149,
0.537,1.961,97.307,0.050,0.0,0.145,0.0,67174.400,415832210.400,165106.800,0.0,0.0,5762.200,13241.400,1.400,0.0,0.0,5641744384.0,214351872.0,1.47403538432e+11,15520559104.0,0.0,0.0,0.0,67174.400,5762.0,13228.800,0.537,1.956,97.312,0.050,0.0,0.145,1493168527.149,
0.361,2.272,97.201,0.040,0.0,0.125,0.0,72089.600,206424468.200,54513.400,0.0,0.0,3719.0,8109.800,1.400,0.0,0.0,5639102464.0,214355968.0,1.47403665408e+11,15523069952.0,0.0,0.0,0.0,72089.600,3719.0,8109.800,0.361,2.278,97.196,0.040,0.0,0.125,1493168532.149,
0.336,2.267,97.236,0.030,0.0,0.130,0.0,54886.400,208409778.0,52305.800,0.0,0.0,3642.800,8245.400,1.200,0.0,0.0,5635813376.0,214376448.0,1.47403751424e+11,15526252544.0,0.0,0.0,0.0,54886.400,3644.200,8254.400,0.336,2.262,97.241,0.030,0.0,0.130,1493168537.149,
0.366,2.192,97.291,0.045,0.0,0.105,0.0,52428.800,273522151.0,76947.0,0.0,0.0,4265.200,9902.800,1.0,0.0,0.0,5632331776.0,214396928.0,1.47403845632e+11,15529619456.0,0.0,0.0,0.0,52428.800,4264.800,9898.0,0.366,2.192,97.291,0.045,0.0,0.105,1493168542.149,
0.366,2.196,97.298,0.030,0.0,0.110,0.0,54886.400,288971885.600,75410.800,0.0,0.0,4488.400,9637.800,1.400,0.0,0.0,5635751936.0,214413312.0,1.47403968512e+11,15526060032.0,0.0,0.0,0.0,54886.400,4486.400,9633.200,0.366,2.196,97.298,0.030,0.0,0.110,1493168547.149,
0.321,2.256,97.263,0.040,0.0,0.120,0.0,58163.200,253549576.200,55347.600,0.0,0.0,4192.400,8973.0,2.0,0.0,0.200,5635764224.0,214429696.0,1.474040832e+11,15525916672.0,0.0,0.0,0.0,58163.200,4198.400,8998.800,0.321,2.261,97.258,0.040,0.0,0.120,1493168552.149,
0.351,2.230,97.218,0.035,0.0,0.165,0.0,50790.400,250679199.0,68439.600,0.0,0.0,4162.200,9481.800,1.400,0.0,0.400,5629501440.0,214441984.0,1.474041856e+11,15532064768.0,0.0,0.0,0.0,50790.400,4156.200,9456.0,0.351,2.226,97.223,0.035,0.0,0.165,1493168557.149,
0.361,2.142,97.336,0.055,0.0,0.105,0.0,63078.400,307566513.400,87624.600,0.0,0.0,4670.600,10162.800,1.200,0.0,0.0,5635432448.0,214458368.0,1.47404304384e+11,15525998592.0,0.0,0.0,0.0,63078.400,4676.600,10172.800,0.361,2.147,97.331,0.055,0.0,0.105,1493168562.149,
0.356,2.269,97.210,0.045,0.0,0.120,0.0,63897.600,241856481.600,72356.0,0.0,0.0,3864.200,8850.0,1.200,0.0,0.0,5634400256.0,214458368.0,1.47404419072e+11,15526916096.0,0.0,0.0,0.0,63897.600,3859.400,8850.200,0.361,2.263,97.210,0.045,0.0,0.120,1493168567.149,
0.386,2.223,97.221,0.050,0.0,0.120,0.0,54067.200,244322112.600,83471.800,0.0,0.0,4191.800,9106.600,1.200,0.0,0.0,5627711488.0,214466560.0,1.4740451328e+11,15533502464.0,0.0,0.0,0.0,54067.200,4190.600,9096.400,0.386,2.228,97.215,0.050,0.0,0.120,1493168572.149,
0.346,2.197,97.352,0.030,0.0,0.075,0.0,56524.800,274199267.600,96668.400,0.0,0.0,4320.200,10226.400,1.400,0.0,0.0,5629726720.0,214491136.0,1.4740461568e+11,15531360256.0,0.0,0.0,0.0,56524.800,4320.800,10228.400,0.346,2.192,97.356,0.030,0.0,0.075,1493168577.149,
0.336,2.211,97.273,0.035,0.0,0.145,0.0,54886.400,235354298.600,65012.400,0.0,0.0,3882.0,9058.0,1.200,0.0,0.0,5633896448.0,214495232.0,1.47404734464e+11,15527067648.0,0.0,0.0,0.0,54886.400,3883.200,9073.200,0.331,2.216,97.273,0.035,0.0,0.145,1493168582.149,
0.306,2.236,97.258,0.045,0.0,0.155,0.0,54886.400,231058575.200,57542.400,0.0,0.0,3819.600,9201.400,1.200,0.0,0.0,5634297856.0,214511616.0,1.47404832768e+11,15526551552.0,0.0,0.0,0.0,54886.400,3819.200,9184.600,0.306,2.231,97.263,0.045,0.0,0.155,1493168587.149,
0.291,2.317,97.241,0.045,0.0,0.105,0.0,49971.200,179573637.200,47438.0,0.0,0.0,3543.200,7867.200,1.600,0.0,0.400,5631078400.0,214515712.0,1.47404931072e+11,15529668608.0,0.0,0.0,0.0,49971.200,3543.200,7867.200,0.291,2.322,97.236,0.045,0.0,0.105,1493168592.149,
0.361,2.267,97.186,0.045,0.0,0.140,0.0,58163.200,202477972.400,58104.200,0.0,0.0,3804.600,8306.0,1.0,0.0,0.0,5626773504.0,214528000.0,1.47405021184e+11,15533871104.0,0.0,0.0,0.0,58163.200,3809.0,8327.400,0.361,2.262,97.191,0.045,0.0,0.140,1493168597.149,
0.356,2.242,97.237,0.030,0.0,0.135,0.0,62259.200,214801318.600,60709.0,0.0,0.0,3973.800,8690.800,1.0,0.0,0.0,5636395008.0,214536192.0,1.47405119488e+11,15524143104.0,0.0,0.0,0.0,62259.200,3969.200,8669.400,0.356,2.247,97.232,0.030,0.0,0.135,1493168602.149,
0.366,2.121,97.323,0.050,0.0,0.140,0.0,58163.200,288057183.600,83018.200,0.0,0.0,4528.400,9848.400,1.400,0.0,0.0,5628334080.0,214560768.0,1.47405225984e+11,15532072960.0,0.0,0.0,0.0,58163.200,4532.0,9853.400,0.366,2.121,97.323,0.050,0.0,0.140,1493168607.149,
0.381,2.096,97.332,0.055,0.0,0.135,0.0,60620.800,307355161.0,88611.200,0.0,0.0,4809.200,10343.600,1.200,0.0,0.0,5632913408.0,214585344.0,1.47405348864e+11,15527346176.0,0.0,0.0,0.0,60620.800,4808.0,10341.600,0.381,2.096,97.332,0.055,0.0,0.135,1493168612.149,
0.361,2.289,97.199,0.050,0.0,0.100,0.0,54886.400,236284711.200,83152.800,0.0,0.0,4046.0,8770.600,1.200,0.0,0.0,5629562880.0,214593536.0,1.47405467648e+11,15530569728.0,0.0,0.0,0.0,54886.400,4043.800,8767.800,0.361,2.289,97.199,0.050,0.0,0.100,1493168617.149,
0.316,2.342,97.206,0.025,0.0,0.110,0.0,51609.600,186382413.800,46718.200,0.0,0.0,3511.0,7935.600,1.200,0.0,0.200,5621133312.0,214605824.0,1.4740555776e+11,15538896896.0,0.0,0.0,0.0,51609.600,3513.600,7935.400,0.321,2.342,97.202,0.025,0.0,0.110,1493168622.149,
0.351,2.343,97.205,0.040,0.0,0.060,0.0,49971.200,191173572.200,48658.0,0.0,0.0,3474.200,8259.200,1.200,0.0,0.400,5633277952.0,214609920.0,1.47405651968e+11,15526653952.0,0.0,0.0,0.0,49971.200,3471.600,8266.800,0.346,2.343,97.210,0.040,0.0,0.060,1493168627.149,
0.401,2.263,97.215,0.015,0.0,0.105,0.0,56524.800,249699051.0,72902.200,0.0,0.0,4149.800,9106.0,2.0,0.0,0.0,5625167872.0,214622208.0,1.4740574208e+11,15534661632.0,0.0,0.0,0.0,56524.800,4149.600,9098.400,0.401,2.263,97.215,0.015,0.0,0.105,1493168632.149,
0.426,2.132,97.211,0.040,0.0,0.191,0.0,67174.400,291441684.800,83696.0,0.0,0.0,4984.0,8964.400,1.200,0.0,0.0,5631619072.0,214642688.0,1.47405869056e+11,15528062976.0,0.0,0.0,0.0,67174.400,4983.200,8964.0,0.426,2.132,97.210,0.040,0.0,0.191,1493168637.149,
0.361,2.258,97.226,0.045,0.0,0.110,0.0,58163.200,236578592.200,59495.800,0.0,0.0,4184.0,8491.200,1.400,0.0,0.0,5631168512.0,214650880.0,1.47405975552e+11,15528398848.0,0.0,0.0,0.0,58163.200,4189.800,8514.600,0.366,2.252,97.226,0.045,0.0,0.110,1493168642.149,
0.391,2.323,97.140,0.055,0.0,0.090,0.0,57344.0,224947758.800,53726.600,0.0,0.0,3879.600,8629.400,1.400,0.0,0.0,5629485056.0,214659072.0,1.47406073856e+11,15529975808.0,0.0,0.0,0.0,57344.0,3874.800,8606.400,0.386,2.328,97.140,0.055,0.0,0.090,1493168647.149,
0.361,2.288,97.200,0.035,0.0,0.115,0.0,51609.600,216373481.800,51412.400,0.0,0.0,3787.800,8176.400,1.800,0.0,0.0,5625339904.0,214675456.0,1.47406176256e+11,15534002176.0,0.0,0.0,0.0,51609.600,3786.800,8176.0,0.361,2.283,97.205,0.035,0.0,0.115,1493168652.149,
0.391,2.221,97.217,0.050,0.0,0.120,0.0,56524.800,263750864.600,68931.200,0.0,0.0,4141.400,8863.200,1.200,0.0,0.400,5630210048.0,214695936.0,1.47406282752e+11,15529005056.0,0.0,0.0,0.0,56524.800,4147.600,8881.800,0.396,2.226,97.207,0.050,0.0,0.120,1493168657.149,
0.446,2.061,97.241,0.040,0.0,0.211,0.0,58163.200,351514737.400,100246.800,0.0,0.0,5075.0,10154.400,1.200,0.0,0.0,5628596224.0,214704128.0,1.4740639744e+11,15530496000.0,0.0,0.0,0.0,58163.200,5069.600,10136.200,0.441,2.056,97.251,0.040,0.0,0.211,1493168662.149,
0.422,2.163,97.255,0.030,0.0,0.130,0.0,63897.600,285898010.0,84571.800,0.0,0.0,4610.600,8995.600,2.200,0.0,0.0,5632487424.0,214716416.0,1.47406528512e+11,15526461440.0,0.0,0.0,0.0,63897.600,4610.600,8995.400,0.427,2.168,97.245,0.030,0.0,0.130,1493168667.149,
0.386,2.151,97.263,0.035,0.0,0.165,0.0,63897.600,302625059.0,78484.400,0.0,0.0,4502.0,9472.800,1.200,0.0,0.0,5632860160.0,214716416.0,1.47406639104e+11,15525978112.0,0.0,0.0,0.0,63897.600,4501.800,9473.0,0.381,2.146,97.273,0.035,0.0,0.165,1493168672.149,
0.391,2.100,97.288,0.045,0.0,0.175,0.0,58163.200,298287202.800,85874.0,0.0,0.0,4560.200,10161.800,0.800,0.0,0.0,5631647744.0,214728704.0,1.47406757888e+11,15527059456.0,0.0,0.0,0.0,58163.200,4562.800,10168.200,0.391,2.105,97.283,0.045,0.0,0.175,1493168677.149,
0.351,2.151,97.282,0.045,0.0,0.170,0.0,60620.800,258082689.400,75436.0,0.0,0.0,4571.800,9301.0,2.400,0.0,0.0,5624242176.0,214753280.0,1.47406880768e+11,15534317568.0,0.0,0.0,0.0,60620.800,4568.600,9294.200,0.351,2.146,97.288,0.045,0.0,0.170,1493168682.149,
0.321,2.308,97.226,0.045,0.0,0.100,0.0,49152.0,205974835.0,66026.400,0.0,0.0,3842.400,8400.800,2.400,0.0,0.400,5623623680.0,214753280.0,1.47406974976e+11,15534841856.0,0.0,0.0,0.0,49152.0,3848.200,8421.0,0.326,2.313,97.216,0.045,0.0,0.100,1493168687.149,
0.411,2.263,97.190,0.030,0.0,0.105,0.0,57344.0,226926459.800,58705.0,0.0,0.0,3993.400,8167.200,1.0,0.0,0.0,5628682240.0,214761472.0,1.47407069184e+11,15529680896.0,0.0,0.0,0.0,57344.0,3988.400,8147.600,0.406,2.258,97.200,0.030,0.0,0.105,1493168692.149,
0.346,2.241,97.277,0.020,0.0,0.115,0.0,54886.400,271841088.0,79456.200,0.0,0.0,4377.400,9311.0,1.200,0.0,0.0,5636030464.0,214761472.0,1.47407163392e+11,15522238464.0,0.0,0.0,0.0,54886.400,4377.400,9311.600,0.351,2.242,97.272,0.020,0.0,0.115,1493168697.149,
0.306,2.246,97.298,0.010,0.0,0.140,0.0,58982.400,223717068.600,52863.0,0.0,0.0,3733.400,8499.800,1.600,0.0,0.200,5638901760.0,214773760.0,1.47407282176e+11,15519236096.0,0.0,0.0,0.0,58982.400,3737.0,8502.200,0.301,2.246,97.303,0.010,0.0,0.140,1493168702.149,
0.371,2.256,97.207,0.020,0.0,0.145,0.0,58982.400,232510860.800,59325.800,0.0,0.0,4091.0,8710.800,1.400,0.0,0.0,5649002496.0,214773760.0,1.4740738048e+11,15509037056.0,0.0,0.0,0.0,58982.400,4090.600,8707.800,0.371,2.256,97.207,0.020,0.0,0.145,1493168707.149,
0.346,2.201,97.312,0.020,0.0,0.120,0.0,54067.200,256877687.400,71482.800,0.0,0.0,4154.400,9162.400,1.200,0.0,0.0,5632339968.0,214786048.0,1.47407474688e+11,15525593088.0,0.0,0.0,0.0,54067.200,4151.0,9162.0,0.346,2.207,97.307,0.020,0.0,0.120,1493168712.149,
0.326,2.217,97.316,0.010,0.0,0.130,0.0,58163.200,249594116.0,64759.600,0.0,0.0,4072.400,8719.200,1.800,0.0,0.0,5636317184.0,214798336.0,1.4740758528e+11,15521492992.0,0.0,0.0,0.0,58163.200,4074.0,8749.600,0.326,2.217,97.316,0.010,0.0,0.130,1493168717.149,
0.442,2.189,97.174,0.030,0.0,0.166,0.0,55705.600,283280204.800,87373.400,0.0,0.0,4465.0,9176.200,1.400,0.0,0.400,5648175104.0,214798336.0,1.47407704064e+11,15509516288.0,0.0,0.0,0.0,55705.600,4463.400,9146.0,0.442,2.184,97.179,0.030,0.0,0.166,1493168722.149,
0.432,2.062,97.295,0.020,0.0,0.191,0.0,60620.800,367175243.600,130886.800,0.0,0.0,5565.400,10350.800,1.200,0.0,0.0,5634424832.0,214810624.0,1.47407822848e+11,15523135488.0,0.0,0.0,0.0,60620.800,5569.600,10357.0,0.432,2.063,97.295,0.020,0.0,0.191,1493168727.149,
0.371,2.197,97.251,0.040,0.0,0.140,0.0,61440.0,279606914.0,85328.200,0.0,0.0,4471.200,9170.0,1.800,0.0,0.200,5631336448.0,214814720.0,1.4740795392e+11,15526088704.0,0.0,0.0,0.0,61440.0,4471.200,9174.600,0.371,2.198,97.251,0.040,0.0,0.140,1493168732.149,
0.371,2.108,97.345,0.050,0.0,0.125,0.0,57344.0,325527850.400,107849.400,0.0,0.0,4889.200,10509.200,1.400,0.0,0.0,5639663616.0,214835200.0,1.47408072704e+11,15517622272.0,0.0,0.0,0.0,57344.0,4884.600,10499.0,0.371,2.113,97.340,0.050,0.0,0.125,1493168737.149,
0.346,2.192,97.266,0.045,0.0,0.151,0.0,61440.0,257541416.200,64269.400,0.0,0.0,4139.400,8564.0,1.400,0.0,0.0,5649006592.0,214851584.0,1.47408195584e+11,15508140032.0,0.0,0.0,0.0,61440.0,4139.400,8563.400,0.351,2.192,97.261,0.045,0.0,0.150,1493168742.149,
0.416,2.122,97.286,0.005,0.0,0.171,0.0,55705.600,312266540.800,89257.400,0.0,0.0,4667.400,9486.0,1.200,0.0,0.0,5642661888.0,214863872.0,1.4740830208e+11,15514365952.0,0.0,0.0,0.0,55705.600,4672.0,9498.400,0.416,2.118,97.290,0.005,0.0,0.171,1493168747.149,
0.371,2.243,97.216,0.050,0.0,0.120,0.0,60620.800,234938731.600,68101.200,0.0,0.0,4128.400,8938.400,1.200,0.0,0.400,5644144640.0,214876160.0,1.47408429056e+11,15512743936.0,0.0,0.0,0.0,60620.800,4129.400,8932.0,0.366,2.248,97.216,0.050,0.0,0.120,1493168752.149,
0.351,2.207,97.246,0.040,0.0,0.156,0.0,52428.800,234265123.200,55756.0,0.0,0.0,4049.400,8471.800,1.0,0.0,0.0,5649788928.0,214876160.0,1.4740852736e+11,15507001344.0,0.0,0.0,0.0,52428.800,4043.800,8465.800,0.351,2.207,97.246,0.040,0.0,0.156,1493168757.149,
0.341,2.247,97.247,0.035,0.0,0.130,0.0,63897.600,232675063.800,56886.800,0.0,0.0,3881.200,8646.400,1.0,0.0,0.0,5640167424.0,214884352.0,1.47408637952e+11,15516504064.0,0.0,0.0,0.0,63897.600,3881.200,8646.0,0.341,2.247,97.247,0.035,0.0,0.130,1493168762.149,
0.431,2.061,97.342,0.025,0.0,0.140,0.0,53248.0,315438058.800,100818.400,0.0,0.0,4778.800,10816.0,1.0,0.0,0.0,5646872576.0,214884352.0,1.47408740352e+11,15509696512.0,0.0,0.0,0.0,53248.0,4779.200,10816.400,0.431,2.061,97.342,0.025,0.0,0.140,1493168767.149,
0.441,2.121,97.283,0.040,0.0,0.115,0.0,58163.200,309746365.400,90295.400,0.0,0.0,4828.400,10038.400,1.400,0.0,0.0,5649469440.0,214896640.0,1.47408863232e+11,15506964480.0,0.0,0.0,0.0,58163.200,4828.0,10038.400,0.446,2.116,97.283,0.040,0.0,0.115,1493168772.149,
0.366,2.163,97.285,0.030,0.0,0.156,0.0,63078.400,268326266.400,67115.600,0.0,0.0,4177.600,8751.200,1.200,0.0,0.0,5648465920.0,214896640.0,1.47408990208e+11,15507841024.0,0.0,0.0,0.0,63078.400,4177.800,8751.0,0.361,2.163,97.290,0.030,0.0,0.156,1493168777.149,
0.366,2.226,97.252,0.025,0.0,0.130,0.0,59801.600,259370207.400,74271.400,0.0,0.0,4156.600,9216.200,1.400,0.0,0.0,5644693504.0,214908928.0,1.47409104896e+11,15511486464.0,0.0,0.0,0.0,59801.600,4156.600,9216.400,0.366,2.226,97.252,0.025,0.0,0.130,1493168782.149,
0.346,2.218,97.316,0.020,0.0,0.100,0.0,54067.200,265441557.600,88343.200,0.0,0.0,4291.0,9094.200,1.600,0.0,0.0,5639290880.0,214921216.0,1.47409211392e+11,15516770304.0,0.0,0.0,0.0,54067.200,4290.600,9093.800,0.351,2.217,97.311,0.020,0.0,0.100,1493168787.150,
0.441,2.101,97.252,0.010,0.0,0.196,0.0,58163.200,342869147.600,108167.0,0.0,0.0,4995.200,9990.0,1.200,0.0,0.400,5636304896.0,214925312.0,1.47409334272e+11,15519629312.0,0.0,0.0,0.0,58163.200,4999.600,10008.400,0.436,2.101,97.257,0.010,0.0,0.196,1493168792.149,
0.461,2.067,97.266,0.050,0.0,0.155,0.0,64716.800,363964269.800,130422.200,0.0,0.0,5233.200,11228.400,1.0,0.0,0.0,5639786496.0,214941696.0,1.47409473536e+11,15515992064.0,0.0,0.0,0.0,64716.800,5234.200,11214.200,0.461,2.067,97.266,0.050,0.0,0.155,1493168797.149,
0.391,2.176,97.238,0.045,0.0,0.150,0.0,61440.0,293619831.800,88717.600,0.0,0.0,4465.0,9496.200,1.600,0.0,0.0,5640183808.0,214941696.0,1.47409604608e+11,15515463680.0,0.0,0.0,0.0,61440.0,4464.200,9494.200,0.396,2.176,97.233,0.045,0.0,0.150,1493168802.149,
0.457,2.163,97.209,0.020,0.0,0.151,0.0,60620.800,300149394.400,84147.0,0.0,0.0,4552.600,9307.0,1.400,0.0,0.0,5651173376.0,214958080.0,1.47409731584e+11,15504330752.0,0.0,0.0,0.0,60620.800,4550.800,9304.800,0.452,2.164,97.214,0.020,0.0,0.151,1493168807.150,
0.321,2.241,97.262,0.030,0.0,0.145,0.0,63078.400,253483070.600,64584.600,0.0,0.0,4534.600,9268.0,1.400,0.0,0.0,5652639744.0,214962176.0,1.47409842176e+11,15502749696.0,0.0,0.0,0.0,63078.400,4537.800,9274.600,0.321,2.241,97.263,0.030,0.0,0.145,1493168812.149,
0.361,2.175,97.288,0.045,0.0,0.130,0.0,58982.400,281583400.0,86184.600,0.0,0.0,4487.600,10013.800,2.600,0.0,0.0,5642739712.0,214974464.0,1.47409952768e+11,15512526848.0,0.0,0.0,0.0,58982.400,4487.0,10009.600,0.366,2.176,97.278,0.045,0.0,0.135,1493168817.149,
0.351,2.146,97.332,0.045,0.0,0.125,0.0,58982.400,268460043.200,91872.200,0.0,0.0,4261.400,10215.600,1.200,0.0,0.400,5645328384.0,214990848.0,1.47410071552e+11,15509803008.0,0.0,0.0,0.0,58982.400,4259.0,10223.400,0.351,2.146,97.337,0.045,0.0,0.120,1493168822.149,
0.351,2.172,97.307,0.050,0.0,0.120,0.0,58982.400,257187314.0,89941.600,0.0,0.0,4124.400,10342.200,1.200,0.0,0.0,5649940480.0,214999040.0,1.47410178048e+11,15505076224.0,0.0,0.0,0.0,58982.400,4122.200,10332.400,0.346,2.177,97.307,0.050,0.0,0.120,1493168827.149,
0.351,2.141,97.337,0.050,0.0,0.120,0.0,59801.600,294329534.600,94081.400,0.0,0.0,4538.600,10286.200,1.200,0.0,0.0,5654822912.0,215007232.0,1.4741028864e+11,15500075008.0,0.0,0.0,0.0,59801.600,4537.800,10285.800,0.351,2.136,97.342,0.050,0.0,0.120,1493168832.149,
0.391,2.165,97.278,0.050,0.0,0.115,0.0,55705.600,303388704.800,82080.0,0.0,0.0,4516.800,9986.600,1.0,0.0,0.0,5659717632.0,215011328.0,1.4741041152e+11,15495053312.0,0.0,0.0,0.0,55705.600,4522.0,9998.800,0.396,2.165,97.273,0.050,0.0,0.115,1493168837.149,
0.331,2.277,97.247,0.030,0.0,0.115,0.0,56524.800,246941110.200,65206.0,0.0,0.0,4123.0,8990.600,1.400,0.0,0.0,5648125952.0,215023616.0,1.4741051392e+11,15506530304.0,0.0,0.0,0.0,56524.800,4118.600,8978.800,0.331,2.282,97.242,0.030,0.0,0.115,1493168842.149,
0.416,2.202,97.196,0.025,0.0,0.161,0.0,63897.600,276028361.600,89568.0,0.0,0.0,4463.0,8945.400,1.0,0.0,0.0,5645991936.0,215027712.0,1.47410628608e+11,15508545536.0,0.0,0.0,0.0,63897.600,4465.0,8945.0,0.411,2.197,97.205,0.025,0.0,0.161,1493168847.149,
0.437,2.098,97.264,0.035,0.0,0.166,0.0,56524.800,316945233.400,91979.200,0.0,0.0,4926.0,9314.600,1.400,0.0,0.0,5639811072.0,215035904.0,1.474107392e+11,15514607616.0,0.0,0.0,0.0,56524.800,4925.600,9315.400,0.442,2.098,97.259,0.035,0.0,0.166,1493168852.149,
0.401,2.167,97.251,0.040,0.0,0.140,0.0,61440.0,284725054.600,94259.200,0.0,0.0,4872.200,9627.200,1.0,0.0,0.400,5647945728.0,215048192.0,1.47410866176e+11,15506333696.0,0.0,0.0,0.0,61440.0,4870.600,9626.800,0.396,2.172,97.251,0.040,0.0,0.140,1493168857.149,
0.321,2.306,97.238,0.030,0.0,0.105,0.0,52428.800,228526057.0,54595.400,0.0,0.0,3949.0,8454.0,1.200,0.0,0.0,5653426176.0,215064576.0,1.47410968576e+11,15500734464.0,0.0,0.0,0.0,52428.800,3948.800,8454.0,0.326,2.305,97.234,0.030,0.0,0.105,1493168862.149,
0.437,2.188,97.200,0.030,0.0,0.146,0.0,57344.0,283319447.600,76420.0,0.0,0.0,4457.800,9008.600,1.0,0.0,0.0,5654446080.0,215085056.0,1.47411070976e+11,15499591680.0,0.0,0.0,0.0,57344.0,4464.200,9023.400,0.432,2.183,97.210,0.030,0.0,0.146,1493168867.149,
0.361,2.187,97.272,0.040,0.0,0.140,0.0,62259.200,258027296.200,74534.600,0.0,0.0,4181.0,9263.400,1.400,0.0,0.0,5651976192.0,215097344.0,1.4741118976e+11,15501930496.0,0.0,0.0,0.0,62259.200,4175.0,9248.800,0.361,2.191,97.267,0.040,0.0,0.140,1493168872.149,
0.321,2.277,97.277,0.040,0.0,0.085,0.0,53248.0,229337937.600,66295.400,0.0,0.0,3925.800,8270.200,1.400,0.0,0.0,5642489856.0,215105536.0,1.47411300352e+11,15511298048.0,0.0,0.0,0.0,53248.0,3930.0,8269.800,0.326,2.272,97.277,0.040,0.0,0.085,1493168877.149,
0.406,2.192,97.221,0.030,0.0,0.151,0.0,61440.0,265595226.200,75154.400,0.0,0.0,4308.0,8525.200,1.0,0.0,0.0,5660422144.0,215121920.0,1.47411402752e+11,15493246976.0,0.0,0.0,0.0,61440.0,4303.0,8532.200,0.401,2.198,97.220,0.030,0.0,0.151,1493168882.149,
0.426,2.196,97.178,0.035,0.0,0.165,0.0,53248.0,290461735.800,79211.0,0.0,0.0,4483.200,9466.400,1.800,0.0,0.400,5650153472.0,215134208.0,1.47411505152e+11,15503400960.0,0.0,0.0,0.0,53248.0,4484.200,9459.600,0.431,2.196,97.173,0.035,0.0,0.165,1493168887.149,
0.487,2.118,97.229,0.045,0.0,0.120,0.0,66355.200,348723471.0,117174.600,0.0,0.0,5166.400,10031.400,1.200,0.0,0.0,5659078656.0,215146496.0,1.4741161984e+11,15494348800.0,0.0,0.0,0.0,66355.200,5170.0,10034.0,0.487,2.113,97.234,0.045,0.0,0.120,1493168892.149,
0.411,2.167,97.236,0.030,0.0,0.155,0.0,67174.400,284790045.600,86623.0,0.0,0.0,4832.400,9071.0,1.0,0.0,0.0,5655273472.0,215150592.0,1.474117632e+11,15498006528.0,0.0,0.0,0.0,67174.400,4827.800,9068.0,0.406,2.172,97.236,0.030,0.0,0.155,1493168897.149,
0.386,2.086,97.342,0.030,0.0,0.155,0.0,53248.0,311518791.0,96913.200,0.0,0.0,4748.200,10577.600,1.200,0.0,0.0,5642620928.0,215158784.0,1.47411861504e+11,15510552576.0,0.0,0.0,0.0,53248.0,4750.200,10578.200,0.391,2.081,97.342,0.030,0.0,0.155,1493168902.149,
0.401,2.192,97.252,0.030,0.0,0.125,0.0,58163.200,275506198.800,73955.600,0.0,0.0,4371.800,9104.200,1.800,0.0,0.0,5655867392.0,215158784.0,1.4741198848e+11,15497179136.0,0.0,0.0,0.0,58163.200,4369.800,9104.0,0.401,2.197,97.247,0.030,0.0,0.125,1493168907.149,
0.421,2.177,97.181,0.035,0.0,0.186,0.0,54886.400,261879974.600,62999.200,0.0,0.0,4204.200,8678.200,1.0,0.0,0.200,5662613504.0,215166976.0,1.47412086784e+11,15490326528.0,0.0,0.0,0.0,54886.400,4207.0,8677.800,0.416,2.177,97.186,0.035,0.0,0.186,1493168912.149,
0.396,2.182,97.252,0.015,0.0,0.155,0.0,60620.800,271589414.400,70630.400,0.0,0.0,4349.0,9095.400,1.400,0.0,0.0,5664096256.0,215166976.0,1.4741219328e+11,15488737280.0,0.0,0.0,0.0,60620.800,4346.600,9096.0,0.396,2.182,97.252,0.015,0.0,0.155,1493168917.149,
0.371,2.211,97.227,0.030,0.0,0.160,0.0,59801.600,257676874.800,72015.200,0.0,0.0,4222.800,8734.400,1.200,0.0,0.400,5647716352.0,215175168.0,1.4741231616e+11,15504986112.0,0.0,0.0,0.0,59801.600,4226.800,8736.600,0.371,2.211,97.227,0.030,0.0,0.160,1493168922.149,
0.361,2.177,97.341,0.0,0.0,0.120,0.0,58982.400,288626137.200,92789.200,0.0,0.0,4535.0,10111.200,1.200,0.0,0.0,5647863808.0,215183360.0,1.47412414464e+11,15504732160.0,0.0,0.0,0.0,58982.400,4532.800,10108.800,0.366,2.177,97.337,0.0,0.0,0.120,1493168927.149,
0.422,2.163,97.285,0.005,0.0,0.125,0.0,57344.0,293247826.600,102025.800,0.0,0.0,4669.800,10080.600,1.400,0.0,0.0,5631500288.0,215183360.0,1.47412537344e+11,15520972800.0,0.0,0.0,0.0,57344.0,4674.600,10083.0,0.422,2.163,97.285,0.005,0.0,0.125,1493168932.149,
0.391,2.157,97.312,0.010,0.0,0.130,0.0,56524.800,284304359.200,90129.800,0.0,0.0,4442.400,9545.800,1.200,0.0,0.0,5646163968.0,215191552.0,1.47412652032e+11,15506186240.0,0.0,0.0,0.0,56524.800,4435.400,9543.400,0.386,2.152,97.322,0.010,0.0,0.130,1493168937.149,
0.376,2.143,97.365,0.030,0.0,0.085,0.0,54886.400,266318819.400,93220.0,0.0,0.0,4428.600,9790.600,0.800,0.0,0.0,5658243072.0,215191552.0,1.47412770816e+11,15493988352.0,0.0,0.0,0.0,54886.400,4429.0,9790.400,0.381,2.148,97.356,0.030,0.0,0.085,1493168942.149,
0.386,2.217,96.905,0.331,0.0,0.161,0.0,6643712.0,259133787.200,59985.600,0.0,0.0,4258.0,9220.0,1.800,0.0,0.0,5637910528.0,215232512.0,1.47397271552e+11,15529779200.0,0.0,0.0,0.0,6643712.0,4258.0,9220.200,0.386,2.213,96.909,0.331,0.0,0.161,1493168947.149,
0.170,0.882,98.882,0.005,0.0,0.060,0.0,86835.200,112745089.800,31191.800,0.0,0.0,2101.200,7913.0,0.200,0.0,1.0,5467070464.0,215236608.0,1.47397378048e+11,15700508672.0,0.0,0.0,0.0,86835.200,2100.400,7912.600,0.165,0.882,98.887,0.005,0.0,0.060,1493168952.149,
