"Dstat 0.7.2 CSV output"
"Author:","Dag Wieers <dag@wieers.com>",,,,"URL:","http://dag.wieers.com/home-made/dstat/"
"Host:","client0.skyhook-1osds.skyhook-pg0.wisc.cloudlab.us",,,,"User:","jlefevre"
"Cmdline:","dstat -av --epoch --integer --noheaders --output 1osd.dstat-client0.log 5",,,,"Date:","25 Apr 2017 15:29:27 CDT"

"total cpu usage",,,,,,"dsk/total",,"net/total",,"paging",,"system",,"procs",,,"memory usage",,,,"paging",,"dsk/total",,"system",,"total cpu usage",,,,,,"epoch"
"usr","sys","idl","wai","hiq","siq","read","writ","recv","send","in","out","int","csw","run","blk","new","used","buff","cach","free","in","out","read","writ","int","csw","usr","sys","idl","wai","hiq","siq","epoch"
0.035,0.045,99.900,0.010,0.0,0.010,0.0,21299.200,40567.600,967.800,0.0,0.0,705.0,6862.800,0.200,0.0,0.0,5483655168.0,194871296.0,1.47416170496e+11,15685496832.0,0.0,0.0,0.0,21299.200,705.0,6862.800,0.035,0.050,99.895,0.010,0.0,0.010,1493161117.149,
0.231,1.549,98.120,0.020,0.0,0.080,0.0,18022.400,145170392.200,36291.600,0.0,0.0,3049.800,7972.200,1.0,0.0,5.800,5639839744.0,194883584.0,1.47416178688e+11,15529291776.0,0.0,0.0,0.0,18022.400,3050.200,7972.600,0.236,1.544,98.120,0.020,0.0,0.080,1493161122.149,
0.291,2.266,97.263,0.055,0.0,0.125,0.0,54067.200,219396617.200,49507.800,0.0,0.0,3907.200,8277.400,1.0,0.0,0.800,5630517248.0,194883584.0,1.47416276992e+11,15538515968.0,0.0,0.0,0.0,54067.200,3907.200,8277.400,0.286,2.271,97.263,0.055,0.0,0.125,1493161127.149,
0.256,2.343,97.241,0.060,0.0,0.100,0.0,55705.600,181847105.800,38403.800,0.0,0.0,3619.0,8342.800,1.0,0.0,0.0,5624729600.0,194891776.0,1.47416375296e+11,15544197120.0,0.0,0.0,0.0,55705.600,3621.0,8342.800,0.256,2.342,97.241,0.060,0.0,0.100,1493161132.149,
0.251,2.262,97.301,0.055,0.0,0.130,0.0,51609.600,215913781.800,46021.800,0.0,0.0,4038.600,8487.800,1.0,0.0,0.400,5628297216.0,194912256.0,1.47416457216e+11,15540527104.0,0.0,0.0,0.0,51609.600,4038.800,8488.200,0.251,2.257,97.306,0.055,0.0,0.130,1493161137.149,
0.311,2.208,97.250,0.050,0.0,0.181,0.0,58163.200,204722507.0,38858.800,0.0,0.0,3547.400,8111.400,1.0,0.0,0.0,5638500352.0,194932736.0,1.47416559616e+11,15530201088.0,0.0,0.0,0.0,58163.200,3545.0,8110.600,0.311,2.208,97.250,0.050,0.0,0.181,1493161142.149,
0.336,2.253,97.171,0.050,0.0,0.191,0.0,60620.800,221129940.200,43207.400,0.0,0.0,4027.200,8365.600,1.600,0.0,0.400,5639663616.0,194932736.0,1.47416662016e+11,15528935424.0,0.0,0.0,0.0,60620.800,4028.0,8366.200,0.336,2.257,97.166,0.050,0.0,0.191,1493161147.149,
0.341,2.222,97.191,0.050,0.0,0.196,0.0,69632.0,205796475.800,38662.600,0.0,0.0,3980.800,7987.800,1.0,0.0,0.0,5638877184.0,194961408.0,1.47416768512e+11,15529586688.0,0.0,0.0,0.0,69632.0,3980.400,7987.600,0.346,2.222,97.186,0.050,0.0,0.196,1493161152.149,
0.336,2.242,97.186,0.060,0.0,0.176,0.0,68812.800,201380585.800,37340.600,0.0,0.0,3724.600,8300.400,1.400,0.0,0.400,5639118848.0,194985984.0,1.47416866816e+11,15529222144.0,0.0,0.0,0.0,68812.800,3724.800,8300.400,0.331,2.242,97.191,0.060,0.0,0.176,1493161157.149,
0.321,2.233,97.215,0.040,0.0,0.191,0.0,49152.0,211667213.200,41618.200,0.0,0.0,3885.800,8162.600,1.200,0.0,0.400,5640847360.0,195006464.0,1.47416952832e+11,15527387136.0,0.0,0.0,0.0,49152.0,3890.0,8162.600,0.321,2.233,97.215,0.040,0.0,0.191,1493161162.149,
0.336,2.268,97.170,0.055,0.0,0.171,0.0,55705.600,213948723.0,41127.800,0.0,0.0,4011.400,7978.600,1.400,0.0,0.600,5639020544.0,195018752.0,1.47417051136e+11,15529103360.0,0.0,0.0,0.0,55705.600,4009.0,7979.400,0.341,2.263,97.170,0.055,0.0,0.171,1493161167.149,
0.321,2.202,97.252,0.020,0.0,0.206,0.0,52428.800,233733662.0,48096.0,0.0,0.0,4079.0,8708.0,1.0,0.0,0.400,5643382784.0,195047424.0,1.47417141248e+11,15524622336.0,0.0,0.0,0.0,52428.800,4076.800,8707.200,0.316,2.207,97.252,0.020,0.0,0.206,1493161172.149,
0.281,2.172,97.376,0.045,0.0,0.125,0.0,59801.600,285713098.0,70143.600,0.0,0.0,4667.600,9656.600,0.800,0.0,0.0,5645594624.0,195067904.0,1.47417247744e+11,15522283520.0,0.0,0.0,0.0,59801.600,4668.0,9656.800,0.286,2.167,97.377,0.045,0.0,0.125,1493161177.149,
0.276,2.305,97.304,0.040,0.0,0.075,0.0,55705.600,210197194.0,62768.400,0.0,0.0,4043.0,8415.800,1.200,0.0,0.400,5642686464.0,195072000.0,1.47417362432e+11,15525072896.0,0.0,0.0,0.0,55705.600,4042.600,8416.400,0.276,2.305,97.304,0.040,0.0,0.075,1493161182.149,
0.392,2.215,97.263,0.040,0.0,0.090,0.0,72089.600,263148318.800,86630.200,0.0,0.0,4409.400,9171.800,1.0,0.0,0.0,5646438400.0,195084288.0,1.47417460736e+11,15521210368.0,0.0,0.0,0.0,72089.600,4409.200,9170.600,0.392,2.220,97.258,0.040,0.0,0.090,1493161187.149,
0.412,2.129,97.179,0.050,0.0,0.231,0.0,58163.200,270652703.600,57051.800,0.0,0.0,5048.200,8452.200,1.200,0.0,0.400,5657141248.0,195092480.0,1.47417567232e+11,15510392832.0,0.0,0.0,0.0,58163.200,5050.200,8452.600,0.412,2.124,97.183,0.050,0.0,0.231,1493161192.149,
0.401,2.137,97.180,0.040,0.0,0.241,0.0,58982.400,264294235.200,58396.400,0.0,0.0,4617.600,8097.400,1.400,0.0,0.800,5662732288.0,195104768.0,1.47417686016e+11,15504670720.0,0.0,0.0,0.0,58982.400,4615.600,8097.0,0.396,2.137,97.185,0.040,0.0,0.241,1493161197.149,
0.326,2.143,97.305,0.050,0.0,0.176,0.0,61440.0,243552716.600,61806.200,0.0,0.0,4158.200,8818.800,1.0,0.0,0.200,5650673664.0,195121152.0,1.47417788416e+11,15516610560.0,0.0,0.0,0.0,61440.0,4158.400,8819.200,0.326,2.148,97.300,0.050,0.0,0.176,1493161202.149,
0.296,2.252,97.307,0.040,0.0,0.105,0.0,54067.200,226365580.600,75383.600,0.0,0.0,4135.600,9414.600,1.400,0.0,0.400,5646073856.0,195137536.0,1.47417894912e+11,15521087488.0,0.0,0.0,0.0,54067.200,4136.0,9414.600,0.296,2.247,97.311,0.040,0.0,0.105,1493161207.149,
0.346,1.987,97.421,0.045,0.0,0.201,0.0,58163.200,345414534.200,137095.200,0.0,0.0,5328.200,11685.600,1.200,0.0,0.0,5645160448.0,195170304.0,1.47417993216e+11,15521869824.0,0.0,0.0,0.0,58163.200,5329.200,11687.400,0.346,1.987,97.421,0.045,0.0,0.201,1493161212.149,
0.507,1.857,97.400,0.045,0.0,0.191,0.0,63897.600,452632315.800,194862.800,0.0,0.0,6278.0,13584.0,1.0,0.0,0.400,5653856256.0,195170304.0,1.47418128384e+11,15513038848.0,0.0,0.0,0.0,63897.600,6276.800,13582.0,0.507,1.857,97.401,0.045,0.0,0.191,1493161217.149,
0.371,2.127,97.215,0.050,0.0,0.236,0.0,77824.0,268432599.0,67467.200,0.0,0.0,4527.800,8968.400,1.400,0.0,0.0,5650509824.0,195186688.0,1.47418292224e+11,15516205056.0,0.0,0.0,0.0,77824.0,4528.400,8970.0,0.371,2.127,97.216,0.050,0.0,0.236,1493161222.149,
0.411,2.167,97.156,0.045,0.0,0.221,0.0,58982.400,248706540.400,47748.600,0.0,0.0,4413.600,8073.400,1.200,0.0,0.800,5652344832.0,195194880.0,1.47418415104e+11,15514238976.0,0.0,0.0,0.0,58982.400,4415.0,8072.800,0.411,2.172,97.151,0.045,0.0,0.221,1493161227.150,
0.351,2.188,97.205,0.035,0.0,0.221,0.0,58982.400,226804555.600,43006.200,0.0,0.0,4251.400,8460.0,1.200,0.0,0.800,5649264640.0,195211264.0,1.47418525696e+11,15517192192.0,0.0,0.0,0.0,58982.400,4253.200,8459.600,0.351,2.188,97.205,0.035,0.0,0.221,1493161232.149,
0.502,1.832,97.305,0.055,0.0,0.306,0.0,58982.400,387486551.0,123979.600,0.0,0.0,5873.800,10681.800,1.200,0.0,0.0,5651255296.0,195235840.0,1.47418624e+11,15515078656.0,0.0,0.0,0.0,58982.400,5874.600,10681.400,0.502,1.832,97.304,0.055,0.0,0.306,1493161237.149,
0.487,1.761,97.466,0.045,0.0,0.241,0.0,63897.600,454030147.400,189742.400,0.0,0.0,6383.200,13038.0,1.200,0.0,0.400,5669113856.0,195244032.0,1.47418771456e+11,15497064448.0,0.0,0.0,0.0,63897.600,6378.200,13037.600,0.487,1.756,97.471,0.045,0.0,0.241,1493161242.149,
0.437,1.968,97.299,0.065,0.0,0.231,0.0,70451.200,352876960.800,124384.400,0.0,0.0,5154.200,11136.400,1.0,0.0,0.0,5654900736.0,195252224.0,1.47418914816e+11,15511126016.0,0.0,0.0,0.0,70451.200,5154.200,11136.400,0.437,1.973,97.294,0.065,0.0,0.231,1493161247.149,
0.517,1.832,97.324,0.045,0.0,0.281,0.0,62259.200,385729096.400,124325.800,0.0,0.0,5627.0,10278.0,1.200,0.0,0.400,5655625728.0,195264512.0,1.47419049984e+11,15510253568.0,0.0,0.0,0.0,62259.200,5627.800,10278.600,0.522,1.827,97.324,0.045,0.0,0.281,1493161252.149,
0.406,2.077,97.145,0.060,0.0,0.311,0.0,75366.400,271230523.400,52838.200,0.0,0.0,4449.200,7961.0,1.400,0.0,0.400,5672890368.0,195284992.0,1.47419193344e+11,15492825088.0,0.0,0.0,0.0,75366.400,4451.600,7962.400,0.401,2.082,97.146,0.060,0.0,0.311,1493161257.149,
0.552,1.943,96.927,0.331,0.0,0.246,0.0,9637888.0,429214783.200,165888.800,0.0,0.0,6201.400,12584.600,0.800,0.200,0.400,5641760768.0,195346432.0,1.4739910656e+11,15543980032.0,0.0,0.0,0.0,9637888.0,6198.400,12583.0,0.552,1.943,96.927,0.331,0.0,0.246,1493161262.149,
0.443,2.052,97.319,0.060,0.0,0.126,0.0,81920.0,364545191.400,189790.800,0.0,0.0,5738.200,10676.0,1.400,0.0,0.400,5637394432.0,195358720.0,1.47399266304e+11,15548174336.0,0.0,0.0,0.0,81920.0,5745.600,10685.0,0.443,2.047,97.324,0.060,0.0,0.126,1493161267.149,
0.507,1.598,97.564,0.060,0.0,0.271,0.0,63078.400,412422101.400,154898.800,0.0,0.0,6057.800,10603.600,0.800,0.0,0.600,5650685952.0,195375104.0,1.47399397376e+11,15534735360.0,0.0,0.0,0.0,63078.400,6050.600,10597.200,0.512,1.602,97.554,0.060,0.0,0.271,1493161272.149,
0.437,2.047,97.190,0.045,0.0,0.281,0.0,67174.400,306640913.800,75127.200,0.0,0.0,5025.200,8952.0,1.0,0.0,1.0,5654286336.0,195399680.0,1.47399565312e+11,15530942464.0,0.0,0.0,0.0,67174.400,5025.200,8949.600,0.432,2.047,97.195,0.045,0.0,0.281,1493161277.149,
0.527,1.470,97.682,0.055,0.0,0.266,0.0,64716.800,472346627.0,182734.400,0.0,0.0,6555.400,13118.600,1.200,0.0,0.400,5643980800.0,195420160.0,1.47399692288e+11,15541100544.0,0.0,0.0,0.0,64716.800,6561.0,13124.0,0.527,1.470,97.682,0.055,0.0,0.266,1493161282.149,
0.381,1.881,97.482,0.040,0.0,0.216,0.0,71270.400,329784504.600,107831.200,0.0,0.0,5146.0,10407.0,1.0,0.0,0.400,5668618240.0,195440640.0,1.47399856128e+11,15516278784.0,0.0,0.0,0.0,71270.400,5140.400,10403.200,0.381,1.876,97.487,0.040,0.0,0.216,1493161287.149,
0.577,1.888,97.088,0.045,0.0,0.402,0.0,106496.0,402787751.200,96264.0,0.0,0.0,5769.400,9352.800,0.800,0.0,0.400,5650046976.0,195465216.0,1.473999872e+11,15534694400.0,0.0,0.0,0.0,106496.0,5774.600,9353.800,0.577,1.887,97.089,0.045,0.0,0.402,1493161292.149,
0.537,1.943,97.103,0.060,0.0,0.356,0.0,68812.800,346353870.800,76909.800,0.0,0.0,5440.0,8706.0,1.0,0.0,0.0,5658927104.0,195481600.0,1.4740013056e+11,15525654528.0,0.0,0.0,0.0,68812.800,5435.0,8703.200,0.542,1.943,97.098,0.060,0.0,0.356,1493161297.149,
0.366,2.082,97.265,0.050,0.0,0.236,0.0,62259.200,283032154.200,72690.800,0.0,0.0,4856.200,9048.600,1.400,0.0,1.0,5660667904.0,195485696.0,1.47400269824e+11,15523770368.0,0.0,0.0,0.0,62259.200,4855.600,9048.200,0.361,2.083,97.270,0.050,0.0,0.236,1493161302.149,
0.467,1.842,97.435,0.060,0.0,0.196,0.0,61440.0,468883515.600,154608.0,0.0,0.0,6429.200,12132.600,0.800,0.0,0.200,5659566080.0,195497984.0,1.474003968e+11,15524732928.0,0.0,0.0,0.0,61440.0,6429.600,12133.0,0.467,1.842,97.435,0.060,0.0,0.196,1493161307.149,
0.557,1.802,97.354,0.050,0.0,0.236,0.0,73728.0,492547659.200,161745.600,0.0,0.0,6832.200,11802.800,0.800,0.0,0.400,5658959872.0,195497984.0,1.4740056064e+11,15525175296.0,0.0,0.0,0.0,73728.0,6831.800,11802.400,0.557,1.807,97.349,0.050,0.0,0.236,1493161312.149,
0.573,2.106,97.094,0.055,0.0,0.171,0.0,68812.800,421557668.0,135336.800,0.0,0.0,6263.0,9471.600,1.200,0.0,0.0,5664972800.0,195522560.0,1.47400720384e+11,15518978048.0,0.0,0.0,0.0,68812.800,6263.0,9471.600,0.578,2.106,97.089,0.055,0.0,0.171,1493161317.149,
0.577,1.952,97.094,0.045,0.0,0.331,0.0,62259.200,380558819.0,78782.0,0.0,0.0,5856.800,8544.600,0.800,0.0,0.0,5653958656.0,195526656.0,1.47400855552e+11,15529852928.0,0.0,0.0,0.0,62259.200,5856.800,8544.600,0.572,1.953,97.099,0.045,0.0,0.331,1493161322.149,
0.522,1.938,97.133,0.055,0.0,0.351,0.0,72908.800,365664758.400,78887.0,0.0,0.0,5668.600,8690.0,1.0,0.0,0.0,5656350720.0,195543040.0,1.4740099072e+11,15527309312.0,0.0,0.0,0.0,72908.800,5668.800,8690.400,0.522,1.938,97.133,0.055,0.0,0.351,1493161327.149,
0.542,1.892,97.159,0.050,0.0,0.356,0.0,63897.600,402863448.800,140544.800,0.0,0.0,6028.400,9938.200,1.200,0.0,0.400,5657120768.0,195555328.0,1.47401129984e+11,15526387712.0,0.0,0.0,0.0,63897.600,6028.200,9937.800,0.542,1.892,97.159,0.050,0.0,0.356,1493161332.149,
0.607,1.862,96.692,0.567,0.0,0.271,0.0,8673689.600,467207738.400,173280.200,0.0,0.0,6634.600,12816.600,1.0,0.400,0.0,5657788416.0,195633152.0,1.4739795968e+11,15528812544.0,0.0,0.0,0.0,8673689.600,6638.400,12816.800,0.607,1.857,96.697,0.567,0.0,0.271,1493161337.149,
0.652,1.039,97.852,0.060,0.0,0.396,0.0,65536.0,515872915.200,168611.200,0.0,0.0,6686.400,11362.200,1.200,0.0,0.0,5648252928.0,195657728.0,1.47398111232e+11,15538171904.0,0.0,0.0,0.0,65536.0,6687.400,11364.600,0.657,1.039,97.842,0.060,0.0,0.401,1493161342.149,
0.667,1.219,97.546,0.055,0.0,0.512,0.0,63078.400,497369855.800,134731.800,0.0,0.0,6664.400,10128.0,1.600,0.0,0.200,5671026688.0,195665920.0,1.47398279168e+11,15515222016.0,0.0,0.0,0.0,63078.400,6660.600,10125.800,0.662,1.225,97.551,0.055,0.0,0.507,1493161347.149,
0.421,1.976,97.371,0.050,0.0,0.181,0.0,67993.600,389665223.0,148977.200,0.0,0.0,5562.800,12379.800,1.200,0.0,0.0,5679636480.0,195694592.0,1.473984512e+11,15506411520.0,0.0,0.0,0.0,67993.600,5561.800,12379.400,0.421,1.977,97.371,0.050,0.0,0.181,1493161352.149,
0.356,2.022,97.375,0.060,0.0,0.186,0.0,58163.200,331817307.200,108613.0,0.0,0.0,5097.800,10735.200,1.0,0.0,0.0,5669527552.0,195702784.0,1.47398590464e+11,15516372992.0,0.0,0.0,0.0,58163.200,5102.400,10738.800,0.356,2.017,97.381,0.060,0.0,0.186,1493161357.149,
0.331,2.071,97.362,0.050,0.0,0.186,0.0,100761.600,310669841.0,100185.400,0.0,0.0,5201.200,10221.0,1.200,0.0,0.0,5675028480.0,195727360.0,1.47398721536e+11,15510716416.0,0.0,0.0,0.0,100761.600,5196.800,10218.600,0.336,2.076,97.352,0.050,0.0,0.186,1493161362.149,
0.341,2.169,97.285,0.050,0.0,0.155,0.0,54886.400,330293298.200,98020.0,0.0,0.0,5039.400,10468.200,1.0,0.0,0.400,5672329216.0,195743744.0,1.47398828032e+11,15513292800.0,0.0,0.0,0.0,54886.400,5039.400,10467.0,0.336,2.169,97.289,0.050,0.0,0.155,1493161367.149,
0.311,2.091,97.347,0.040,0.0,0.211,0.0,63078.400,308685568.200,82627.800,0.0,0.0,4946.200,9986.400,1.0,0.0,0.0,5675544576.0,195756032.0,1.47398975488e+11,15509917696.0,0.0,0.0,0.0,63078.400,4947.200,9986.400,0.311,2.086,97.352,0.040,0.0,0.211,1493161372.149,
0.632,1.260,97.526,0.161,0.0,0.422,0.0,1033830.400,482772840.0,152443.600,0.0,0.0,6574.0,10519.800,1.600,0.200,0.0,5658484736.0,195825664.0,1.47397922816e+11,15527960576.0,0.0,0.0,0.0,1033830.400,6576.200,10520.200,0.632,1.260,97.526,0.161,0.0,0.422,1493161377.149,
0.592,1.225,97.736,0.045,0.0,0.402,0.0,94208.0,473992604.200,154283.0,0.0,0.0,6209.0,10944.0,0.800,0.0,0.0,5669253120.0,195842048.0,1.47398078464e+11,15517020160.0,0.0,0.0,0.0,94208.0,6205.400,10943.600,0.592,1.225,97.736,0.045,0.0,0.402,1493161382.149,
0.653,1.045,97.876,0.035,0.0,0.392,0.0,64716.800,496647100.0,147905.600,0.0,0.0,6520.600,10220.400,1.0,0.0,0.0,5671538688.0,195866624.0,1.473982464e+11,15514542080.0,0.0,0.0,0.0,64716.800,6525.600,10229.200,0.653,1.045,97.876,0.035,0.0,0.392,1493161387.149,
0.517,1.657,97.495,0.020,0.0,0.311,0.0,63078.400,426228209.400,168633.200,0.0,0.0,6089.800,11875.800,1.0,0.0,0.0,5683642368.0,195883008.0,1.47398414336e+11,15502254080.0,0.0,0.0,0.0,63078.400,6090.0,11868.800,0.522,1.656,97.490,0.020,0.0,0.311,1493161392.149,
0.487,1.762,97.490,0.035,0.0,0.226,0.0,62259.200,478571364.200,203537.600,0.0,0.0,6500.400,14080.200,1.0,0.0,0.400,5679509504.0,195911680.0,1.47398569984e+11,15506202624.0,0.0,0.0,0.0,62259.200,6496.600,14079.0,0.487,1.767,97.485,0.035,0.0,0.226,1493161397.149,
0.582,1.627,97.414,0.020,0.0,0.356,0.0,66355.200,435762430.600,121742.200,0.0,0.0,6120.800,9958.0,1.0,0.0,0.0,5675323392.0,195923968.0,1.4739873792e+11,15510208512.0,0.0,0.0,0.0,66355.200,6121.800,9957.800,0.582,1.622,97.419,0.020,0.0,0.356,1493161402.149,
0.642,1.043,97.868,0.060,0.0,0.386,0.0,66355.200,497282099.800,158557.200,0.0,0.0,6799.600,11135.400,0.800,0.0,0.0,5675724800.0,195940352.0,1.47398893568e+11,15509635072.0,0.0,0.0,0.0,66355.200,6802.0,11135.0,0.637,1.048,97.868,0.060,0.0,0.386,1493161407.149,
0.617,0.758,98.178,0.025,0.0,0.422,0.0,63897.600,497579008.400,161503.400,0.0,0.0,6422.800,11117.200,1.200,0.0,0.0,5664382976.0,195956736.0,1.47399049216e+11,15520804864.0,0.0,0.0,0.0,63897.600,6425.0,11122.600,0.617,0.758,98.178,0.025,0.0,0.422,1493161412.149,
0.547,1.637,97.460,0.040,0.0,0.316,0.0,75366.400,486165515.400,173079.0,0.0,0.0,6656.0,11500.800,1.200,0.0,0.0,5678395392.0,195977216.0,1.47399225344e+11,15506595840.0,0.0,0.0,0.0,75366.400,6649.400,11495.800,0.547,1.636,97.460,0.040,0.0,0.316,1493161417.149,
0.507,1.761,97.436,0.040,0.0,0.256,0.0,66355.200,501331018.400,215264.400,0.0,0.0,6898.600,14098.0,0.600,0.0,0.0,5678542848.0,195993600.0,1.47399389184e+11,15506268160.0,0.0,0.0,0.0,66355.200,6898.400,14097.600,0.512,1.761,97.431,0.040,0.0,0.256,1493161422.149,
0.598,1.603,97.433,0.035,0.0,0.332,0.0,63897.600,489606012.600,162098.800,0.0,0.0,6543.800,11309.800,1.0,0.0,0.400,5689860096.0,196009984.0,1.47399561216e+11,15494762496.0,0.0,0.0,0.0,63897.600,6544.200,11310.200,0.598,1.603,97.433,0.035,0.0,0.332,1493161427.149,
0.723,1.416,97.248,0.050,0.0,0.562,0.0,68812.800,494668321.400,105810.0,0.0,0.0,6722.400,8878.0,1.0,0.0,0.0,5663584256.0,196026368.0,1.47399733248e+11,15520849920.0,0.0,0.0,0.0,68812.800,6721.800,8877.600,0.718,1.411,97.258,0.050,0.0,0.562,1493161432.149,
0.618,1.131,97.914,0.045,0.0,0.292,0.0,65536.0,471526622.600,209909.0,0.0,0.0,6319.800,10261.200,1.200,0.0,0.0,5690314752.0,196030464.0,1.473998848e+11,15493963776.0,0.0,0.0,0.0,65536.0,6320.0,10261.200,0.623,1.131,97.909,0.045,0.0,0.292,1493161437.149,
0.411,1.906,97.431,0.045,0.0,0.206,0.0,68812.800,382029817.400,153051.800,0.0,0.0,5549.0,12383.800,0.800,0.0,0.0,5678071808.0,196050944.0,1.47400052736e+11,15506018304.0,0.0,0.0,0.0,68812.800,5554.200,12392.400,0.406,1.911,97.431,0.045,0.0,0.206,1493161442.149,
0.407,1.882,97.471,0.045,0.0,0.196,0.0,60620.800,384661758.0,156004.200,0.0,0.0,5664.400,12340.600,0.800,0.0,0.0,5682507776.0,196059136.0,1.47400200192e+11,15501426688.0,0.0,0.0,0.0,60620.800,5659.400,12332.400,0.407,1.882,97.471,0.045,0.0,0.196,1493161447.149,
0.477,1.762,97.490,0.040,0.0,0.231,0.0,68812.800,469023281.200,203068.200,0.0,0.0,6891.200,13867.200,0.800,0.0,0.0,5683810304.0,196083712.0,1.47400339456e+11,15499960320.0,0.0,0.0,0.0,68812.800,6893.200,13869.800,0.477,1.757,97.495,0.040,0.0,0.231,1493161452.149,
0.598,1.205,97.826,0.050,0.0,0.321,0.0,65536.0,508089232.0,196113.0,0.0,0.0,6630.600,12949.200,1.600,0.0,0.0,5690327040.0,196100096.0,1.47400491008e+11,15493275648.0,0.0,0.0,0.0,65536.0,6628.800,12948.400,0.603,1.210,97.816,0.050,0.0,0.321,1493161457.149,
0.673,1.099,97.816,0.040,0.0,0.371,0.0,61440.0,513768294.600,189960.800,0.0,0.0,6936.800,12031.600,0.400,0.0,0.0,5671014400.0,196104192.0,1.47400650752e+11,15512424448.0,0.0,0.0,0.0,61440.0,6941.400,12037.200,0.668,1.094,97.826,0.040,0.0,0.372,1493161462.149,
0.603,1.346,97.715,0.050,0.0,0.286,0.0,67174.400,514759325.800,230889.400,0.0,0.0,6952.0,13843.800,0.800,0.0,0.400,5678489600.0,196128768.0,1.47400830976e+11,15504744448.0,0.0,0.0,0.0,67174.400,6946.800,13836.0,0.603,1.346,97.715,0.050,0.0,0.286,1493161467.149,
0.633,1.260,97.660,0.055,0.0,0.392,0.0,73728.0,513790470.800,177037.400,0.0,0.0,6654.600,11882.800,1.400,0.0,0.0,5687406592.0,196136960.0,1.47401007104e+11,15495643136.0,0.0,0.0,0.0,73728.0,6654.400,11882.800,0.633,1.261,97.660,0.055,0.0,0.392,1493161472.149,
0.512,1.752,97.470,0.050,0.0,0.216,0.0,65536.0,515119952.800,225446.600,0.0,0.0,6968.0,14898.200,1.200,0.0,0.0,5683712000.0,196149248.0,1.47401170944e+11,15499161600.0,0.0,0.0,0.0,65536.0,6972.600,14900.600,0.517,1.752,97.465,0.050,0.0,0.216,1493161477.149,
0.543,1.971,97.244,0.050,0.0,0.191,0.0,69632.0,431582157.800,209906.0,0.0,0.0,6329.200,10736.0,0.800,0.0,0.0,5682532352.0,196165632.0,1.47401351168e+11,15500144640.0,0.0,0.0,0.0,69632.0,6325.0,10733.600,0.543,1.971,97.245,0.050,0.0,0.191,1493161482.149,
0.718,1.511,97.169,0.045,0.0,0.557,0.0,66355.200,493454100.600,101008.200,0.0,0.0,6753.400,9341.400,1.200,0.0,0.0,5667958784.0,196190208.0,1.47401498624e+11,15514546176.0,0.0,0.0,0.0,66355.200,6757.0,9343.400,0.718,1.511,97.169,0.045,0.0,0.557,1493161487.149,
0.597,1.485,97.537,0.035,0.0,0.346,0.0,69632.0,489633871.800,120597.200,0.0,0.0,6805.800,10274.0,1.200,0.0,0.0,5698789376.0,196210688.0,1.47401650176e+11,15483543552.0,0.0,0.0,0.0,69632.0,6806.400,10272.0,0.592,1.490,97.537,0.035,0.0,0.346,1493161492.149,
0.653,1.195,97.726,0.035,0.0,0.392,0.0,64716.800,514500803.200,112362.200,0.0,0.0,6927.600,9669.200,1.0,0.0,0.0,5685338112.0,196222976.0,1.47401826304e+11,15496806400.0,0.0,0.0,0.0,64716.800,6927.0,9669.600,0.653,1.190,97.726,0.035,0.0,0.397,1493161497.149,
0.722,1.113,97.608,0.115,0.0,0.441,0.0,1406566.400,521646582.200,110442.800,0.0,0.0,6826.200,9943.200,1.0,0.200,0.600,5673795584.0,196263936.0,1.47401998336e+11,15508135936.0,0.0,0.0,0.0,1406566.400,6824.0,9945.600,0.727,1.113,97.608,0.115,0.0,0.436,1493161502.149,
0.688,1.024,97.837,0.050,0.0,0.401,0.0,102400.0,516058342.400,106418.400,0.0,0.0,6852.400,9509.200,0.800,0.0,0.0,5684756480.0,196268032.0,1.47402166272e+11,15497003008.0,0.0,0.0,0.0,102400.0,6856.600,9506.800,0.688,1.024,97.837,0.050,0.0,0.401,1493161507.149,
0.090,0.316,99.479,0.055,0.0,0.060,0.0,71270.400,47232737.800,9796.0,0.0,0.0,1458.400,7371.200,0.0,0.0,1.0,5499420672.0,196300800.0,1.47402326016e+11,15682146304.0,0.0,0.0,0.0,71270.400,1452.600,7370.800,0.085,0.321,99.479,0.055,0.0,0.060,1493161512.149,
