"Dstat 0.7.2 CSV output"
"Author:","Dag Wieers <dag@wieers.com>",,,,"URL:","http://dag.wieers.com/home-made/dstat/"
"Host:","osd0.skyhook-1osds.skyhook-pg0.wisc.cloudlab.us",,,,"User:","jlefevre"
"Cmdline:","dstat -av --epoch --integer --noheaders --output 1osd.dstat-osd0.log 5",,,,"Date:","25 Apr 2017 15:29:30 CDT"

"total cpu usage",,,,,,"dsk/total",,"net/total",,"paging",,"system",,"procs",,,"memory usage",,,,"paging",,"dsk/total",,"system",,"total cpu usage",,,,,,"epoch"
"usr","sys","idl","wai","hiq","siq","read","writ","recv","send","in","out","int","csw","run","blk","new","used","buff","cach","free","in","out","read","writ","int","csw","usr","sys","idl","wai","hiq","siq","epoch"
0.065,2.346,97.559,0.025,0.0,0.005,68812.800,20480.0,2250.400,40274.200,0.0,0.0,743.400,968.800,1.0,0.0,5.400,5735010304.0,1257472.0,60802129920.0,1.02241796096e+11,0.0,0.0,68812.800,20480.0,742.0,968.800,0.065,2.346,97.559,0.025,0.0,0.005,1493184165.821,
0.866,2.102,95.487,1.511,0.0,0.035,102421299.200,24576.0,32200.200,85521052.600,0.0,0.0,2812.200,2538.600,1.400,3.0,4.800,5712388096.0,1327104.0,621043712.0,1.6244543488e+11,0.0,0.0,102709657.600,24576.0,2820.0,2542.200,0.871,2.106,95.467,1.521,0.0,0.035,1493184170.820,
4.191,2.316,85.721,7.671,0.0,0.100,472281088.0,4915.200,119140.400,504097004.400,0.0,0.0,12443.600,8454.0,1.800,5.600,0.400,5664755712.0,1335296.0,2979917824.0,1.6013418496e+11,0.0,0.0,472202444.800,4915.200,12438.600,8454.200,4.191,2.311,85.726,7.671,0.0,0.100,1493184175.821,
4.322,2.276,85.575,7.717,0.0,0.110,469294284.800,2457.600,147259.0,485792347.200,0.0,0.0,11521.200,8424.600,2.400,5.200,0.0,5685121024.0,1343488.0,5327982592.0,1.57765746688e+11,0.0,0.0,469372928.0,2457.600,11526.200,8424.800,4.317,2.281,85.575,7.717,0.0,0.110,1493184180.821,
4.241,2.446,86.065,7.128,0.0,0.120,470469017.600,4915.200,164549.200,492925418.600,0.0,0.0,11385.200,8365.800,2.200,6.0,0.400,5689610240.0,1351680.0,7681265664.0,1.55407966208e+11,0.0,0.0,470442803.200,4915.200,11379.800,8365.800,4.245,2.446,86.067,7.122,0.0,0.120,1493184185.821,
4.291,2.371,86.765,6.477,0.0,0.095,468916633.600,10649.600,170559.200,482678023.600,0.0,0.0,12152.400,8417.400,3.0,4.800,0.0,5754441728.0,1368064.0,10022453248.0,1.53001930752e+11,0.0,0.0,468916633.600,10649.600,12156.600,8416.800,4.297,2.372,86.758,6.478,0.0,0.095,1493184190.821,
4.099,2.370,86.886,6.554,0.0,0.090,473792512.0,8192.0,132966.600,496735438.600,0.0,0.0,11300.800,8466.0,3.200,5.400,0.0,5739909120.0,1376256.0,12393336832.0,1.50645571584e+11,0.0,0.0,473766297.600,8192.0,11301.400,8468.400,4.099,2.365,86.887,6.559,0.0,0.090,1493184195.821,
4.215,2.516,86.800,6.390,0.0,0.080,471166156.800,8192.0,127198.400,494316797.0,0.0,0.0,11641.600,8397.0,2.600,5.400,0.0,5730906112.0,1384448.0,14748012544.0,1.48299890688e+11,0.0,0.0,471192371.200,8192.0,11642.600,8394.800,4.210,2.516,86.805,6.390,0.0,0.080,1493184200.821,
4.253,2.414,88.119,5.044,0.0,0.170,472665292.800,4915.200,234741.200,492964317.600,0.0,0.0,11304.400,8569.600,1.0,6.400,2.400,5735755776.0,1392640.0,17109712896.0,1.4593333248e+11,0.0,0.0,472691507.200,4915.200,11300.600,8569.600,4.248,2.414,88.129,5.039,0.0,0.170,1493184205.821,
4.321,2.611,86.271,6.716,0.0,0.080,478537318.400,13107.200,219863.0,500729745.0,0.0,0.0,12412.600,8743.200,2.800,5.800,2.800,5745070080.0,1409024.0,19504431104.0,1.43529283584e+11,0.0,0.0,478537318.400,13107.200,12410.400,8743.400,4.326,2.611,86.266,6.716,0.0,0.080,1493184210.821,
4.218,2.473,86.649,6.580,0.0,0.080,465530060.800,10649.600,230912.600,486413348.200,0.0,0.0,11883.0,8458.400,3.0,3.600,0.800,5740929024.0,1417216.0,21831512064.0,1.41206335488e+11,0.0,0.0,465451417.600,10649.600,11885.800,8457.200,4.218,2.478,86.639,6.585,0.0,0.080,1493184215.821,
4.285,2.305,87.667,5.628,0.0,0.115,464055500.800,2457.600,130845.800,489203339.600,0.0,0.0,11175.600,8340.400,2.600,4.400,0.200,5728038912.0,1425408.0,24152924160.0,1.38897805312e+11,0.0,0.0,464081715.200,2457.600,11177.800,8341.400,4.280,2.300,87.682,5.623,0.0,0.115,1493184220.821,
4.197,2.512,86.402,6.804,0.0,0.085,471187456.0,9830.400,184379.0,491739820.600,0.0,0.0,11675.600,8409.800,2.800,6.0,0.0,5735849984.0,1433600.0,26510147584.0,1.36532762624e+11,0.0,0.0,471229235.200,9830.400,11676.200,8410.200,4.202,2.512,86.393,6.804,0.0,0.090,1493184225.821,
4.256,2.547,85.636,7.460,0.0,0.100,467260211.200,10649.600,193854.600,487120013.600,0.0,0.0,11770.200,8316.0,2.800,4.600,0.0,5740113920.0,1449984.0,28846297088.0,1.341923328e+11,0.0,0.0,467270860.800,10649.600,11764.400,8315.400,4.252,2.547,85.645,7.461,0.0,0.095,1493184230.821,
4.158,2.402,87.141,6.229,0.0,0.070,460339609.600,9830.400,186581.0,481044911.200,0.0,0.0,11251.800,8220.200,3.200,4.0,0.400,5743226880.0,1458176.0,31146659840.0,1.31888848896e+11,0.0,0.0,460313395.200,9830.400,11257.0,8222.0,4.162,2.407,87.136,6.224,0.0,0.070,1493184235.821,
4.306,2.486,85.794,7.339,0.0,0.075,464240640.0,4915.200,186344.0,481073772.800,0.0,0.0,11193.800,8216.600,3.600,4.200,0.0,5794271232.0,1466368.0,33468141568.0,1.29516314624e+11,0.0,0.0,464214425.600,4915.200,11194.200,8215.200,4.306,2.481,85.794,7.344,0.0,0.075,1493184240.821,
4.182,2.494,86.053,7.091,0.0,0.180,466536857.600,7372.800,194451.400,491344411.600,0.0,0.0,11786.0,8392.200,3.400,4.600,0.400,5767876608.0,1482752.0,35798474752.0,1.2721235968e+11,0.0,0.0,466552422.400,7372.800,11780.600,8391.0,4.186,2.499,86.044,7.091,0.0,0.180,1493184245.821,
4.297,2.412,85.892,7.315,0.0,0.085,472272896.0,7372.800,254801.200,491246799.200,0.0,0.0,11551.0,8478.200,2.400,5.600,0.0,5790654464.0,1495040.0,38160400384.0,1.24827643904e+11,0.0,0.0,472257331.200,7372.800,11558.800,8479.600,4.297,2.412,85.896,7.310,0.0,0.085,1493184250.821,
4.272,2.402,85.995,7.246,0.0,0.085,465147494.400,3276.800,218071.400,489577992.400,0.0,0.0,11802.800,8327.200,2.400,5.200,0.0,5775626240.0,1503232.0,40488890368.0,1.22514173952e+11,0.0,0.0,465173708.800,3276.800,11801.200,8327.200,4.262,2.397,86.005,7.251,0.0,0.085,1493184255.821,
4.379,2.508,85.538,7.514,0.0,0.060,467637862.400,4915.200,332848.0,490211576.0,0.0,0.0,11862.200,8414.600,1.800,6.0,0.400,5779079168.0,1511424.0,42824634368.0,1.20174968832e+11,0.0,0.0,467637862.400,4915.200,11855.800,8413.800,4.384,2.508,85.528,7.519,0.0,0.060,1493184260.821,
4.011,2.577,85.178,8.133,0.0,0.100,480272384.0,2457.600,225454.400,498733236.800,0.0,0.0,11671.0,8554.0,2.400,5.400,0.0,5793107968.0,1519616.0,45227970560.0,1.17757595648e+11,0.0,0.0,480272384.0,2457.600,11674.400,8557.400,4.011,2.577,85.188,8.123,0.0,0.100,1493184265.821,
4.299,2.458,85.177,7.991,0.0,0.075,465530060.800,8192.0,225232.400,487523929.600,0.0,0.0,11826.400,8321.200,2.800,5.200,0.200,5808070656.0,1527808.0,47554170880.0,1.15416424448e+11,0.0,0.0,465556275.200,8192.0,11827.400,8318.200,4.299,2.458,85.168,8.001,0.0,0.075,1493184270.821,
4.344,2.540,83.920,9.125,0.0,0.070,478956748.800,7372.800,225720.600,496549064.0,0.0,0.0,11988.400,8514.200,2.800,5.600,0.0,5814403072.0,1544192.0,49949843456.0,1.13014403072e+11,0.0,0.0,478878105.600,7372.800,11984.0,8513.200,4.350,2.541,83.917,9.121,0.0,0.070,1493184275.821,
4.372,2.522,85.330,7.671,0.0,0.105,463050342.400,4096.0,190853.0,488341352.0,0.0,0.0,11413.0,8290.800,3.200,5.600,0.400,5799755776.0,1552384.0,52264681472.0,1.1071420416e+11,0.0,0.0,463102771.200,4096.0,11421.200,8292.0,4.361,2.521,85.338,7.674,0.0,0.105,1493184280.821,
4.306,2.467,85.712,7.410,0.0,0.105,457393766.400,5734.400,192782.0,472687631.0,0.0,0.0,11190.0,8151.800,3.600,3.800,0.400,5852557312.0,1560576.0,54551465984.0,1.0837460992e+11,0.0,0.0,457409331.200,5734.400,11184.200,8154.0,4.316,2.466,85.704,7.409,0.0,0.105,1493184285.821,
4.177,2.427,85.577,7.718,0.0,0.100,462625996.800,13107.200,171475.0,489353748.0,0.0,0.0,11566.800,8262.0,2.800,5.0,0.0,5805625344.0,1576960.0,56866332672.0,1.06106658816e+11,0.0,0.0,462636646.400,13107.200,11564.200,8260.0,4.173,2.427,85.587,7.713,0.0,0.100,1493184290.821,
4.242,2.585,84.458,8.600,0.0,0.115,470033203.200,4915.200,185908.0,488471309.400,0.0,0.0,13001.200,8399.600,2.0,5.400,0.0,5852692480.0,1585152.0,59213225984.0,1.03712690176e+11,0.0,0.0,469980774.400,4915.200,13006.400,8398.600,4.243,2.590,84.452,8.600,0.0,0.115,1493184295.821,
4.270,2.499,84.546,8.600,0.0,0.085,461284147.200,5734.400,218428.400,484385678.800,0.0,0.0,11883.400,8234.200,2.800,4.800,0.0,5814874112.0,1601536.0,61523894272.0,1.01439823872e+11,0.0,0.0,461336576.0,5734.400,11878.800,8234.600,4.270,2.499,84.541,8.605,0.0,0.085,1493184300.821,
4.409,2.585,84.239,8.652,0.0,0.115,473000345.600,4096.0,139044.600,489326103.400,0.0,0.0,11457.600,8461.0,3.400,4.600,0.400,5864726528.0,1601536.0,63887360000.0,99026505728.0,0.0,0.0,472947916.800,4096.0,11463.600,8460.400,4.414,2.580,84.243,8.648,0.0,0.115,1493184305.821,
4.163,2.277,84.622,8.828,0.0,0.110,474683801.600,8192.0,195580.400,501180845.600,0.0,0.0,11686.400,8479.800,3.200,5.0,0.0,5849899008.0,1617920.0,66258173952.0,96670502912.0,0.0,0.0,474683801.600,8192.0,11681.400,8483.400,4.158,2.277,84.628,8.827,0.0,0.110,1493184310.821,
4.183,2.322,83.312,10.062,0.0,0.120,479192678.400,4915.200,236192.200,501149933.400,0.0,0.0,11908.0,8601.200,2.200,5.800,0.400,5832286208.0,1626112.0,68659064832.0,94287216640.0,0.0,0.0,479245107.200,4915.200,11906.800,8598.400,4.183,2.322,83.312,10.062,0.0,0.120,1493184315.821,
4.322,2.392,84.838,8.328,0.0,0.120,475999436.800,8192.0,242030.600,501150634.400,0.0,0.0,11758.400,8495.200,3.400,5.0,0.0,5833662464.0,1634304.0,71037005824.0,91907891200.0,0.0,0.0,475973222.400,8192.0,11759.800,8497.400,4.322,2.396,84.829,8.332,0.0,0.120,1493184320.821,
4.187,2.414,84.588,8.660,0.0,0.150,481274265.600,7372.800,216999.200,498194852.600,0.0,0.0,11716.200,8656.800,2.600,5.200,0.0,5842137088.0,1650688.0,73442529280.0,89493876736.0,0.0,0.0,481300480.0,7372.800,11714.200,8654.400,4.183,2.410,84.596,8.661,0.0,0.150,1493184325.821,
4.176,2.527,84.559,8.673,0.0,0.065,466719539.200,4915.200,151262.0,484131047.400,0.0,0.0,11529.200,8331.400,3.600,3.600,0.400,5883768832.0,1658880.0,75776196608.0,87118569472.0,0.0,0.0,466667110.400,4915.200,11529.600,8331.200,4.176,2.527,84.568,8.664,0.0,0.065,1493184330.821,
3.743,2.062,88.258,5.866,0.0,0.070,428276940.800,2457.600,176972.200,453480062.400,0.0,0.0,10328.400,7614.200,1.600,5.0,0.0,5845762048.0,1667072.0,77919092736.0,85013671936.0,0.0,0.0,428329369.600,2457.600,10334.600,7615.0,3.743,2.062,88.249,5.876,0.0,0.070,1493184335.821,
4.234,2.550,85.756,7.340,0.0,0.120,465451417.600,4915.200,162427.800,486897779.400,0.0,0.0,11481.600,8264.800,3.0,4.400,0.0,5850824704.0,1675264.0,80245280768.0,82682413056.0,0.0,0.0,465451417.600,4915.200,11477.800,8263.600,4.238,2.550,85.752,7.339,0.0,0.120,1493184340.821,
4.042,2.506,86.979,6.293,0.0,0.180,446337024.0,7372.800,200404.800,461608032.600,0.0,0.0,11113.600,7907.200,3.800,2.600,0.0,5888405504.0,1683456.0,82477109248.0,80412995584.0,0.0,0.0,446310809.600,7372.800,11117.0,7908.600,4.042,2.511,86.978,6.288,0.0,0.180,1493184345.821,
4.074,2.450,86.782,6.559,0.0,0.135,447175884.800,11468.800,216908.600,470103840.200,0.0,0.0,11167.600,7999.400,2.0,4.800,0.400,5882224640.0,1699840.0,84712456192.0,78183813120.0,0.0,0.0,447149670.400,11468.800,11160.600,7996.600,4.069,2.446,86.790,6.560,0.0,0.135,1493184350.820,
4.182,2.382,85.788,7.537,0.0,0.110,457996697.600,8192.0,178372.400,477406400.600,0.0,0.0,11375.400,8190.200,2.200,4.800,0.600,5890633728.0,1708032.0,87001985024.0,75885867008.0,0.0,0.0,458022912.0,8192.0,11381.0,8194.800,4.187,2.382,85.784,7.536,0.0,0.110,1493184355.820,
4.104,2.370,85.377,8.038,0.0,0.110,478668390.400,2457.600,229256.0,500561010.400,0.0,0.0,11834.600,8599.200,2.400,5.400,0.0,5900779520.0,1716224.0,89396121600.0,73481576448.0,0.0,0.0,478668390.400,2457.600,11830.0,8596.200,4.104,2.370,85.379,8.037,0.0,0.110,1493184360.821,
4.336,2.456,84.881,8.196,0.0,0.130,462657126.400,4915.200,186562.0,483466276.600,0.0,0.0,11443.0,8230.400,3.400,5.0,0.0,5894787072.0,1724416.0,91709632512.0,71174049792.0,0.0,0.0,462683340.800,4915.200,11444.0,8230.800,4.336,2.461,84.876,8.196,0.0,0.130,1493184365.821,
4.211,2.547,84.298,8.874,0.0,0.070,474851737.600,7372.800,233242.600,501148335.600,0.0,0.0,11799.200,8505.800,1.800,5.200,0.0,5866913792.0,1740800.0,94084440064.0,68827099136.0,0.0,0.0,474851737.600,7372.800,11797.800,8505.800,4.206,2.542,84.298,8.884,0.0,0.070,1493184370.821,
4.245,2.501,85.336,7.833,0.0,0.085,472104140.800,9011.200,184832.600,484088027.600,0.0,0.0,10903.400,8372.400,3.0,4.800,0.0,5952757760.0,1454080.0,96404455424.0,66421526528.0,0.0,0.0,472041062.400,9011.200,10909.200,8372.400,4.255,2.506,85.334,7.819,0.0,0.085,1493184375.821,
4.296,2.652,84.118,8.848,0.0,0.085,470780313.600,8192.0,328831.600,501288183.400,0.0,0.0,12120.0,8465.600,2.0,4.800,0.400,5906857984.0,1462272.0,98722185216.0,64149688320.0,0.0,0.0,470712320.0,8192.0,12112.800,8463.0,4.287,2.648,84.124,8.856,0.0,0.085,1493184380.821,
4.376,2.727,84.100,8.717,0.0,0.080,475211366.400,7372.800,168173.400,487342171.600,0.0,0.0,11687.600,8469.200,3.0,5.600,0.400,5986566144.0,1470464.0,1.01019242496e+11,61772914688.0,0.0,0.0,475263795.200,7372.800,11695.800,8471.800,4.380,2.731,84.100,8.709,0.0,0.080,1493184385.820,
4.365,2.706,84.098,8.751,0.0,0.080,473106022.400,7372.800,182632.0,504302700.800,0.0,0.0,11664.200,8466.400,2.200,6.0,0.0,5907132416.0,1486848.0,1.033312256e+11,59540348928.0,0.0,0.0,473184665.600,7372.800,11662.600,8467.400,4.369,2.711,84.086,8.754,0.0,0.080,1493184390.820,
4.494,2.555,84.829,8.021,0.0,0.100,461079347.200,0.0,114099.0,476622170.800,0.0,0.0,11080.200,8186.400,2.600,3.800,0.0,5943889920.0,1486848.0,1.05559994368e+11,57274822656.0,0.0,0.0,461079347.200,0.0,11080.200,8186.200,4.490,2.551,84.832,8.028,0.0,0.100,1493184395.821,
4.039,2.506,86.865,6.500,0.0,0.090,433366630.400,7372.800,149589.200,439831174.400,0.0,0.0,10524.400,7708.200,2.600,3.600,0.200,6004490240.0,1503232.0,1.07688972288e+11,55085228032.0,0.0,0.0,433287987.200,7372.800,10519.800,7707.0,4.039,2.500,86.877,6.494,0.0,0.090,1493184400.821,
3.687,2.349,89.661,4.188,0.0,0.115,412512256.0,6553.600,202509.600,437838245.800,0.0,0.0,9760.400,7293.800,2.800,2.200,0.400,5966073856.0,1511424.0,1.09731663872e+11,53080944640.0,0.0,0.0,412538470.400,6553.600,9766.0,7294.200,3.687,2.349,89.661,4.188,0.0,0.115,1493184405.821,
4.157,2.422,86.236,7.085,0.0,0.100,458117120.0,2457.600,173637.400,474115901.600,0.0,0.0,11146.0,8118.0,2.400,4.600,0.0,6014562304.0,1519616.0,1.11945826304e+11,50818285568.0,0.0,0.0,458012262.400,2457.600,11138.200,8116.600,4.153,2.423,86.240,7.083,0.0,0.100,1493184410.821,
2.779,1.793,92.709,2.629,0.0,0.090,330130227.200,13107.200,122795.200,344368680.800,0.0,0.0,7951.800,5940.600,1.600,1.800,0.400,6016733184.0,1527808.0,1.13556299776e+11,49205633024.0,0.0,0.0,330235084.800,13107.200,7953.400,5941.400,2.783,1.792,92.702,2.633,0.0,0.090,1493184415.821,
3.151,1.959,91.809,3.006,0.0,0.075,344903680.0,9830.400,163437.200,357756347.400,0.0,0.0,8548.200,6157.800,1.400,1.600,0.400,6030897152.0,1536000.0,1.15245051904e+11,47502708736.0,0.0,0.0,344903680.0,9830.400,8549.800,6158.0,3.151,1.964,91.810,3.001,0.0,0.075,1493184420.821,
3.503,2.170,90.047,4.200,0.0,0.080,392968601.600,8192.0,161362.400,427144411.0,0.0,0.0,9836.600,7073.0,2.400,2.200,0.200,5962682368.0,1544192.0,1.17170610176e+11,45645357056.0,0.0,0.0,392994816.0,8192.0,9836.800,7073.400,3.503,2.170,90.042,4.205,0.0,0.080,1493184425.821,
4.206,2.456,85.243,7.990,0.0,0.105,453823692.800,10649.600,188960.200,476111619.800,0.0,0.0,10946.800,8167.800,1.800,4.400,0.800,5945024512.0,1560576.0,1.19383793664e+11,43449815040.0,0.0,0.0,453745049.600,10649.600,10947.0,8166.200,4.202,2.452,85.244,7.997,0.0,0.105,1493184430.821,
4.214,2.676,83.984,8.990,0.0,0.135,463275622.400,4915.200,187793.400,479769623.400,0.0,0.0,11444.400,8209.400,4.800,3.200,0.0,6008156160.0,1568768.0,1.21641373696e+11,41129095168.0,0.0,0.0,463249408.0,4915.200,11443.200,8209.800,4.219,2.681,83.981,8.984,0.0,0.135,1493184435.821,
4.346,2.737,82.936,9.881,0.0,0.100,474259456.0,7372.800,218407.800,500683997.400,0.0,0.0,11884.800,8459.600,2.600,5.800,0.400,5955678208.0,1585152.0,1.23955810304e+11,38867120128.0,0.0,0.0,474233241.600,7372.800,11882.800,8460.0,4.343,2.733,82.941,9.884,0.0,0.100,1493184440.821,
4.371,2.702,82.926,9.851,0.0,0.150,469803008.0,0.0,228178.0,489355918.600,0.0,0.0,12248.400,8351.0,3.800,5.200,0.0,5982208000.0,1585152.0,1.26248480768e+11,36547919872.0,0.0,0.0,470012723.200,0.0,12251.400,8352.600,4.373,2.710,82.925,9.842,0.0,0.150,1493184445.821,
4.145,2.691,84.534,8.555,0.0,0.075,442924236.800,8192.0,221438.400,462825037.400,0.0,0.0,11455.0,7948.200,2.800,3.400,0.400,5975715840.0,1601536.0,1.28425578496e+11,34377297920.0,0.0,0.0,442871808.0,8192.0,11454.400,7947.600,4.146,2.687,84.529,8.563,0.0,0.075,1493184450.821,
4.378,2.633,83.901,9.002,0.0,0.085,465325260.800,12288.0,242102.800,483474992.800,0.0,0.0,11725.600,8306.200,3.200,4.600,0.800,6050312192.0,1609728.0,1.30672943104e+11,32055328768.0,0.0,0.0,465036902.400,12288.0,11723.800,8302.600,4.389,2.633,83.900,8.993,0.0,0.085,1493184455.820,
4.187,2.660,84.924,8.124,0.0,0.105,467071795.200,7372.800,225479.0,489911163.200,0.0,0.0,11427.400,8415.800,3.600,5.200,0.400,5992828928.0,1626112.0,1.32954423296e+11,29831315456.0,0.0,0.0,467333939.200,7372.800,11442.400,8422.200,4.173,2.655,84.936,8.130,0.0,0.105,1493184460.820,
4.251,2.612,82.957,10.035,0.0,0.145,473420595.200,4915.200,291687.200,494699572.200,0.0,0.0,12396.0,8432.800,3.800,4.600,0.400,5999984640.0,1634304.0,1.35245398016e+11,27533176832.0,0.0,0.0,473446809.600,4915.200,12388.800,8432.200,4.255,2.616,82.944,10.034,0.0,0.150,1493184465.821,
4.288,2.625,83.957,8.996,0.0,0.135,471066214.400,10649.600,241644.200,494450338.600,0.0,0.0,11683.0,8477.0,2.600,4.200,0.0,6000603136.0,1650688.0,1.3754329088e+11,25234649088.0,0.0,0.0,471040000.0,10649.600,11682.800,8475.800,4.287,2.619,83.968,8.995,0.0,0.130,1493184470.821,
3.549,2.230,88.532,5.589,0.0,0.100,410515046.400,8192.0,200083.0,423758977.0,0.0,0.0,9848.200,7396.0,1.600,4.0,0.800,6022332416.0,1658880.0,1.39556933632e+11,23199268864.0,0.0,0.0,410541260.800,8192.0,9847.0,7395.600,3.544,2.235,88.527,5.593,0.0,0.100,1493184475.821,
1.061,0.595,97.213,1.116,0.0,0.015,95870156.800,2457.600,59123.200,119507870.800,0.0,0.0,2718.400,1834.200,0.600,0.400,0.0,5926146048.0,1667072.0,1.40017471488e+11,22834909184.0,0.0,0.0,95581798.400,2457.600,2710.800,1830.0,1.061,0.590,97.228,1.106,0.0,0.015,1493184480.821,
