"Dstat 0.7.2 CSV output"
"Author:","Dag Wieers <dag@wieers.com>",,,,"URL:","http://dag.wieers.com/home-made/dstat/"
"Host:","client0.skyhook-1osds.skyhook-pg0.wisc.cloudlab.us",,,,"User:","jlefevre"
"Cmdline:","dstat -av --epoch --integer --noheaders --output 1osd.dstat-client0.log 5",,,,"Date:","25 Apr 2017 15:29:27 CDT"

"total cpu usage",,,,,,"dsk/total",,"net/total",,"paging",,"system",,"procs",,,"memory usage",,,,"paging",,"dsk/total",,"system",,"total cpu usage",,,,,,"epoch"
"usr","sys","idl","wai","hiq","siq","read","writ","recv","send","in","out","int","csw","run","blk","new","used","buff","cach","free","in","out","read","writ","int","csw","usr","sys","idl","wai","hiq","siq","epoch"
0.045,0.075,99.855,0.020,0.0,0.005,0.0,12288.0,40440.200,1082.0,0.0,0.0,417.200,6875.200,0.0,0.0,0.200,5478842368.0,231448576.0,1.47398742016e+11,15671160832.0,0.0,0.0,0.0,12288.0,417.200,6875.200,0.045,0.080,99.850,0.020,0.0,0.005,1493180972.149,
0.416,0.100,99.434,0.010,0.0,0.040,0.0,47513.600,29940102.800,30514.800,0.0,0.0,1094.800,7670.0,0.400,0.0,5.200,5506605056.0,231460864.0,1.47398733824e+11,15643394048.0,0.0,0.0,0.0,47513.600,1095.0,7670.0,0.416,0.095,99.439,0.010,0.0,0.040,1493180977.149,
0.596,0.100,99.228,0.020,0.0,0.055,0.0,62259.200,49092624.200,42230.400,0.0,0.0,1384.600,8102.600,0.600,0.0,0.400,5510582272.0,231477248.0,1.473988608e+11,15639273472.0,0.0,0.0,0.0,62259.200,1384.600,8103.0,0.596,0.100,99.228,0.020,0.0,0.055,1493180982.149,
0.621,0.085,99.243,0.0,0.0,0.050,0.0,63897.600,50549567.400,39733.200,0.0,0.0,1376.0,7707.800,0.0,0.0,0.0,5505851392.0,231481344.0,1.47399008256e+11,15643852800.0,0.0,0.0,0.0,63897.600,1376.200,7707.400,0.621,0.090,99.238,0.0,0.0,0.050,1493180987.149,
0.606,0.115,99.188,0.020,0.0,0.070,0.0,68812.800,51200130.800,43575.600,0.0,0.0,1462.0,7815.200,1.0,0.0,0.400,5509062656.0,231497728.0,1.47399176192e+11,15640457216.0,0.0,0.0,0.0,68812.800,1461.600,7815.200,0.606,0.115,99.188,0.020,0.0,0.070,1493180992.149,
0.591,0.110,99.238,0.0,0.0,0.060,0.0,67174.400,48216701.400,42207.400,0.0,0.0,1610.0,7942.800,0.0,0.0,0.0,5508964352.0,231501824.0,1.47399356416e+11,15640371200.0,0.0,0.0,0.0,67174.400,1610.200,7942.800,0.591,0.105,99.243,0.0,0.0,0.060,1493180997.149,
0.656,0.110,99.128,0.050,0.0,0.055,0.0,1083801.600,49723951.200,41640.800,0.0,0.0,1605.800,7728.200,0.200,0.0,0.200,5508202496.0,231518208.0,1.47400278016e+11,15640195072.0,0.0,0.0,0.0,1083801.600,1605.800,7728.600,0.656,0.110,99.128,0.050,0.0,0.055,1493181002.149,
0.602,0.100,99.223,0.035,0.0,0.040,0.0,84377.600,49944282.0,47385.200,0.0,0.0,1667.400,7652.0,0.800,0.0,0.400,5510823936.0,231534592.0,1.47399532544e+11,15638302720.0,0.0,0.0,0.0,84377.600,1667.200,7651.600,0.602,0.100,99.223,0.035,0.0,0.040,1493181007.149,
0.641,0.080,99.218,0.0,0.0,0.060,0.0,63897.600,51210951.200,45707.200,0.0,0.0,1560.400,7964.0,0.800,0.0,0.0,5511143424.0,231534592.0,1.47399696384e+11,15637819392.0,0.0,0.0,0.0,63897.600,1560.400,7964.0,0.641,0.080,99.218,0.0,0.0,0.060,1493181012.149,
0.596,0.090,99.233,0.025,0.0,0.055,0.0,67993.600,49078450.600,45785.800,0.0,0.0,1414.400,7783.800,0.200,0.0,0.0,5511200768.0,231550976.0,1.47399860224e+11,15637581824.0,0.0,0.0,0.0,67993.600,1414.400,7783.800,0.596,0.090,99.233,0.025,0.0,0.055,1493181017.149,
0.611,0.080,99.233,0.015,0.0,0.060,0.0,72908.800,50062697.600,46311.800,0.0,0.0,1384.200,7649.200,0.200,0.0,0.0,5511155712.0,231550976.0,1.47400032256e+11,15637454848.0,0.0,0.0,0.0,72908.800,1384.200,7649.200,0.611,0.085,99.228,0.015,0.0,0.060,1493181022.149,
0.611,0.090,99.233,0.010,0.0,0.055,0.0,72908.800,49974688.600,46167.200,0.0,0.0,1411.0,8116.200,0.0,0.0,0.0,5511897088.0,231559168.0,1.47400204288e+11,15636533248.0,0.0,0.0,0.0,72908.800,1411.0,8116.200,0.611,0.085,99.238,0.010,0.0,0.055,1493181027.149,
0.616,0.090,99.228,0.005,0.0,0.060,0.0,65536.0,49424720.800,44506.0,0.0,0.0,1371.400,7749.600,0.200,0.0,0.800,5501919232.0,231567360.0,1.4740037632e+11,15646330880.0,0.0,0.0,0.0,65536.0,1371.400,7749.600,0.616,0.090,99.228,0.005,0.0,0.060,1493181032.149,
0.611,0.105,99.208,0.015,0.0,0.060,0.0,99942.400,49983547.600,46241.0,0.0,0.0,1644.200,8072.400,0.600,0.0,0.0,5504208896.0,231591936.0,1.47400536064e+11,15643856896.0,0.0,0.0,0.0,99942.400,1644.200,8072.400,0.611,0.105,99.208,0.015,0.0,0.060,1493181037.149,
0.596,0.085,99.263,0.005,0.0,0.050,0.0,68812.800,49746557.0,46597.800,0.0,0.0,1710.200,8337.0,0.400,0.0,0.0,5503692800.0,231616512.0,1.47400704e+11,15644180480.0,0.0,0.0,0.0,68812.800,1710.200,8337.0,0.596,0.090,99.258,0.005,0.0,0.050,1493181042.149,
0.636,0.110,99.164,0.025,0.0,0.065,0.0,69632.0,50318390.400,44785.600,0.0,0.0,1444.200,7958.800,0.600,0.0,0.0,5505691648.0,231620608.0,1.47400880128e+11,15642001408.0,0.0,0.0,0.0,69632.0,1444.600,7959.0,0.641,0.105,99.164,0.025,0.0,0.065,1493181047.149,
0.601,0.085,99.228,0.040,0.0,0.045,0.0,69632.0,50029432.200,44562.200,0.0,0.0,1399.0,8142.0,0.600,0.0,0.0,5504909312.0,231632896.0,1.47401060352e+11,15642591232.0,0.0,0.0,0.0,69632.0,1398.800,8141.800,0.596,0.090,99.228,0.040,0.0,0.045,1493181052.149,
0.596,0.090,99.213,0.025,0.0,0.075,0.0,71270.400,50639703.400,45575.0,0.0,0.0,1452.800,7821.0,0.200,0.0,0.400,5505142784.0,231632896.0,1.47401216e+11,15642202112.0,0.0,0.0,0.0,71270.400,1452.800,7821.400,0.596,0.090,99.213,0.025,0.0,0.075,1493181057.149,
0.586,0.075,99.213,0.045,0.0,0.080,0.0,64716.800,47935726.0,42699.400,0.0,0.0,1320.200,6954.400,0.200,0.0,0.0,5506445312.0,231649280.0,1.47401388032e+11,15640711168.0,0.0,0.0,0.0,64716.800,1320.0,6954.0,0.586,0.070,99.218,0.045,0.0,0.080,1493181062.149,
0.606,0.080,99.233,0.020,0.0,0.060,0.0,63897.600,50026044.600,43784.200,0.0,0.0,1393.400,7781.600,0.400,0.0,0.400,5509578752.0,231653376.0,1.47401560064e+11,15637401600.0,0.0,0.0,0.0,63897.600,1393.400,7781.600,0.606,0.080,99.233,0.020,0.0,0.060,1493181067.149,
0.597,0.095,99.213,0.035,0.0,0.060,0.0,86016.0,50599287.400,44184.800,0.0,0.0,1469.0,8113.200,0.200,0.0,0.0,5513326592.0,231665664.0,1.47401723904e+11,15633477632.0,0.0,0.0,0.0,86016.0,1469.600,8114.0,0.596,0.095,99.213,0.035,0.0,0.060,1493181072.149,
0.631,0.080,99.213,0.040,0.0,0.035,0.0,73728.0,49391446.600,41707.200,0.0,0.0,1386.600,7718.400,0.0,0.0,0.0,5512257536.0,231682048.0,1.47401887744e+11,15634366464.0,0.0,0.0,0.0,73728.0,1386.200,7717.600,0.632,0.080,99.213,0.040,0.0,0.035,1493181077.149,
0.611,0.115,99.168,0.045,0.0,0.060,0.0,66355.200,50317931.0,45979.0,0.0,0.0,1724.600,7829.400,0.200,0.0,0.0,5511303168.0,231682048.0,1.47402051584e+11,15635156992.0,0.0,0.0,0.0,66355.200,1724.400,7829.400,0.611,0.115,99.168,0.045,0.0,0.060,1493181082.149,
0.576,0.110,99.208,0.050,0.0,0.055,0.0,63897.600,49158855.200,45282.200,0.0,0.0,1471.800,7968.200,0.0,0.0,0.400,5512740864.0,231690240.0,1.4740221952e+11,15633543168.0,0.0,0.0,0.0,63897.600,1476.0,7968.600,0.576,0.115,99.203,0.050,0.0,0.055,1493181087.149,
0.596,0.075,99.248,0.030,0.0,0.050,0.0,67993.600,49424125.200,49255.0,0.0,0.0,1475.200,7578.400,0.0,0.0,0.0,5512912896.0,231694336.0,1.47402379264e+11,15633207296.0,0.0,0.0,0.0,67993.600,1471.0,7578.0,0.596,0.075,99.248,0.030,0.0,0.050,1493181092.149,
0.586,0.095,99.223,0.035,0.0,0.060,0.0,72089.600,49110254.800,45848.600,0.0,0.0,1502.0,7849.200,0.0,0.0,0.0,5512777728.0,231702528.0,1.47402555392e+11,15633158144.0,0.0,0.0,0.0,72089.600,1502.0,7849.200,0.587,0.090,99.228,0.035,0.0,0.060,1493181097.149,
0.556,0.115,99.268,0.010,0.0,0.050,0.0,64716.800,48308740.800,42088.0,0.0,0.0,1583.200,7932.600,0.0,0.0,0.400,5502128128.0,231702528.0,1.47402723328e+11,15643639808.0,0.0,0.0,0.0,64716.800,1583.200,7932.600,0.556,0.115,99.268,0.010,0.0,0.050,1493181102.149,
0.566,0.095,99.273,0.005,0.0,0.060,0.0,81100.800,49047584.200,43568.400,0.0,0.0,1577.600,7456.400,1.0,0.0,0.0,5504806912.0,231710720.0,1.47402883072e+11,15640793088.0,0.0,0.0,0.0,81100.800,1582.0,7459.600,0.571,0.095,99.268,0.005,0.0,0.060,1493181107.149,
0.611,0.100,99.193,0.050,0.0,0.045,0.0,66355.200,50077540.0,45584.200,0.0,0.0,1631.800,7891.800,1.0,0.0,0.600,5502099456.0,231718912.0,1.47403055104e+11,15643320320.0,0.0,0.0,0.0,66355.200,1627.400,7888.600,0.606,0.100,99.198,0.050,0.0,0.045,1493181112.149,
0.581,0.115,99.183,0.040,0.0,0.080,0.0,66355.200,51491827.800,45792.200,0.0,0.0,1474.600,8119.400,0.400,0.0,0.0,5502386176.0,231723008.0,1.4740320256e+11,15642882048.0,0.0,0.0,0.0,66355.200,1474.600,8119.400,0.581,0.115,99.183,0.040,0.0,0.080,1493181117.149,
0.606,0.085,99.233,0.020,0.0,0.055,0.0,68812.800,50719407.800,44785.200,0.0,0.0,1360.200,7866.400,0.600,0.0,0.0,5503467520.0,231739392.0,1.47403374592e+11,15641612288.0,0.0,0.0,0.0,68812.800,1362.600,7870.0,0.606,0.085,99.233,0.020,0.0,0.055,1493181122.149,
0.601,0.075,99.223,0.020,0.0,0.080,0.0,70451.200,50827824.800,44113.0,0.0,0.0,1497.0,8150.600,0.400,0.0,0.0,5505773568.0,231739392.0,1.47403542528e+11,15639138304.0,0.0,0.0,0.0,70451.200,1494.600,8147.0,0.601,0.080,99.218,0.020,0.0,0.080,1493181127.149,
0.626,0.145,99.133,0.035,0.0,0.060,0.0,68812.800,52092725.400,46287.800,0.0,0.0,1464.400,8188.400,0.800,0.0,0.400,5510881280.0,231755776.0,1.47403718656e+11,15633838080.0,0.0,0.0,0.0,68812.800,1465.0,8188.800,0.626,0.140,99.138,0.035,0.0,0.060,1493181132.149,
0.586,0.110,99.203,0.040,0.0,0.060,0.0,71270.400,47981599.200,41281.800,0.0,0.0,1368.400,7744.600,0.200,0.0,0.400,5509521408.0,231755776.0,1.4740389888e+11,15635017728.0,0.0,0.0,0.0,71270.400,1367.800,7744.200,0.586,0.110,99.203,0.040,0.0,0.060,1493181137.149,
0.601,0.125,99.184,0.020,0.0,0.070,0.0,77004.800,50906783.800,46515.200,0.0,0.0,1415.0,8042.800,0.800,0.0,0.0,5508317184.0,231763968.0,1.4740404224e+11,15636070400.0,0.0,0.0,0.0,77004.800,1415.200,8043.200,0.601,0.125,99.184,0.020,0.0,0.070,1493181142.149,
0.611,0.095,99.218,0.015,0.0,0.060,0.0,66355.200,49746034.200,43714.600,0.0,0.0,1436.600,7700.600,0.0,0.0,0.0,5510385664.0,231772160.0,1.47404214272e+11,15633821696.0,0.0,0.0,0.0,66355.200,1436.800,7700.200,0.611,0.095,99.218,0.015,0.0,0.060,1493181147.149,
0.641,0.090,99.178,0.035,0.0,0.055,0.0,69632.0,50278463.800,46311.600,0.0,0.0,1474.800,7663.600,0.0,0.0,0.200,5513584640.0,231772160.0,1.47404374016e+11,15630462976.0,0.0,0.0,0.0,69632.0,1474.400,7663.600,0.641,0.090,99.178,0.035,0.0,0.055,1493181152.149,
0.651,0.150,98.918,0.230,0.0,0.050,0.0,4093542.400,50877175.200,46029.800,0.0,0.0,1546.600,7874.200,1.0,0.200,0.0,5511344128.0,231800832.0,1.4739267584e+11,15644372992.0,0.0,0.0,0.0,4093542.400,1547.200,7874.200,0.651,0.150,98.918,0.230,0.0,0.050,1493181157.149,
0.606,0.135,99.159,0.045,0.0,0.055,0.0,66355.200,47906990.200,44037.0,0.0,0.0,1367.600,8011.200,0.200,0.0,0.400,5511032832.0,231804928.0,1.47392851968e+11,15644504064.0,0.0,0.0,0.0,66355.200,1367.0,8011.200,0.606,0.140,99.154,0.045,0.0,0.055,1493181162.149,
0.596,0.115,99.173,0.045,0.0,0.070,0.0,66355.200,50908731.800,45164.200,0.0,0.0,1383.800,7683.400,0.200,0.0,0.0,5506859008.0,231813120.0,1.47393019904e+11,15648501760.0,0.0,0.0,0.0,66355.200,1384.200,7683.600,0.596,0.110,99.178,0.045,0.0,0.070,1493181167.149,
0.616,0.115,99.173,0.040,0.0,0.055,0.0,66355.200,49971839.800,43621.0,0.0,0.0,1458.800,7968.400,0.600,0.0,0.0,5496619008.0,231817216.0,1.4739318784e+11,15658569728.0,0.0,0.0,0.0,66355.200,1458.400,7968.200,0.616,0.120,99.168,0.040,0.0,0.055,1493181172.149,
0.621,0.105,99.188,0.040,0.0,0.045,0.0,108953.600,49087289.200,44305.0,0.0,0.0,1433.0,8012.200,0.200,0.0,0.400,5499355136.0,231825408.0,1.47393355776e+11,15655657472.0,0.0,0.0,0.0,108953.600,1434.0,8012.800,0.621,0.105,99.188,0.040,0.0,0.045,1493181177.149,
0.606,0.135,99.144,0.050,0.0,0.065,0.0,75366.400,50017896.600,44340.0,0.0,0.0,1366.400,7848.600,0.0,0.0,0.0,5497995264.0,231833600.0,1.47393523712e+11,15656841216.0,0.0,0.0,0.0,75366.400,1365.400,7848.0,0.606,0.130,99.149,0.050,0.0,0.065,1493181182.149,
0.601,0.125,99.168,0.040,0.0,0.065,0.0,70451.200,50653681.0,44913.800,0.0,0.0,1415.400,7981.600,0.800,0.0,0.400,5500641280.0,231833600.0,1.47393695744e+11,15654023168.0,0.0,0.0,0.0,70451.200,1415.800,7981.600,0.601,0.125,99.168,0.040,0.0,0.065,1493181187.149,
0.651,0.120,99.134,0.050,0.0,0.045,0.0,64716.800,49922669.800,46451.0,0.0,0.0,1429.200,7983.200,0.600,0.0,0.0,5500944384.0,231841792.0,1.4739386368e+11,15653543936.0,0.0,0.0,0.0,64716.800,1429.400,7983.800,0.651,0.120,99.134,0.050,0.0,0.045,1493181192.149,
0.601,0.150,99.149,0.040,0.0,0.060,0.0,74547.200,47921488.200,41186.0,0.0,0.0,1351.600,7712.0,0.200,0.0,0.0,5501898752.0,231845888.0,1.47394031616e+11,15652417536.0,0.0,0.0,0.0,74547.200,1351.600,7711.600,0.601,0.155,99.144,0.040,0.0,0.060,1493181197.149,
0.621,0.130,99.144,0.040,0.0,0.065,0.0,72089.600,49722121.200,43875.0,0.0,0.0,1442.0,7869.600,1.400,0.0,0.400,5500317696.0,231854080.0,1.47394207744e+11,15653814272.0,0.0,0.0,0.0,72089.600,1441.800,7869.400,0.621,0.125,99.149,0.040,0.0,0.065,1493181202.149,
0.621,0.130,99.153,0.035,0.0,0.060,0.0,68812.800,49983151.200,45279.800,0.0,0.0,1459.600,8119.0,0.200,0.0,0.0,5502300160.0,231858176.0,1.47394379776e+11,15651655680.0,0.0,0.0,0.0,68812.800,1469.600,8121.800,0.621,0.130,99.154,0.035,0.0,0.060,1493181207.149,
0.631,0.140,99.129,0.055,0.0,0.045,0.0,81920.0,49473626.800,46429.800,0.0,0.0,1803.400,7830.800,0.200,0.0,0.400,5499117568.0,231874560.0,1.47394547712e+11,15654653952.0,0.0,0.0,0.0,81920.0,1793.0,7828.0,0.631,0.145,99.124,0.055,0.0,0.045,1493181212.149,
0.626,0.135,99.124,0.055,0.0,0.060,0.0,67174.400,49139122.200,44283.400,0.0,0.0,1406.400,7810.600,0.600,0.0,0.0,5499478016.0,231886848.0,1.47394711552e+11,15654117376.0,0.0,0.0,0.0,67174.400,1406.800,7810.600,0.626,0.130,99.129,0.055,0.0,0.060,1493181217.149,
0.631,0.125,99.154,0.030,0.0,0.060,0.0,63897.600,49984184.800,44125.200,0.0,0.0,1396.800,7781.400,0.200,0.0,0.0,5498507264.0,231886848.0,1.47394875392e+11,15654924288.0,0.0,0.0,0.0,63897.600,1400.800,7782.0,0.631,0.130,99.149,0.030,0.0,0.060,1493181222.149,
0.636,0.125,99.124,0.045,0.0,0.070,0.0,75366.400,50898475.400,45865.600,0.0,0.0,1405.800,7895.0,0.400,0.0,0.0,5499969536.0,231899136.0,1.47395043328e+11,15653281792.0,0.0,0.0,0.0,75366.400,1401.800,7894.400,0.636,0.125,99.124,0.045,0.0,0.070,1493181227.149,
0.571,0.115,99.208,0.035,0.0,0.070,0.0,66355.200,48813350.0,44060.800,0.0,0.0,1361.200,7730.600,0.800,0.0,0.0,5497548800.0,231903232.0,1.47395207168e+11,15655534592.0,0.0,0.0,0.0,66355.200,1360.800,7730.600,0.571,0.115,99.208,0.035,0.0,0.070,1493181232.149,
0.661,0.115,99.124,0.045,0.0,0.055,0.0,64716.800,50942640.0,47850.0,0.0,0.0,1414.0,7939.200,0.0,0.0,0.800,5500284928.0,231911424.0,1.47395387392e+11,15652610048.0,0.0,0.0,0.0,64716.800,1415.0,7939.600,0.661,0.115,99.124,0.045,0.0,0.055,1493181237.149,
0.596,0.115,99.189,0.030,0.0,0.070,0.0,67174.400,50318684.800,44462.400,0.0,0.0,1382.600,7815.0,0.0,0.0,0.0,5493551104.0,231915520.0,1.4739554304e+11,15659184128.0,0.0,0.0,0.0,67174.400,1381.600,7814.600,0.596,0.110,99.194,0.030,0.0,0.070,1493181242.149,
0.621,0.085,99.193,0.055,0.0,0.045,0.0,81100.800,50331090.800,44042.200,0.0,0.0,1369.800,7805.600,0.200,0.0,0.0,5493071872.0,231923712.0,1.47395702784e+11,15659495424.0,0.0,0.0,0.0,81100.800,1370.400,7806.0,0.621,0.090,99.188,0.055,0.0,0.045,1493181247.149,
0.596,0.105,99.184,0.050,0.0,0.065,0.0,72089.600,48797990.200,43542.800,0.0,0.0,1439.0,8068.600,0.0,0.0,0.0,5490917376.0,231944192.0,1.47395866624e+11,15661465600.0,0.0,0.0,0.0,72089.600,1439.200,8068.600,0.596,0.105,99.184,0.050,0.0,0.065,1493181252.149,
0.611,0.120,99.169,0.045,0.0,0.055,0.0,64716.800,49710530.600,43582.800,0.0,0.0,1500.600,7839.600,0.0,0.0,0.0,5490438144.0,231948288.0,1.47396038656e+11,15661768704.0,0.0,0.0,0.0,64716.800,1500.200,7839.200,0.611,0.120,99.169,0.045,0.0,0.055,1493181257.149,
0.601,0.115,99.178,0.050,0.0,0.055,0.0,64716.800,50028244.200,46010.200,0.0,0.0,1535.800,7717.800,1.0,0.0,0.400,5494415360.0,231956480.0,1.473961984e+11,15657623552.0,0.0,0.0,0.0,64716.800,1535.400,7718.0,0.601,0.110,99.183,0.050,0.0,0.055,1493181262.149,
0.616,0.125,99.139,0.040,0.0,0.080,0.0,67993.600,50858297.0,48397.800,0.0,0.0,1554.600,7980.200,0.200,0.0,0.0,5496967168.0,231956480.0,1.4739636224e+11,15654907904.0,0.0,0.0,0.0,67993.600,1555.600,7988.0,0.616,0.125,99.139,0.040,0.0,0.080,1493181267.149,
0.626,0.100,99.158,0.050,0.0,0.065,0.0,67993.600,49177363.200,43548.200,0.0,0.0,1351.0,7639.800,0.200,0.0,0.400,5498626048.0,231976960.0,1.4739652608e+11,15653064704.0,0.0,0.0,0.0,67993.600,1350.0,7631.800,0.626,0.100,99.159,0.050,0.0,0.065,1493181272.149,
0.306,0.090,99.529,0.045,0.0,0.030,0.0,58982.400,22797310.800,20180.600,0.0,0.0,889.800,7532.0,0.200,0.0,1.0,5477687296.0,231981056.0,1.47396706304e+11,15673819136.0,0.0,0.0,0.0,58982.400,889.800,7532.0,0.306,0.090,99.529,0.045,0.0,0.030,1493181277.149,
