"Dstat 0.7.2 CSV output"
"Author:","Dag Wieers <dag@wieers.com>",,,,"URL:","http://dag.wieers.com/home-made/dstat/"
"Host:","osd0.skyhook-1osds.skyhook-pg0.wisc.cloudlab.us",,,,"User:","jlefevre"
"Cmdline:","dstat -av --epoch --integer --noheaders --output 1osd.dstat-osd0.log 5",,,,"Date:","25 Apr 2017 15:29:30 CDT"

"total cpu usage",,,,,,"dsk/total",,"net/total",,"paging",,"system",,"procs",,,"memory usage",,,,"paging",,"dsk/total",,"system",,"total cpu usage",,,,,,"epoch"
"usr","sys","idl","wai","hiq","siq","read","writ","recv","send","in","out","int","csw","run","blk","new","used","buff","cach","free","in","out","read","writ","int","csw","usr","sys","idl","wai","hiq","siq","epoch"
0.005,2.506,97.479,0.010,0.0,0.0,4915.200,4915.200,1477.200,39112.600,0.0,0.0,629.600,814.800,1.0,0.0,0.0,5611704320.0,1544192.0,14273650688.0,1.48893294592e+11,0.0,0.0,4915.200,4915.200,629.600,814.0,0.010,2.506,97.474,0.010,0.0,0.0,1493164395.820,
0.250,1.071,97.617,1.041,0.0,0.020,182728294.400,12288.0,47498.0,157702870.600,0.0,0.0,3972.400,3675.600,0.200,0.800,5.0,5747511296.0,1605632.0,1023823872.0,1.62007252992e+11,0.0,0.0,182911795.200,12288.0,3973.600,3678.0,0.250,1.071,97.617,1.041,0.0,0.020,1493164400.821,
0.205,0.906,98.323,0.556,0.0,0.010,224959692.800,4915.200,48993.400,235633683.600,0.0,0.0,4898.800,4097.600,0.600,0.400,0.0,5742321664.0,1613824.0,2148372480.0,1.60887885824e+11,0.0,0.0,224933478.400,4915.200,4900.800,4097.600,0.205,0.901,98.328,0.556,0.0,0.010,1493164405.821,
0.190,0.831,98.523,0.441,0.0,0.015,213328691.200,10649.600,44293.600,221786300.400,0.0,0.0,4562.200,3924.400,0.0,0.800,0.200,5745418240.0,1630208.0,3216932864.0,1.5981621248e+11,0.0,0.0,213354905.600,10649.600,4565.600,3924.200,0.185,0.831,98.528,0.441,0.0,0.015,1493164410.821,
0.276,1.142,97.756,0.802,0.0,0.025,291350937.600,3276.800,108645.600,307436377.0,0.0,0.0,6359.400,5217.800,0.0,1.600,0.0,5733126144.0,1638400.0,4673732608.0,1.5837169664e+11,0.0,0.0,291429580.800,3276.800,6354.0,5218.800,0.281,1.142,97.746,0.807,0.0,0.025,1493164415.821,
0.361,1.379,96.566,1.664,0.0,0.030,377449676.800,2457.600,169941.800,394223573.600,0.0,0.0,8199.200,6716.600,1.200,1.200,0.0,5733228544.0,1646592.0,6558797824.0,1.56486520832e+11,0.0,0.0,377397248.0,2457.600,8205.400,6716.600,0.361,1.384,96.561,1.664,0.0,0.030,1493164420.821,
0.311,1.152,96.765,1.753,0.0,0.020,294711296.0,0.0,99671.0,306728947.400,0.0,0.0,6318.600,5196.800,0.800,0.600,0.0,5741166592.0,1646592.0,8034017280.0,1.55003363328e+11,0.0,0.0,294685081.600,0.0,6312.600,5196.400,0.311,1.147,96.774,1.748,0.0,0.020,1493164425.821,
0.175,0.731,98.573,0.506,0.0,0.015,191584665.600,7372.800,48983.600,200680527.200,0.0,0.0,4122.600,3489.400,0.200,0.600,0.0,5746069504.0,1654784.0,8991268864.0,1.5404120064e+11,0.0,0.0,191584665.600,7372.800,4122.200,3489.0,0.170,0.731,98.578,0.506,0.0,0.015,1493164430.821,
0.225,0.956,98.333,0.481,0.0,0.005,229090099.200,1638.400,78200.400,239683162.600,0.0,0.0,4980.600,4111.200,0.200,0.200,0.0,5751177216.0,1654784.0,10136997888.0,1.52890363904e+11,0.0,0.0,229116313.600,1638.400,4980.400,4111.200,0.225,0.961,98.328,0.480,0.0,0.005,1493164435.820,
0.205,0.876,98.457,0.446,0.0,0.015,224539443.200,8192.0,98470.0,234239380.200,0.0,0.0,4944.600,4053.600,0.0,0.400,0.400,5746835456.0,1662976.0,11258175488.0,1.51773519872e+11,0.0,0.0,224329728.0,8192.0,4944.800,4051.0,0.205,0.872,98.462,0.446,0.0,0.015,1493164440.821,
0.230,0.966,98.378,0.415,0.0,0.010,226662809.600,0.0,91181.200,237233298.0,0.0,0.0,4964.800,4112.0,0.400,0.800,0.0,5753360384.0,1662976.0,12392771584.0,1.50632398848e+11,0.0,0.0,226846310.400,0.0,4965.800,4115.0,0.235,0.966,98.369,0.420,0.0,0.010,1493164445.821,
0.271,0.952,98.347,0.416,0.0,0.015,247182131.200,7372.800,105287.800,259323043.200,0.0,0.0,5520.400,4495.600,0.600,0.200,0.0,5745762304.0,1679360.0,13628125184.0,1.49404626944e+11,0.0,0.0,246998630.400,7372.800,5518.200,4493.0,0.266,0.952,98.357,0.411,0.0,0.015,1493164450.821,
0.215,0.966,98.312,0.491,0.0,0.015,238102118.400,10649.600,64353.200,247809312.200,0.0,0.0,5061.600,4286.400,0.200,0.400,0.0,5754740736.0,1695744.0,14818344960.0,1.48205412352e+11,0.0,0.0,238311833.600,10649.600,5063.0,4288.600,0.215,0.972,98.307,0.491,0.0,0.015,1493164455.821,
0.210,0.916,98.358,0.501,0.0,0.015,222007296.0,0.0,52959.200,232853678.800,0.0,0.0,4764.400,3981.800,0.400,0.800,0.0,5752856576.0,1695744.0,15929683968.0,1.47095957504e+11,0.0,0.0,221981081.600,0.0,4764.200,3982.400,0.210,0.911,98.358,0.506,0.0,0.015,1493164460.821,
0.185,0.816,98.543,0.446,0.0,0.010,194247884.800,2457.600,67726.0,202277479.400,0.0,0.0,4267.0,3503.800,0.600,0.400,0.0,5754064896.0,1703936.0,16900083712.0,1.46124341248e+11,0.0,0.0,194064384.0,2457.600,4265.600,3500.800,0.190,0.816,98.543,0.441,0.0,0.010,1493164465.821,
0.265,0.981,98.152,0.586,0.0,0.015,245383987.200,3276.800,66031.800,258644554.600,0.0,0.0,5409.0,4410.600,0.800,0.400,0.400,5757562880.0,1712128.0,18126684160.0,1.44894234624e+11,0.0,0.0,245383987.200,3276.800,5409.400,4411.0,0.265,0.981,98.152,0.586,0.0,0.015,1493164470.821,
0.240,0.896,98.187,0.666,0.0,0.010,226164736.0,3276.800,51915.0,235261434.800,0.0,0.0,4854.600,4095.0,0.600,0.400,0.0,5763915776.0,1720320.0,19258458112.0,1.43756099584e+11,0.0,0.0,226374451.200,3276.800,4856.200,4097.400,0.235,0.901,98.188,0.666,0.0,0.010,1493164475.821,
0.235,0.961,98.248,0.540,0.0,0.015,227936665.600,5734.400,53233.0,237669071.200,0.0,0.0,4867.200,4141.600,0.400,0.400,0.0,5763723264.0,1728512.0,20397101056.0,1.4261764096e+11,0.0,0.0,227726950.400,5734.400,4871.400,4143.200,0.235,0.961,98.248,0.541,0.0,0.015,1493164480.821,
0.376,1.518,96.918,1.153,0.0,0.035,370875596.800,10649.600,156734.0,389126637.800,0.0,0.0,8103.0,6601.200,1.400,0.800,0.0,5760606208.0,1744896.0,22251229184.0,1.40766613504e+11,0.0,0.0,371085312.0,10649.600,8098.200,6599.400,0.381,1.513,96.919,1.152,0.0,0.035,1493164485.820,
0.446,1.560,95.390,2.589,0.0,0.015,406064332.800,2457.600,181675.400,433587368.400,0.0,0.0,8979.800,7197.800,1.200,2.400,0.0,5720121344.0,1753088.0,24282779648.0,1.38775539712e+11,0.0,0.0,406142976.0,2457.600,8980.800,7198.800,0.442,1.565,95.379,2.599,0.0,0.015,1493164490.821,
0.511,1.850,92.210,5.399,0.0,0.030,483632742.400,0.0,217551.800,509596747.600,0.0,0.0,10308.400,8530.400,1.400,4.800,0.0,5704359936.0,1753088.0,26701074432.0,1.36373006336e+11,0.0,0.0,483622092.800,0.0,10308.600,8531.200,0.516,1.845,92.208,5.400,0.0,0.030,1493164495.821,
0.331,1.077,97.505,1.057,0.0,0.030,289090764.800,2457.600,67071.800,288622554.200,0.0,0.0,5940.200,5184.400,0.600,0.800,0.400,5784576000.0,1761280.0,28145475584.0,1.34848380928e+11,0.0,0.0,289022771.200,2457.600,5939.0,5182.400,0.326,1.077,97.520,1.047,0.0,0.030,1493164500.821,
0.296,0.988,97.844,0.842,0.0,0.030,275203686.400,6553.600,58830.400,287116500.400,0.0,0.0,5798.200,4943.400,0.400,0.800,0.0,5781917696.0,1769472.0,29521780736.0,1.33474725888e+11,0.0,0.0,275046400.0,6553.600,5802.800,4943.0,0.301,0.987,97.840,0.842,0.0,0.030,1493164505.821,
0.286,1.128,97.770,0.792,0.0,0.025,291770368.0,4915.200,71879.600,304827874.0,0.0,0.0,6197.600,5255.600,0.600,0.200,0.0,5795000320.0,1777664.0,30979653632.0,1.32003762176e+11,0.0,0.0,291980083.200,4915.200,6199.0,5257.400,0.281,1.133,97.770,0.792,0.0,0.025,1493164510.821,
0.431,1.578,94.629,3.337,0.0,0.025,396574720.0,4915.200,199010.800,416716190.200,0.0,0.0,8567.0,7039.400,0.800,2.800,0.0,5790298112.0,1785856.0,32963518464.0,1.3002459136e+11,0.0,0.0,396522291.200,4915.200,8561.200,7038.200,0.431,1.573,94.633,3.337,0.0,0.025,1493164515.821,
0.391,1.530,94.027,4.027,0.0,0.025,427988582.400,5734.400,251177.800,464638379.600,0.0,0.0,9386.600,7639.600,0.800,4.0,0.0,5704458240.0,1794048.0,35106172928.0,1.27967768576e+11,0.0,0.0,428067225.600,5734.400,9393.800,7641.400,0.391,1.534,94.013,4.037,0.0,0.025,1493164520.821,
0.432,1.566,91.188,6.785,0.0,0.030,460114329.600,0.0,232414.200,467542761.200,0.0,0.0,9715.600,8103.600,0.400,4.600,0.0,5769117696.0,1794048.0,37404516352.0,1.25604765696e+11,0.0,0.0,460088115.200,0.0,9708.400,8102.400,0.432,1.561,91.197,6.781,0.0,0.030,1493164525.821,
0.355,1.417,94.132,4.076,0.0,0.020,371404800.0,2457.600,131515.200,382929232.200,0.0,0.0,7918.0,6668.400,0.600,3.200,0.0,5811150848.0,1802240.0,39262527488.0,1.23704713216e+11,0.0,0.0,371326156.800,2457.600,7918.200,6667.200,0.360,1.422,94.127,4.070,0.0,0.020,1493164530.821,
0.250,0.986,98.147,0.601,0.0,0.015,246972416.0,0.0,55134.400,259259431.0,0.0,0.0,5511.400,4499.200,0.400,1.0,0.800,5811052544.0,1802240.0,40496234496.0,1.22471104512e+11,0.0,0.0,246919987.200,0.0,5515.400,4497.800,0.250,0.981,98.147,0.606,0.0,0.015,1493164535.821,
0.366,1.447,97.076,1.087,0.0,0.025,337868390.400,12288.0,159633.800,352197125.800,0.0,0.0,7296.0,6081.400,0.400,1.0,0.400,5812817920.0,1818624.0,42184851456.0,1.20780705792e+11,0.0,0.0,337857740.800,12288.0,7291.200,6081.0,0.366,1.447,97.081,1.082,0.0,0.025,1493164540.821,
0.396,1.438,96.879,1.252,0.0,0.035,350135910.400,7372.800,168958.800,367631556.800,0.0,0.0,7567.600,6281.600,1.0,1.0,0.0,5817503744.0,1835008.0,43936391168.0,1.19024463872e+11,0.0,0.0,350225203.200,7372.800,7568.600,6284.600,0.391,1.438,96.879,1.257,0.0,0.035,1493164545.821,
0.481,1.828,94.426,3.215,0.0,0.050,416921190.400,0.0,191115.600,448871167.0,0.0,0.0,9271.600,7389.800,0.800,3.0,0.400,5750509568.0,1835008.0,46022258688.0,1.17005590528e+11,0.0,0.0,416999833.600,0.0,9274.400,7390.200,0.486,1.828,94.425,3.211,0.0,0.050,1493164550.821,
0.366,1.358,96.086,2.160,0.0,0.030,344820121.600,10649.600,150667.800,354254464.400,0.0,0.0,7356.200,6165.200,0.600,1.600,0.0,5786963968.0,1851392.0,47743492096.0,1.15247886336e+11,0.0,0.0,344715264.0,10649.600,7352.200,6163.200,0.361,1.358,96.085,2.166,0.0,0.030,1493164555.821,
0.396,1.603,95.175,2.806,0.0,0.020,379147878.400,4915.200,140150.600,387539096.200,0.0,0.0,8094.600,6754.400,0.200,2.200,0.400,5836546048.0,1859584.0,49639981056.0,1.13301807104e+11,0.0,0.0,379147878.400,4915.200,8095.0,6755.200,0.401,1.603,95.171,2.805,0.0,0.020,1493164560.821,
0.250,0.947,98.282,0.506,0.0,0.015,243706265.600,9830.400,54483.600,254332096.400,0.0,0.0,5168.200,4419.600,0.400,0.800,0.0,5831520256.0,1875968.0,50859245568.0,1.12087552e+11,0.0,0.0,243522764.800,9830.400,5173.0,4417.200,0.245,0.947,98.292,0.501,0.0,0.015,1493164565.821,
0.311,1.087,97.845,0.742,0.0,0.015,275371622.400,819.200,66409.400,290163386.600,0.0,0.0,5924.0,5044.200,0.400,0.600,0.800,5831540736.0,1875968.0,52235931648.0,1.1071084544e+11,0.0,0.0,275528908.800,819.200,5918.800,5046.0,0.311,1.093,97.840,0.742,0.0,0.015,1493164570.821,
0.296,1.182,97.676,0.836,0.0,0.010,284766208.0,13926.400,108088.400,297321519.400,0.0,0.0,6200.400,5153.200,0.600,0.400,0.0,5831585792.0,1892352.0,53660151808.0,1.0928656384e+11,0.0,0.0,284818636.800,13926.400,6203.800,5154.0,0.300,1.182,97.671,0.836,0.0,0.010,1493164575.821,
0.356,1.478,97.164,0.987,0.0,0.015,345307545.600,9830.400,174702.400,362771805.600,0.0,0.0,7689.800,6232.0,1.0,1.400,0.800,5828227072.0,1908736.0,55386103808.0,1.07563954176e+11,0.0,0.0,345359974.400,9830.400,7691.600,6232.600,0.351,1.473,97.169,0.992,0.0,0.015,1493164580.821,
0.441,1.700,94.563,3.265,0.0,0.030,414551244.800,8192.0,248442.0,430958373.600,0.0,0.0,8994.800,7384.600,1.200,1.600,0.400,5844385792.0,1916928.0,57458814976.0,1.05475076096e+11,0.0,0.0,414289100.800,8192.0,8991.200,7384.0,0.441,1.700,94.563,3.260,0.0,0.035,1493164585.821,
0.241,0.952,98.171,0.621,0.0,0.015,246128640.0,12288.0,54473.800,258077300.600,0.0,0.0,5319.0,4538.600,0.800,0.400,0.600,5852917760.0,1933312.0,58691076096.0,1.04234266624e+11,0.0,0.0,246327705.600,12288.0,5318.0,4537.800,0.245,0.952,98.171,0.621,0.0,0.010,1493164590.821,
0.275,1.091,98.013,0.596,0.0,0.025,258741862.400,5734.400,65892.0,269822897.600,0.0,0.0,5530.0,4692.200,0.200,1.0,0.400,5852487680.0,1941504.0,59982966784.0,1.02942797824e+11,0.0,0.0,258542796.800,5734.400,5533.0,4690.800,0.270,1.091,98.018,0.596,0.0,0.025,1493164595.821,
0.381,1.273,97.428,0.902,0.0,0.015,326691225.600,4915.200,127906.200,341354948.800,0.0,0.0,7142.800,5912.800,0.600,0.600,0.800,5853171712.0,1949696.0,61617893376.0,1.01307179008e+11,0.0,0.0,327058227.200,4915.200,7145.800,5917.200,0.381,1.278,97.424,0.902,0.0,0.015,1493164600.821,
0.271,1.058,98.015,0.642,0.0,0.015,271439462.400,10649.600,61770.200,284767445.400,0.0,0.0,5804.0,4942.200,0.400,1.0,0.400,5862170624.0,1966080.0,62974341120.0,99941715968.0,0.0,0.0,271308390.400,10649.600,5804.200,4941.600,0.271,1.053,98.020,0.642,0.0,0.015,1493164605.820,
0.306,1.062,97.861,0.746,0.0,0.025,272000614.400,14745.600,70082.0,283379415.800,0.0,0.0,5889.800,4934.800,0.200,1.200,0.400,5864808448.0,1974272.0,64334970880.0,98578440192.0,0.0,0.0,271974400.0,14745.600,5885.800,4933.0,0.311,1.062,97.856,0.746,0.0,0.025,1493164610.821,
0.255,1.021,98.197,0.516,0.0,0.010,244975206.400,10649.600,69848.600,257328482.400,0.0,0.0,5377.0,4453.600,0.800,0.800,0.800,5869842432.0,1990656.0,65558859776.0,97349500928.0,0.0,0.0,245027635.200,10649.600,5375.0,4453.600,0.250,1.022,98.197,0.521,0.0,0.010,1493164615.821,
0.235,0.891,98.403,0.456,0.0,0.015,225918156.800,4915.200,63438.0,235521646.600,0.0,0.0,4995.200,4102.0,0.400,0.600,0.0,5873508352.0,1998848.0,66688815104.0,96215871488.0,0.0,0.0,225839513.600,4915.200,4995.200,4102.200,0.235,0.896,98.398,0.456,0.0,0.015,1493164620.821,
0.205,0.871,98.478,0.441,0.0,0.005,205688012.800,2457.600,58780.200,217005673.200,0.0,0.0,4550.0,3805.800,0.600,0.400,1.0,5857722368.0,2007040.0,67718889472.0,95201574912.0,0.0,0.0,205688012.800,2457.600,4550.200,3806.0,0.205,0.866,98.488,0.436,0.0,0.005,1493164625.821,
0.275,1.186,97.747,0.776,0.0,0.015,277982412.800,8192.0,66684.600,288754906.600,0.0,0.0,5923.800,5040.400,0.800,0.400,0.400,5869654016.0,2015232.0,69107638272.0,93800886272.0,0.0,0.0,277997977.600,8192.0,5923.600,5039.400,0.275,1.191,97.742,0.776,0.0,0.015,1493164630.821,
0.280,1.132,97.927,0.641,0.0,0.020,272356966.400,11468.800,87787.600,285063794.400,0.0,0.0,5862.200,4993.400,0.600,0.800,0.800,5882937344.0,2031616.0,70469144576.0,92426080256.0,0.0,0.0,272341401.600,11468.800,5861.800,4994.200,0.280,1.127,97.932,0.641,0.0,0.020,1493164635.821,
0.481,1.859,93.450,4.174,0.0,0.035,435899596.800,4915.200,214382.600,472710767.200,0.0,0.0,9740.400,7807.200,1.400,5.0,0.400,5796642816.0,2039808.0,72650526720.0,90330984448.0,0.0,0.0,436004454.400,4915.200,9741.400,7808.400,0.481,1.859,93.445,4.180,0.0,0.035,1493164640.821,
0.300,1.022,97.616,1.042,0.0,0.020,262076006.400,12288.0,63552.0,256694575.200,0.0,0.0,5453.200,4744.800,0.600,0.400,0.400,5883023360.0,2056192.0,73959096320.0,88936017920.0,0.0,0.0,261908070.400,12288.0,5451.800,4741.600,0.300,1.022,97.621,1.037,0.0,0.020,1493164645.821,
0.482,1.646,93.784,4.049,0.0,0.040,428958515.200,13926.400,180844.800,452922803.200,0.0,0.0,9369.200,7698.200,0.600,4.200,0.400,5873332224.0,2072576.0,76103540736.0,86801248256.0,0.0,0.0,429126451.200,13926.400,9371.400,7701.400,0.482,1.650,93.769,4.058,0.0,0.040,1493164650.821,
0.436,1.543,95.275,2.706,0.0,0.040,379016806.400,8192.0,179445.600,392859406.600,0.0,0.0,8135.200,6691.0,1.600,1.200,0.400,5883080704.0,2080768.0,77999149056.0,84895883264.0,0.0,0.0,378927513.600,8192.0,8133.600,6689.600,0.436,1.539,95.289,2.696,0.0,0.040,1493164655.821,
0.381,1.332,97.395,0.862,0.0,0.030,332546867.200,9830.400,133867.0,347568871.400,0.0,0.0,7256.0,6038.200,0.600,1.0,1.200,5899485184.0,2097152.0,79661023232.0,83217588224.0,0.0,0.0,332557516.800,9830.400,7256.200,6037.800,0.381,1.332,97.396,0.861,0.0,0.030,1493164660.821,
0.411,1.594,94.969,2.967,0.0,0.060,396233932.800,8192.0,168205.400,413838099.0,0.0,0.0,8329.200,7140.200,1.0,1.600,0.400,5901385728.0,2105344.0,81642041344.0,81234661376.0,0.0,0.0,396207718.400,8192.0,8328.600,7140.600,0.411,1.594,94.968,2.967,0.0,0.060,1493164665.821,
0.406,1.654,94.451,3.458,0.0,0.030,386650931.200,10649.600,201091.200,416840572.200,0.0,0.0,8653.800,7001.200,1.200,3.0,0.800,5855293440.0,2121728.0,83579412480.0,79343366144.0,0.0,0.0,386703360.0,10649.600,8660.600,7002.800,0.411,1.659,94.432,3.468,0.0,0.030,1493164670.821,
0.516,1.905,90.925,6.603,0.0,0.050,454586368.0,12288.0,160671.600,461948895.800,0.0,0.0,9807.600,8156.800,0.600,5.800,0.400,5914873856.0,1814528.0,85829541888.0,77033963520.0,0.0,0.0,454350438.400,12288.0,9799.800,8152.800,0.511,1.901,90.944,6.594,0.0,0.050,1493164675.821,
0.246,1.012,98.116,0.601,0.0,0.025,253858611.200,3276.800,69172.800,265427726.200,0.0,0.0,5520.400,4620.800,0.600,0.200,0.400,5918638080.0,1822720.0,87099322368.0,75760410624.0,0.0,0.0,253858611.200,3276.800,5520.400,4620.800,0.245,1.012,98.116,0.601,0.0,0.025,1493164680.821,
0.265,1.112,98.107,0.491,0.0,0.025,267948032.0,10649.600,85185.800,280234672.400,0.0,0.0,5890.0,4845.600,0.200,0.400,0.400,5920731136.0,1839104.0,88438226944.0,74419396608.0,0.0,0.0,267948032.0,10649.600,5895.600,4847.600,0.265,1.117,98.102,0.491,0.0,0.025,1493164685.821,
0.346,1.348,97.434,0.857,0.0,0.015,322428928.0,12288.0,113169.600,338051153.600,0.0,0.0,7035.800,5792.400,0.200,0.200,0.400,5928701952.0,1847296.0,90050953216.0,72798691328.0,0.0,0.0,322638643.200,12288.0,7034.800,5793.0,0.346,1.348,97.434,0.857,0.0,0.015,1493164690.821,
0.401,1.429,96.461,1.669,0.0,0.040,352563200.0,7372.800,131848.600,368814067.0,0.0,0.0,7695.600,6305.400,1.400,1.200,0.800,5932204032.0,1863680.0,91815297024.0,71030829056.0,0.0,0.0,352510771.200,7372.800,7695.600,6304.800,0.401,1.424,96.461,1.674,0.0,0.040,1493164695.821,
0.356,1.313,97.489,0.817,0.0,0.025,312184832.0,4915.200,109377.600,325348448.800,0.0,0.0,6818.800,5656.800,0.600,0.0,0.800,5934125056.0,1871872.0,93374513152.0,69469683712.0,0.0,0.0,312027545.600,4915.200,6814.800,5655.200,0.356,1.313,97.494,0.812,0.0,0.025,1493164700.821,
0.270,1.062,97.976,0.676,0.0,0.015,257321369.600,13107.200,61449.400,270895544.0,0.0,0.0,5690.400,4716.400,0.400,0.600,0.400,5927600128.0,1888256.0,94662410240.0,68188295168.0,0.0,0.0,257478656.0,13107.200,5694.200,4718.600,0.271,1.062,97.976,0.676,0.0,0.015,1493164705.821,
0.320,1.237,97.677,0.741,0.0,0.025,287560499.200,5734.400,83458.200,299806091.200,0.0,0.0,6297.200,5241.800,0.200,0.600,0.400,5939417088.0,1896448.0,96099758080.0,66739122176.0,0.0,0.0,287560499.200,5734.400,6294.0,5241.400,0.320,1.241,97.672,0.741,0.0,0.025,1493164710.821,
0.426,1.527,96.935,1.087,0.0,0.025,355383705.600,12288.0,116532.800,371594483.0,0.0,0.0,7697.0,6363.0,1.0,0.600,0.400,5945470976.0,1912832.0,97875693568.0,64957116416.0,0.0,0.0,355409920.0,12288.0,7697.200,6363.600,0.426,1.522,96.941,1.087,0.0,0.025,1493164715.821,
0.326,1.293,97.580,0.792,0.0,0.010,315870412.800,13107.200,105321.800,329826028.600,0.0,0.0,6988.400,5688.800,1.0,0.200,0.800,5947351040.0,1929216.0,99456057344.0,63374856192.0,0.0,0.0,315949056.0,13107.200,6988.600,5688.800,0.326,1.293,97.580,0.792,0.0,0.010,1493164720.821,
0.310,1.196,97.733,0.731,0.0,0.030,281552486.400,4096.0,83193.800,293757800.200,0.0,0.0,6171.0,5085.600,0.400,0.200,0.400,5950537728.0,1929216.0,1.0086273024e+11,61964996608.0,0.0,0.0,281290342.400,4096.0,6169.600,5083.200,0.310,1.196,97.733,0.731,0.0,0.030,1493164725.821,
0.481,1.690,92.614,5.185,0.0,0.030,424209612.800,10649.600,165539.200,462473714.600,0.0,0.0,9252.400,7731.800,0.400,6.200,1.200,5864714240.0,1949696.0,1.02968655872e+11,59944873984.0,0.0,0.0,424524185.600,10649.600,9260.0,7735.600,0.486,1.690,92.599,5.195,0.0,0.030,1493164730.821,
0.526,1.945,90.237,7.232,0.0,0.060,490621337.600,4915.200,201622.400,510000242.0,0.0,0.0,10276.600,8860.600,1.200,5.600,1.200,5877624832.0,1957888.0,1.05383174144e+11,57517436928.0,0.0,0.0,490532044.800,4915.200,10276.0,8859.800,0.526,1.950,90.235,7.228,0.0,0.060,1493164735.821,
0.536,1.940,89.893,7.575,0.0,0.055,494578892.800,13107.200,177763.200,516712972.200,0.0,0.0,10260.800,8906.800,0.800,6.400,0.0,5888196608.0,1974272.0,1.07854041088e+11,55035981824.0,0.0,0.0,494615756.800,13107.200,10256.600,8907.0,0.531,1.940,89.895,7.579,0.0,0.055,1493164740.821,
0.381,1.258,95.103,3.223,0.0,0.035,337847091.200,11468.800,114891.0,339207903.200,0.0,0.0,6841.800,6124.400,0.200,2.200,0.800,5959708672.0,1982464.0,1.09542449152e+11,53276053504.0,0.0,0.0,337768448.0,11468.800,6840.400,6123.0,0.386,1.253,95.109,3.218,0.0,0.035,1493164745.821,
0.281,1.097,97.765,0.827,0.0,0.030,275911475.200,11468.800,61152.200,288651970.800,0.0,0.0,5860.600,5041.400,0.400,0.800,0.400,5961011200.0,1998848.0,1.109216256e+11,51895558144.0,0.0,0.0,275990118.400,11468.800,5863.0,5042.800,0.276,1.102,97.771,0.822,0.0,0.030,1493164750.820,
0.240,1.167,97.742,0.831,0.0,0.020,278716416.0,7372.800,59436.400,291707264.600,0.0,0.0,5730.400,5079.400,0.800,1.200,0.400,5962293248.0,2015232.0,1.12315604992e+11,50500280320.0,0.0,0.0,278690201.600,7372.800,5727.800,5078.600,0.240,1.162,97.747,0.831,0.0,0.020,1493164755.821,
0.321,1.168,97.630,0.862,0.0,0.020,301689241.600,9830.400,70593.600,314342981.400,0.0,0.0,6182.0,5542.800,0.600,1.600,0.800,5978562560.0,2023424.0,1.1382478848e+11,48974819328.0,0.0,0.0,301689241.600,9830.400,6182.600,5543.0,0.321,1.168,97.630,0.862,0.0,0.020,1493164760.821,
0.290,1.127,97.576,0.971,0.0,0.035,280226201.600,7372.800,62539.200,293183302.0,0.0,0.0,5780.600,5114.400,0.200,0.800,0.400,5975650304.0,2039808.0,1.15225546752e+11,47576956928.0,0.0,0.0,280189337.600,7372.800,5780.400,5113.0,0.295,1.127,97.571,0.971,0.0,0.035,1493164765.821,
0.301,1.182,97.580,0.917,0.0,0.020,286501273.600,10649.600,68957.200,299204575.800,0.0,0.0,6094.800,5254.800,0.400,1.0,1.0,5984309248.0,2048000.0,1.16658118656e+11,46135717888.0,0.0,0.0,286511923.200,10649.600,6096.200,5256.0,0.296,1.187,97.580,0.917,0.0,0.020,1493164770.821,
0.336,1.383,97.133,1.133,0.0,0.015,327399014.400,7372.800,123143.800,346429311.600,0.0,0.0,7170.200,5842.600,0.800,0.800,0.400,5961056256.0,2064384.0,1.18294679552e+11,44522393600.0,0.0,0.0,327399014.400,7372.800,7174.400,5843.400,0.341,1.378,97.129,1.138,0.0,0.015,1493164775.821,
0.481,1.675,95.011,2.803,0.0,0.030,402781798.400,1638.400,169768.400,419527534.0,0.0,0.0,8706.600,7164.0,0.800,2.0,0.600,5974249472.0,2064384.0,1.2030844928e+11,42495430656.0,0.0,0.0,402781798.400,1638.400,8700.800,7163.0,0.476,1.680,95.015,2.798,0.0,0.030,1493164780.821,
0.406,1.488,96.012,2.064,0.0,0.030,350203904.0,12288.0,134611.0,363530156.0,0.0,0.0,7546.0,6296.0,0.800,1.800,0.800,5999390720.0,2080768.0,1.22058375168e+11,40720347136.0,0.0,0.0,350151475.200,12288.0,7545.600,6295.600,0.411,1.483,96.007,2.069,0.0,0.030,1493164785.821,
0.301,1.067,97.926,0.696,0.0,0.010,264944025.600,13107.200,58571.200,275801266.800,0.0,0.0,5621.600,4835.200,0.600,0.800,0.0,5999058944.0,2097152.0,1.23381624832e+11,39397412864.0,0.0,0.0,264786739.200,13107.200,5620.400,4833.0,0.296,1.067,97.936,0.691,0.0,0.010,1493164790.821,
0.326,1.127,97.715,0.812,0.0,0.020,279937843.200,9830.400,60970.800,293962218.800,0.0,0.0,6071.0,5094.200,0.600,0.800,0.400,6005387264.0,2105344.0,1.24783153152e+11,37989548032.0,0.0,0.0,280095129.600,9830.400,6072.400,5097.0,0.326,1.128,97.715,0.812,0.0,0.020,1493164795.821,
0.255,1.056,97.938,0.731,0.0,0.020,236791398.400,7372.800,77941.600,247304009.0,0.0,0.0,5125.0,4269.400,0.400,0.800,0.0,6005698560.0,2121728.0,1.25966823424e+11,36805550080.0,0.0,0.0,236870041.600,7372.800,5125.200,4269.800,0.255,1.056,97.938,0.731,0.0,0.020,1493164800.821,
0.215,0.876,98.488,0.410,0.0,0.010,199679180.800,8192.0,76335.800,208389107.400,0.0,0.0,4433.200,3676.0,0.200,0.0,0.800,6007169024.0,2129920.0,1.26964420608e+11,35806474240.0,0.0,0.0,199443251.200,8192.0,4431.600,3672.800,0.220,0.876,98.483,0.410,0.0,0.010,1493164805.821,
0.230,0.896,98.473,0.386,0.0,0.015,217178931.200,2457.600,83205.0,227679070.200,0.0,0.0,4770.800,3988.600,0.800,0.0,0.0,6010462208.0,2138112.0,1.2805091328e+11,34716680192.0,0.0,0.0,217178931.200,2457.600,4770.800,3988.600,0.225,0.896,98.478,0.386,0.0,0.015,1493164810.821,
0.195,0.811,98.663,0.320,0.0,0.010,192240025.600,8192.0,68004.200,201526785.0,0.0,0.0,4303.0,3506.0,0.400,0.200,0.400,6013243392.0,2146304.0,1.29014198272e+11,33750605824.0,0.0,0.0,192449740.800,8192.0,4304.800,3509.200,0.195,0.816,98.658,0.320,0.0,0.010,1493164815.821,
0.195,0.816,98.608,0.376,0.0,0.005,198143180.800,8192.0,64254.0,206051571.400,0.0,0.0,4344.800,3562.400,0.400,0.200,0.0,6020038656.0,2162688.0,1.30004279296e+11,32753713152.0,0.0,0.0,198143180.800,8192.0,4344.0,3561.600,0.195,0.811,98.613,0.376,0.0,0.005,1493164820.821,
0.245,1.006,98.203,0.531,0.0,0.015,235334041.600,10649.600,85348.400,245756831.600,0.0,0.0,5152.800,4262.800,0.600,0.200,0.400,6013136896.0,2179072.0,1.3118070784e+11,31584169984.0,0.0,0.0,235386470.400,10649.600,5153.800,4263.400,0.250,1.006,98.198,0.531,0.0,0.015,1493164825.821,
0.280,1.162,97.766,0.771,0.0,0.020,271989964.800,9830.400,61417.0,286973888.200,0.0,0.0,5802.800,4949.200,0.600,0.600,0.400,6009655296.0,2187264.0,1.3253982208e+11,30228529152.0,0.0,0.0,271937536.0,9830.400,5804.200,4949.600,0.275,1.162,97.772,0.771,0.0,0.020,1493164830.821,
0.346,1.322,97.366,0.951,0.0,0.015,311749836.800,7372.800,65980.600,325917111.400,0.0,0.0,6628.600,5630.400,1.0,0.600,0.400,6018281472.0,2203648.0,1.34100123648e+11,28659585024.0,0.0,0.0,311776051.200,7372.800,6626.400,5630.0,0.346,1.322,97.366,0.952,0.0,0.015,1493164835.821,
0.276,1.197,97.836,0.676,0.0,0.015,285699276.800,0.0,80487.0,297808081.200,0.0,0.0,6080.400,5138.0,0.200,0.400,0.0,6024404992.0,2203648.0,1.35528308736e+11,27225276416.0,0.0,0.0,285673062.400,0.0,6080.800,5138.0,0.276,1.198,97.835,0.676,0.0,0.015,1493164840.821,
0.370,1.496,97.152,0.946,0.0,0.035,340426752.0,7372.800,120204.0,354772093.200,0.0,0.0,7366.0,6076.0,0.800,0.400,0.600,6026006528.0,2220032.0,1.3722832896e+11,25523638272.0,0.0,0.0,340452966.400,7372.800,7368.600,6076.400,0.370,1.502,97.147,0.946,0.0,0.035,1493164845.821,
0.521,1.956,92.519,4.969,0.0,0.035,445802905.600,5734.400,206593.800,485436259.800,0.0,0.0,9915.0,7868.400,0.800,5.200,0.0,5944041472.0,2228224.0,1.39438235648e+11,23395688448.0,0.0,0.0,445855334.400,5734.400,9919.600,7868.400,0.521,1.960,92.500,4.983,0.0,0.035,1493164850.821,
0.381,1.358,93.887,4.344,0.0,0.030,321940684.800,12288.0,164187.400,349028566.0,0.0,0.0,7211.800,5824.200,0.400,4.0,0.400,5876330496.0,2244608.0,1.41029715968e+11,21871902720.0,0.0,0.0,321652326.400,12288.0,7203.0,5820.800,0.381,1.348,93.911,4.330,0.0,0.030,1493164855.821,
