"Dstat 0.7.2 CSV output"
"Author:","Dag Wieers <dag@wieers.com>",,,,"URL:","http://dag.wieers.com/home-made/dstat/"
"Host:","client0.skyhook-1osds.skyhook-pg0.wisc.cloudlab.us",,,,"User:","jlefevre"
"Cmdline:","dstat -av --epoch --integer --noheaders --output 1osd.dstat-client0.log 5",,,,"Date:","25 Apr 2017 15:29:27 CDT"

"total cpu usage",,,,,,"dsk/total",,"net/total",,"paging",,"system",,"procs",,,"memory usage",,,,"paging",,"dsk/total",,"system",,"total cpu usage",,,,,,"epoch"
"usr","sys","idl","wai","hiq","siq","read","writ","recv","send","in","out","int","csw","run","blk","new","used","buff","cach","free","in","out","read","writ","int","csw","usr","sys","idl","wai","hiq","siq","epoch"
0.040,0.050,99.719,0.185,0.0,0.005,0.0,1547468.800,40061.600,287.600,0.0,0.0,530.800,7062.800,0.0,0.0,0.0,5495943168.0,224088064.0,1.47404845056e+11,15655317504.0,0.0,0.0,0.0,1547468.800,530.800,7062.800,0.040,0.050,99.719,0.185,0.0,0.005,1493172937.149,
0.321,0.291,99.233,0.005,0.0,0.150,0.0,17203.200,176956550.600,63106.0,0.0,0.0,2582.600,8473.0,0.200,0.200,5.0,5648904192.0,224088064.0,1.47404730368e+11,15502471168.0,0.0,0.0,0.0,17203.200,2584.200,8479.600,0.321,0.296,99.228,0.005,0.0,0.150,1493172942.149,
0.833,0.793,97.967,0.040,0.0,0.366,0.0,66355.200,519018479.800,192494.600,0.0,0.0,6720.400,12105.400,0.800,0.0,0.400,5662105600.0,224100352.0,1.47404886016e+11,15489101824.0,0.0,0.0,0.0,66355.200,6718.800,12098.800,0.833,0.788,97.973,0.040,0.0,0.366,1493172947.149,
0.798,0.813,97.983,0.020,0.0,0.386,0.0,102400.0,511788166.400,168627.200,0.0,0.0,6439.400,11198.600,0.600,0.0,0.0,5658304512.0,224104448.0,1.47405070336e+11,15492714496.0,0.0,0.0,0.0,102400.0,6444.400,11206.400,0.798,0.813,97.983,0.020,0.0,0.386,1493172952.149,
1.079,0.959,97.505,0.005,0.0,0.452,0.0,83558.400,726186592.0,307862.200,0.0,0.0,8970.800,15353.0,1.0,0.0,0.400,5662879744.0,224112640.0,1.47405279232e+11,15487922176.0,0.0,0.0,0.0,83558.400,8971.200,15355.400,1.079,0.964,97.500,0.005,0.0,0.452,1493172957.149,
1.326,1.422,96.930,0.050,0.0,0.272,0.0,81100.800,862246149.800,518236.600,0.0,0.0,10822.0,15835.800,1.400,0.0,0.0,5643558912.0,224129024.0,1.47405500416e+11,15507005440.0,0.0,0.0,0.0,81100.800,10821.0,15828.200,1.331,1.417,96.930,0.050,0.0,0.272,1493172962.149,
1.240,1.326,97.067,0.035,0.0,0.333,0.0,81100.800,869253225.0,435606.800,0.0,0.0,11153.800,16339.200,1.400,0.0,0.400,5673107456.0,224129024.0,1.47405717504e+11,15477239808.0,0.0,0.0,0.0,81100.800,11154.600,16337.800,1.240,1.331,97.062,0.035,0.0,0.333,1493172967.149,
1.299,1.289,97.024,0.050,0.0,0.337,0.0,81100.800,867790238.600,445177.400,0.0,0.0,10715.600,16795.800,1.400,0.0,0.0,5689233408.0,224137216.0,1.47405938688e+11,15460884480.0,0.0,0.0,0.0,81100.800,10715.0,16801.800,1.294,1.284,97.034,0.050,0.0,0.337,1493172972.149,
1.265,1.254,97.053,0.040,0.0,0.388,0.0,83558.400,859602073.0,458403.800,0.0,0.0,10588.800,16818.800,1.400,0.0,0.400,5672980480.0,224141312.0,1.47406176256e+11,15476895744.0,0.0,0.0,0.0,83558.400,10589.600,16812.0,1.264,1.259,97.048,0.040,0.0,0.388,1493172977.149,
1.255,1.285,97.067,0.045,0.0,0.348,0.0,83558.400,913592168.800,466160.800,0.0,0.0,10841.400,17484.400,1.200,0.0,0.400,5687562240.0,224153600.0,1.47406389248e+11,15462088704.0,0.0,0.0,0.0,83558.400,10840.800,17489.0,1.255,1.280,97.072,0.045,0.0,0.348,1493172982.149,
1.154,1.254,97.275,0.015,0.0,0.302,0.0,90931.200,829500099.400,513604.200,0.0,0.0,10662.600,16371.600,1.0,0.0,0.400,5669040128.0,224161792.0,1.47406630912e+11,15480360960.0,0.0,0.0,0.0,90931.200,10662.600,16381.800,1.159,1.254,97.270,0.015,0.0,0.302,1493172987.149,
1.168,1.188,97.302,0.015,0.0,0.327,0.0,87654.400,823513781.0,477527.200,0.0,0.0,10581.600,18301.200,1.400,0.0,0.800,5652819968.0,224169984.0,1.47406835712e+11,15496368128.0,0.0,0.0,0.0,87654.400,10581.0,18288.200,1.163,1.193,97.302,0.015,0.0,0.327,1493172992.149,
1.175,1.266,97.302,0.010,0.0,0.247,0.0,86835.200,810961543.200,488911.800,0.0,0.0,10401.400,16878.0,1.600,0.0,0.0,5670154240.0,224178176.0,1.4740707328e+11,15478788096.0,0.0,0.0,0.0,86835.200,10404.0,16882.600,1.175,1.266,97.302,0.010,0.0,0.247,1493172997.149,
1.328,1.409,96.996,0.030,0.0,0.237,0.0,84377.600,857688388.600,561711.200,0.0,0.0,10851.800,15368.800,1.200,0.0,0.800,5670473728.0,224178176.0,1.4740729856e+11,15478243328.0,0.0,0.0,0.0,84377.600,10848.200,15364.400,1.328,1.409,96.995,0.030,0.0,0.237,1493173002.149,
1.302,1.383,97.022,0.020,0.0,0.273,0.0,86016.0,849165794.800,505310.200,0.0,0.0,10622.0,15552.400,1.200,0.0,0.0,5665857536.0,224186368.0,1.47407527936e+11,15482621952.0,0.0,0.0,0.0,86016.0,10623.400,15553.0,1.302,1.383,97.023,0.020,0.0,0.272,1493173007.149,
1.113,1.163,97.271,0.040,0.0,0.413,0.0,81920.0,854179711.600,458479.800,0.0,0.0,11333.400,17574.800,1.0,0.0,0.400,5657231360.0,224190464.0,1.4740774912e+11,15491022848.0,0.0,0.0,0.0,81920.0,11333.800,17583.200,1.113,1.158,97.276,0.040,0.0,0.413,1493173012.149,
1.236,1.312,97.239,0.040,0.0,0.172,0.0,82739.200,867448906.0,651194.400,0.0,0.0,11593.800,17478.800,1.200,0.0,0.0,5661519872.0,224206848.0,1.47407978496e+11,15486488576.0,0.0,0.0,0.0,82739.200,11594.0,17470.600,1.242,1.312,97.234,0.040,0.0,0.172,1493173017.149,
1.193,1.233,97.106,0.015,0.0,0.453,0.0,91750.400,840061495.0,456349.400,0.0,0.0,11366.0,16626.200,1.200,0.0,1.400,5666992128.0,224227328.0,1.47408195584e+11,15480778752.0,0.0,0.0,0.0,91750.400,11364.800,16627.400,1.188,1.238,97.106,0.015,0.0,0.453,1493173022.149,
1.173,1.224,97.210,0.065,0.0,0.327,0.0,365363.200,861750610.200,512741.600,0.0,0.0,11331.0,18068.600,1.0,0.0,0.400,5679255552.0,224239616.0,1.47408408576e+11,15468290048.0,0.0,0.0,0.0,365363.200,11329.200,18064.600,1.173,1.219,97.210,0.065,0.0,0.332,1493173027.149,
1.250,1.366,97.031,0.045,0.0,0.308,0.0,85196.800,807687620.0,497389.0,0.0,0.0,11312.600,14320.0,0.600,0.0,0.400,5683273728.0,224264192.0,1.47408646144e+11,15464009728.0,0.0,0.0,0.0,85196.800,11316.0,14322.200,1.255,1.366,97.031,0.045,0.0,0.302,1493173032.149,
1.119,1.326,97.207,0.025,0.0,0.323,0.0,81920.0,862775055.200,553474.800,0.0,0.0,11918.600,16642.400,1.200,0.0,0.0,5687816192.0,224268288.0,1.47408871424e+11,15459237888.0,0.0,0.0,0.0,81920.0,11917.600,16639.800,1.114,1.326,97.211,0.025,0.0,0.323,1493173037.149,
1.101,1.363,97.258,0.015,0.0,0.263,0.0,85196.800,821567659.0,506912.200,0.0,0.0,10870.400,14939.600,1.0,0.0,0.800,5678338048.0,224280576.0,1.474091008e+11,15468474368.0,0.0,0.0,0.0,85196.800,10869.200,14940.0,1.101,1.363,97.258,0.015,0.0,0.263,1493173042.149,
1.147,1.400,97.301,0.0,0.0,0.152,0.0,81100.800,859692632.0,618720.0,0.0,0.0,10937.200,16160.0,1.200,0.0,0.0,5679820800.0,224284672.0,1.47409330176e+11,15466758144.0,0.0,0.0,0.0,81100.800,10938.600,16176.600,1.152,1.405,97.292,0.0,0.0,0.152,1493173047.149,
1.277,1.444,97.016,0.020,0.0,0.242,0.0,88473.600,865720796.400,565173.600,0.0,0.0,10877.600,15702.800,2.0,0.0,0.600,5678465024.0,224305152.0,1.47409567744e+11,15467855872.0,0.0,0.0,0.0,88473.600,10879.200,15690.800,1.273,1.439,97.026,0.020,0.0,0.242,1493173052.149,
1.281,1.367,97.015,0.015,0.0,0.323,0.0,108134.400,876371814.400,615136.600,0.0,0.0,11170.400,17117.600,1.200,0.0,0.0,5700362240.0,224305152.0,1.47409809408e+11,15445716992.0,0.0,0.0,0.0,108134.400,11169.200,17120.0,1.281,1.367,97.015,0.015,0.0,0.323,1493173057.149,
1.136,1.297,97.264,0.010,0.0,0.293,0.0,86016.0,838850064.0,518968.600,0.0,0.0,11352.400,15123.0,0.800,0.0,1.200,5677453312.0,224313344.0,1.47410026496e+11,15468400640.0,0.0,0.0,0.0,86016.0,11352.400,15120.600,1.135,1.302,97.260,0.010,0.0,0.293,1493173062.149,
1.074,1.306,97.232,0.035,0.0,0.353,0.0,88473.600,842089908.400,487620.200,0.0,0.0,11632.600,15341.0,1.600,0.0,0.0,5685211136.0,224325632.0,1.47410243584e+11,15460413440.0,0.0,0.0,0.0,88473.600,11632.800,15336.0,1.074,1.301,97.236,0.035,0.0,0.353,1493173067.149,
1.107,1.087,97.382,0.0,0.0,0.423,0.0,83558.400,808468775.600,405695.400,0.0,0.0,10425.600,16619.200,1.400,0.0,0.400,5701173248.0,224325632.0,1.4741049344e+11,15444201472.0,0.0,0.0,0.0,83558.400,10425.400,16623.800,1.107,1.092,97.378,0.0,0.0,0.423,1493173072.149,
1.262,1.403,97.077,0.025,0.0,0.232,0.0,82739.200,821860313.600,540061.0,0.0,0.0,11037.800,14708.600,1.400,0.0,0.200,5699063808.0,224333824.0,1.47410714624e+11,15446081536.0,0.0,0.0,0.0,82739.200,11038.0,14721.0,1.262,1.403,97.077,0.025,0.0,0.232,1493173077.149,
1.303,1.415,97.019,0.025,0.0,0.237,0.0,81100.800,842904227.0,557342.200,0.0,0.0,10631.200,15563.400,2.200,0.0,0.800,5688176640.0,224333824.0,1.47410944e+11,15456739328.0,0.0,0.0,0.0,81100.800,10627.200,15548.0,1.308,1.414,97.014,0.025,0.0,0.237,1493173082.149,
1.305,1.275,97.052,0.040,0.0,0.328,0.0,92569.600,884334614.800,478854.400,0.0,0.0,10927.200,17164.200,1.200,0.0,0.0,5683281920.0,224354304.0,1.47411185664e+11,15461371904.0,0.0,0.0,0.0,92569.600,10929.800,17165.200,1.305,1.275,97.052,0.040,0.0,0.328,1493173087.149,
1.230,1.220,97.213,0.015,0.0,0.323,0.0,87654.400,846693306.200,505054.800,0.0,0.0,10782.0,16412.400,0.800,0.0,0.800,5682184192.0,224354304.0,1.47411390464e+11,15462264832.0,0.0,0.0,0.0,87654.400,10779.600,16425.200,1.230,1.215,97.218,0.015,0.0,0.323,1493173092.149,
1.292,1.645,96.846,0.035,0.0,0.182,0.0,86835.200,834526192.400,416573.600,0.0,0.0,10604.600,13639.600,1.400,0.0,0.0,5682745344.0,224366592.0,1.4741161984e+11,15461462016.0,0.0,0.0,0.0,86835.200,10607.600,13627.0,1.287,1.645,96.851,0.035,0.0,0.182,1493173097.150,
1.344,1.631,96.848,0.040,0.0,0.136,0.0,88473.600,848048072.600,458924.0,0.0,0.0,10774.0,14119.0,0.800,0.0,0.800,5688852480.0,224374784.0,1.4741184512e+11,15455121408.0,0.0,0.0,0.0,88473.600,10773.600,14122.400,1.349,1.631,96.843,0.040,0.0,0.136,1493173102.149,
1.393,1.574,96.856,0.040,0.0,0.136,0.0,83558.400,899764822.800,565698.0,0.0,0.0,11475.200,15495.0,1.200,0.0,0.0,5668696064.0,224387072.0,1.47412058112e+11,15475052544.0,0.0,0.0,0.0,83558.400,11476.200,15491.0,1.393,1.574,96.856,0.040,0.0,0.136,1493173107.149,
1.115,1.206,97.371,0.050,0.0,0.257,0.0,87654.400,904614797.200,599065.400,0.0,0.0,11436.600,19568.400,0.800,0.0,0.400,5676597248.0,224395264.0,1.47412303872e+11,15466897408.0,0.0,0.0,0.0,87654.400,11437.400,19573.800,1.115,1.206,97.371,0.050,0.0,0.257,1493173112.149,
1.166,1.236,97.245,0.040,0.0,0.313,0.0,85196.800,848551688.200,509452.200,0.0,0.0,11098.0,16134.600,1.200,0.0,0.400,5699964928.0,224395264.0,1.47412537344e+11,15443296256.0,0.0,0.0,0.0,85196.800,11098.800,16129.600,1.161,1.236,97.250,0.040,0.0,0.313,1493173117.149,
0.472,0.497,98.876,0.030,0.0,0.125,0.0,76185.600,272875277.200,157892.800,0.0,0.0,4356.800,9468.200,0.200,0.0,1.400,5480812544.0,224407552.0,1.47412721664e+11,15662252032.0,0.0,0.0,0.0,76185.600,4350.0,9465.600,0.472,0.502,98.871,0.030,0.0,0.125,1493173122.149,
