"Dstat 0.7.2 CSV output"
"Author:","Dag Wieers <dag@wieers.com>",,,,"URL:","http://dag.wieers.com/home-made/dstat/"
"Host:","osd0.skyhook-1osds.skyhook-pg0.wisc.cloudlab.us",,,,"User:","jlefevre"
"Cmdline:","dstat -av --epoch --integer --noheaders --output 1osd.dstat-osd0.log 5",,,,"Date:","25 Apr 2017 15:29:30 CDT"

"total cpu usage",,,,,,"dsk/total",,"net/total",,"paging",,"system",,"procs",,,"memory usage",,,,"paging",,"dsk/total",,"system",,"total cpu usage",,,,,,"epoch"
"usr","sys","idl","wai","hiq","siq","read","writ","recv","send","in","out","int","csw","run","blk","new","used","buff","cach","free","in","out","read","writ","int","csw","usr","sys","idl","wai","hiq","siq","epoch"
0.010,0.005,99.985,0.0,0.0,0.0,0.0,0.0,1489.400,39242.600,0.0,0.0,127.200,149.0,0.0,0.0,0.0,5864497152.0,2048000.0,1.40679442432e+11,22234206208.0,0.0,0.0,0.0,0.0,127.0,148.600,0.005,0.010,99.985,0.0,0.0,0.0,1493162170.821,
0.551,1.918,96.129,1.392,0.0,0.010,115227033.600,8192.0,209728.800,570827056.600,0.0,0.0,8292.400,3285.400,1.400,1.0,0.0,6029447168.0,2064384.0,1.41139103744e+11,21609578496.0,0.0,0.0,115227033.600,8192.0,8294.0,3286.400,0.551,1.918,96.129,1.392,0.0,0.010,1493162175.821,
0.641,2.374,96.790,0.115,0.0,0.080,25269862.400,7372.800,231245.400,769690409.600,0.0,0.0,9880.400,2422.600,1.600,0.0,0.0,6030843904.0,2080768.0,1.41137666048e+11,21609603072.0,0.0,0.0,25269862.400,7372.800,9883.400,2422.400,0.641,2.374,96.790,0.115,0.0,0.080,1493162180.821,
0.556,2.043,97.322,0.010,0.0,0.070,3418521.600,0.0,169460.400,609153016.600,0.0,0.0,7967.800,1737.400,1.0,0.0,0.0,6025826304.0,2080768.0,1.41138477056e+11,21613809664.0,0.0,0.0,3418521.600,0.0,7968.200,1738.600,0.556,2.043,97.322,0.010,0.0,0.070,1493162185.820,
0.621,2.389,96.789,0.160,0.0,0.040,26472448.0,2457.600,239928.400,722781875.600,0.0,0.0,9690.400,2342.400,1.600,0.400,0.0,6021824512.0,2088960.0,1.41138243584e+11,21618036736.0,0.0,0.0,26472448.0,2457.600,9691.200,2341.200,0.621,2.384,96.794,0.160,0.0,0.040,1493162190.821,
0.506,1.912,97.532,0.0,0.0,0.050,0.0,0.0,205822.600,607251595.800,0.0,0.0,7652.0,1618.600,1.0,0.0,0.0,6020743168.0,2088960.0,1.41138972672e+11,21618388992.0,0.0,0.0,0.0,0.0,7652.600,1620.200,0.510,1.917,97.523,0.0,0.0,0.050,1493162195.821,
0.476,1.893,97.586,0.020,0.0,0.025,6018662.400,2457.600,195315.0,576966964.200,0.0,0.0,7571.600,1649.0,1.200,0.0,0.400,6019923968.0,2097152.0,1.41137866752e+11,21620305920.0,0.0,0.0,6018662.400,2457.600,7569.600,1648.200,0.476,1.893,97.586,0.020,0.0,0.025,1493162200.821,
0.421,1.673,97.887,0.005,0.0,0.015,3020390.400,0.0,166735.0,481170484.800,0.0,0.0,6370.0,1468.0,1.0,0.0,0.0,6027984896.0,2097152.0,1.41138952192e+11,21611159552.0,0.0,0.0,3020390.400,0.0,6367.800,1467.200,0.416,1.668,97.897,0.005,0.0,0.015,1493162205.820,
0.501,1.804,97.675,0.010,0.0,0.010,0.0,9011.200,131939.0,558009608.800,0.0,0.0,7349.800,1547.600,0.800,0.0,0.0,6029606912.0,2113536.0,1.41138948096e+11,21609525248.0,0.0,0.0,0.0,9011.200,7347.600,1546.800,0.506,1.804,97.670,0.010,0.0,0.010,1493162210.821,
0.742,2.712,96.522,0.005,0.0,0.020,2629632.0,9830.400,394430.0,831464938.200,0.0,0.0,10981.600,2162.0,1.0,0.200,0.0,6027522048.0,2129920.0,1.41138935808e+11,21611606016.0,0.0,0.0,2629632.0,9830.400,10982.400,2163.800,0.742,2.712,96.521,0.005,0.0,0.020,1493162215.821,
0.807,2.892,96.256,0.025,0.0,0.020,5019238.400,0.0,360674.200,923030521.600,0.0,0.0,11848.600,2464.200,1.200,0.0,0.0,6029447168.0,2129920.0,1.41138935808e+11,21609680896.0,0.0,0.0,5019238.400,0.0,11854.0,2467.600,0.807,2.897,96.251,0.025,0.0,0.020,1493162220.821,
0.632,2.206,97.122,0.035,0.0,0.005,44236.800,2457.600,258011.0,702331943.600,0.0,0.0,9278.800,1974.0,1.0,0.200,0.800,6033944576.0,2285568.0,1.41139009536e+11,21604954112.0,0.0,0.0,44236.800,2457.600,9280.0,1970.200,0.627,2.207,97.127,0.035,0.0,0.005,1493162225.821,
0.381,1.487,98.112,0.010,0.0,0.010,0.0,12288.0,156144.400,456503415.400,0.0,0.0,5969.800,1369.200,0.800,0.0,0.400,6034104320.0,2293760.0,1.41139013632e+11,21604782080.0,0.0,0.0,0.0,12288.0,5963.200,1368.600,0.386,1.482,98.112,0.010,0.0,0.010,1493162230.821,
0.335,1.587,98.048,0.010,0.0,0.020,0.0,2457.600,193275.600,460036601.200,0.0,0.0,5874.400,1317.600,0.600,0.0,0.0,6035902464.0,2301952.0,1.41139017728e+11,21602971648.0,0.0,0.0,0.0,2457.600,5873.800,1317.200,0.335,1.587,98.048,0.010,0.0,0.020,1493162235.821,
0.325,1.341,98.318,0.010,0.0,0.005,0.0,8192.0,150872.200,367666657.800,0.0,0.0,5014.200,1103.600,0.600,0.0,0.400,6052540416.0,2310144.0,1.41139017728e+11,21586325504.0,0.0,0.0,0.0,8192.0,5014.200,1103.600,0.320,1.341,98.323,0.010,0.0,0.005,1493162240.821,
0.581,2.209,97.175,0.005,0.0,0.030,0.0,9011.200,282202.400,649037450.0,0.0,0.0,8627.600,1724.200,1.200,0.0,0.0,6033506304.0,2326528.0,1.41139017728e+11,21605343232.0,0.0,0.0,0.0,9011.200,8632.400,1724.800,0.581,2.214,97.170,0.005,0.0,0.030,1493162245.821,
0.581,2.105,97.254,0.025,0.0,0.035,3226009.600,20480.0,291657.400,648650776.200,0.0,0.0,8588.0,1795.200,1.0,0.200,0.600,6027460608.0,2342912.0,1.41139038208e+11,21611352064.0,0.0,0.0,3226009.600,20480.0,8589.200,1795.200,0.586,2.100,97.254,0.025,0.0,0.035,1493162250.821,
0.626,2.408,96.926,0.010,0.0,0.030,2702540.800,0.0,307096.800,696691160.0,0.0,0.0,9157.200,1856.0,1.200,0.0,0.0,6026334208.0,2342912.0,1.41138505728e+11,21613010944.0,0.0,0.0,2702540.800,0.0,9158.400,1857.800,0.626,2.408,96.926,0.010,0.0,0.030,1493162255.821,
0.672,2.656,96.612,0.035,0.0,0.025,4651417.600,7372.800,491647.200,813861116.600,0.0,0.0,10688.200,2228.200,1.400,0.0,0.400,6018666496.0,2359296.0,1.41138096128e+11,21621071872.0,0.0,0.0,4651417.600,7372.800,10681.400,2226.200,0.672,2.656,96.612,0.035,0.0,0.025,1493162260.821,
0.621,2.360,96.978,0.0,0.0,0.040,0.0,4915.200,255382.400,697860325.0,0.0,0.0,9213.400,1927.800,1.800,0.0,0.400,6027087872.0,2367488.0,1.411390464e+11,21611692032.0,0.0,0.0,0.0,4915.200,9219.600,1928.600,0.621,2.360,96.978,0.0,0.0,0.040,1493162265.821,
0.601,2.089,97.215,0.055,0.0,0.040,8164147.200,10649.600,158661.200,605372082.400,0.0,0.0,8069.200,1822.400,1.600,0.0,0.400,6021840896.0,2383872.0,1.41138833408e+11,21617135616.0,0.0,0.0,8164147.200,10649.600,8064.600,1822.600,0.601,2.089,97.215,0.055,0.0,0.040,1493162270.821,
0.742,2.727,96.476,0.025,0.0,0.030,2523136.0,5734.400,271046.0,837201349.0,0.0,0.0,10906.400,2283.200,1.0,0.0,0.400,6017351680.0,2392064.0,1.41137969152e+11,21622480896.0,0.0,0.0,2523136.0,5734.400,10907.200,2282.200,0.742,2.727,96.476,0.025,0.0,0.030,1493162275.821,
0.822,2.997,96.120,0.005,0.0,0.055,0.0,4915.200,338476.200,958186498.200,0.0,0.0,12347.200,2454.800,1.600,0.0,0.0,6021419008.0,2400256.0,1.411390464e+11,21617328128.0,0.0,0.0,0.0,4915.200,12349.0,2454.800,0.817,3.002,96.120,0.005,0.0,0.055,1493162280.821,
0.651,2.374,96.940,0.010,0.0,0.025,0.0,15564.800,259363.0,734838847.600,0.0,0.0,9429.200,1997.800,1.0,0.0,0.400,6026985472.0,2416640.0,1.411390464e+11,21611745280.0,0.0,0.0,0.0,15564.800,9425.0,1997.400,0.656,2.369,96.940,0.010,0.0,0.025,1493162285.821,
0.305,1.191,98.488,0.010,0.0,0.005,0.0,4915.200,111515.200,341148567.800,0.0,0.0,4603.0,1035.400,1.0,0.0,0.0,6041112576.0,2424832.0,1.41139054592e+11,21597601792.0,0.0,0.0,0.0,4915.200,4603.200,1036.600,0.305,1.191,98.488,0.010,0.0,0.005,1493162290.821,
0.380,1.502,98.083,0.020,0.0,0.015,0.0,13107.200,155706.600,428396182.0,0.0,0.0,5715.600,1274.800,1.0,0.0,0.400,6029246464.0,2441216.0,1.41139054592e+11,21609451520.0,0.0,0.0,0.0,13107.200,5718.200,1273.600,0.376,1.502,98.087,0.020,0.0,0.015,1493162295.821,
0.536,2.028,97.406,0.005,0.0,0.025,0.0,7372.800,248916.800,577347786.200,0.0,0.0,7789.800,1598.800,1.400,0.0,0.400,6046408704.0,2449408.0,1.41139058688e+11,21592276992.0,0.0,0.0,0.0,7372.800,7792.200,1598.800,0.541,2.033,97.396,0.005,0.0,0.025,1493162300.821,
0.716,2.575,96.639,0.030,0.0,0.040,2228224.0,7372.800,292981.200,790400970.200,0.0,0.0,10150.800,2081.0,1.200,0.0,0.400,6026211328.0,2465792.0,1.41139050496e+11,21612466176.0,0.0,0.0,2228224.0,7372.800,10149.200,2082.200,0.711,2.570,96.648,0.030,0.0,0.040,1493162305.821,
0.421,1.552,97.987,0.010,0.0,0.030,0.0,5734.400,116417.800,445312707.800,0.0,0.0,5906.800,1349.600,1.0,0.0,0.0,6031052800.0,2473984.0,1.41139050496e+11,21607616512.0,0.0,0.0,0.0,5734.400,5903.0,1348.400,0.421,1.552,97.987,0.010,0.0,0.030,1493162310.821,
0.421,1.622,97.892,0.005,0.0,0.060,0.0,3276.800,139019.600,479886343.0,0.0,0.0,5972.0,1435.600,0.600,0.0,0.400,6043414528.0,2482176.0,1.41139058688e+11,21595238400.0,0.0,0.0,0.0,3276.800,5971.800,1435.600,0.426,1.622,97.887,0.005,0.0,0.060,1493162315.821,
0.676,2.669,96.625,0.010,0.0,0.020,0.0,12288.0,390583.600,765135518.600,0.0,0.0,9995.0,2058.0,0.600,0.0,0.0,6026248192.0,2498560.0,1.41134675968e+11,21616771072.0,0.0,0.0,0.0,12288.0,10002.0,2058.400,0.676,2.669,96.625,0.010,0.0,0.020,1493162320.821,
0.636,2.304,97.004,0.010,0.0,0.045,0.0,4915.200,344146.600,697262979.400,0.0,0.0,9308.200,1905.800,0.600,0.0,0.400,6046588928.0,2506752.0,1.41134675968e+11,21596422144.0,0.0,0.0,0.0,4915.200,9302.0,1906.200,0.631,2.304,97.009,0.010,0.0,0.045,1493162325.821,
0.461,1.817,97.687,0.015,0.0,0.020,0.0,7372.800,184505.600,506987927.400,0.0,0.0,6649.800,1471.800,1.0,0.0,0.400,6024220672.0,2523136.0,1.41130276864e+11,21623173120.0,0.0,0.0,0.0,7372.800,6654.600,1471.600,0.461,1.822,97.682,0.015,0.0,0.020,1493162330.821,
0.756,2.720,96.473,0.0,0.0,0.050,0.0,0.0,401713.400,821356565.600,0.0,0.0,10754.400,2192.600,1.0,0.0,0.400,6022328320.0,2523136.0,1.41116817408e+11,21638524928.0,0.0,0.0,0.0,0.0,10750.800,2192.200,0.761,2.715,96.473,0.0,0.0,0.050,1493162335.821,
0.490,1.991,97.453,0.015,0.0,0.050,0.0,77824.0,160044.600,541771584.600,0.0,67174.400,7213.600,1546.600,1.0,0.0,0.600,6024736768.0,2539520.0,1.41099454464e+11,21653463040.0,0.0,67174.400,15564.800,77824.0,7219.200,1547.400,0.489,1.996,97.445,0.020,0.0,0.050,1493162340.821,
0.491,1.893,97.576,0.010,0.0,0.030,16384.0,8192.0,255635.800,573368868.0,0.0,0.0,7563.400,1567.600,1.0,0.0,0.0,6022393856.0,2547712.0,1.41099495424e+11,21655756800.0,0.0,0.0,819.200,8192.0,7559.0,1568.400,0.492,1.888,97.585,0.005,0.0,0.030,1493162345.821,
0.536,1.872,97.492,0.020,0.0,0.080,0.0,9011.200,173137.600,610864645.0,0.0,0.0,7460.600,1689.600,1.200,0.0,0.400,6024519680.0,2564096.0,1.41099495424e+11,21653614592.0,0.0,0.0,0.0,9011.200,7461.600,1688.600,0.531,1.877,97.492,0.020,0.0,0.080,1493162350.821,
0.696,2.420,96.833,0.010,0.0,0.040,0.0,12288.0,369925.400,781743686.400,0.0,0.0,9964.0,2010.400,1.400,0.0,0.0,6031032320.0,2580480.0,1.41099495424e+11,21647085568.0,0.0,0.0,0.0,12288.0,9967.400,2010.600,0.701,2.415,96.834,0.010,0.0,0.040,1493162355.821,
0.716,2.711,96.543,0.0,0.0,0.030,0.0,0.0,505547.0,832667285.0,0.0,0.0,10936.200,2126.200,1.0,0.0,0.400,6039654400.0,2580480.0,1.4109949952e+11,21638459392.0,0.0,0.0,0.0,0.0,10929.0,2125.200,0.716,2.711,96.543,0.0,0.0,0.030,1493162360.821,
0.356,1.407,98.207,0.020,0.0,0.010,0.0,7372.800,136753.200,410851353.200,0.0,0.0,5448.200,1208.0,0.600,0.0,0.400,6027104256.0,2596864.0,1.41099503616e+11,21650989056.0,0.0,0.0,0.0,7372.800,5447.800,1208.0,0.356,1.407,98.207,0.020,0.0,0.010,1493162365.821,
0.415,1.567,97.958,0.010,0.0,0.050,0.0,5734.400,155089.0,461909066.400,0.0,0.0,6099.200,1353.0,0.600,0.0,0.400,6028517376.0,2605056.0,1.41099511808e+11,21649559552.0,0.0,0.0,0.0,5734.400,6104.600,1353.600,0.410,1.567,97.963,0.010,0.0,0.050,1493162370.821,
0.541,2.048,97.376,0.005,0.0,0.030,0.0,12288.0,176971.0,619950212.400,0.0,0.0,8013.600,1665.600,1.0,0.0,0.0,6025637888.0,2621440.0,1.41099507712e+11,21652426752.0,0.0,0.0,0.0,12288.0,8010.800,1665.200,0.541,2.048,97.376,0.005,0.0,0.030,1493162375.821,
0.470,1.987,97.493,0.0,0.0,0.050,0.0,819.200,216289.600,564136786.0,0.0,0.0,7439.0,1596.200,1.200,0.0,0.400,6029467648.0,2621440.0,1.41099507712e+11,21648596992.0,0.0,0.0,0.0,819.200,7436.400,1596.0,0.470,1.987,97.493,0.0,0.0,0.050,1493162380.821,
0.641,2.489,96.834,0.010,0.0,0.025,78643.200,9011.200,354092.600,769128220.400,0.0,0.0,9860.400,2017.200,1.600,0.0,0.0,6028623872.0,2637824.0,1.41099638784e+11,21649293312.0,0.0,0.0,78643.200,9011.200,9861.0,2019.0,0.641,2.489,96.834,0.010,0.0,0.025,1493162385.821,
0.561,2.199,97.180,0.035,0.0,0.025,6462668.800,13926.400,269078.0,665101586.0,0.0,0.0,8665.200,1920.600,0.800,0.0,0.400,6032953344.0,2654208.0,1.41132214272e+11,21612371968.0,0.0,0.0,6462668.800,13926.400,8667.800,1919.200,0.561,2.199,97.180,0.035,0.0,0.025,1493162390.821,
0.421,1.783,97.767,0.010,0.0,0.020,1232076.800,8192.0,168987.600,508768885.200,0.0,0.0,6612.200,1564.200,0.600,0.200,0.400,6028615680.0,2662400.0,1.41137281024e+11,21611634688.0,0.0,0.0,1232076.800,8192.0,6611.200,1563.800,0.426,1.783,97.762,0.010,0.0,0.020,1493162395.821,
0.305,1.287,98.378,0.025,0.0,0.005,157286.400,7372.800,117288.200,356650482.200,0.0,0.0,4718.800,1087.400,0.400,0.0,0.0,6027911168.0,2678784.0,1.41139165184e+11,21610438656.0,0.0,0.0,157286.400,7372.800,4718.600,1089.400,0.300,1.287,98.383,0.025,0.0,0.005,1493162400.821,
0.556,2.098,97.281,0.0,0.0,0.065,0.0,2457.600,193981.0,657067392.400,0.0,0.0,8419.600,1721.200,1.0,0.0,0.400,5889658880.0,2678784.0,1.41139165184e+11,21748690944.0,0.0,0.0,0.0,2457.600,8421.0,1718.800,0.556,2.098,97.281,0.0,0.0,0.065,1493162405.821,
0.020,0.020,99.945,0.015,0.0,0.0,0.0,7372.800,2933.200,2835704.200,0.0,0.0,185.600,194.200,0.0,0.0,0.400,5871955968.0,2695168.0,1.41139173376e+11,21766369280.0,0.0,0.0,0.0,7372.800,182.200,194.600,0.020,0.020,99.945,0.015,0.0,0.0,1493162410.821,
