"Dstat 0.7.2 CSV output"
"Author:","Dag Wieers <dag@wieers.com>",,,,"URL:","http://dag.wieers.com/home-made/dstat/"
"Host:","osd0.skyhook-1osds.skyhook-pg0.wisc.cloudlab.us",,,,"User:","jlefevre"
"Cmdline:","dstat -av --epoch --integer --noheaders --output 1osd.dstat-osd0.log 5",,,,"Date:","25 Apr 2017 15:29:30 CDT"

"total cpu usage",,,,,,"dsk/total",,"net/total",,"paging",,"system",,"procs",,,"memory usage",,,,"paging",,"dsk/total",,"system",,"total cpu usage",,,,,,"epoch"
"usr","sys","idl","wai","hiq","siq","read","writ","recv","send","in","out","int","csw","run","blk","new","used","buff","cach","free","in","out","read","writ","int","csw","usr","sys","idl","wai","hiq","siq","epoch"
0.010,2.511,97.464,0.015,0.0,0.0,36864.0,6553.600,1656.800,39307.800,0.0,0.0,700.0,721.400,1.0,0.0,0.0,5531316224.0,1368064.0,47855169536.0,1.15392339968e+11,0.0,0.0,36864.0,6553.600,699.800,720.600,0.005,2.506,97.474,0.015,0.0,0.0,1493178705.821,
0.180,1.766,97.109,0.930,0.0,0.015,114817433.600,20480.0,29278.200,87111304.200,0.0,0.0,2639.400,2713.800,0.600,0.200,5.400,5590405120.0,1392640.0,680312832.0,1.625080832e+11,0.0,0.0,115000934.400,20480.0,2642.200,2717.0,0.180,1.771,97.104,0.930,0.0,0.015,1493178710.821,
0.340,1.397,96.601,1.622,0.0,0.040,366571520.0,8192.0,105962.800,385043498.800,0.0,0.0,7610.200,6544.800,0.600,1.0,0.400,5577232384.0,1400832.0,2513248256.0,1.6068831232e+11,0.0,0.0,366623948.800,8192.0,7611.200,6544.800,0.340,1.392,96.606,1.622,0.0,0.040,1493178715.821,
0.356,1.328,97.084,1.202,0.0,0.030,359934361.600,2457.600,97140.400,379362211.0,0.0,0.0,7487.200,6380.600,0.800,2.0,0.0,5569409024.0,1409024.0,4312682496.0,1.58896693248e+11,0.0,0.0,359934361.600,2457.600,7484.800,6381.0,0.356,1.333,97.079,1.202,0.0,0.030,1493178720.821,
0.401,1.644,95.530,2.405,0.0,0.020,414064640.0,4915.200,172360.800,433748866.200,0.0,0.0,8700.600,7326.400,1.200,2.400,1.0,5571174400.0,1417216.0,6383423488.0,1.56824178688e+11,0.0,0.0,414090854.400,4915.200,8701.400,7327.600,0.406,1.639,95.525,2.410,0.0,0.020,1493178725.821,
0.386,1.453,95.886,2.235,0.0,0.040,384102400.0,7372.800,144308.0,395356060.0,0.0,0.0,8212.200,6867.600,1.200,1.0,0.0,5598908416.0,1433600.0,8304177152.0,1.54875674624e+11,0.0,0.0,384128614.400,7372.800,8217.600,6866.0,0.386,1.458,95.886,2.230,0.0,0.040,1493178730.821,
0.366,1.423,96.489,1.703,0.0,0.020,364032819.200,8192.0,111320.600,382438614.800,0.0,0.0,7887.600,6492.600,0.200,1.200,0.400,5597638656.0,1441792.0,10123841536.0,1.53057271808e+11,0.0,0.0,363954176.0,8192.0,7881.0,6491.600,0.361,1.423,96.493,1.703,0.0,0.020,1493178735.821,
0.286,1.137,97.530,1.027,0.0,0.020,290066432.0,16384.0,85904.200,302698515.600,0.0,0.0,6225.0,5219.400,0.800,0.400,0.0,5595549696.0,1458176.0,11574771712.0,1.51608414208e+11,0.0,0.0,290014003.200,16384.0,6225.400,5220.0,0.291,1.132,97.530,1.027,0.0,0.020,1493178740.821,
0.321,1.228,97.489,0.942,0.0,0.020,305600102.400,5734.400,116118.200,318716463.200,0.0,0.0,6697.600,5494.800,0.200,0.600,0.400,5606105088.0,1466368.0,13101957120.0,1.50070665216e+11,0.0,0.0,305495244.800,5734.400,6701.0,5495.0,0.316,1.228,97.494,0.942,0.0,0.020,1493178745.821,
0.401,1.419,96.541,1.599,0.0,0.040,364904448.0,3276.800,123989.600,383176987.800,0.0,0.0,7864.200,6499.800,0.600,1.200,1.0,5603635200.0,1474560.0,14927790080.0,1.48247293952e+11,0.0,0.0,365087948.800,3276.800,7861.400,6499.400,0.401,1.419,96.541,1.599,0.0,0.040,1493178750.821,
0.491,1.864,91.731,5.879,0.0,0.035,472938086.400,8192.0,147368.200,503365462.600,0.0,0.0,9941.0,8405.0,1.400,5.600,0.400,5574246400.0,1482752.0,17293475840.0,1.459109888e+11,0.0,0.0,472964300.800,8192.0,9941.200,8405.600,0.491,1.869,91.721,5.884,0.0,0.035,1493178755.821,
0.481,1.755,92.410,5.324,0.0,0.030,468481638.400,7372.800,138720.800,482943621.600,0.0,0.0,9553.400,8294.400,1.200,5.0,0.0,5597835264.0,1499136.0,19633160192.0,1.435476992e+11,0.0,0.0,468481638.400,7372.800,9558.800,8294.800,0.486,1.754,92.406,5.323,0.0,0.030,1493178760.821,
0.416,1.644,94.338,3.573,0.0,0.030,418693120.0,4915.200,104713.0,437016433.200,0.0,0.0,8628.0,7293.400,1.0,2.400,0.400,5621268480.0,1507328.0,21727272960.0,1.41430145024e+11,0.0,0.0,418666905.600,4915.200,8621.200,7292.200,0.416,1.639,94.347,3.568,0.0,0.030,1493178765.821,
0.431,1.633,94.544,3.357,0.0,0.035,419181363.200,11468.800,105741.0,438629169.600,0.0,0.0,8676.0,7292.800,0.400,2.800,0.0,5619884032.0,1527808.0,23821864960.0,1.39336916992e+11,0.0,0.0,419181363.200,11468.800,8678.600,7293.800,0.426,1.638,94.540,3.361,0.0,0.035,1493178770.821,
0.456,1.704,94.140,3.659,0.0,0.040,425980723.200,8192.0,127837.600,460777784.400,0.0,0.0,9378.400,7410.0,1.600,2.600,0.0,5537067008.0,1536000.0,25956376576.0,1.37285214208e+11,0.0,0.0,425980723.200,8192.0,9380.800,7409.800,0.456,1.704,94.145,3.655,0.0,0.040,1493178775.821,
0.376,1.338,96.476,1.785,0.0,0.025,346224230.400,9830.400,76522.0,343078164.200,0.0,0.0,7122.200,6174.0,0.800,1.200,1.200,5643681792.0,1544192.0,27683291136.0,1.35451676672e+11,0.0,0.0,345988300.800,9830.400,7116.400,6172.0,0.381,1.333,96.476,1.785,0.0,0.025,1493178780.821,
0.326,1.198,97.645,0.802,0.0,0.030,310292480.0,9830.400,67612.200,326039647.400,0.0,0.0,6829.400,5612.800,0.600,0.200,0.0,5650440192.0,1560576.0,29234888704.0,1.3389330432e+11,0.0,0.0,310491545.600,9830.400,6831.400,5614.200,0.321,1.198,97.650,0.802,0.0,0.030,1493178785.821,
0.481,1.689,94.253,3.542,0.0,0.035,421655347.200,7372.800,117543.200,449774286.800,0.0,0.0,9127.200,7471.600,1.0,4.200,0.0,5602680832.0,1568768.0,31345119232.0,1.3183082496e+11,0.0,0.0,421744640.0,7372.800,9132.0,7473.400,0.481,1.689,94.247,3.548,0.0,0.035,1493178790.821,
0.507,1.796,92.807,4.861,0.0,0.030,471286579.200,10649.600,143697.800,492063977.400,0.0,0.0,10051.200,8238.0,1.0,4.200,0.0,5609582592.0,1585152.0,33702019072.0,1.29467006976e+11,0.0,0.0,471260364.800,10649.600,10048.400,8236.200,0.512,1.795,92.803,4.860,0.0,0.030,1493178795.821,
0.416,1.519,95.579,2.466,0.0,0.020,378639974.400,4915.200,100499.200,394567359.200,0.0,0.0,8120.200,6686.200,0.400,2.0,0.400,5618352128.0,1593344.0,35595718656.0,1.27564529664e+11,0.0,0.0,378666188.800,4915.200,8119.0,6687.600,0.411,1.519,95.584,2.466,0.0,0.020,1493178800.821,
0.386,1.408,96.828,1.363,0.0,0.015,342350233.600,10649.600,87960.400,351269541.800,0.0,0.0,7298.200,6069.0,0.400,1.400,0.0,5656166400.0,1609728.0,37305896960.0,1.25816520704e+11,0.0,0.0,342297804.800,10649.600,7300.0,6068.0,0.391,1.408,96.824,1.363,0.0,0.015,1493178805.821,
0.416,1.693,96.033,1.838,0.0,0.020,393282355.200,0.0,128170.600,417429865.600,0.0,0.0,8596.600,6946.600,0.800,1.600,0.0,5635153920.0,1609728.0,39273185280.0,1.23870244864e+11,0.0,0.0,393282355.200,0.0,8594.0,6949.0,0.416,1.693,96.033,1.838,0.0,0.020,1493178810.821,
0.462,1.666,94.736,3.111,0.0,0.025,428470272.0,13926.400,160515.400,443103743.800,0.0,0.0,9148.200,7468.400,1.0,2.800,0.0,5669281792.0,1626112.0,41414934528.0,1.2169435136e+11,0.0,0.0,428470272.0,13926.400,9152.0,7469.0,0.457,1.666,94.741,3.111,0.0,0.025,1493178815.821,
0.456,1.594,94.449,3.450,0.0,0.050,454865715.200,9011.200,216979.600,477693880.800,0.0,0.0,9282.200,8100.0,1.200,3.800,0.600,5666816000.0,1642496.0,43688763392.0,1.19422971904e+11,0.0,0.0,454891929.600,9011.200,9280.0,8097.600,0.461,1.595,94.449,3.445,0.0,0.050,1493178820.821,
0.516,1.840,93.067,4.542,0.0,0.035,475784806.400,8192.0,232104.0,501343302.200,0.0,0.0,9813.800,8493.800,1.0,5.600,0.0,5650993152.0,1650688.0,46068133888.0,1.17059416064e+11,0.0,0.0,475758592.0,8192.0,9812.600,8493.800,0.511,1.845,93.063,4.546,0.0,0.035,1493178825.821,
0.502,1.670,93.912,3.882,0.0,0.035,480434585.600,2457.600,204485.400,496948612.800,0.0,0.0,10339.200,8609.800,0.800,4.800,0.400,5676589056.0,1658880.0,48469159936.0,1.1463278592e+11,0.0,0.0,480487014.400,2457.600,10339.200,8611.200,0.506,1.670,93.908,3.881,0.0,0.035,1493178830.821,
0.436,1.674,93.762,4.094,0.0,0.035,472906956.800,4915.200,184858.200,497131217.800,0.0,0.0,10215.600,8371.400,1.0,5.400,0.0,5669617664.0,1667072.0,50833350656.0,1.122755584e+11,0.0,0.0,472870092.800,4915.200,10215.0,8369.600,0.431,1.674,93.766,4.094,0.0,0.035,1493178835.821,
0.391,1.497,95.563,2.519,0.0,0.030,385617100.800,7372.800,109438.400,397583728.0,0.0,0.0,7997.400,6898.0,0.400,2.0,0.0,5712011264.0,1683456.0,52764151808.0,1.10302347264e+11,0.0,0.0,385549107.200,7372.800,7996.800,6897.600,0.396,1.492,95.563,2.519,0.0,0.030,1493178840.821,
0.381,1.383,96.994,1.187,0.0,0.055,347394048.0,2457.600,106053.600,363291133.0,0.0,0.0,7381.400,6195.800,1.0,0.400,0.0,5703643136.0,1691648.0,54498398208.0,1.085764608e+11,0.0,0.0,347472691.200,2457.600,7383.600,6196.600,0.381,1.388,96.994,1.182,0.0,0.055,1493178845.821,
0.441,1.579,95.910,2.030,0.0,0.040,389072486.400,4915.200,136406.0,407677145.400,0.0,0.0,8392.800,6872.600,1.0,2.0,0.400,5707984896.0,1699840.0,56444747776.0,1.0662576128e+11,0.0,0.0,389020057.600,4915.200,8390.600,6871.400,0.436,1.574,95.920,2.030,0.0,0.040,1493178850.821,
0.346,1.392,97.556,0.676,0.0,0.030,324096000.0,13107.200,81639.800,337141062.400,0.0,0.0,6871.600,5806.800,0.600,1.0,0.400,5727268864.0,1716224.0,58064621568.0,1.04986587136e+11,0.0,0.0,324174643.200,13107.200,6876.0,5808.0,0.346,1.397,97.551,0.676,0.0,0.030,1493178855.821,
0.431,1.670,95.044,2.809,0.0,0.045,410001408.0,2457.600,162270.200,439938459.200,0.0,0.0,8999.400,7226.800,0.800,4.200,0.0,5676572672.0,1716224.0,60117090304.0,1.02984814592e+11,0.0,0.0,410027622.400,2457.600,9003.0,7228.200,0.431,1.670,95.034,2.819,0.0,0.045,1493178860.821,
0.477,1.766,92.408,5.309,0.0,0.040,456565555.200,9830.400,155472.800,474869289.800,0.0,0.0,9724.800,8135.200,0.800,6.0,0.0,5699579904.0,1732608.0,62399303680.0,1.006795776e+11,0.0,0.0,456539340.800,9830.400,9717.600,8133.800,0.477,1.766,92.412,5.304,0.0,0.040,1493178865.821,
0.532,1.907,92.760,4.772,0.0,0.030,478232576.0,8192.0,149824.200,502786732.800,0.0,0.0,10288.0,8498.0,1.400,4.400,0.0,5685575680.0,1740800.0,64791011328.0,98301865984.0,0.0,0.0,478258790.400,8192.0,10294.0,8498.400,0.537,1.901,92.761,4.771,0.0,0.030,1493178870.821,
0.537,1.840,93.075,4.508,0.0,0.040,466830131.200,7372.800,116253.400,477465297.200,0.0,0.0,9597.600,8291.0,0.600,5.400,0.400,5735985152.0,1757184.0,67125084160.0,95917367296.0,0.0,0.0,466725273.600,7372.800,9590.800,8289.600,0.532,1.841,93.084,4.504,0.0,0.040,1493178875.821,
0.421,1.584,95.623,2.341,0.0,0.030,402740019.200,0.0,113349.600,422848754.200,0.0,0.0,8240.600,7170.200,0.400,3.200,0.0,5739851776.0,1757184.0,69137289216.0,93901295616.0,0.0,0.0,402792448.0,0.0,8242.0,7170.800,0.421,1.585,95.618,2.347,0.0,0.030,1493178880.821,
0.482,1.761,94.277,3.456,0.0,0.025,442137804.800,3276.800,116502.800,468412901.600,0.0,0.0,9057.800,7849.0,0.800,4.400,0.400,5716828160.0,1765376.0,71348883456.0,91712716800.0,0.0,0.0,442111590.400,3276.800,9061.400,7848.600,0.482,1.761,94.277,3.456,0.0,0.025,1493178885.821,
0.451,1.680,94.348,3.495,0.0,0.025,430986854.400,14745.600,109044.800,441761075.400,0.0,0.0,8781.0,7670.0,0.200,5.200,0.0,5759541248.0,1781760.0,73503678464.0,89515192320.0,0.0,0.0,430976204.800,14745.600,8775.400,7668.800,0.456,1.680,94.344,3.495,0.0,0.025,1493178890.821,
0.456,1.690,95.326,2.502,0.0,0.025,417021132.800,4915.200,108623.200,453484467.800,0.0,0.0,8763.0,7365.400,1.0,3.200,0.0,5677637632.0,1789952.0,75590414336.0,87510351872.0,0.0,0.0,417084211.200,4915.200,8769.400,7367.600,0.456,1.695,95.321,2.502,0.0,0.025,1493178895.821,
0.496,1.830,93.162,4.472,0.0,0.040,458111385.600,2457.600,119215.0,462331967.200,0.0,0.0,9331.0,8170.600,1.400,4.400,0.400,5774905344.0,1798144.0,77878173696.0,85125316608.0,0.0,0.0,458006528.0,2457.600,9325.0,8169.600,0.491,1.825,93.176,4.468,0.0,0.040,1493178900.821,
0.517,1.807,93.170,4.471,0.0,0.035,464786227.200,7372.800,120806.400,496848010.400,0.0,0.0,9592.200,8232.400,1.0,5.400,0.200,5721325568.0,1814528.0,80202366976.0,82854686720.0,0.0,0.0,464880435.200,7372.800,9593.0,8233.0,0.522,1.806,93.161,4.476,0.0,0.035,1493178905.821,
0.491,1.935,92.575,4.964,0.0,0.035,466714624.0,0.0,134018.0,476099378.600,0.0,0.0,9495.800,8270.200,1.400,4.800,0.0,5792079872.0,1814528.0,82537136128.0,80449163264.0,0.0,0.0,466672844.800,0.0,9496.400,8269.800,0.491,1.936,92.579,4.959,0.0,0.035,1493178910.821,
0.487,1.867,93.141,4.461,0.0,0.045,462264729.600,7372.800,144836.0,499211160.200,0.0,0.0,10043.0,8212.200,0.800,5.800,0.0,5709692928.0,1830912.0,84849651712.0,78219018240.0,0.0,0.0,462343372.800,7372.800,10046.800,8213.200,0.482,1.871,93.132,4.470,0.0,0.045,1493178915.821,
0.542,2.036,92.401,4.985,0.0,0.035,487722188.800,9011.200,179084.0,510160858.0,0.0,0.0,10116.600,8742.200,1.200,6.0,0.0,5712764928.0,1839104.0,87288352768.0,75777236992.0,0.0,0.0,487722188.800,9011.200,10112.400,8742.0,0.547,2.036,92.406,4.975,0.0,0.035,1493178920.821,
0.527,1.936,92.410,5.087,0.0,0.040,473524633.600,4915.200,154329.200,485776850.600,0.0,0.0,9745.400,8384.200,1.400,5.600,0.800,5783187456.0,1847296.0,89654452224.0,73340706816.0,0.0,0.0,473498419.200,4915.200,9751.200,8384.200,0.522,1.931,92.415,5.092,0.0,0.040,1493178925.821,
0.507,1.827,93.616,4.010,0.0,0.040,458573414.400,7372.800,204871.800,483272660.0,0.0,0.0,9558.400,8126.600,1.400,4.600,0.0,5769867264.0,1855488.0,91946389504.0,71062081536.0,0.0,0.0,458547200.0,7372.800,9558.600,8127.400,0.512,1.827,93.606,4.010,0.0,0.045,1493178930.821,
0.517,2.027,91.319,6.092,0.0,0.045,493011763.200,13926.400,332274.200,514077614.200,0.0,0.0,10255.200,8851.400,1.400,6.600,0.0,5786226688.0,1871872.0,94412046336.0,68580048896.0,0.0,0.0,493011763.200,13926.400,10248.400,8850.0,0.512,2.028,91.328,6.093,0.0,0.040,1493178935.821,
0.426,1.569,95.678,2.291,0.0,0.035,387992780.800,4915.200,135396.600,415985085.600,0.0,0.0,8053.0,6936.0,1.0,2.800,0.0,5726314496.0,1880064.0,96352653312.0,66699345920.0,0.0,0.0,388018995.200,4915.200,8053.600,6936.800,0.426,1.574,95.663,2.301,0.0,0.035,1493178940.821,
0.471,1.770,94.496,3.238,0.0,0.025,425141043.200,5734.400,108441.400,432792229.400,0.0,0.0,8557.0,7493.600,0.800,3.0,0.0,5801226240.0,1896448.0,98478186496.0,64498884608.0,0.0,0.0,425141043.200,5734.400,8560.800,7493.200,0.471,1.765,94.515,3.224,0.0,0.025,1493178945.821,
0.541,1.855,93.723,3.825,0.0,0.055,455742259.200,0.0,170066.800,471386428.200,0.0,0.0,9582.400,8091.600,1.0,4.400,0.400,5829120000.0,1896448.0,1.00756324352e+11,62192852992.0,0.0,0.0,455663616.0,0.0,9583.800,8091.600,0.541,1.855,93.719,3.830,0.0,0.055,1493178950.821,
0.426,1.554,95.388,2.602,0.0,0.030,389114265.600,10649.600,135930.600,404037953.200,0.0,0.0,8158.200,6904.600,1.200,2.800,0.0,5851762688.0,1912832.0,1.02700756992e+11,60225761280.0,0.0,0.0,389219123.200,10649.600,8154.400,6905.600,0.426,1.559,95.388,2.597,0.0,0.030,1493178955.821,
0.231,0.902,98.502,0.341,0.0,0.025,232146534.400,2457.600,43349.800,242107328.0,0.0,0.0,5124.800,4229.0,1.0,0.0,0.0,5857755136.0,1921024.0,1.0386161664e+11,59058900992.0,0.0,0.0,232094105.600,2457.600,5123.200,4227.600,0.231,0.902,98.502,0.341,0.0,0.025,1493178960.821,
0.411,1.645,95.157,2.753,0.0,0.035,390068633.600,9830.400,116943.800,408532129.200,0.0,0.0,8352.600,6952.400,0.600,3.0,0.400,5853454336.0,1929216.0,1.0581274624e+11,57112064000.0,0.0,0.0,389874483.200,9830.400,8351.0,6949.200,0.416,1.640,95.156,2.753,0.0,0.035,1493178965.821,
0.507,1.897,93.387,4.185,0.0,0.025,462280294.400,7372.800,121585.400,503527249.800,0.0,0.0,9873.800,8345.600,0.800,6.0,0.0,5757751296.0,1945600.0,1.08126416896e+11,54894080000.0,0.0,0.0,462526873.600,7372.800,9876.0,8348.400,0.507,1.896,93.383,4.189,0.0,0.025,1493178970.821,
0.552,1.963,92.334,5.101,0.0,0.050,496288563.200,4915.200,106484.800,516058621.800,0.0,0.0,10427.0,8807.200,0.800,7.600,0.400,5778472960.0,1953792.0,1.10607622144e+11,52392144896.0,0.0,0.0,496262348.800,4915.200,10426.600,8808.0,0.552,1.968,92.328,5.101,0.0,0.050,1493178975.821,
0.572,2.076,91.790,5.507,0.0,0.055,490421452.800,5734.400,114740.200,514377245.0,0.0,0.0,10531.400,8632.0,1.0,5.400,0.0,5786632192.0,1970176.0,1.1305834496e+11,49933246464.0,0.0,0.0,490369024.0,5734.400,10534.600,8631.0,0.572,2.072,91.794,5.508,0.0,0.055,1493178980.821,
0.547,1.997,91.537,5.870,0.0,0.050,492561203.200,0.0,137737.800,515438595.800,0.0,0.0,10376.400,8770.600,1.0,7.600,0.0,5787222016.0,1970176.0,1.15521990656e+11,47469010944.0,0.0,0.0,492613632.0,0.0,10376.200,8772.600,0.547,2.001,91.533,5.869,0.0,0.050,1493178985.821,
0.542,2.027,91.351,6.041,0.0,0.040,492592332.800,12288.0,148523.0,518357150.800,0.0,0.0,10286.200,8836.200,1.0,7.0,0.0,5772288000.0,1986560.0,1.17984714752e+11,45021204480.0,0.0,0.0,492566118.400,12288.0,10283.400,8835.400,0.542,2.022,91.349,6.046,0.0,0.040,1493178990.821,
0.607,2.111,91.225,6.017,0.0,0.040,493101056.0,8192.0,184789.200,501960067.200,0.0,0.0,10487.200,8706.800,1.400,5.600,0.0,5849620480.0,2002944.0,1.20450142208e+11,42478428160.0,0.0,0.0,493101056.0,8192.0,10487.200,8706.200,0.602,2.111,91.235,6.012,0.0,0.040,1493178995.821,
0.501,1.866,94.178,3.425,0.0,0.030,433025843.200,2457.600,151245.800,445410159.800,0.0,0.0,9465.0,7683.0,0.800,4.0,1.0,5895856128.0,2002944.0,1.22614726656e+11,40267608064.0,0.0,0.0,432973414.400,2457.600,9470.0,7683.400,0.501,1.865,94.178,3.425,0.0,0.030,1493179000.821,
0.436,1.560,96.404,1.570,0.0,0.030,368689152.0,9011.200,124010.600,384100270.400,0.0,0.0,8036.200,6477.400,1.0,1.600,0.0,5909164032.0,2019328.0,1.24458078208e+11,38410932224.0,0.0,0.0,368662937.600,9011.200,8031.0,6476.600,0.436,1.560,96.409,1.565,0.0,0.030,1493179005.821,
0.512,2.082,92.080,5.277,0.0,0.050,487691059.200,10649.600,114725.600,529305701.400,0.0,0.0,10462.600,8681.600,0.800,7.200,0.0,5813338112.0,2027520.0,1.2689641472e+11,36068413440.0,0.0,0.0,487822131.200,10649.600,10465.400,8684.200,0.512,2.081,92.076,5.281,0.0,0.050,1493179010.821,
0.516,1.980,92.565,4.898,0.0,0.040,473917849.600,10649.600,139888.0,475626674.200,0.0,0.0,9581.800,8412.400,0.800,5.600,0.0,5918564352.0,1785856.0,1.2924635136e+11,33613492224.0,0.0,0.0,473708134.400,10649.600,9583.400,8408.800,0.522,1.981,92.563,4.894,0.0,0.040,1493179015.821,
0.451,1.710,95.356,2.452,0.0,0.030,417298841.600,0.0,163675.200,443299754.400,0.0,0.0,8673.600,7347.600,1.0,3.200,0.0,5895462912.0,1785856.0,1.31334053888e+11,31548891136.0,0.0,0.0,417429913.600,0.0,8671.200,7349.200,0.446,1.710,95.356,2.458,0.0,0.030,1493179020.821,
0.537,1.932,93.322,4.160,0.0,0.050,464922214.400,7372.800,213618.600,499192785.0,0.0,0.0,9804.800,8210.400,0.800,4.400,0.600,5843894272.0,1802240.0,1.33658853376e+11,29275643904.0,0.0,0.0,465000857.600,7372.800,9802.800,8210.800,0.542,1.931,93.318,4.159,0.0,0.050,1493179025.821,
0.486,1.850,94.265,3.354,0.0,0.045,436258406.400,6553.600,142550.0,439371595.600,0.0,0.0,9190.600,7645.800,1.0,3.600,0.0,5930012672.0,1818624.0,1.35839920128e+11,27008442368.0,0.0,0.0,436205977.600,6553.600,9190.600,7644.800,0.481,1.855,94.265,3.354,0.0,0.045,1493179030.821,
0.537,2.006,92.447,4.960,0.0,0.050,483428761.600,9830.400,300636.400,519003742.800,0.0,0.0,10471.800,8621.600,1.0,7.0,0.400,5875097600.0,1826816.0,1.38258468864e+11,24644800512.0,0.0,0.0,483507404.800,9830.400,10471.800,8622.200,0.542,2.001,92.447,4.960,0.0,0.050,1493179035.821,
0.477,1.796,93.639,4.043,0.0,0.045,464444620.800,7372.800,182464.200,472756819.600,0.0,0.0,9401.600,8206.400,1.400,3.200,0.0,5929484288.0,1843200.0,1.40578316288e+11,22270550016.0,0.0,0.0,464287334.400,7372.800,9406.400,8206.400,0.477,1.796,93.638,4.044,0.0,0.045,1493179040.821,
0.140,0.495,98.534,0.815,0.0,0.015,108521062.400,0.0,61559.200,140995148.200,0.0,0.0,2721.400,2021.800,0.200,0.400,0.0,5794136064.0,1843200.0,1.41121703936e+11,21862510592.0,0.0,0.0,108337561.600,0.0,2714.200,2018.0,0.135,0.495,98.544,0.810,0.0,0.015,1493179045.821,
