"Dstat 0.7.2 CSV output"
"Author:","Dag Wieers <dag@wieers.com>",,,,"URL:","http://dag.wieers.com/home-made/dstat/"
"Host:","osd0.skyhook-1osds.skyhook-pg0.wisc.cloudlab.us",,,,"User:","jlefevre"
"Cmdline:","dstat -av --epoch --integer --noheaders --output 1osd.dstat-osd0.log 5",,,,"Date:","25 Apr 2017 15:29:30 CDT"

"total cpu usage",,,,,,"dsk/total",,"net/total",,"paging",,"system",,"procs",,,"memory usage",,,,"paging",,"dsk/total",,"system",,"total cpu usage",,,,,,"epoch"
"usr","sys","idl","wai","hiq","siq","read","writ","recv","send","in","out","int","csw","run","blk","new","used","buff","cach","free","in","out","read","writ","int","csw","usr","sys","idl","wai","hiq","siq","epoch"
0.010,2.511,97.449,0.030,0.0,0.0,35225.600,9830.400,1391.200,39297.800,0.0,0.0,676.400,811.200,1.0,0.0,0.0,5650313216.0,1228800.0,23891996672.0,1.39236655104e+11,0.0,0.0,35225.600,9830.400,676.0,810.800,0.010,2.506,97.454,0.030,0.0,0.0,1493182135.821,
0.240,1.332,96.889,1.528,0.0,0.010,196014080.0,22118.400,56962.800,172270868.800,0.0,0.0,4334.800,3919.200,0.800,0.600,5.0,5760684032.0,1294336.0,1087983616.0,1.61930231808e+11,0.0,0.0,196223795.200,22118.400,4342.200,3922.200,0.240,1.337,96.885,1.527,0.0,0.010,1493182140.821,
0.380,1.372,95.675,2.533,0.0,0.040,370786304.0,5734.400,98805.600,389446901.800,0.0,0.0,8074.200,6470.0,0.600,1.0,0.0,5751033856.0,1302528.0,2942357504.0,1.60085499904e+11,0.0,0.0,370786304.0,5734.400,8072.400,6470.200,0.380,1.367,95.675,2.538,0.0,0.040,1493182145.821,
0.230,0.871,97.952,0.916,0.0,0.030,235124326.400,5734.400,60543.800,242793721.600,0.0,0.0,5203.200,4283.200,0.600,0.200,0.0,5772378112.0,1318912.0,4117176320.0,1.58889320448e+11,0.0,0.0,235229184.0,5734.400,5199.200,4283.200,0.235,0.871,97.948,0.916,0.0,0.030,1493182150.821,
0.235,0.861,98.168,0.721,0.0,0.015,227700736.0,2457.600,38228.800,238659559.0,0.0,0.0,4872.400,4129.600,0.600,0.400,0.800,5766729728.0,1327104.0,5254959104.0,1.57757177856e+11,0.0,0.0,227595878.400,2457.600,4871.800,4128.600,0.230,0.866,98.168,0.721,0.0,0.015,1493182155.821,
0.461,1.584,91.810,6.110,0.0,0.035,439202611.200,3276.800,170244.200,478544435.0,0.0,0.0,9681.0,7847.600,1.0,6.600,0.0,5661470720.0,1335296.0,7452913664.0,1.55664474112e+11,0.0,0.0,439281254.400,3276.800,9681.800,7849.0,0.466,1.584,91.799,6.115,0.0,0.035,1493182160.821,
0.506,1.730,89.321,8.423,0.0,0.020,493431193.600,10649.600,195266.400,515703531.400,0.0,0.0,10537.800,8797.600,0.400,7.600,0.0,5666652160.0,1351680.0,9920143360.0,1.53192046592e+11,0.0,0.0,493404979.200,10649.600,10544.400,8797.800,0.501,1.725,89.324,8.430,0.0,0.020,1493182165.821,
0.532,1.776,89.211,8.421,0.0,0.060,496277913.600,9830.400,117753.800,519360166.600,0.0,0.0,10627.600,8799.0,0.800,8.400,0.0,5669019648.0,1359872.0,12401774592.0,1.5070803968e+11,0.0,0.0,496330342.400,9830.400,10620.600,8798.800,0.532,1.776,89.222,8.409,0.0,0.060,1493182170.821,
0.512,1.872,88.133,9.433,0.0,0.050,495150694.400,4915.200,153309.200,519012096.0,0.0,0.0,10645.800,8756.600,0.800,6.800,0.0,5667893248.0,1368064.0,14876475392.0,1.48234457088e+11,0.0,0.0,495098265.600,4915.200,10646.400,8756.200,0.512,1.877,88.120,9.440,0.0,0.050,1493182175.821,
0.517,1.946,86.854,10.648,0.0,0.035,497158553.600,9830.400,159487.0,519170908.600,0.0,0.0,10580.0,8848.800,0.800,7.800,0.400,5679890432.0,1384448.0,17362649088.0,1.45736269824e+11,0.0,0.0,497184768.0,9830.400,10585.200,8850.200,0.517,1.946,86.855,10.647,0.0,0.035,1493182180.821,
0.552,1.896,87.215,10.302,0.0,0.035,498296422.400,2457.600,174468.600,519701075.800,0.0,0.0,11204.0,8850.0,0.600,7.400,0.0,5697757184.0,1384448.0,19853881344.0,1.43227170816e+11,0.0,0.0,498322636.800,2457.600,11204.600,8849.400,0.552,1.896,87.222,10.296,0.0,0.035,1493182185.821,
0.522,1.932,87.041,10.486,0.0,0.020,492009062.400,2457.600,171829.200,517511112.0,0.0,0.0,10617.800,8781.600,0.400,6.200,0.400,5691195392.0,1392640.0,22315524096.0,1.40772081664e+11,0.0,0.0,492009062.400,2457.600,10617.400,8781.400,0.522,1.932,87.040,10.486,0.0,0.020,1493182190.821,
0.527,1.818,88.047,9.588,0.0,0.020,491407769.600,4915.200,179965.0,510798998.600,0.0,0.0,10523.0,8723.200,1.800,6.400,0.0,5701578752.0,1400832.0,24770134016.0,1.38307080192e+11,0.0,0.0,491381555.200,4915.200,10518.200,8724.400,0.527,1.818,88.041,9.593,0.0,0.020,1493182195.821,
0.527,1.871,88.565,9.013,0.0,0.025,489399910.400,7372.800,158624.600,510161804.800,0.0,0.0,10511.600,8755.600,1.200,6.600,0.0,5708505088.0,1417216.0,27216760832.0,1.35853510656e+11,0.0,0.0,489415475.200,7372.800,10511.400,8754.0,0.532,1.866,88.570,9.007,0.0,0.025,1493182200.821,
0.527,1.876,87.819,9.738,0.0,0.040,492387532.800,8192.0,117163.800,518114828.800,0.0,0.0,10478.800,8664.0,1.400,6.400,0.400,5712654336.0,1425408.0,29679960064.0,1.33386153984e+11,0.0,0.0,492319539.200,8192.0,10483.0,8664.400,0.522,1.876,87.824,9.738,0.0,0.040,1493182205.821,
0.501,1.904,87.161,10.353,0.0,0.080,490763059.200,3276.800,104699.400,508103389.0,0.0,0.0,10403.200,8688.600,1.400,6.0,0.0,5732507648.0,1433600.0,32132919296.0,1.30913333248e+11,0.0,0.0,490815488.0,3276.800,10398.400,8690.0,0.501,1.909,87.152,10.358,0.0,0.080,1493182210.821,
0.536,1.959,86.823,10.612,0.0,0.070,489787392.0,2457.600,113525.0,515169653.400,0.0,0.0,10451.0,8664.200,1.400,5.800,0.0,5737541632.0,1441792.0,34582298624.0,1.28458911744e+11,0.0,0.0,489813606.400,2457.600,10458.800,8662.800,0.536,1.959,86.828,10.607,0.0,0.070,1493182215.821,
0.547,1.866,87.921,9.621,0.0,0.045,496749772.800,4915.200,104727.0,520104932.400,0.0,0.0,10605.600,8772.0,0.400,7.600,0.0,5729046528.0,1449984.0,37066211328.0,1.25983485952e+11,0.0,0.0,496697344.0,4915.200,10601.600,8771.800,0.547,1.866,87.919,9.623,0.0,0.045,1493182220.821,
0.562,1.921,89.076,8.396,0.0,0.045,499806208.0,5734.400,174963.200,524693442.600,0.0,0.0,10780.600,8904.400,1.0,6.800,0.400,5721231360.0,1466368.0,39563698176.0,1.23493797888e+11,0.0,0.0,499858636.800,5734.400,10776.0,8903.400,0.562,1.916,89.077,8.400,0.0,0.045,1493182225.821,
0.551,1.944,89.360,8.090,0.0,0.055,492194201.600,4915.200,202070.0,507745445.200,0.0,0.0,10955.0,8789.0,0.800,6.800,0.400,5765201920.0,1474560.0,42029039616.0,1.20984477696e+11,0.0,0.0,492220416.0,4915.200,10961.800,8791.400,0.556,1.943,89.362,8.084,0.0,0.055,1493182230.821,
0.496,1.890,90.848,6.716,0.0,0.050,499271270.400,2457.600,127744.800,527321441.600,0.0,0.0,10705.600,8859.800,0.600,7.800,0.0,5738008576.0,1482752.0,44523245568.0,1.18517456896e+11,0.0,0.0,499218841.600,2457.600,10699.600,8858.200,0.491,1.890,90.852,6.717,0.0,0.050,1493182235.821,
0.542,1.735,90.932,6.726,0.0,0.065,490540236.800,14745.600,149675.0,513771883.600,0.0,0.0,10526.600,8700.400,1.200,6.400,0.200,5750407168.0,1490944.0,46974881792.0,1.16053413888e+11,0.0,0.0,490540236.800,14745.600,10527.600,8701.600,0.542,1.735,90.926,6.731,0.0,0.065,1493182240.821,
0.556,1.829,89.256,8.313,0.0,0.045,494678835.200,9011.200,99266.0,516094034.800,0.0,0.0,10475.800,8741.600,0.800,7.800,0.0,5756014592.0,1507328.0,49447342080.0,1.13575329792e+11,0.0,0.0,494626406.400,9011.200,10480.600,8741.0,0.561,1.829,89.256,8.308,0.0,0.045,1493182245.821,
0.527,1.886,88.975,8.572,0.0,0.040,493667123.200,8192.0,108589.800,513539684.400,0.0,0.0,10466.200,8728.800,1.200,6.400,0.0,5774868480.0,1523712.0,51916046336.0,1.11087755264e+11,0.0,0.0,493719552.0,8192.0,10465.800,8728.800,0.527,1.886,88.975,8.572,0.0,0.040,1493182250.821,
0.501,1.715,89.691,8.058,0.0,0.035,490223206.400,7372.800,137954.800,511982099.400,0.0,0.0,10406.600,8708.600,0.800,6.800,0.400,5779189760.0,1531904.0,54369071104.0,1.08630401024e+11,0.0,0.0,490238771.200,7372.800,10401.400,8708.200,0.501,1.715,89.687,8.062,0.0,0.035,1493182255.821,
0.507,1.751,88.877,8.835,0.0,0.030,491611750.400,2457.600,147650.800,514977561.600,0.0,0.0,10463.400,8774.800,1.200,6.200,0.400,5791727616.0,1540096.0,56824283136.0,1.06162642944e+11,0.0,0.0,491569971.200,2457.600,10467.800,8774.600,0.502,1.751,88.890,8.827,0.0,0.030,1493182260.821,
0.592,1.892,88.955,8.531,0.0,0.030,494510899.200,4915.200,168475.400,520823269.800,0.0,0.0,10605.600,8805.800,1.200,6.600,0.200,5771292672.0,1548288.0,59298312192.0,1.0370904064e+11,0.0,0.0,494510899.200,4915.200,10606.0,8806.0,0.597,1.896,88.949,8.528,0.0,0.030,1493182265.821,
0.562,1.935,89.276,8.167,0.0,0.060,491208704.0,9830.400,114713.800,510469749.200,0.0,0.0,10588.400,8668.200,1.400,6.200,0.0,5796646912.0,1564672.0,61755326464.0,1.01226655744e+11,0.0,0.0,491198054.400,9830.400,10589.400,8667.800,0.562,1.931,89.269,8.179,0.0,0.060,1493182270.821,
0.542,1.917,87.872,9.619,0.0,0.050,496739123.200,6553.600,166101.0,520144425.0,0.0,0.0,10896.400,8801.400,1.0,7.600,0.0,5799002112.0,1572864.0,64239677440.0,98739941376.0,0.0,0.0,496749772.800,6553.600,10896.600,8802.600,0.537,1.922,87.871,9.620,0.0,0.050,1493182275.821,
0.582,1.936,87.604,9.847,0.0,0.030,497903206.400,3276.800,206154.0,520889914.200,0.0,0.0,10705.0,8839.0,0.800,7.200,0.400,5798055936.0,1581056.0,66729426944.0,96251129856.0,0.0,0.0,497929420.800,3276.800,10703.800,8838.400,0.582,1.936,87.605,9.847,0.0,0.030,1493182280.821,
0.552,1.886,87.941,9.546,0.0,0.075,497625497.600,5734.400,206235.200,514585546.200,0.0,0.0,10583.800,8807.600,1.0,7.0,0.0,5837373440.0,1597440.0,69217427456.0,93723795456.0,0.0,0.0,497651712.0,5734.400,10583.0,8807.800,0.552,1.881,87.947,9.545,0.0,0.075,1493182285.821,
0.537,1.911,88.384,9.103,0.0,0.065,495061401.600,4096.0,176829.0,525269881.400,0.0,0.0,10696.600,8868.600,1.600,6.600,0.400,5796352000.0,1605632.0,71692763136.0,91289473024.0,0.0,0.0,495061401.600,4096.0,10692.400,8868.600,0.542,1.911,88.374,9.108,0.0,0.065,1493182290.821,
0.537,1.906,87.350,10.168,0.0,0.040,495135129.600,3276.800,165259.200,516058554.600,0.0,0.0,10502.0,8852.600,0.800,7.400,0.0,5808787456.0,1613824.0,74168143872.0,88801648640.0,0.0,0.0,495082700.800,3276.800,10501.800,8852.200,0.537,1.906,87.354,10.163,0.0,0.040,1493182295.821,
0.522,2.021,86.748,10.679,0.0,0.030,494820556.800,10649.600,176853.0,511749665.0,0.0,0.0,10664.200,8807.400,0.800,7.600,0.0,5850513408.0,1630208.0,76644098048.0,86283952128.0,0.0,0.0,494899200.0,10649.600,10670.800,8807.800,0.522,2.026,86.740,10.682,0.0,0.030,1493182300.821,
0.572,1.827,86.836,10.729,0.0,0.035,494034124.800,8192.0,188608.0,520366113.600,0.0,0.0,10676.200,8801.200,1.0,7.200,0.400,5825531904.0,1638400.0,79112122368.0,83840901120.0,0.0,0.0,494007910.400,8192.0,10669.600,8801.200,0.567,1.823,86.849,10.726,0.0,0.035,1493182305.821,
0.521,1.920,89.980,7.509,0.0,0.070,492789760.0,8192.0,139310.600,516057692.0,0.0,0.0,10437.400,8748.800,0.800,6.800,0.0,5838704640.0,1519616.0,81441816576.0,81498152960.0,0.0,0.0,492763545.600,8192.0,10437.800,8748.200,0.521,1.920,89.979,7.510,0.0,0.070,1493182310.821,
0.541,2.115,89.581,7.718,0.0,0.045,496608051.200,6553.600,200253.600,519578743.400,0.0,0.0,10760.600,8757.600,1.400,6.800,0.0,5845106688.0,1527808.0,83658539008.0,79275020288.0,0.0,0.0,496608051.200,6553.600,10766.400,8758.400,0.546,2.115,89.581,7.713,0.0,0.045,1493182315.821,
0.542,1.976,89.607,7.805,0.0,0.070,493420544.0,5734.400,195306.0,521094655.600,0.0,0.0,10754.200,8838.200,0.800,5.800,0.0,5815218176.0,1536000.0,85915815936.0,77047623680.0,0.0,0.0,493420544.0,5734.400,10752.0,8838.0,0.542,1.981,89.599,7.808,0.0,0.070,1493182320.821,
0.562,1.946,89.381,8.046,0.0,0.065,496565452.800,3276.800,154913.0,512112197.200,0.0,0.0,10625.0,8865.400,0.800,7.200,0.600,5867659264.0,1544192.0,88130158592.0,74780831744.0,0.0,0.0,496565452.800,3276.800,10627.200,8865.800,0.557,1.947,89.384,8.047,0.0,0.065,1493182325.821,
0.567,1.976,89.949,7.473,0.0,0.035,495528345.600,10649.600,171684.600,517344818.800,0.0,0.0,10622.400,8808.200,0.800,6.800,0.400,5870071808.0,1560576.0,90399514624.0,72509046784.0,0.0,0.0,495517696.0,10649.600,10616.0,8807.0,0.567,1.971,89.958,7.469,0.0,0.035,1493182330.821,
0.527,1.882,89.598,7.969,0.0,0.025,494757478.400,0.0,157031.0,516999337.600,0.0,0.0,10573.400,8777.800,0.600,8.200,0.0,5885952000.0,1560576.0,92624502784.0,70268178432.0,0.0,0.0,494715699.200,0.0,10578.600,8777.200,0.527,1.882,89.593,7.973,0.0,0.025,1493182335.821,
0.577,2.030,89.421,7.941,0.0,0.030,492618547.200,10649.600,227526.200,516187360.600,0.0,0.0,10652.200,8735.600,1.400,6.600,0.0,5882863616.0,1576960.0,94876532736.0,68019220480.0,0.0,0.0,492644761.600,10649.600,10653.800,8737.200,0.577,2.035,89.417,7.941,0.0,0.030,1493182340.821,
0.542,1.962,90.557,6.889,0.0,0.050,493048627.200,4915.200,198180.800,513615020.600,0.0,0.0,10618.800,8779.400,0.200,7.0,0.0,5897125888.0,1585152.0,97154121728.0,65727361024.0,0.0,0.0,493074841.600,4915.200,10617.0,8779.400,0.542,1.957,90.567,6.884,0.0,0.050,1493182345.821,
0.557,1.916,91.054,6.404,0.0,0.070,498091622.400,6553.600,206848.200,518957892.600,0.0,0.0,10748.600,8895.400,1.600,7.200,0.0,5911822336.0,1593344.0,99393785856.0,63472992256.0,0.0,0.0,498065408.0,6553.600,10749.800,8899.0,0.562,1.920,91.049,6.398,0.0,0.070,1493182350.821,
0.501,1.915,91.478,6.040,0.0,0.065,494689484.800,7372.800,174617.600,523387321.600,0.0,0.0,10535.600,8821.400,0.600,6.600,0.400,5878697984.0,1609728.0,1.01658791936e+11,61241094144.0,0.0,0.0,494715699.200,7372.800,10531.200,8819.600,0.501,1.915,91.474,6.045,0.0,0.065,1493182355.821,
0.542,1.906,88.733,8.764,0.0,0.055,495255552.0,0.0,194732.800,519008039.600,0.0,0.0,10769.600,8895.0,0.600,7.400,0.400,5883404288.0,1609728.0,1.03887794176e+11,59007385600.0,0.0,0.0,495229337.600,0.0,10767.600,8892.400,0.537,1.901,88.737,8.770,0.0,0.055,1493182360.821,
0.536,1.845,90.530,7.013,0.0,0.075,496812851.200,10649.600,163226.200,516057319.200,0.0,0.0,10307.600,9016.800,1.200,6.800,0.0,5900472320.0,1626112.0,1.06122141696e+11,56755953664.0,0.0,0.0,496786636.800,10649.600,10307.600,9016.0,0.536,1.845,90.535,7.009,0.0,0.075,1493182365.821,
0.531,2.020,90.532,6.837,0.0,0.080,495810969.600,7372.800,166616.400,517045483.200,0.0,0.0,10308.400,8946.600,1.0,6.800,0.0,5920493568.0,1634304.0,1.08409638912e+11,54448427008.0,0.0,0.0,495863398.400,7372.800,10313.400,8947.800,0.536,2.025,90.523,6.836,0.0,0.080,1493182370.821,
0.556,1.935,90.510,6.943,0.0,0.055,493782630.400,7372.800,165984.0,516047933.800,0.0,0.0,10239.800,8904.600,0.800,7.200,0.400,5925941248.0,1650688.0,1.10668406784e+11,52184195072.0,0.0,0.0,493782630.400,7372.800,10241.200,8905.0,0.557,1.930,90.519,6.939,0.0,0.055,1493182375.821,
0.567,1.906,90.478,7.014,0.0,0.035,493656473.600,0.0,146705.200,521075113.200,0.0,0.0,10307.600,8828.800,1.400,6.800,0.0,5885374464.0,1650688.0,1.12869892096e+11,50023276544.0,0.0,0.0,493604044.800,0.0,10308.0,8830.800,0.562,1.911,90.464,7.028,0.0,0.035,1493182380.821,
0.562,2.021,90.191,7.166,0.0,0.060,490479616.0,9011.200,200469.200,512673600.0,0.0,0.0,10307.600,8869.600,1.200,6.200,0.0,5891563520.0,1658880.0,1.15114000384e+11,47772971008.0,0.0,0.0,490532044.800,9011.200,10306.400,8867.400,0.567,2.021,90.191,7.161,0.0,0.060,1493182385.821,
0.547,1.991,89.689,7.728,0.0,0.045,491654348.800,9830.400,160518.0,507571259.200,0.0,0.0,10150.600,8810.800,1.600,5.400,0.0,5929660416.0,1675264.0,1.17323698176e+11,45525159936.0,0.0,0.0,491654348.800,9830.400,10146.0,8812.200,0.542,1.991,89.698,7.724,0.0,0.045,1493182390.821,
0.567,2.010,89.507,7.841,0.0,0.075,497169203.200,9011.200,163736.600,521380837.0,0.0,0.0,10411.0,8986.200,1.600,7.400,0.400,5932077056.0,1683456.0,1.19561019392e+11,43285413888.0,0.0,0.0,497169203.200,9011.200,10416.200,8984.800,0.571,2.005,89.503,7.845,0.0,0.075,1493182395.821,
0.547,2.096,88.674,8.639,0.0,0.045,496686694.400,7372.800,139402.0,519581123.0,0.0,0.0,10792.400,8943.600,1.200,7.600,0.400,5928574976.0,1699840.0,1.21797292032e+11,41052626944.0,0.0,0.0,496660480.0,7372.800,10787.0,8942.400,0.547,2.096,88.678,8.634,0.0,0.045,1493182400.821,
0.532,1.981,89.932,7.484,0.0,0.070,495937126.400,2457.600,198647.800,519007079.400,0.0,0.0,10437.800,8965.800,1.400,6.800,0.0,5935013888.0,1699840.0,1.24104491008e+11,38738989056.0,0.0,0.0,495937126.400,2457.600,10437.600,8968.400,0.532,1.981,89.927,7.489,0.0,0.070,1493182405.821,
0.582,1.952,90.887,6.523,0.0,0.055,494621491.200,5734.400,165415.800,516057706.800,0.0,0.0,10714.200,8803.600,1.200,6.600,0.0,5950652416.0,1716224.0,1.26329688064e+11,36498137088.0,0.0,0.0,494647705.600,5734.400,10713.600,8801.400,0.582,1.952,90.898,6.513,0.0,0.055,1493182410.821,
0.597,1.977,90.874,6.497,0.0,0.055,494862336.0,4915.200,177143.200,516057343.0,0.0,0.0,10823.200,8843.800,0.800,7.0,0.0,5961441280.0,1724416.0,1.28612483072e+11,34204545024.0,0.0,0.0,494862336.0,4915.200,10827.600,8844.200,0.592,1.982,90.868,6.502,0.0,0.055,1493182415.821,
0.547,2.011,90.356,7.021,0.0,0.065,494548582.400,8192.0,139686.200,521960676.400,0.0,0.0,10579.0,8796.600,1.200,7.0,0.200,5943439360.0,1740800.0,1.30857377792e+11,31977635840.0,0.0,0.0,494574796.800,8192.0,10575.200,8796.400,0.547,2.006,90.356,7.026,0.0,0.065,1493182420.821,
0.562,1.962,90.483,6.948,0.0,0.045,495297331.200,5734.400,170348.400,520487623.200,0.0,0.0,10351.600,8857.600,1.0,6.800,0.800,5942448128.0,1748992.0,1.330294784e+11,29806518272.0,0.0,0.0,495271116.800,5734.400,10356.400,8858.0,0.562,1.967,90.482,6.944,0.0,0.045,1493182425.821,
0.512,1.971,90.772,6.685,0.0,0.060,490731110.400,7372.800,179575.200,515235300.800,0.0,0.0,10288.400,8758.400,1.400,5.400,0.0,5932806144.0,1757184.0,1.353294848e+11,27516145664.0,0.0,0.0,490704896.0,7372.800,10288.400,8760.200,0.511,1.971,90.769,6.689,0.0,0.060,1493182430.821,
0.060,0.150,99.410,0.370,0.0,0.010,40724070.400,11468.800,18083.600,49522707.600,0.0,0.0,1023.600,846.800,0.0,0.0,0.0,5896658944.0,1773568.0,1.35533338624e+11,27348422656.0,0.0,0.0,40461926.400,11468.800,1016.400,840.800,0.065,0.145,99.420,0.360,0.0,0.010,1493182435.821,
