"Dstat 0.7.2 CSV output"
"Author:","Dag Wieers <dag@wieers.com>",,,,"URL:","http://dag.wieers.com/home-made/dstat/"
"Host:","osd0.skyhook-1osds.skyhook-pg0.wisc.cloudlab.us",,,,"User:","jlefevre"
"Cmdline:","dstat -av --epoch --integer --noheaders --output 1osd.dstat-osd0.log 5",,,,"Date:","25 Apr 2017 15:29:30 CDT"

"total cpu usage",,,,,,"dsk/total",,"net/total",,"paging",,"system",,"procs",,,"memory usage",,,,"paging",,"dsk/total",,"system",,"total cpu usage",,,,,,"epoch"
"usr","sys","idl","wai","hiq","siq","read","writ","recv","send","in","out","int","csw","run","blk","new","used","buff","cach","free","in","out","read","writ","int","csw","usr","sys","idl","wai","hiq","siq","epoch"
0.005,2.511,97.474,0.010,0.0,0.0,1638.400,6553.600,1694.0,39148.800,0.0,0.0,653.200,838.600,1.0,0.0,0.0,5648306176.0,1482752.0,31065739264.0,1.320646656e+11,0.0,0.0,1638.400,6553.600,653.0,838.600,0.005,2.516,97.469,0.010,0.0,0.0,1493161115.821,
0.210,1.351,97.358,1.066,0.0,0.015,134789529.600,20480.0,29127.800,107621268.200,0.0,0.0,3018.800,2926.800,0.600,0.400,4.800,5742514176.0,1523712.0,784392192.0,1.62251763712e+11,0.0,0.0,134973030.400,20480.0,3019.800,2928.400,0.210,1.346,97.363,1.066,0.0,0.015,1493161120.821,
0.190,0.810,98.089,0.885,0.0,0.025,199521894.400,4915.200,46211.600,209279508.400,0.0,0.0,4315.0,3635.800,0.400,0.400,0.400,5733773312.0,1531904.0,1782595584.0,1.61262292992e+11,0.0,0.0,199338393.600,4915.200,4313.600,3633.800,0.190,0.810,98.089,0.885,0.0,0.025,1493161125.821,
0.190,0.731,98.328,0.741,0.0,0.010,191798476.800,7372.800,45061.400,198608152.800,0.0,0.0,4144.200,3545.800,0.600,0.200,0.400,5748170752.0,1548288.0,2741657600.0,1.60288817152e+11,0.0,0.0,191798476.800,7372.800,4144.200,3546.0,0.195,0.731,98.323,0.741,0.0,0.010,1493161130.821,
0.195,0.760,98.344,0.685,0.0,0.015,188973875.200,7372.800,41510.400,202358063.800,0.0,0.0,4190.600,3480.600,0.200,0.400,0.0,5718155264.0,1556480.0,3685068800.0,1.59375413248e+11,0.0,0.0,188973875.200,7372.800,4192.800,3480.800,0.190,0.760,98.349,0.685,0.0,0.015,1493161135.821,
0.195,0.861,98.279,0.655,0.0,0.010,197435392.0,6553.600,40418.400,203064184.0,0.0,0.0,4219.600,3611.600,0.0,0.400,0.400,5732335616.0,1572864.0,4672159744.0,1.58374125568e+11,0.0,0.0,197435392.0,6553.600,4217.600,3611.200,0.195,0.861,98.274,0.660,0.0,0.010,1493161140.821,
0.200,0.851,98.338,0.601,0.0,0.010,217178931.200,819.200,44315.800,225812689.600,0.0,0.0,4613.800,3972.400,0.400,0.200,0.400,5745000448.0,1572864.0,5758656512.0,1.57274963968e+11,0.0,0.0,217178931.200,819.200,4613.800,3972.400,0.200,0.851,98.343,0.596,0.0,0.010,1493161145.821,
0.170,0.781,98.473,0.571,0.0,0.005,193970176.0,11468.800,38609.800,203741127.400,0.0,0.0,4150.400,3563.800,0.400,0.800,0.0,5743202304.0,1589248.0,6729048064.0,1.56306354176e+11,0.0,0.0,194206105.600,11468.800,4152.0,3566.800,0.175,0.786,98.464,0.571,0.0,0.005,1493161150.821,
0.205,0.766,98.328,0.681,0.0,0.020,197487820.800,7372.800,40691.0,206436618.400,0.0,0.0,4235.800,3631.600,0.400,0.400,0.400,5743620096.0,1597440.0,7718105088.0,1.55316871168e+11,0.0,0.0,197461606.400,7372.800,4235.600,3631.0,0.200,0.766,98.333,0.681,0.0,0.020,1493161155.821,
0.190,0.766,98.238,0.791,0.0,0.015,198027673.600,18022.400,40033.800,207513204.200,0.0,0.0,4223.400,3634.200,0.200,0.600,0.0,5737050112.0,1613824.0,8707051520.0,1.54334478336e+11,0.0,0.0,197817958.400,18022.400,4221.800,3631.800,0.195,0.761,98.238,0.791,0.0,0.015,1493161160.821,
0.220,0.811,98.044,0.906,0.0,0.020,205896908.800,0.0,43002.600,215278014.0,0.0,0.0,4450.600,3794.800,0.400,0.600,0.800,5739425792.0,1613824.0,9737166848.0,1.53301987328e+11,0.0,0.0,205896908.800,0.0,4451.200,3796.0,0.215,0.816,98.044,0.906,0.0,0.020,1493161165.821,
0.205,0.876,97.944,0.951,0.0,0.025,214732800.0,7372.800,45487.600,225595143.200,0.0,0.0,4649.600,3952.200,0.400,0.400,0.200,5743247360.0,1630208.0,10810724352.0,1.52224591872e+11,0.0,0.0,214916300.800,7372.800,4650.400,3953.400,0.210,0.875,97.934,0.956,0.0,0.025,1493161170.821,
0.285,1.061,97.372,1.257,0.0,0.025,273824972.800,4915.200,69128.600,285778256.800,0.0,0.0,6071.800,4929.400,0.600,0.400,0.400,5746507776.0,1638400.0,12179542016.0,1.508525056e+11,0.0,0.0,273824972.800,4915.200,6072.200,4929.800,0.280,1.061,97.382,1.252,0.0,0.025,1493161175.821,
0.205,0.876,97.968,0.926,0.0,0.025,209031987.200,10649.600,62199.0,218209249.0,0.0,0.0,4582.0,3793.0,0.800,0.400,0.400,5746626560.0,1654784.0,13225951232.0,1.49805961216e+11,0.0,0.0,209110630.400,10649.600,4582.200,3792.200,0.205,0.870,97.969,0.930,0.0,0.025,1493161180.821,
0.220,0.966,97.958,0.841,0.0,0.015,233184460.800,4915.200,81088.0,243608911.200,0.0,0.0,5046.400,4226.0,0.0,0.800,0.0,5747212288.0,1662976.0,14389620736.0,1.48641697792e+11,0.0,0.0,232922316.800,4915.200,5048.0,4226.200,0.220,0.966,97.962,0.836,0.0,0.015,1493161185.821,
0.286,0.982,97.686,1.027,0.0,0.020,260456448.0,5734.400,64030.400,272420619.400,0.0,0.0,5572.600,4754.800,0.800,0.600,0.400,5756923904.0,1671168.0,15690739712.0,1.47330859008e+11,0.0,0.0,260639948.800,5734.400,5570.200,4754.600,0.286,0.982,97.686,1.027,0.0,0.020,1493161190.821,
0.265,1.056,97.742,0.916,0.0,0.020,259801088.0,9830.400,58935.400,271701053.0,0.0,0.0,5505.600,4695.0,0.800,0.400,0.400,5763489792.0,1687552.0,16992673792.0,1.46022342656e+11,0.0,0.0,259879731.200,9830.400,5508.200,4696.600,0.265,1.056,97.742,0.916,0.0,0.020,1493161195.821,
0.260,1.046,97.747,0.926,0.0,0.020,249740492.800,4915.200,63160.400,259875972.0,0.0,0.0,5413.600,4531.600,0.400,0.600,0.400,5772128256.0,1695744.0,18239377408.0,1.44766992384e+11,0.0,0.0,249478348.800,4915.200,5410.200,4529.200,0.265,1.046,97.742,0.926,0.0,0.020,1493161200.821,
0.190,0.801,98.363,0.636,0.0,0.010,197723750.400,10649.600,71898.600,208550600.800,0.0,0.0,4388.800,3586.200,0.400,0.400,0.0,5761622016.0,1712128.0,19229413376.0,1.43787446272e+11,0.0,0.0,197933465.600,10649.600,4389.800,3588.0,0.185,0.806,98.363,0.636,0.0,0.010,1493161205.821,
0.325,1.371,96.352,1.922,0.0,0.030,317810278.400,4915.200,132144.400,334538776.600,0.0,0.0,7055.400,5724.200,0.600,1.400,0.400,5743620096.0,1720320.0,20818788352.0,1.42216065024e+11,0.0,0.0,317784064.0,4915.200,7055.200,5723.600,0.325,1.366,96.357,1.922,0.0,0.030,1493161210.821,
0.461,1.559,92.680,5.260,0.0,0.040,415500697.600,2457.600,190233.800,441176027.600,0.0,0.0,9043.200,7429.600,1.400,4.0,0.0,5723586560.0,1728512.0,22897762304.0,1.40157116416e+11,0.0,0.0,415579340.800,2457.600,9050.200,7431.200,0.461,1.559,92.675,5.264,0.0,0.040,1493161215.821,
0.306,1.107,97.119,1.448,0.0,0.020,290176204.800,5734.400,90089.800,293880272.800,0.0,0.0,6186.0,5222.200,1.0,0.800,0.400,5768699904.0,1736704.0,24346804224.0,1.3866295296e+11,0.0,0.0,289982054.400,5734.400,6178.400,5218.200,0.311,1.107,97.119,1.443,0.0,0.020,1493161220.821,
0.260,0.981,97.938,0.806,0.0,0.015,243889766.400,14745.600,50734.0,255281860.400,0.0,0.0,5175.0,4412.400,0.600,0.400,0.400,5778989056.0,1753088.0,25566134272.0,1.37433317376e+11,0.0,0.0,244005273.600,14745.600,5175.600,4414.800,0.255,0.981,97.942,0.806,0.0,0.015,1493161225.821,
0.200,0.821,98.338,0.621,0.0,0.020,208245555.200,9830.400,41921.600,218167538.600,0.0,0.0,4526.600,3851.400,0.400,1.0,0.400,5779943424.0,1769472.0,26607030272.0,1.36391450624e+11,0.0,0.0,208271769.600,9830.400,4526.800,3851.800,0.200,0.821,98.338,0.621,0.0,0.020,1493161230.821,
0.306,1.178,96.977,1.504,0.0,0.035,304421273.600,13107.200,93266.200,336444357.200,0.0,0.0,6756.200,5505.400,0.800,2.600,0.400,5679357952.0,1777664.0,28130623488.0,1.34968434688e+11,0.0,0.0,304489267.200,13107.200,6762.600,5506.0,0.311,1.178,96.967,1.509,0.0,0.035,1493161235.821,
0.486,1.760,91.055,6.663,0.0,0.035,467469926.400,7372.800,205781.600,480964279.800,0.0,0.0,9886.400,8269.400,0.800,5.200,0.0,5730021376.0,1794048.0,30467739648.0,1.3258063872e+11,0.0,0.0,467454361.600,7372.800,9885.600,8269.0,0.481,1.760,91.056,6.668,0.0,0.035,1493161240.821,
0.321,1.197,95.867,2.590,0.0,0.025,331603148.800,0.0,124319.0,345145703.600,0.0,0.0,7026.0,5951.800,0.600,1.800,0.400,5740527616.0,1794048.0,32126017536.0,1.30911854592e+11,0.0,0.0,331576934.400,0.0,7021.200,5950.800,0.321,1.198,95.871,2.585,0.0,0.025,1493161245.821,
0.411,1.399,93.273,4.903,0.0,0.015,401869209.600,7372.800,142489.600,410961482.600,0.0,0.0,8415.0,7150.600,1.0,3.400,0.0,5792444416.0,1810432.0,34134323200.0,1.28851615744e+11,0.0,0.0,401790566.400,7372.800,8419.600,7151.400,0.411,1.399,93.278,4.897,0.0,0.015,1493161250.821,
0.250,0.966,97.827,0.936,0.0,0.020,260954521.600,4915.200,53199.800,272878926.800,0.0,0.0,5499.0,4726.600,0.400,1.0,0.400,5803130880.0,1818624.0,35438309376.0,1.27536934912e+11,0.0,0.0,261006950.400,4915.200,5494.200,4726.0,0.250,0.966,97.827,0.936,0.0,0.020,1493161255.821,
0.386,1.473,94.081,4.044,0.0,0.015,375237836.800,12288.0,140993.600,405005644.400,0.0,0.0,8348.800,6688.400,0.800,4.400,0.400,5737697280.0,1835008.0,37317373952.0,1.25723287552e+11,0.0,0.0,375316480.0,12288.0,8349.200,6691.200,0.391,1.478,94.058,4.058,0.0,0.015,1493161260.821,
0.426,1.365,95.555,2.624,0.0,0.030,371514572.800,6553.600,191820.200,376576838.0,0.0,0.0,7997.0,6631.0,0.800,1.0,0.400,5809483776.0,1843200.0,39173074944.0,1.23795791872e+11,0.0,0.0,371514572.800,6553.600,7996.800,6629.600,0.427,1.360,95.569,2.614,0.0,0.030,1493161265.821,
0.421,1.508,94.770,3.272,0.0,0.030,372391116.800,4915.200,172429.0,410152618.0,0.0,0.0,8320.200,6735.200,0.800,3.200,0.400,5693423616.0,1851392.0,41036832768.0,1.22048086016e+11,0.0,0.0,372338688.0,4915.200,8320.400,6736.200,0.416,1.508,94.774,3.272,0.0,0.030,1493161270.821,
0.356,1.293,96.087,2.254,0.0,0.010,323130982.400,10649.600,71957.0,314897315.0,0.0,0.0,6576.200,5760.400,0.600,1.200,0.0,5817421824.0,1867776.0,42650140672.0,1.2031076352e+11,0.0,0.0,323183411.200,10649.600,6581.600,5759.200,0.361,1.297,96.083,2.249,0.0,0.010,1493161275.821,
0.426,1.614,94.050,3.885,0.0,0.025,392559001.600,8192.0,174837.200,433998032.200,0.0,0.0,8798.600,7056.200,0.800,4.0,0.400,5702791168.0,1875968.0,44612120576.0,1.1846340608e+11,0.0,0.0,392480358.400,8192.0,8797.200,7055.400,0.421,1.614,94.049,3.891,0.0,0.025,1493161280.821,
0.441,1.538,94.042,3.959,0.0,0.020,383436390.400,2457.600,120956.200,378291112.0,0.0,0.0,8033.200,6821.600,0.600,3.200,0.0,5818560512.0,1884160.0,46528524288.0,1.16431224832e+11,0.0,0.0,383226675.200,2457.600,8027.0,6819.0,0.446,1.533,94.048,3.953,0.0,0.020,1493161285.821,
0.396,1.459,95.478,2.652,0.0,0.015,364736512.0,5734.400,92508.600,381554996.400,0.0,0.0,7769.0,6501.200,0.600,2.600,0.400,5825200128.0,1892352.0,48353464320.0,1.14599636992e+11,0.0,0.0,364998656.0,5734.400,7771.0,6505.0,0.391,1.459,95.482,2.653,0.0,0.015,1493161290.821,
0.371,1.387,96.594,1.628,0.0,0.020,332059443.200,9011.200,80619.200,347514803.200,0.0,0.0,7061.800,5933.600,0.600,1.400,0.400,5828276224.0,1908736.0,50014711808.0,1.12935297024e+11,0.0,0.0,331954585.600,9011.200,7066.0,5931.800,0.371,1.387,96.594,1.628,0.0,0.020,1493161295.821,
0.285,1.212,97.456,1.037,0.0,0.010,283177779.200,13926.400,70338.0,295422163.600,0.0,0.0,6081.800,5123.400,0.800,0.400,0.400,5837234176.0,1925120.0,51429781504.0,1.11511252992e+11,0.0,0.0,283256422.400,13926.400,6077.600,5124.400,0.290,1.212,97.451,1.037,0.0,0.010,1493161300.821,
0.431,1.595,94.559,3.385,0.0,0.030,395982438.400,2457.600,140662.600,425883246.600,0.0,0.0,8964.400,7100.800,1.200,3.600,0.400,5772226560.0,1925120.0,53411110912.0,1.095949312e+11,0.0,0.0,395982438.400,2457.600,8966.0,7101.800,0.426,1.595,94.564,3.385,0.0,0.030,1493161305.821,
0.542,1.972,89.877,7.590,0.0,0.020,488471756.800,13107.200,166278.600,509355178.600,0.0,0.0,10290.200,8744.600,0.600,6.600,0.0,5788864512.0,1941504.0,55853236224.0,1.07136151552e+11,0.0,0.0,488524185.600,13107.200,10294.800,8745.0,0.542,1.976,89.874,7.589,0.0,0.020,1493161310.821,
0.456,1.620,94.227,3.667,0.0,0.030,415075532.800,4915.200,141757.400,426043882.0,0.0,0.0,8642.200,7269.200,0.800,2.400,0.400,5836103680.0,1949696.0,57926356992.0,1.05015783424e+11,0.0,0.0,414996889.600,4915.200,8635.600,7268.200,0.456,1.620,94.227,3.667,0.0,0.030,1493161315.821,
0.361,1.478,96.002,2.134,0.0,0.025,354911846.400,7372.800,83726.600,369185836.600,0.0,0.0,7513.800,6303.400,0.800,1.800,0.0,5849939968.0,1966080.0,59701760000.0,1.03226527744e+11,0.0,0.0,354953625.600,7372.800,7520.200,6304.0,0.366,1.473,95.997,2.139,0.0,0.025,1493161320.821,
0.396,1.448,95.495,2.631,0.0,0.030,359791820.800,819.200,77065.200,377824598.800,0.0,0.0,7614.800,6347.600,1.200,2.0,0.200,5846818816.0,1966080.0,61500293120.0,1.01431115776e+11,0.0,0.0,359776256.0,819.200,7608.600,6348.200,0.396,1.449,95.494,2.631,0.0,0.030,1493161325.821,
0.401,1.533,95.562,2.450,0.0,0.055,370681446.400,7372.800,119443.200,385279136.800,0.0,0.0,7870.200,6592.400,0.200,0.600,0.800,5858107392.0,1982464.0,63353061376.0,99567042560.0,0.0,0.0,370445516.800,7372.800,7868.200,6587.800,0.396,1.533,95.571,2.445,0.0,0.055,1493161330.821,
0.547,1.856,90.794,6.763,0.0,0.040,469409792.0,14745.600,201449.200,493595968.600,0.0,0.0,10080.600,8367.0,0.600,4.800,0.200,5856169984.0,1998848.0,65701863424.0,97220161536.0,0.0,0.0,469619507.200,14745.600,10087.0,8369.800,0.547,1.856,90.789,6.763,0.0,0.045,1493161335.821,
0.496,1.859,91.657,5.918,0.0,0.070,449892352.0,4915.200,151289.0,484852648.200,0.0,0.0,9804.600,8081.800,1.400,5.400,0.0,5780660224.0,2007040.0,67953098752.0,95044427776.0,0.0,0.0,449918566.400,4915.200,9799.600,8081.600,0.496,1.859,91.652,5.928,0.0,0.065,1493161340.821,
0.536,1.950,90.261,7.168,0.0,0.085,493682688.0,2457.600,141040.800,512785190.0,0.0,0.0,10418.0,8749.0,1.600,6.0,0.0,5810360320.0,2015232.0,70422511616.0,92545306624.0,0.0,0.0,493708902.400,2457.600,10422.600,8750.200,0.536,1.955,90.257,7.167,0.0,0.085,1493161345.821,
0.481,1.584,93.407,4.493,0.0,0.035,409272320.0,6553.600,154041.800,415106076.0,0.0,0.0,8809.600,7219.0,1.0,3.200,0.200,5877854208.0,2023424.0,72466423808.0,90433892352.0,0.0,0.0,409193676.800,6553.600,8807.400,7217.800,0.486,1.580,93.416,4.483,0.0,0.035,1493161350.821,
0.331,1.222,97.080,1.327,0.0,0.040,312614912.0,2457.600,108764.0,327697644.600,0.0,0.0,6705.0,5530.0,1.0,0.600,0.0,5877903360.0,2031616.0,74029113344.0,88871145472.0,0.0,0.0,312667340.800,2457.600,6703.200,5530.400,0.331,1.222,97.075,1.332,0.0,0.040,1493161355.821,
0.346,1.242,97.020,1.357,0.0,0.035,312787763.200,0.0,107087.200,324719451.200,0.0,0.0,6731.200,5525.400,0.600,0.800,0.0,5894258688.0,2031616.0,75593220096.0,87290683392.0,0.0,0.0,312709120.0,0.0,6731.800,5524.800,0.341,1.247,97.020,1.357,0.0,0.035,1493161360.821,
0.285,1.132,97.716,0.841,0.0,0.025,279769907.200,3276.800,81188.600,293597806.400,0.0,0.0,6076.600,4989.600,1.600,0.0,0.400,5888557056.0,2039808.0,76990550016.0,85899046912.0,0.0,0.0,279665049.600,3276.800,6080.0,4991.200,0.285,1.127,97.726,0.836,0.0,0.025,1493161365.821,
0.381,1.393,95.762,2.450,0.0,0.015,332306022.400,5734.400,104531.200,347340370.200,0.0,0.0,7169.600,5869.600,0.600,1.800,0.0,5888581632.0,2048000.0,78654050304.0,84235513856.0,0.0,0.0,332463308.800,5734.400,7168.600,5868.400,0.381,1.398,95.752,2.455,0.0,0.015,1493161370.821,
0.411,1.594,93.245,4.705,0.0,0.045,398053376.0,4915.200,134295.0,435146113.600,0.0,0.0,8492.800,7098.200,1.0,5.0,0.0,5797842944.0,2056192.0,80645947392.0,82334347264.0,0.0,0.0,398210662.400,4915.200,8497.600,7100.400,0.411,1.598,93.237,4.709,0.0,0.045,1493161375.821,
0.487,1.856,91.007,6.611,0.0,0.040,453755699.200,10649.600,155432.0,472482011.400,0.0,0.0,9717.600,8039.800,1.200,5.400,0.0,5815119872.0,2072576.0,82913816576.0,80049184768.0,0.0,0.0,453666406.400,10649.600,9710.200,8038.0,0.492,1.851,91.010,6.607,0.0,0.040,1493161380.821,
0.542,1.902,88.642,8.878,0.0,0.035,477126656.0,0.0,144257.400,501319900.200,0.0,0.0,10184.800,8480.800,0.800,7.600,0.0,5809340416.0,2072576.0,85299109888.0,77669670912.0,0.0,0.0,477111091.200,0.0,10184.400,8480.600,0.537,1.897,88.651,8.880,0.0,0.035,1493161385.821,
0.511,1.810,91.914,5.720,0.0,0.045,438116352.0,2457.600,169459.0,440040368.0,0.0,0.0,9305.800,7668.0,0.800,3.800,0.0,5906829312.0,2080768.0,87488794624.0,75382489088.0,0.0,0.0,438053273.600,2457.600,9305.600,7667.0,0.511,1.815,91.914,5.715,0.0,0.045,1493161390.821,
0.482,1.797,93.160,4.542,0.0,0.020,428119654.400,0.0,193030.600,459468656.400,0.0,0.0,9465.0,7499.600,0.800,4.0,0.400,5852758016.0,2080768.0,89630388224.0,73294966784.0,0.0,0.0,428182732.800,0.0,9465.200,7501.600,0.482,1.792,93.150,4.552,0.0,0.025,1493161395.821,
0.557,1.920,91.140,6.353,0.0,0.030,458347315.200,5734.400,150758.600,466561394.600,0.0,0.0,9712.0,8100.600,0.600,4.400,0.0,5922148352.0,2088960.0,91921158144.0,70934798336.0,0.0,0.0,458347315.200,5734.400,9711.600,8099.800,0.562,1.920,91.150,6.343,0.0,0.025,1493161400.821,
0.482,1.717,91.823,5.954,0.0,0.025,426609868.800,15564.800,139990.600,463244519.800,0.0,0.0,9411.600,7599.0,1.600,4.600,0.0,5843259392.0,2105344.0,94054793216.0,68880035840.0,0.0,0.0,426583654.400,15564.800,9415.0,7599.0,0.482,1.722,91.808,5.959,0.0,0.030,1493161405.820,
0.567,1.992,88.457,8.933,0.0,0.050,478898585.600,7372.800,173718.600,502739210.800,0.0,0.0,10485.800,8537.200,1.800,6.600,0.0,5841506304.0,2113536.0,96449974272.0,66486599680.0,0.0,0.0,478924800.0,7372.800,10489.400,8537.600,0.567,1.992,88.459,8.937,0.0,0.045,1493161410.821,
0.547,1.897,90.283,7.248,0.0,0.025,473703219.200,2457.600,166004.0,485469809.0,0.0,0.0,10062.600,8374.200,0.800,5.0,0.0,5893636096.0,2121728.0,98817556480.0,64066879488.0,0.0,0.0,473677004.800,2457.600,10061.200,8373.800,0.547,1.897,90.288,7.243,0.0,0.025,1493161415.821,
0.521,1.944,89.663,7.831,0.0,0.040,473986662.400,0.0,211050.600,497729213.400,0.0,0.0,10191.800,8429.0,1.400,5.400,0.0,5891264512.0,2121728.0,1.011872768e+11,61699530752.0,0.0,0.0,474002227.200,0.0,10186.800,8429.400,0.521,1.939,89.664,7.836,0.0,0.040,1493161420.821,
0.536,1.795,91.032,6.617,0.0,0.020,471638016.0,2457.600,186086.800,500668370.200,0.0,0.0,10106.600,8330.600,1.400,6.800,0.0,5850161152.0,2129920.0,1.03546925056e+11,59380977664.0,0.0,0.0,471648665.600,2457.600,10106.0,8330.0,0.532,1.795,91.039,6.614,0.0,0.020,1493161425.821,
0.546,2.055,89.522,7.822,0.0,0.055,468402995.200,0.0,108772.200,485473996.800,0.0,0.0,9946.800,8256.600,1.0,5.600,0.400,5895462912.0,2129920.0,1.0588700672e+11,56995594240.0,0.0,0.0,468376780.800,0.0,9952.600,8256.800,0.546,2.059,89.518,7.821,0.0,0.055,1493161430.820,
0.552,1.997,88.377,9.050,0.0,0.025,478552883.200,8192.0,202270.800,501643924.0,0.0,0.0,10624.600,8527.200,0.400,8.0,0.0,5891641344.0,2146304.0,1.08281495552e+11,54604910592.0,0.0,0.0,478552883.200,8192.0,10620.400,8527.600,0.552,1.996,88.378,9.049,0.0,0.025,1493161435.821,
0.446,1.515,95.697,2.312,0.0,0.030,376867225.600,7372.800,149880.0,377915244.400,0.0,0.0,7990.600,6569.800,0.0,2.0,0.0,5973843968.0,2162688.0,1.10162665472e+11,52641521664.0,0.0,0.0,376814796.800,7372.800,7989.600,6569.0,0.451,1.510,95.702,2.307,0.0,0.030,1493161440.821,
0.426,1.519,96.602,1.419,0.0,0.035,365234585.600,0.0,155669.200,383154329.800,0.0,0.0,7963.200,6386.200,1.0,0.800,0.0,5969649664.0,2162688.0,1.11990820864e+11,50817560576.0,0.0,0.0,365260800.0,0.0,7963.200,6385.400,0.426,1.519,96.602,1.419,0.0,0.035,1493161445.821,
0.486,1.890,93.664,3.915,0.0,0.045,432617881.600,2457.600,200550.800,465338215.400,0.0,0.0,9534.800,7675.200,1.400,3.200,0.0,5911236608.0,2170880.0,1.14152636416e+11,48714149888.0,0.0,0.0,432670310.400,2457.600,9539.800,7677.0,0.486,1.895,93.649,3.925,0.0,0.045,1493161450.820,
0.537,1.857,91.490,6.082,0.0,0.035,462379417.600,0.0,194840.800,484774068.200,0.0,0.0,10019.400,8231.400,1.400,5.400,0.0,5896962048.0,2170880.0,1.16467441664e+11,46413619200.0,0.0,0.0,462353203.200,0.0,10019.600,8231.0,0.537,1.852,91.494,6.082,0.0,0.035,1493161455.821,
0.562,2.016,89.558,7.799,0.0,0.065,490935910.400,2457.600,195029.0,513108872.800,0.0,0.0,10529.200,8740.600,0.800,6.600,0.0,5902868480.0,2179072.0,1.18922903552e+11,43952242688.0,0.0,0.0,490988339.200,2457.600,10524.0,8740.800,0.557,2.021,89.563,7.794,0.0,0.065,1493161460.821,
0.607,2.042,89.623,7.707,0.0,0.020,491035033.600,0.0,224625.400,514382135.400,0.0,0.0,10701.400,8727.200,1.200,6.800,0.400,5919379456.0,2179072.0,1.21376083968e+11,41482551296.0,0.0,0.0,490982604.800,0.0,10700.800,8726.800,0.607,2.042,89.619,7.712,0.0,0.020,1493161465.821,
0.572,2.031,88.873,8.474,0.0,0.050,496576921.600,9011.200,196310.0,520354449.800,0.0,0.0,10738.400,8871.600,0.600,7.600,0.0,5907378176.0,2195456.0,1.23859918848e+11,39010701312.0,0.0,0.0,496603136.0,9011.200,10742.0,8872.200,0.577,2.026,88.873,8.474,0.0,0.050,1493161470.821,
0.581,2.014,88.961,8.368,0.0,0.075,492125388.800,4915.200,208071.200,508188527.800,0.0,0.0,10154.400,8723.0,1.600,5.800,0.0,5945143296.0,2203648.0,1.26319583232e+11,36513263616.0,0.0,0.0,492125388.800,5734.400,10157.600,8728.0,0.581,2.019,88.966,8.358,0.0,0.075,1493161475.821,
0.481,1.675,93.164,4.649,0.0,0.030,428952780.800,7372.800,215881.0,445365938.0,0.0,0.0,9198.600,7586.200,1.0,3.200,0.0,5967486976.0,2211840.0,1.2846368768e+11,34346807296.0,0.0,0.0,428900352.0,6553.600,9197.400,7582.600,0.482,1.670,93.163,4.655,0.0,0.030,1493161480.821,
0.512,1.901,90.938,6.625,0.0,0.025,458730700.800,2457.600,122906.400,486599712.0,0.0,0.0,9825.800,8041.800,1.400,5.200,0.0,5944045568.0,2220032.0,1.30759032832e+11,32074895360.0,0.0,0.0,458835558.400,2457.600,9824.800,8041.200,0.511,1.901,90.934,6.629,0.0,0.025,1493161485.821,
0.537,1.851,91.279,6.302,0.0,0.030,462730854.400,0.0,118019.800,486167487.400,0.0,0.0,9906.600,8256.0,1.0,6.200,0.0,5931950080.0,2220032.0,1.330716672e+11,29774356480.0,0.0,0.0,462704640.0,0.0,9908.400,8256.200,0.532,1.852,91.289,6.297,0.0,0.030,1493161490.820,
0.556,2.050,89.608,7.735,0.0,0.050,492555468.800,2457.600,110050.800,516033840.400,0.0,0.0,10251.200,8726.600,1.0,7.400,0.0,5930754048.0,2228224.0,1.35535034368e+11,27312177152.0,0.0,0.0,492503040.0,2457.600,10249.600,8725.400,0.561,2.055,89.589,7.744,0.0,0.050,1493161495.821,
0.542,1.701,90.488,7.210,0.0,0.060,493887488.0,0.0,116391.200,513472057.800,0.0,0.0,10108.0,8769.600,1.0,6.200,0.400,5950078976.0,2228224.0,1.38004840448e+11,24823046144.0,0.0,0.0,493913702.400,0.0,10108.0,8770.200,0.537,1.706,90.493,7.204,0.0,0.060,1493161500.821,
0.481,1.719,91.521,6.229,0.0,0.050,493992345.600,4915.200,93438.600,518327439.800,0.0,0.0,10163.200,8753.0,0.800,6.600,0.0,5943582720.0,2236416.0,1.4047418368e+11,22360190976.0,0.0,0.0,493992345.600,4915.200,10159.400,8751.800,0.486,1.709,91.531,6.224,0.0,0.050,1493161505.821,
0.155,0.456,97.752,1.622,0.0,0.015,134240665.600,8192.0,43074.800,153380952.400,0.0,0.0,2974.400,2498.0,0.200,1.0,0.0,5883006976.0,2252800.0,1.41144342528e+11,21750591488.0,0.0,0.0,133978521.600,8192.0,2971.600,2494.600,0.155,0.456,97.757,1.617,0.0,0.015,1493161510.821,
