"Dstat 0.7.2 CSV output"
"Author:","Dag Wieers <dag@wieers.com>",,,,"URL:","http://dag.wieers.com/home-made/dstat/"
"Host:","osd0.skyhook-1osds.skyhook-pg0.wisc.cloudlab.us",,,,"User:","jlefevre"
"Cmdline:","dstat -av --epoch --integer --noheaders --output 1osd.dstat-osd0.log 5",,,,"Date:","25 Apr 2017 15:29:30 CDT"

"total cpu usage",,,,,,"dsk/total",,"net/total",,"paging",,"system",,"procs",,,"memory usage",,,,"paging",,"dsk/total",,"system",,"total cpu usage",,,,,,"epoch"
"usr","sys","idl","wai","hiq","siq","read","writ","recv","send","in","out","int","csw","run","blk","new","used","buff","cach","free","in","out","read","writ","int","csw","usr","sys","idl","wai","hiq","siq","epoch"
0.005,0.010,99.985,0.0,0.0,0.0,0.0,7372.800,1980.600,39625.200,0.0,0.0,121.0,126.0,0.0,0.0,0.0,5892804608.0,1830912.0,1.3701373952e+11,25871818752.0,0.0,0.0,0.0,7372.800,121.0,126.0,0.005,0.010,99.985,0.0,0.0,0.0,1493183060.821,
0.220,0.831,97.858,1.066,0.0,0.025,197950668.800,5734.400,65886.0,180553921.800,0.0,0.0,4049.800,3513.600,0.800,0.800,0.0,6054129664.0,1847296.0,1.37964806144e+11,24759410688.0,0.0,0.0,198212812.800,5734.400,4052.200,3517.200,0.220,0.836,97.853,1.066,0.0,0.025,1493183065.821,
0.391,1.472,97.251,0.846,0.0,0.040,338143641.600,4915.200,128430.200,362732574.200,0.0,0.0,7540.200,5974.200,0.600,1.0,0.400,6051590144.0,1855488.0,1.39655225344e+11,23071522816.0,0.0,0.0,338143641.600,4915.200,7539.800,5974.200,0.396,1.467,97.251,0.846,0.0,0.040,1493183070.821,
0.346,1.363,97.520,0.732,0.0,0.040,295688601.600,3276.800,131453.0,350873220.800,0.0,0.0,7058.0,5274.400,0.600,0.600,0.400,6058143744.0,1863680.0,1.41134020608e+11,21586165760.0,0.0,0.0,295426457.600,3276.800,7056.200,5271.200,0.346,1.363,97.519,0.732,0.0,0.040,1493183075.821,
0.285,1.011,98.699,0.0,0.0,0.005,0.0,4915.200,92219.400,284757215.200,0.0,0.0,3885.800,863.600,0.600,0.0,0.0,6066008064.0,1871872.0,1.41134618624e+11,21577695232.0,0.0,0.0,0.0,4915.200,3886.200,864.0,0.280,1.011,98.699,0.0,0.0,0.010,1493183080.821,
0.215,0.831,98.929,0.0,0.0,0.025,0.0,10649.600,57149.0,233926064.200,0.0,0.0,3097.400,751.0,0.200,0.0,0.0,6057705472.0,1880064.0,1.41134614528e+11,21585993728.0,0.0,0.0,0.0,10649.600,3100.200,750.600,0.215,0.831,98.934,0.0,0.0,0.020,1493183085.821,
0.290,1.181,98.508,0.005,0.0,0.015,0.0,7372.800,104761.400,334129922.800,0.0,0.0,4563.800,1014.800,0.800,0.0,0.0,6064005120.0,1896448.0,1.41134614528e+11,21579677696.0,0.0,0.0,0.0,7372.800,4561.0,1015.200,0.295,1.181,98.503,0.005,0.0,0.015,1493183090.821,
0.255,0.861,98.869,0.010,0.0,0.005,0.0,3276.800,69782.800,253180755.600,0.0,0.0,3480.400,752.800,0.0,0.0,0.400,6058610688.0,1904640.0,1.41134614528e+11,21585063936.0,0.0,0.0,0.0,3276.800,3480.0,752.400,0.250,0.861,98.874,0.010,0.0,0.005,1493183095.821,
0.200,0.891,98.899,0.0,0.0,0.010,0.0,5734.400,60550.800,254265484.0,0.0,0.0,3341.0,737.400,0.200,0.0,0.0,6059175936.0,1921024.0,1.41134614528e+11,21584482304.0,0.0,0.0,0.0,5734.400,3341.0,737.400,0.200,0.896,98.894,0.0,0.0,0.010,1493183100.821,
0.200,0.886,98.899,0.0,0.0,0.015,0.0,4915.200,59620.800,263480025.400,0.0,0.0,3325.0,744.200,0.200,0.0,0.0,6072680448.0,1929216.0,1.41134618624e+11,21570965504.0,0.0,0.0,0.0,4915.200,3325.0,744.200,0.205,0.881,98.899,0.0,0.0,0.015,1493183105.821,
0.190,0.745,99.039,0.005,0.0,0.020,0.0,3276.800,54530.200,217777244.600,0.0,0.0,2796.0,681.400,0.600,0.0,0.400,6066302976.0,1937408.0,1.4113462272e+11,21577330688.0,0.0,0.0,0.0,3276.800,2796.600,681.800,0.185,0.746,99.044,0.005,0.0,0.020,1493183110.821,
0.190,0.785,98.990,0.020,0.0,0.015,0.0,13926.400,69687.800,218930800.800,0.0,0.0,2790.0,715.0,0.200,0.0,0.400,6074441728.0,1953792.0,1.41134618624e+11,21569179648.0,0.0,0.0,0.0,13926.400,2789.400,714.600,0.195,0.785,98.985,0.020,0.0,0.015,1493183115.821,
0.205,0.835,98.945,0.010,0.0,0.005,0.0,4915.200,68237.400,238806821.600,0.0,0.0,2986.800,739.200,0.200,0.0,0.0,6073671680.0,1961984.0,1.4113462272e+11,21569937408.0,0.0,0.0,0.0,4915.200,2986.800,739.200,0.200,0.835,98.949,0.010,0.0,0.005,1493183120.821,
0.205,0.791,98.969,0.015,0.0,0.020,0.0,7372.800,49446.600,230144795.0,0.0,0.0,2879.800,701.600,0.400,0.0,0.0,6069719040.0,1978368.0,1.4113462272e+11,21573873664.0,0.0,0.0,0.0,7372.800,2880.400,702.0,0.205,0.791,98.969,0.015,0.0,0.020,1493183125.821,
0.200,0.821,98.964,0.0,0.0,0.015,0.0,4915.200,71027.800,234787614.400,0.0,0.0,3006.800,732.600,0.800,0.0,0.0,6064242688.0,1986560.0,1.4113462272e+11,21579341824.0,0.0,0.0,0.0,4915.200,3007.200,732.600,0.200,0.821,98.964,0.0,0.0,0.015,1493183130.821,
0.270,1.151,98.544,0.0,0.0,0.035,0.0,2457.600,127642.600,328566657.800,0.0,0.0,4174.400,987.400,0.200,0.0,0.0,6074712064.0,1994752.0,1.4113462272e+11,21568864256.0,0.0,0.0,0.0,2457.600,4173.400,987.0,0.275,1.151,98.539,0.0,0.0,0.035,1493183135.821,
0.235,1.015,98.704,0.020,0.0,0.025,3065446.400,6553.600,89903.800,268003159.400,0.0,0.0,3635.800,912.0,0.600,0.0,0.600,6067990528.0,2002944.0,1.41134618624e+11,21575581696.0,0.0,0.0,3065446.400,6553.600,3637.400,912.400,0.235,1.020,98.699,0.020,0.0,0.025,1493183140.821,
0.491,1.817,97.627,0.005,0.0,0.060,0.0,12288.0,289810.600,538158506.400,0.0,0.0,6904.600,1575.0,0.800,0.0,0.400,6055305216.0,2019328.0,1.4113462272e+11,21588246528.0,0.0,0.0,0.0,12288.0,6903.0,1574.600,0.491,1.813,97.631,0.005,0.0,0.060,1493183145.821,
0.260,1.006,98.709,0.0,0.0,0.025,0.0,4915.200,97582.800,291215182.800,0.0,0.0,3666.200,931.800,0.800,0.200,0.200,6053670912.0,2027520.0,1.4113462272e+11,21589872640.0,0.0,0.0,0.0,4915.200,3671.0,932.0,0.255,1.011,98.709,0.0,0.0,0.025,1493183150.821,
0.335,1.352,98.263,0.0,0.0,0.050,0.0,10649.600,179403.400,392876223.800,0.0,0.0,5008.0,1197.200,1.0,0.0,0.0,6060806144.0,2035712.0,1.41134618624e+11,21582733312.0,0.0,0.0,0.0,10649.600,5005.200,1196.600,0.335,1.347,98.268,0.0,0.0,0.050,1493183155.821,
0.190,0.751,99.054,0.005,0.0,0.0,0.0,7372.800,71885.0,197915952.0,0.0,0.0,2775.200,619.800,0.600,0.0,0.0,6062383104.0,2052096.0,1.41134618624e+11,21581139968.0,0.0,0.0,0.0,7372.800,2773.0,619.800,0.190,0.751,99.054,0.005,0.0,0.0,1493183160.821,
0.255,1.106,98.614,0.0,0.0,0.025,0.0,5734.400,137261.600,291077218.400,0.0,0.0,4125.600,915.0,0.600,0.0,0.400,6061137920.0,2060288.0,1.4113462272e+11,21582372864.0,0.0,0.0,0.0,5734.400,4126.0,915.400,0.255,1.111,98.609,0.0,0.0,0.025,1493183165.821,
0.295,1.166,98.519,0.005,0.0,0.015,0.0,10649.600,132617.0,309905342.0,0.0,0.0,4370.200,966.800,0.800,0.0,0.0,6061113344.0,2076672.0,1.4113462272e+11,21582381056.0,0.0,0.0,0.0,10649.600,4372.800,966.400,0.295,1.161,98.524,0.005,0.0,0.015,1493183170.821,
0.270,1.216,98.488,0.010,0.0,0.015,2492825.600,0.0,133609.0,328050671.800,0.0,0.0,4599.600,1005.200,0.400,0.0,0.0,6056927232.0,2076672.0,1.4113462272e+11,21586567168.0,0.0,0.0,2492825.600,0.0,4596.600,1005.200,0.275,1.216,98.483,0.010,0.0,0.015,1493183175.821,
0.351,1.257,98.353,0.015,0.0,0.025,0.0,8192.0,140527.600,355294767.400,0.0,0.0,4811.200,1073.200,1.0,0.0,0.400,6063505408.0,2093056.0,1.41134626816e+11,21579968512.0,0.0,0.0,0.0,8192.0,4815.0,1073.800,0.346,1.262,98.352,0.015,0.0,0.025,1493183180.821,
0.200,0.806,98.979,0.005,0.0,0.010,0.0,8192.0,57506.800,223284843.400,0.0,0.0,3074.400,725.800,0.400,0.0,0.0,6072782848.0,2109440.0,1.4113462272e+11,21570678784.0,0.0,0.0,0.0,8192.0,3074.800,725.800,0.200,0.806,98.979,0.005,0.0,0.010,1493183185.820,
0.240,1.111,98.649,0.0,0.0,0.0,0.0,4915.200,94057.800,297910276.600,0.0,0.0,4095.0,902.600,0.400,0.0,0.0,6058319872.0,2117632.0,1.41134614528e+11,21585141760.0,0.0,0.0,0.0,4915.200,4096.600,902.600,0.245,1.106,98.649,0.0,0.0,0.0,1493183190.821,
0.335,1.266,98.393,0.0,0.0,0.005,0.0,6553.600,106611.400,353108703.600,0.0,0.0,4742.600,1033.800,1.0,0.0,0.400,6059540480.0,2125824.0,1.4113462272e+11,21583904768.0,0.0,0.0,0.0,6553.600,4736.800,1033.200,0.330,1.266,98.398,0.0,0.0,0.005,1493183195.821,
0.260,1.136,98.589,0.0,0.0,0.015,0.0,0.0,82921.0,304553658.600,0.0,0.0,4069.0,920.200,0.600,0.0,0.0,6071975936.0,2125824.0,1.41134626816e+11,21571465216.0,0.0,0.0,0.0,0.0,4072.0,921.400,0.265,1.141,98.579,0.0,0.0,0.015,1493183200.821,
0.280,1.141,98.568,0.010,0.0,0.0,0.0,10649.600,59599.800,307820051.0,0.0,0.0,4038.400,931.200,0.600,0.0,0.0,6059339776.0,2142208.0,1.41134630912e+11,21584080896.0,0.0,0.0,0.0,10649.600,4035.400,930.0,0.280,1.136,98.573,0.010,0.0,0.0,1493183205.821,
0.270,1.021,98.684,0.015,0.0,0.010,0.0,5734.400,59658.800,282194880.0,0.0,0.0,3751.600,884.600,1.400,0.0,0.0,6060056576.0,2158592.0,1.41134626816e+11,21583351808.0,0.0,0.0,0.0,5734.400,3757.600,885.400,0.270,1.025,98.680,0.015,0.0,0.010,1493183210.821,
0.345,1.236,98.398,0.0,0.0,0.020,0.0,1638.400,72215.200,344094152.200,0.0,0.0,4507.400,1042.600,1.200,0.0,0.800,6061178880.0,2158592.0,1.41134639104e+11,21582217216.0,0.0,0.0,0.0,1638.400,4501.400,1041.800,0.346,1.232,98.402,0.0,0.0,0.020,1493183215.821,
0.275,1.106,98.589,0.015,0.0,0.015,0.0,13107.200,79271.200,299451427.600,0.0,0.0,3881.800,935.800,0.400,0.0,0.0,6070841344.0,2174976.0,1.41134639104e+11,21572538368.0,0.0,0.0,0.0,13107.200,3882.400,936.200,0.275,1.106,98.589,0.015,0.0,0.015,1493183220.821,
0.440,1.902,97.613,0.0,0.0,0.045,0.0,4915.200,229658.400,540961574.800,0.0,0.0,6670.200,1565.200,1.400,0.0,0.200,6062641152.0,2183168.0,1.41134639104e+11,21580730368.0,0.0,0.0,0.0,4915.200,6670.0,1565.600,0.440,1.901,97.613,0.0,0.0,0.045,1493183225.821,
0.355,1.421,98.194,0.010,0.0,0.020,0.0,7372.800,190970.400,418656389.600,0.0,0.0,5169.0,1253.0,0.600,0.0,0.0,6061412352.0,2199552.0,1.41134635008e+11,21581946880.0,0.0,0.0,0.0,7372.800,5168.400,1252.200,0.350,1.421,98.199,0.010,0.0,0.020,1493183230.821,
0.255,1.101,98.633,0.0,0.0,0.010,0.0,0.0,134135.0,330421880.600,0.0,0.0,4126.0,968.400,0.0,0.0,0.0,6060793856.0,2199552.0,1.41134639104e+11,21582561280.0,0.0,0.0,0.0,0.0,4126.400,968.800,0.255,1.101,98.634,0.0,0.0,0.010,1493183235.821,
0.245,1.086,98.634,0.010,0.0,0.025,0.0,17203.200,109424.800,292961348.200,0.0,0.0,3737.600,899.400,0.600,0.0,0.400,6076162048.0,2215936.0,1.41134639104e+11,21567176704.0,0.0,0.0,0.0,17203.200,3737.400,899.0,0.245,1.086,98.634,0.010,0.0,0.025,1493183240.821,
0.250,1.006,98.724,0.010,0.0,0.010,0.0,4915.200,101964.600,277943876.0,0.0,0.0,3558.0,861.800,0.800,0.0,0.400,6073962496.0,2224128.0,1.411346432e+11,21569363968.0,0.0,0.0,0.0,4915.200,3558.600,862.600,0.250,1.011,98.719,0.010,0.0,0.010,1493183245.820,
0.396,1.572,97.997,0.005,0.0,0.030,0.0,9011.200,215582.600,439229826.800,0.0,0.0,6130.800,1417.600,0.800,0.200,0.0,6071410688.0,2240512.0,1.41134639104e+11,21571903488.0,0.0,0.0,0.0,9011.200,6133.800,1417.600,0.401,1.567,97.997,0.005,0.0,0.030,1493183250.821,
0.481,1.752,97.728,0.010,0.0,0.030,0.0,8192.0,156741.0,487382594.600,0.0,0.0,6410.600,1428.200,0.800,0.0,0.0,6064230400.0,2256896.0,1.41134635008e+11,21579071488.0,0.0,0.0,0.0,8192.0,6411.200,1428.400,0.476,1.752,97.732,0.010,0.0,0.030,1493183255.821,
0.390,1.717,97.873,0.0,0.0,0.020,0.0,0.0,157998.800,457074972.400,0.0,0.0,6129.400,1316.0,0.600,0.0,0.0,6062600192.0,2256896.0,1.411346432e+11,21580693504.0,0.0,0.0,0.0,0.0,6130.0,1315.400,0.390,1.722,97.868,0.0,0.0,0.020,1493183260.820,
0.285,1.226,98.454,0.015,0.0,0.020,0.0,9011.200,91724.800,329249818.400,0.0,0.0,4442.800,995.400,0.600,0.0,0.400,6079758336.0,2273280.0,1.411346432e+11,21563518976.0,0.0,0.0,0.0,9011.200,4438.800,996.600,0.285,1.221,98.459,0.015,0.0,0.020,1493183265.821,
0.250,1.055,98.659,0.010,0.0,0.025,0.0,4915.200,79307.400,275860605.600,0.0,0.0,3709.600,835.0,0.200,0.0,0.0,6065614848.0,2281472.0,1.411346432e+11,21577654272.0,0.0,0.0,0.0,4915.200,3709.200,833.400,0.250,1.055,98.659,0.010,0.0,0.025,1493183270.821,
0.255,1.001,98.724,0.0,0.0,0.020,0.0,2457.600,73185.200,270330822.200,0.0,0.0,3614.200,830.800,0.600,0.0,0.0,6084485120.0,2289664.0,1.41134647296e+11,21558771712.0,0.0,0.0,0.0,2457.600,3614.200,831.600,0.255,1.006,98.719,0.0,0.0,0.020,1493183275.821,
0.340,1.346,98.298,0.0,0.0,0.015,0.0,13107.200,112978.400,359699790.400,0.0,0.0,4889.0,1078.800,1.0,0.200,0.0,6082699264.0,2297856.0,1.41134651392e+11,21560545280.0,0.0,0.0,0.0,13107.200,4890.0,1079.0,0.345,1.341,98.298,0.0,0.0,0.015,1493183280.821,
0.621,2.193,97.126,0.010,0.0,0.050,0.0,7372.800,212741.200,613696938.600,0.0,0.0,8012.0,1751.800,1.0,0.0,0.400,6066528256.0,2314240.0,1.41134655488e+11,21576695808.0,0.0,0.0,0.0,7372.800,8016.600,1751.200,0.616,2.197,97.127,0.010,0.0,0.050,1493183285.821,
0.245,1.121,98.619,0.0,0.0,0.015,0.0,10649.600,81031.200,291451022.0,0.0,0.0,3990.400,933.200,0.600,0.200,0.400,6081474560.0,2330624.0,1.41134655488e+11,21561733120.0,0.0,0.0,0.0,10649.600,3984.400,932.800,0.245,1.116,98.624,0.0,0.0,0.015,1493183290.821,
0.205,0.891,98.894,0.0,0.0,0.010,0.0,0.0,70780.0,243092126.200,0.0,0.0,3371.400,723.800,0.200,0.0,0.0,6067261440.0,2330624.0,1.41134651392e+11,21575950336.0,0.0,0.0,0.0,0.0,3371.400,723.800,0.210,0.891,98.889,0.0,0.0,0.010,1493183295.820,
0.335,1.306,98.343,0.010,0.0,0.005,0.0,7372.800,137712.200,355253453.600,0.0,0.0,4953.800,1047.0,0.400,0.0,0.0,6079856640.0,2347008.0,1.41134655488e+11,21563334656.0,0.0,0.0,0.0,7372.800,4956.600,1047.400,0.330,1.311,98.344,0.010,0.0,0.005,1493183300.821,
0.310,1.302,98.378,0.0,0.0,0.010,0.0,8192.0,173247.600,358509446.600,0.0,0.0,4968.0,1066.0,0.600,0.0,0.0,6066364416.0,2355200.0,1.41134655488e+11,21576818688.0,0.0,0.0,0.0,8192.0,4965.200,1065.600,0.310,1.297,98.382,0.0,0.0,0.010,1493183305.821,
0.225,0.906,98.834,0.010,0.0,0.025,0.0,5734.400,76777.0,249287530.0,0.0,0.0,3364.200,796.800,0.400,0.0,0.0,6079356928.0,2371584.0,1.41134655488e+11,21563809792.0,0.0,0.0,0.0,5734.400,3369.800,797.0,0.230,0.911,98.824,0.010,0.0,0.025,1493183310.821,
0.280,1.251,98.464,0.0,0.0,0.005,0.0,7372.800,125570.200,329727809.400,0.0,0.0,4638.0,978.200,0.600,0.0,0.800,6081806336.0,2379776.0,1.41134659584e+11,21561348096.0,0.0,0.0,0.0,7372.800,4633.0,978.400,0.275,1.246,98.473,0.0,0.0,0.005,1493183315.821,
0.250,1.096,98.638,0.010,0.0,0.005,1744076.800,7372.800,95010.400,297971241.0,0.0,0.0,4218.800,885.600,0.600,0.0,0.200,6065553408.0,2387968.0,1.41134655488e+11,21577596928.0,0.0,0.0,1744076.800,7372.800,4218.800,885.600,0.255,1.101,98.628,0.010,0.0,0.005,1493183320.821,
0.265,1.186,98.539,0.0,0.0,0.010,0.0,9830.400,96146.400,307744564.200,0.0,0.0,4317.600,853.0,0.800,0.0,0.0,6062989312.0,2404352.0,1.41134655488e+11,21580144640.0,0.0,0.0,0.0,9830.400,4321.600,853.200,0.260,1.181,98.549,0.0,0.0,0.010,1493183325.820,
0.410,1.712,97.852,0.0,0.0,0.025,0.0,4915.200,203694.800,500516811.200,0.0,0.0,6423.800,1400.0,0.800,0.0,0.200,6073274368.0,2412544.0,1.41134659584e+11,21569847296.0,0.0,0.0,0.0,4915.200,6419.800,1399.800,0.410,1.712,97.853,0.0,0.0,0.025,1493183330.821,
0.275,1.051,98.648,0.0,0.0,0.025,0.0,8192.0,62204.400,297019241.400,0.0,0.0,3922.400,888.200,0.600,0.0,0.0,6068228096.0,2428928.0,1.41134659584e+11,21574877184.0,0.0,0.0,0.0,8192.0,3927.400,888.400,0.280,1.056,98.639,0.0,0.0,0.025,1493183335.821,
0.300,1.215,98.415,0.010,0.0,0.060,0.0,8192.0,68312.200,315064815.0,0.0,0.0,4114.600,943.200,0.400,0.200,0.400,6066790400.0,2437120.0,1.4113466368e+11,21576302592.0,0.0,0.0,0.0,8192.0,4109.0,942.600,0.295,1.210,98.425,0.010,0.0,0.060,1493183340.821,
0.431,1.592,97.942,0.005,0.0,0.030,0.0,2457.600,343079.400,482356410.400,0.0,0.0,6040.0,1325.400,0.600,0.0,0.400,6059102208.0,2445312.0,1.41134667776e+11,21583978496.0,0.0,0.0,0.0,2457.600,6045.800,1326.600,0.436,1.597,97.932,0.005,0.0,0.030,1493183345.821,
0.405,1.517,98.028,0.0,0.0,0.050,0.0,0.0,195269.800,453468251.200,0.0,0.0,5621.0,1314.0,1.200,0.0,0.0,6069501952.0,2445312.0,1.41134667776e+11,21573578752.0,0.0,0.0,0.0,0.0,5621.0,1314.200,0.405,1.517,98.028,0.0,0.0,0.050,1493183350.821,
0.280,1.140,98.535,0.020,0.0,0.025,0.0,9011.200,96321.0,314679257.800,0.0,0.0,3916.400,971.600,0.600,0.0,0.0,6064046080.0,2461696.0,1.4113466368e+11,21579022336.0,0.0,0.0,0.0,9011.200,3910.600,970.200,0.275,1.140,98.540,0.020,0.0,0.025,1493183355.821,
0.325,1.292,98.368,0.0,0.0,0.015,0.0,12288.0,111735.800,371469995.200,0.0,0.0,4624.0,1116.600,1.0,0.0,0.0,6066995200.0,2478080.0,1.41134667776e+11,21576052736.0,0.0,0.0,0.0,12288.0,4629.600,1119.400,0.325,1.287,98.373,0.0,0.0,0.015,1493183360.821,
0.290,1.166,98.508,0.005,0.0,0.030,0.0,6553.600,81731.800,317905872.400,0.0,0.0,4096.800,962.400,0.400,0.0,0.400,6069686272.0,2486272.0,1.41134671872e+11,21573349376.0,0.0,0.0,0.0,6553.600,4092.600,960.200,0.290,1.171,98.504,0.005,0.0,0.030,1493183365.821,
0.250,1.081,98.629,0.010,0.0,0.030,0.0,5734.400,90809.0,293267412.0,0.0,0.0,3868.200,867.200,0.400,0.200,0.0,6070534144.0,2502656.0,1.41134671872e+11,21572485120.0,0.0,0.0,0.0,5734.400,3873.0,868.0,0.250,1.081,98.629,0.010,0.0,0.030,1493183370.821,
0.456,1.743,97.756,0.0,0.0,0.045,0.0,0.0,162022.200,484863901.400,0.0,0.0,6375.400,1391.200,1.0,0.0,0.0,6082060288.0,2502656.0,1.41134671872e+11,21560958976.0,0.0,0.0,0.0,0.0,6369.200,1389.800,0.461,1.738,97.756,0.0,0.0,0.045,1493183375.821,
0.345,1.512,98.112,0.010,0.0,0.020,989593.600,7372.800,128096.200,421847583.400,0.0,0.0,5419.0,1273.800,0.600,0.0,0.400,6082805760.0,2519040.0,1.41134524416e+11,21560344576.0,0.0,0.0,989593.600,7372.800,5423.400,1274.0,0.340,1.512,98.117,0.010,0.0,0.020,1493183380.821,
0.290,1.251,98.434,0.015,0.0,0.010,0.0,4915.200,77146.800,348934341.600,0.0,0.0,4334.800,1026.600,0.600,0.0,0.0,6067585024.0,2527232.0,1.41134667776e+11,21575413760.0,0.0,0.0,0.0,4915.200,4330.600,1026.800,0.290,1.251,98.434,0.015,0.0,0.010,1493183385.821,
0.366,1.558,98.062,0.0,0.0,0.015,0.0,7372.800,127813.0,440813070.400,0.0,0.0,5645.200,1370.200,1.0,0.0,0.400,6072598528.0,2535424.0,1.41134671872e+11,21570387968.0,0.0,0.0,0.0,7372.800,5652.0,1370.600,0.366,1.562,98.057,0.0,0.0,0.015,1493183390.821,
0.406,1.658,97.926,0.0,0.0,0.010,0.0,13107.200,159985.800,464409782.200,0.0,0.0,6081.800,1398.600,0.400,0.0,0.0,6064414720.0,2551808.0,1.41134671872e+11,21578555392.0,0.0,0.0,0.0,13107.200,6075.200,1398.200,0.406,1.653,97.931,0.0,0.0,0.010,1493183395.821,
0.611,2.319,97.050,0.0,0.0,0.020,0.0,0.0,284107.0,675001457.200,0.0,0.0,8415.200,1813.400,1.200,0.0,0.0,6067462144.0,2551808.0,1.41134671872e+11,21575507968.0,0.0,0.0,0.0,0.0,8417.0,1813.800,0.611,2.319,97.050,0.0,0.0,0.020,1493183400.821,
0.275,1.136,98.574,0.010,0.0,0.005,0.0,7372.800,119752.400,312241893.800,0.0,0.0,3966.400,938.200,0.800,0.200,0.0,6063951872.0,2568192.0,1.41134671872e+11,21579001856.0,0.0,0.0,0.0,7372.800,3970.200,938.200,0.280,1.141,98.564,0.010,0.0,0.005,1493183405.821,
0.541,1.993,97.422,0.005,0.0,0.040,1097728.0,3276.800,261650.400,574209776.800,0.0,0.0,7458.0,1619.600,0.400,0.0,0.0,6076448768.0,2576384.0,1.41134671872e+11,21566496768.0,0.0,0.0,1097728.0,3276.800,7455.400,1619.800,0.536,1.993,97.426,0.005,0.0,0.040,1493183410.821,
0.556,2.113,97.277,0.005,0.0,0.050,0.0,2457.600,295407.0,591000077.400,0.0,0.0,7961.600,1680.800,1.0,0.0,0.800,6066135040.0,2584576.0,1.41134680064e+11,21576794112.0,0.0,0.0,0.0,2457.600,7959.0,1681.400,0.561,2.107,97.277,0.005,0.0,0.050,1493183415.821,
0.732,2.611,96.623,0.015,0.0,0.020,915865.600,10649.600,446011.800,780479733.0,0.0,0.0,10257.800,2047.800,1.400,0.0,0.0,6072184832.0,2592768.0,1.41134516224e+11,21570899968.0,0.0,0.0,915865.600,10649.600,10261.600,2046.800,0.732,2.616,96.618,0.015,0.0,0.020,1493183420.821,
0.521,2.018,97.426,0.010,0.0,0.025,0.0,13107.200,260613.600,584146310.600,0.0,0.0,7409.800,1653.200,1.0,0.0,0.200,6082121728.0,2609152.0,1.41134675968e+11,21560786944.0,0.0,0.0,0.0,13107.200,7405.800,1653.0,0.521,2.013,97.431,0.010,0.0,0.025,1493183425.821,
0.446,1.727,97.782,0.010,0.0,0.035,0.0,2457.600,288434.0,522637737.600,0.0,0.0,6438.600,1588.800,0.800,0.0,0.0,6065721344.0,2617344.0,1.41134680064e+11,21577175040.0,0.0,0.0,0.0,2457.600,6443.400,1591.600,0.441,1.728,97.787,0.010,0.0,0.035,1493183430.821,
0.541,2.115,97.264,0.005,0.0,0.075,865894.400,5734.400,355771.800,609349130.600,0.0,0.0,8155.0,1750.400,0.600,0.0,0.0,6073647104.0,2625536.0,1.41134266368e+11,21569654784.0,0.0,0.0,865894.400,5734.400,8155.200,1748.200,0.546,2.115,97.259,0.005,0.0,0.075,1493183435.820,
0.426,1.612,97.937,0.005,0.0,0.020,0.0,6553.600,216800.0,450495669.800,0.0,0.0,6122.0,1323.0,1.200,0.200,0.400,6068641792.0,2641920.0,1.41134675968e+11,21574234112.0,0.0,0.0,0.0,6553.600,6120.600,1323.200,0.421,1.618,97.932,0.010,0.0,0.020,1493183440.821,
0.285,1.261,98.384,0.030,0.0,0.040,0.0,3276.800,172546.600,364765778.200,0.0,0.0,4510.200,1075.200,0.200,0.0,0.0,6067617792.0,2650112.0,1.4113468416e+11,21575241728.0,0.0,0.0,0.0,3276.800,4506.200,1074.400,0.285,1.256,98.394,0.025,0.0,0.040,1493183445.821,
0.315,1.291,98.383,0.0,0.0,0.010,0.0,0.0,157140.200,367925391.400,0.0,0.0,4736.400,1050.200,0.200,0.0,0.400,6062432256.0,2650112.0,1.41134688256e+11,21580423168.0,0.0,0.0,0.0,0.0,4742.0,1050.600,0.320,1.291,98.378,0.0,0.0,0.010,1493183450.820,
0.496,1.892,97.577,0.020,0.0,0.015,857702.400,8192.0,246024.0,525423657.400,0.0,0.0,7032.0,1444.400,1.400,0.0,0.0,6058070016.0,2666496.0,1.41134688256e+11,21584769024.0,0.0,0.0,857702.400,8192.0,7027.0,1444.400,0.491,1.892,97.582,0.020,0.0,0.015,1493183455.821,
0.511,1.963,97.461,0.010,0.0,0.055,0.0,10649.600,254820.600,542835221.600,0.0,0.0,7364.400,1558.400,1.200,0.0,0.0,6061150208.0,2674688.0,1.41134688256e+11,21581680640.0,0.0,0.0,0.0,10649.600,7370.200,1559.0,0.516,1.963,97.457,0.010,0.0,0.055,1493183460.821,
0.145,0.580,99.245,0.010,0.0,0.020,0.0,9830.400,87002.400,185055555.0,0.0,0.0,2419.800,573.200,0.200,0.0,0.400,5904400384.0,2691072.0,1.41134688256e+11,21738414080.0,0.0,0.0,0.0,9830.400,2413.200,571.800,0.140,0.580,99.250,0.010,0.0,0.020,1493183465.821,
