"Dstat 0.7.2 CSV output"
"Author:","Dag Wieers <dag@wieers.com>",,,,"URL:","http://dag.wieers.com/home-made/dstat/"
"Host:","osd0.skyhook-1osds.skyhook-pg0.wisc.cloudlab.us",,,,"User:","jlefevre"
"Cmdline:","dstat -av --epoch --integer --noheaders --output 1osd.dstat-osd0.log 5",,,,"Date:","25 Apr 2017 15:29:30 CDT"

"total cpu usage",,,,,,"dsk/total",,"net/total",,"paging",,"system",,"procs",,,"memory usage",,,,"paging",,"dsk/total",,"system",,"total cpu usage",,,,,,"epoch"
"usr","sys","idl","wai","hiq","siq","read","writ","recv","send","in","out","int","csw","run","blk","new","used","buff","cach","free","in","out","read","writ","int","csw","usr","sys","idl","wai","hiq","siq","epoch"
0.005,0.015,99.980,0.0,0.0,0.0,0.0,7372.800,1630.0,39720.200,0.0,0.0,131.600,151.600,0.0,0.0,0.400,5925629952.0,1777664.0,1.40187795456e+11,22664990720.0,0.0,0.0,0.0,7372.800,131.400,151.200,0.005,0.020,99.975,0.0,0.0,0.0,1493185170.821,
3.075,2.048,93.178,1.648,0.0,0.050,197106073.600,2457.600,157920.200,344493442.400,0.0,0.0,7210.0,3931.0,2.200,0.600,0.400,6107504640.0,1777664.0,1.41135187968e+11,21535723520.0,0.0,0.0,197106073.600,2457.600,7215.600,3933.400,3.080,2.048,93.174,1.648,0.0,0.050,1493185175.821,
3.529,2.058,94.368,0.010,0.0,0.035,0.0,6553.600,132584.800,413648283.600,0.0,0.0,5939.0,1239.600,2.200,0.0,0.0,6112714752.0,1785856.0,1.41135187968e+11,21530505216.0,0.0,0.0,0.0,6553.600,5935.0,1237.600,3.529,2.057,94.369,0.010,0.0,0.035,1493185180.821,
3.825,2.323,93.792,0.010,0.0,0.050,0.0,7372.800,187714.400,456274526.600,0.0,0.0,6746.600,1338.600,2.200,0.0,0.0,6114353152.0,1802240.0,1.41135192064e+11,21528846336.0,0.0,0.0,0.0,7372.800,6749.0,1338.400,3.821,2.319,93.799,0.010,0.0,0.050,1493185185.820,
6.460,3.759,89.701,0.015,0.0,0.065,3494707.200,10649.600,582778.0,804448673.600,0.0,0.0,11755.200,2220.0,3.800,0.0,0.0,6125084672.0,1810432.0,1.4113517568e+11,21518123008.0,0.0,0.0,3494707.200,10649.600,11751.0,2220.200,6.464,3.758,89.698,0.015,0.0,0.065,1493185190.821,
3.676,2.068,94.231,0.0,0.0,0.025,0.0,7372.800,207434.0,455493700.400,0.0,0.0,6252.200,1362.0,2.400,0.0,0.400,6106300416.0,1826816.0,1.4113517568e+11,21536890880.0,0.0,0.0,0.0,7372.800,6255.800,1361.800,3.676,2.074,94.225,0.0,0.0,0.025,1493185195.821,
4.443,2.629,92.883,0.0,0.0,0.045,0.0,0.0,236935.200,553508880.0,0.0,0.0,8030.200,1507.400,2.200,0.0,0.0,6098190336.0,1826816.0,1.4113517568e+11,21545000960.0,0.0,0.0,0.0,0.0,8029.800,1507.600,4.442,2.624,92.889,0.0,0.0,0.045,1493185200.821,
2.902,1.791,95.222,0.0,0.0,0.085,0.0,2457.600,79241.0,338035067.400,0.0,0.0,4990.600,1018.400,2.200,0.0,0.0,6101409792.0,1835008.0,1.4113517568e+11,21541773312.0,0.0,0.0,0.0,2457.600,4992.600,1020.400,2.897,1.796,95.222,0.0,0.0,0.085,1493185205.821,
3.895,2.388,93.627,0.010,0.0,0.080,0.0,4915.200,205231.600,459872113.400,0.0,0.0,6910.200,1331.400,1.800,0.0,0.400,6118064128.0,1843200.0,1.41135179776e+11,21525106688.0,0.0,0.0,0.0,4915.200,6907.0,1329.800,3.904,2.388,93.618,0.010,0.0,0.080,1493185210.820,
4.573,2.755,92.641,0.005,0.0,0.025,0.0,13107.200,239661.400,532341574.800,0.0,0.0,8064.800,1539.600,3.0,0.0,0.0,6094290944.0,1859584.0,1.4114357248e+11,21540470784.0,0.0,0.0,0.0,13107.200,8069.200,1541.200,4.569,2.755,92.646,0.005,0.0,0.025,1493185215.821,
4.902,2.974,92.004,0.015,0.0,0.105,0.0,13107.200,306331.200,573971242.400,0.0,0.0,8786.600,1595.200,3.200,0.0,0.400,6117605376.0,1875968.0,1.4114357248e+11,21517139968.0,0.0,0.0,0.0,13107.200,8784.200,1593.400,4.897,2.974,92.008,0.015,0.0,0.105,1493185220.821,
6.349,3.788,89.778,0.010,0.0,0.075,0.0,4915.200,501293.400,777455763.200,0.0,0.0,11324.400,2023.0,3.800,0.0,0.400,6103433216.0,1884160.0,1.4114357248e+11,21531303936.0,0.0,0.0,0.0,4915.200,11328.200,2024.0,6.353,3.788,89.775,0.010,0.0,0.075,1493185225.821,
6.200,3.363,90.381,0.005,0.0,0.050,0.0,2457.600,474192.200,729550238.0,0.0,0.0,10284.200,1979.800,3.800,0.0,0.0,6116069376.0,1892352.0,1.41143576576e+11,21518655488.0,0.0,0.0,0.0,2457.600,10283.400,1979.800,6.205,3.363,90.376,0.005,0.0,0.050,1493185230.820,
4.780,2.723,92.367,0.020,0.0,0.110,0.0,4915.200,301077.400,561392566.600,0.0,0.0,8446.800,1606.200,3.200,0.0,0.0,6116032512.0,1900544.0,1.41143576576e+11,21518684160.0,0.0,0.0,0.0,4915.200,8441.200,1605.400,4.775,2.718,92.377,0.020,0.0,0.110,1493185235.821,
4.283,2.560,93.107,0.010,0.0,0.040,0.0,7372.800,289395.0,502771413.200,0.0,0.0,7845.600,1496.200,2.800,0.0,0.0,6101934080.0,1916928.0,1.41143580672e+11,21532762112.0,0.0,0.0,0.0,7372.800,7850.0,1496.800,4.283,2.565,93.102,0.010,0.0,0.040,1493185240.820,
5.786,3.158,90.920,0.005,0.0,0.130,0.0,12288.0,385712.600,674651971.800,0.0,0.0,9260.600,1849.0,3.800,0.0,0.400,6116646912.0,1925120.0,1.41143580672e+11,21518041088.0,0.0,0.0,0.0,12288.0,9262.200,1850.0,5.791,3.163,90.911,0.005,0.0,0.130,1493185245.820,
4.025,2.318,93.568,0.020,0.0,0.070,0.0,12288.0,220718.600,473126093.400,0.0,0.0,6938.400,1432.0,2.0,0.0,0.400,6106902528.0,1941504.0,1.41143584768e+11,21527764992.0,0.0,0.0,0.0,12288.0,6932.200,1430.400,4.020,2.308,93.582,0.020,0.0,0.070,1493185250.821,
2.486,1.606,95.817,0.020,0.0,0.070,0.0,7372.800,108863.400,295809198.200,0.0,0.0,4625.200,924.0,1.800,0.0,0.0,6101348352.0,1957888.0,1.41143584768e+11,21533302784.0,0.0,0.0,0.0,7372.800,4624.600,923.600,2.481,1.611,95.817,0.020,0.0,0.070,1493185255.821,
3.535,2.183,94.227,0.0,0.0,0.055,0.0,5734.400,188289.0,414980833.600,0.0,0.0,6296.200,1214.600,2.200,0.0,0.0,6120210432.0,1966080.0,1.41143580672e+11,21514436608.0,0.0,0.0,0.0,5734.400,6297.0,1215.0,3.545,2.178,94.222,0.0,0.0,0.055,1493185260.821,
4.030,2.483,93.422,0.010,0.0,0.055,0.0,2457.600,204831.200,466183497.0,0.0,0.0,7105.600,1336.200,2.0,0.0,0.0,6111756288.0,1974272.0,1.41143584768e+11,21522878464.0,0.0,0.0,0.0,2457.600,7105.600,1336.600,4.020,2.488,93.427,0.010,0.0,0.055,1493185265.821,
3.605,2.238,94.107,0.010,0.0,0.040,0.0,6553.600,168705.0,419689466.200,0.0,0.0,6387.400,1252.0,2.200,0.0,0.400,6113443840.0,1982464.0,1.41143584768e+11,21521182720.0,0.0,0.0,0.0,6553.600,6387.0,1251.800,3.615,2.233,94.102,0.010,0.0,0.040,1493185270.821,
3.391,2.209,94.366,0.020,0.0,0.015,0.0,7372.800,149666.400,396914275.0,0.0,0.0,6088.800,1186.800,2.600,0.0,0.0,6105677824.0,1998848.0,1.41143584768e+11,21528932352.0,0.0,0.0,0.0,7372.800,6094.400,1186.400,3.385,2.209,94.371,0.020,0.0,0.015,1493185275.821,
3.714,2.217,93.969,0.010,0.0,0.090,59801.600,0.0,184339.0,432122368.600,0.0,0.0,6705.200,1266.400,2.800,0.0,0.200,6100164608.0,2281472.0,1.4114361344e+11,21534134272.0,0.0,0.0,59801.600,0.0,6699.800,1266.600,3.714,2.218,93.968,0.010,0.0,0.090,1493185280.821,
3.343,2.112,94.340,0.110,0.0,0.095,346521.600,78643.200,184036.400,379459048.800,0.0,0.0,6138.800,1207.400,1.800,0.200,2.400,6120595456.0,2740224.0,1.41144956928e+11,21511901184.0,0.0,0.0,346521.600,78643.200,6139.0,1207.400,3.343,2.112,94.340,0.110,0.0,0.095,1493185285.821,
2.949,1.712,95.289,0.020,0.0,0.030,44236.800,17203.200,158864.800,341335690.800,0.0,0.0,5339.800,1100.200,1.600,0.200,0.600,6113595392.0,2756608.0,1.41145186304e+11,21518655488.0,0.0,0.0,44236.800,17203.200,5344.0,1100.600,2.949,1.712,95.289,0.020,0.0,0.030,1493185290.821,
2.633,1.577,95.750,0.0,0.0,0.040,0.0,1638.400,132757.400,301965067.200,0.0,0.0,4755.0,1062.600,2.200,0.0,1.400,6119194624.0,2756608.0,1.41145198592e+11,21513043968.0,0.0,0.0,0.0,1638.400,4756.400,1062.800,2.628,1.582,95.749,0.0,0.0,0.040,1493185295.821,
3.094,1.842,95.019,0.010,0.0,0.035,0.0,12288.0,169910.0,359018394.200,0.0,0.0,5662.400,1126.600,2.200,0.0,0.200,6111477760.0,2772992.0,1.41145198592e+11,21520744448.0,0.0,0.0,0.0,12288.0,5661.800,1126.400,3.098,1.837,95.020,0.010,0.0,0.035,1493185300.821,
6.077,3.637,90.121,0.065,0.0,0.100,11681792.0,18022.400,373724.400,744589799.0,0.0,9830.400,11427.800,2199.200,3.800,0.0,0.800,6107455488.0,2781184.0,1.4114516992e+11,21524787200.0,0.0,9830.400,11681792.0,18022.400,11425.800,2199.0,6.077,3.637,90.120,0.065,0.0,0.100,1493185305.821,
2.763,1.642,95.491,0.020,0.0,0.085,1138688.0,10649.600,115777.800,319527949.0,0.0,0.0,5030.200,1089.600,1.400,0.0,0.400,6098022400.0,2797568.0,1.41145182208e+11,21534191616.0,0.0,0.0,1138688.0,10649.600,5028.400,1089.400,2.763,1.642,95.491,0.020,0.0,0.085,1493185310.821,
5.951,3.458,90.416,0.050,0.0,0.125,11771084.800,31948.800,471278.0,720624756.400,0.0,23756.800,10742.200,2149.0,4.200,0.0,0.0,6105059328.0,2805760.0,1.41145178112e+11,21527150592.0,0.0,23756.800,11771084.800,31948.800,10747.400,2149.600,5.951,3.463,90.410,0.050,0.0,0.125,1493185315.821,
6.455,3.843,89.522,0.010,0.0,0.170,0.0,23756.800,360249.200,792456411.0,0.0,0.0,11582.200,2061.800,4.200,0.200,0.800,6107176960.0,2822144.0,1.41145182208e+11,21525012480.0,0.0,0.0,0.0,23756.800,11582.200,2062.200,6.459,3.842,89.518,0.010,0.0,0.170,1493185320.821,
6.852,4.182,88.781,0.025,0.0,0.160,1607270.400,13107.200,481863.200,836902069.800,0.0,0.0,12461.400,2167.200,4.800,0.0,0.600,6110285824.0,2838528.0,1.41145186304e+11,21521883136.0,0.0,0.0,1607270.400,13107.200,12461.200,2166.600,6.852,4.182,88.781,0.025,0.0,0.160,1493185325.821,
7.171,4.296,88.438,0.0,0.0,0.095,0.0,8192.0,494960.800,892991327.0,0.0,0.0,13147.400,2296.200,5.200,0.0,0.400,6110642176.0,2846720.0,1.41145182208e+11,21521522688.0,0.0,0.0,0.0,8192.0,13147.200,2296.400,7.171,4.297,88.436,0.0,0.0,0.095,1493185330.821,
7.256,3.976,88.714,0.005,0.0,0.050,0.0,2457.600,444337.200,892099184.800,0.0,0.0,12498.600,2383.200,4.400,0.0,0.400,6107467776.0,2854912.0,1.41145186304e+11,21524684800.0,0.0,0.0,0.0,2457.600,12495.400,2382.800,7.251,3.971,88.723,0.005,0.0,0.050,1493185335.821,
6.440,3.833,89.622,0.0,0.0,0.105,0.0,4915.200,473369.800,817532009.200,0.0,0.0,11113.0,2183.0,3.800,0.0,0.0,6101786624.0,2863104.0,1.411451904e+11,21530353664.0,0.0,0.0,0.0,4915.200,11113.800,2184.600,6.444,3.832,89.619,0.0,0.0,0.105,1493185340.821,
7.648,4.157,88.095,0.005,0.0,0.095,0.0,11468.800,647825.0,972627652.400,0.0,0.0,14544.0,2528.600,4.600,0.0,0.800,6114709504.0,2879488.0,1.41145194496e+11,21517410304.0,0.0,0.0,0.0,11468.800,14546.400,2529.200,7.643,4.157,88.099,0.005,0.0,0.095,1493185345.821,
7.196,4.114,88.629,0.0,0.0,0.060,0.0,10649.600,578384.600,873477949.400,0.0,0.0,12957.400,2216.800,4.200,0.0,0.400,6085324800.0,2887680.0,1.41145198592e+11,21546782720.0,0.0,0.0,0.0,10649.600,12959.200,2214.400,7.196,4.119,88.624,0.0,0.0,0.060,1493185350.821,
5.812,3.599,90.469,0.020,0.0,0.100,0.0,13107.200,380449.600,707809966.400,0.0,0.0,10812.400,1931.200,3.600,0.0,0.400,6108733440.0,2904064.0,1.41145198592e+11,21523357696.0,0.0,0.0,0.0,13107.200,10804.400,1930.800,5.811,3.594,90.475,0.020,0.0,0.100,1493185355.821,
5.902,3.552,90.460,0.010,0.0,0.075,0.0,7372.800,433932.800,712449142.800,0.0,0.0,12107.200,1918.400,3.800,0.0,0.0,6113312768.0,2920448.0,1.41145198592e+11,21518761984.0,0.0,0.0,0.0,7372.800,12113.200,1919.600,5.907,3.557,90.451,0.010,0.0,0.075,1493185360.821,
6.121,3.318,90.495,0.005,0.0,0.060,0.0,11468.800,320329.600,740416695.600,0.0,0.0,9897.800,2046.200,3.800,0.0,0.400,6119931904.0,2928640.0,1.41145202688e+11,21512130560.0,0.0,0.0,0.0,11468.800,9891.800,2045.800,6.117,3.314,90.505,0.005,0.0,0.060,1493185365.821,
5.129,2.935,91.851,0.010,0.0,0.075,0.0,7372.800,295730.600,619542501.600,0.0,0.0,8524.800,1749.200,3.0,0.0,0.400,6113787904.0,2945024.0,1.41145202688e+11,21518258176.0,0.0,0.0,0.0,7372.800,8530.600,1749.200,5.129,2.945,91.841,0.010,0.0,0.075,1493185370.821,
5.282,2.694,91.994,0.0,0.0,0.030,0.0,0.0,330942.600,672293369.600,0.0,0.0,9143.0,1904.800,2.600,0.0,0.400,6113284096.0,2945024.0,1.41145206784e+11,21518757888.0,0.0,0.0,0.0,0.0,9137.400,1904.400,5.278,2.694,91.998,0.0,0.0,0.030,1493185375.821,
5.041,2.693,92.201,0.005,0.0,0.060,0.0,7372.800,200250.200,627788007.0,0.0,0.0,8386.600,1800.0,3.200,0.0,0.400,6114050048.0,2961408.0,1.4114521088e+11,21517971456.0,0.0,0.0,0.0,7372.800,8386.200,1800.0,5.046,2.683,92.206,0.005,0.0,0.060,1493185380.821,
4.862,2.824,92.249,0.005,0.0,0.060,0.0,8192.0,258374.600,574318317.400,0.0,0.0,8622.400,1691.400,3.800,0.0,0.0,6107840512.0,2969600.0,1.4114521088e+11,21524172800.0,0.0,0.0,0.0,8192.0,8627.800,1691.400,4.862,2.829,92.244,0.005,0.0,0.060,1493185385.821,
5.758,3.543,90.648,0.020,0.0,0.030,0.0,9011.200,338038.800,692371495.600,0.0,0.0,10537.400,1980.600,3.0,0.0,0.800,6112497664.0,2985984.0,1.41145223168e+11,21519486976.0,0.0,0.0,0.0,9011.200,10538.0,1981.0,5.759,3.538,90.653,0.020,0.0,0.030,1493185390.821,
7.356,4.071,88.488,0.020,0.0,0.065,0.0,15564.800,466398.0,913745635.400,0.0,0.0,12605.200,2415.600,4.600,0.0,0.400,6111289344.0,3002368.0,1.41145223168e+11,21520678912.0,0.0,0.0,0.0,15564.800,12604.800,2415.800,7.361,4.076,88.478,0.020,0.0,0.065,1493185395.821,
6.725,3.838,89.301,0.005,0.0,0.130,0.0,5734.400,401653.400,822703807.800,0.0,0.0,11515.400,2177.600,4.0,0.0,0.400,6107250688.0,3010560.0,1.41145219072e+11,21524713472.0,0.0,0.0,0.0,5734.400,11510.0,2177.0,6.724,3.832,89.308,0.005,0.0,0.130,1493185400.821,
4.272,2.671,92.867,0.045,0.0,0.145,5020876.800,328499.200,285229.200,508192405.800,0.0,321126.400,7890.400,1572.200,2.800,0.0,0.0,6084104192.0,3026944.0,1.41143805952e+11,21549256704.0,0.0,321126.400,5020876.800,328499.200,7896.0,1572.800,4.268,2.677,92.866,0.045,0.0,0.145,1493185405.821,
4.823,2.735,92.392,0.0,0.0,0.050,0.0,0.0,330651.800,580228360.600,0.0,0.0,8194.200,1671.400,3.400,0.0,0.400,6091616256.0,3026944.0,1.41145223168e+11,21540327424.0,0.0,0.0,0.0,0.0,8194.200,1670.800,4.822,2.734,92.393,0.0,0.0,0.050,1493185410.821,
5.010,3.078,91.708,0.050,0.0,0.155,9044787.200,10649.600,384403.600,612752557.0,0.0,0.0,9451.400,1834.200,3.200,0.0,0.400,6087069696.0,3043328.0,1.41140353024e+11,21549727744.0,0.0,0.0,9044787.200,10649.600,9449.400,1834.200,5.015,3.078,91.703,0.050,0.0,0.155,1493185415.821,
2.812,1.671,95.451,0.010,0.0,0.055,1676902.400,10649.600,185749.600,372874743.600,0.0,0.0,5553.200,1069.400,1.400,0.0,0.800,5923987456.0,3051520.0,1.4114523136e+11,21707923456.0,0.0,0.0,1676902.400,10649.600,5548.800,1069.0,2.803,1.667,95.465,0.010,0.0,0.055,1493185420.821,
