"Dstat 0.7.2 CSV output"
"Author:","Dag Wieers <dag@wieers.com>",,,,"URL:","http://dag.wieers.com/home-made/dstat/"
"Host:","osd0.skyhook-1osds.skyhook-pg0.wisc.cloudlab.us",,,,"User:","jlefevre"
"Cmdline:","dstat -av --epoch --integer --noheaders --output 1osd.dstat-osd0.log 5",,,,"Date:","25 Apr 2017 15:29:30 CDT"

"total cpu usage",,,,,,"dsk/total",,"net/total",,"paging",,"system",,"procs",,,"memory usage",,,,"paging",,"dsk/total",,"system",,"total cpu usage",,,,,,"epoch"
"usr","sys","idl","wai","hiq","siq","read","writ","recv","send","in","out","int","csw","run","blk","new","used","buff","cach","free","in","out","read","writ","int","csw","usr","sys","idl","wai","hiq","siq","epoch"
0.010,0.015,99.975,0.0,0.0,0.0,0.0,11468.800,2122.400,39742.600,0.0,0.0,141.200,155.800,0.0,0.0,0.400,5870247936.0,1822720.0,1.36458293248e+11,26449829888.0,0.0,0.0,0.0,11468.800,141.200,156.0,0.010,0.015,99.975,0.0,0.0,0.0,1493159380.821,
0.371,1.273,94.928,3.388,0.0,0.040,318445158.400,0.0,99994.200,316805664.400,0.0,0.0,6585.800,5612.800,0.800,1.800,0.0,6000369664.0,1822720.0,1.3799190528e+11,24786096128.0,0.0,0.0,318654873.600,0.0,6592.800,5617.0,0.371,1.278,94.924,3.388,0.0,0.040,1493159385.821,
0.395,1.427,95.965,2.168,0.0,0.045,330955980.800,7372.800,98117.400,350402490.200,0.0,0.0,6895.0,5857.200,0.600,1.0,0.400,6022324224.0,1839104.0,1.39646746624e+11,23109283840.0,0.0,0.0,330903552.0,7372.800,6889.200,5854.800,0.395,1.427,95.965,2.168,0.0,0.045,1493159390.821,
0.316,1.282,96.975,1.402,0.0,0.025,299720704.0,8192.0,93924.400,327300392.0,0.0,0.0,6347.400,5289.400,0.800,0.200,0.400,6030426112.0,1847296.0,1.4114527232e+11,21602648064.0,0.0,0.0,299563417.600,8192.0,6346.200,5287.400,0.316,1.277,96.980,1.402,0.0,0.025,1493159395.821,
0.330,1.462,98.188,0.005,0.0,0.015,0.0,7372.800,168858.200,427627176.400,0.0,0.0,5322.200,1301.600,0.600,0.0,0.400,6034128896.0,1863680.0,1.41145542656e+11,21598658560.0,0.0,0.0,0.0,7372.800,5322.200,1301.600,0.330,1.462,98.188,0.005,0.0,0.015,1493159400.821,
0.260,1.121,98.609,0.0,0.0,0.010,0.0,4915.200,71586.0,312599488.200,0.0,0.0,3903.0,1027.400,0.0,0.0,0.400,6033018880.0,1871872.0,1.41145546752e+11,21599756288.0,0.0,0.0,0.0,4915.200,3904.200,1027.200,0.265,1.121,98.604,0.0,0.0,0.010,1493159405.821,
0.350,1.316,98.303,0.005,0.0,0.025,0.0,13926.400,107200.600,385291336.200,0.0,0.0,4823.600,1198.0,0.600,0.0,0.0,6045724672.0,1888256.0,1.41145546752e+11,21587034112.0,0.0,0.0,0.0,13926.400,4822.800,1199.400,0.345,1.317,98.308,0.005,0.0,0.025,1493159410.821,
0.426,1.568,97.976,0.0,0.0,0.030,0.0,4096.0,168177.600,470153008.800,0.0,0.0,5805.400,1428.800,1.200,0.0,0.400,6038581248.0,1888256.0,1.41145550848e+11,21594173440.0,0.0,0.0,0.0,4096.0,5811.400,1428.400,0.431,1.568,97.972,0.0,0.0,0.030,1493159415.821,
0.456,1.702,97.792,0.010,0.0,0.040,0.0,7372.800,161632.800,512818810.600,0.0,0.0,6201.0,1556.0,0.600,0.0,0.0,6033924096.0,1904640.0,1.41145550848e+11,21598814208.0,0.0,0.0,0.0,7372.800,6195.600,1556.600,0.456,1.703,97.792,0.010,0.0,0.040,1493159420.821,
0.461,1.677,97.837,0.0,0.0,0.025,0.0,4915.200,217594.200,486302683.200,0.0,0.0,6123.800,1469.400,0.600,0.0,0.400,6036037632.0,1912832.0,1.41145550848e+11,21596692480.0,0.0,0.0,0.0,4915.200,6122.800,1468.0,0.456,1.677,97.842,0.0,0.0,0.025,1493159425.821,
0.441,1.627,97.892,0.010,0.0,0.030,0.0,9011.200,226343.200,461296203.200,0.0,0.0,6363.600,1439.400,0.600,0.0,0.600,6042599424.0,1929216.0,1.41145554944e+11,21590110208.0,0.0,0.0,0.0,9011.200,6367.0,1440.0,0.441,1.633,97.887,0.010,0.0,0.030,1493159430.821,
0.431,1.637,97.887,0.010,0.0,0.035,0.0,8192.0,215683.600,461893270.400,0.0,0.0,6170.200,1353.600,0.400,0.0,0.0,6036156416.0,1937408.0,1.41145554944e+11,21596545024.0,0.0,0.0,0.0,8192.0,6166.600,1352.600,0.430,1.632,97.893,0.010,0.0,0.035,1493159435.821,
0.320,1.266,98.373,0.010,0.0,0.030,0.0,4915.200,127226.200,361113604.0,0.0,0.0,4921.400,1112.400,1.200,0.0,0.0,6039642112.0,1945600.0,1.41145550848e+11,21593055232.0,0.0,0.0,0.0,4915.200,4927.0,1113.200,0.320,1.267,98.373,0.010,0.0,0.030,1493159440.821,
0.390,1.562,98.023,0.005,0.0,0.020,2892595.200,3276.800,159663.0,435797319.0,0.0,0.0,5881.0,1349.0,0.400,0.0,0.0,6042845184.0,1953792.0,1.41145526272e+11,21589868544.0,0.0,0.0,2892595.200,3276.800,5879.400,1349.200,0.395,1.567,98.013,0.005,0.0,0.020,1493159445.821,
0.591,2.427,96.847,0.060,0.0,0.075,8261632.0,9830.400,250452.400,729124462.600,0.0,0.0,8918.200,2152.600,0.800,0.200,0.0,6038114304.0,1961984.0,1.41145264128e+11,21594853376.0,0.0,0.0,8261632.0,9830.400,8920.200,2152.400,0.585,2.422,96.857,0.060,0.0,0.075,1493159450.821,
0.471,1.828,97.652,0.0,0.0,0.050,0.0,0.0,203534.400,623142829.400,0.0,0.0,7504.0,1785.400,1.400,0.0,0.0,6035763200.0,1961984.0,1.41145526272e+11,21596942336.0,0.0,0.0,0.0,0.0,7503.200,1785.200,0.471,1.828,97.651,0.0,0.0,0.050,1493159455.821,
0.671,2.449,96.805,0.010,0.0,0.065,0.0,2457.600,291978.600,766740693.200,0.0,0.0,9850.0,2072.400,1.400,0.0,0.0,6029238272.0,1970176.0,1.41145526272e+11,21603459072.0,0.0,0.0,0.0,2457.600,9847.0,2072.400,0.671,2.454,96.799,0.010,0.0,0.065,1493159460.821,
0.812,3.031,96.078,0.050,0.0,0.030,4685824.0,819.200,311816.200,892912379.200,0.0,0.0,11867.200,2295.600,1.200,0.0,0.400,6029639680.0,1970176.0,1.41145530368e+11,21603053568.0,0.0,0.0,4685824.0,819.200,11869.200,2295.400,0.817,3.031,96.072,0.050,0.0,0.030,1493159465.821,
0.456,1.808,97.666,0.035,0.0,0.035,4377804.800,7372.800,197618.400,523131863.600,0.0,0.0,7077.0,1521.600,1.0,0.0,0.0,6030352384.0,1986560.0,1.41145526272e+11,21602328576.0,0.0,0.0,4377804.800,7372.800,7073.600,1521.600,0.451,1.803,97.676,0.035,0.0,0.035,1493159470.821,
0.441,1.743,97.782,0.010,0.0,0.025,0.0,4915.200,219680.600,487692847.800,0.0,0.0,6590.800,1341.0,0.600,0.0,0.0,6035521536.0,1994752.0,1.41145526272e+11,21597151232.0,0.0,0.0,0.0,4915.200,6593.800,1341.0,0.441,1.748,97.776,0.010,0.0,0.025,1493159475.820,
0.731,2.649,96.530,0.005,0.0,0.085,0.0,2457.600,369466.600,771221256.0,0.0,0.0,10385.600,2037.800,1.200,0.0,0.0,6031069184.0,2002944.0,1.41145526272e+11,21601595392.0,0.0,0.0,0.0,2457.600,10383.400,2039.400,0.736,2.644,96.530,0.005,0.0,0.085,1493159480.821,
0.776,2.984,96.179,0.0,0.0,0.060,0.0,0.0,473915.200,936950551.400,0.0,0.0,11359.200,2504.0,1.0,0.0,0.0,6024183808.0,2002944.0,1.41145526272e+11,21608480768.0,0.0,0.0,0.0,0.0,11363.600,2502.600,0.771,2.985,96.184,0.0,0.0,0.060,1493159485.821,
0.741,2.579,96.570,0.005,0.0,0.105,0.0,3276.800,350259.200,820558560.0,0.0,0.0,9897.200,2231.400,1.400,0.0,0.0,6026874880.0,2011136.0,1.41145526272e+11,21605781504.0,0.0,0.0,0.0,3276.800,9891.0,2230.800,0.741,2.579,96.569,0.005,0.0,0.105,1493159490.821,
0.761,2.760,96.418,0.0,0.0,0.060,0.0,0.0,297722.600,820874553.0,0.0,0.0,10485.0,2140.600,1.0,0.0,0.0,6030270464.0,2011136.0,1.41145530368e+11,21602381824.0,0.0,0.0,0.0,0.0,10490.400,2141.600,0.761,2.765,96.414,0.0,0.0,0.060,1493159495.821,
0.787,3.142,96.027,0.010,0.0,0.035,0.0,4915.200,314266.800,870993329.800,0.0,0.0,12592.200,2268.0,1.800,0.0,0.400,6029160448.0,2019328.0,1.41145534464e+11,21603479552.0,0.0,0.0,0.0,4915.200,12593.0,2268.0,0.787,3.137,96.032,0.010,0.0,0.035,1493159500.821,
0.822,3.147,95.976,0.0,0.0,0.055,0.0,4915.200,495655.800,897375272.400,0.0,0.0,11753.0,2258.800,1.600,0.0,0.0,6029967360.0,2027520.0,1.41145534464e+11,21602664448.0,0.0,0.0,0.0,4915.200,11752.200,2260.600,0.827,3.148,95.970,0.0,0.0,0.055,1493159505.821,
0.856,3.075,95.954,0.015,0.0,0.100,1031372.800,4915.200,321008.600,927597424.400,0.0,0.0,11530.400,2453.0,2.0,0.0,0.200,6019457024.0,2035712.0,1.41145088e+11,21613613056.0,0.0,0.0,1031372.800,4915.200,11530.800,2451.0,0.856,3.079,95.950,0.015,0.0,0.100,1493159510.821,
0.741,2.794,96.410,0.015,0.0,0.040,1952153.600,9830.400,281511.800,818022868.600,0.0,0.0,11200.400,2148.0,1.400,0.0,0.200,6023757824.0,2043904.0,1.41145432064e+11,21608960000.0,0.0,0.0,1952153.600,9830.400,11200.600,2150.600,0.736,2.794,96.415,0.015,0.0,0.040,1493159515.821,
0.551,2.103,97.286,0.020,0.0,0.040,0.0,5734.400,222880.200,639979460.400,0.0,0.0,7780.200,1721.600,0.800,0.200,0.200,6029926400.0,2060288.0,1.41145432064e+11,21602775040.0,0.0,0.0,0.0,5734.400,7774.600,1718.600,0.551,2.098,97.291,0.020,0.0,0.040,1493159520.821,
0.225,0.951,98.794,0.010,0.0,0.020,22118.400,0.0,67316.0,267069998.400,0.0,0.0,3353.800,812.0,0.400,0.0,0.200,6046736384.0,2060288.0,1.41145542656e+11,21585854464.0,0.0,0.0,22118.400,0.0,3354.0,812.400,0.225,0.951,98.794,0.010,0.0,0.020,1493159525.821,
0.370,1.452,98.153,0.015,0.0,0.010,0.0,9830.400,118899.800,397823005.0,0.0,0.0,5238.0,1200.0,1.200,0.200,0.600,6037524480.0,2076672.0,1.41145546752e+11,21595045888.0,0.0,0.0,0.0,9830.400,5243.800,1200.200,0.370,1.457,98.148,0.015,0.0,0.010,1493159530.820,
0.786,2.959,96.160,0.005,0.0,0.090,0.0,12288.0,373435.600,844924410.400,0.0,0.0,11209.0,2224.600,2.0,0.200,0.0,6033252352.0,2084864.0,1.41145546752e+11,21599309824.0,0.0,0.0,0.0,12288.0,11208.800,2224.600,0.786,2.964,96.155,0.005,0.0,0.090,1493159535.821,
0.827,3.073,95.995,0.010,0.0,0.095,0.0,2457.600,456964.400,878536959.200,0.0,0.0,12230.0,2221.600,1.600,0.0,0.0,6035337216.0,2093056.0,1.41145542656e+11,21597220864.0,0.0,0.0,0.0,2457.600,12226.200,2221.400,0.832,3.062,96.000,0.010,0.0,0.095,1493159540.821,
0.782,2.891,96.222,0.010,0.0,0.095,0.0,4915.200,423422.600,826007160.200,0.0,0.0,11109.200,2146.200,2.200,0.0,0.0,6033567744.0,2101248.0,1.41145542656e+11,21598982144.0,0.0,0.0,0.0,4915.200,11113.200,2146.800,0.782,2.892,96.221,0.010,0.0,0.095,1493159545.821,
0.756,2.755,96.453,0.005,0.0,0.030,0.0,2457.600,384934.800,801930833.600,0.0,0.0,10697.400,2081.400,1.200,0.0,0.0,6034350080.0,2109440.0,1.41145542656e+11,21598191616.0,0.0,0.0,0.0,2457.600,10691.800,2080.400,0.752,2.761,96.453,0.005,0.0,0.030,1493159550.821,
0.571,2.153,97.231,0.0,0.0,0.045,0.0,0.0,290599.600,597144074.600,0.0,0.0,7844.800,1669.0,1.0,0.0,0.0,6047223808.0,2109440.0,1.41145542656e+11,21585317888.0,0.0,0.0,0.0,0.0,7851.200,1670.400,0.571,2.148,97.237,0.0,0.0,0.045,1493159555.821,
0.727,2.806,96.417,0.010,0.0,0.040,0.0,2457.600,413420.400,813582502.0,0.0,0.0,10816.0,2114.0,1.400,0.0,0.0,6043250688.0,2117632.0,1.41145542656e+11,21589282816.0,0.0,0.0,0.0,2457.600,10816.400,2113.400,0.732,2.806,96.412,0.010,0.0,0.040,1493159560.821,
0.641,2.477,96.832,0.0,0.0,0.050,0.0,0.0,311382.0,671133660.800,0.0,0.0,9449.600,1779.800,1.400,0.0,0.400,6037622784.0,2117632.0,1.41145546752e+11,21594906624.0,0.0,0.0,0.0,0.0,9442.400,1779.0,0.641,2.477,96.832,0.0,0.0,0.050,1493159565.821,
0.370,1.497,98.088,0.010,0.0,0.035,0.0,12288.0,144490.800,406994912.600,0.0,0.0,5352.800,1189.400,0.600,0.0,0.0,6035595264.0,2134016.0,1.41145546752e+11,21596917760.0,0.0,0.0,0.0,12288.0,5352.400,1189.0,0.370,1.497,98.088,0.010,0.0,0.035,1493159570.820,
0.410,1.582,97.993,0.005,0.0,0.010,0.0,2457.600,168060.800,442878706.600,0.0,0.0,5883.800,1202.800,1.0,0.0,0.0,6037000192.0,2142208.0,1.41145550848e+11,21595500544.0,0.0,0.0,0.0,2457.600,5889.800,1203.600,0.410,1.581,97.993,0.005,0.0,0.010,1493159575.821,
0.376,1.482,98.117,0.005,0.0,0.020,0.0,7372.800,175736.800,422250613.200,0.0,0.0,5633.800,1156.400,1.200,0.0,0.0,6051102720.0,2150400.0,1.41145550848e+11,21581389824.0,0.0,0.0,0.0,7372.800,5629.0,1157.600,0.371,1.483,98.122,0.005,0.0,0.020,1493159580.821,
0.416,1.737,97.812,0.010,0.0,0.025,0.0,2457.600,183452.800,485471359.800,0.0,0.0,6467.600,1273.600,1.200,0.0,0.0,6036508672.0,2158592.0,1.41145550848e+11,21595975680.0,0.0,0.0,0.0,2457.600,6472.0,1274.800,0.421,1.737,97.807,0.010,0.0,0.025,1493159585.821,
0.330,1.416,98.233,0.0,0.0,0.020,0.0,0.0,120215.400,358803092.800,0.0,0.0,5264.0,1052.600,0.200,0.0,0.0,6050025472.0,2158592.0,1.41145550848e+11,21582458880.0,0.0,0.0,0.0,0.0,5259.0,1050.200,0.330,1.416,98.233,0.0,0.0,0.020,1493159590.821,
0.265,1.051,98.619,0.005,0.0,0.060,0.0,2457.600,69747.400,288027025.800,0.0,0.0,3855.0,873.600,0.600,0.0,0.0,6045216768.0,2166784.0,1.41145550848e+11,21587259392.0,0.0,0.0,0.0,2457.600,3855.800,874.200,0.265,1.051,98.619,0.005,0.0,0.060,1493159595.821,
0.501,1.943,97.507,0.0,0.0,0.050,0.0,0.0,251017.400,557004891.400,0.0,0.0,7131.200,1518.200,1.400,0.0,0.400,6044168192.0,2166784.0,1.41145554944e+11,21588303872.0,0.0,0.0,0.0,0.0,7137.600,1518.600,0.501,1.942,97.507,0.0,0.0,0.050,1493159600.821,
0.510,1.971,97.468,0.005,0.0,0.045,0.0,4096.0,241111.400,578247663.200,0.0,0.0,7316.0,1573.400,0.600,0.0,0.0,6050287616.0,2174976.0,1.41145554944e+11,21582176256.0,0.0,0.0,0.0,4096.0,7314.200,1572.0,0.505,1.972,97.473,0.005,0.0,0.045,1493159605.821,
0.401,1.502,98.077,0.010,0.0,0.010,0.0,10649.600,166542.0,421433583.200,0.0,0.0,5657.200,1203.400,1.0,0.0,0.0,6033739776.0,2191360.0,1.41145550848e+11,21598711808.0,0.0,0.0,0.0,10649.600,5656.0,1207.200,0.401,1.507,98.072,0.010,0.0,0.010,1493159610.821,
0.596,2.214,97.100,0.010,0.0,0.080,0.0,4915.200,306142.800,623025078.200,0.0,0.0,8340.600,1745.800,1.600,0.0,0.0,6048763904.0,2199552.0,1.41145542656e+11,21583687680.0,0.0,0.0,0.0,4915.200,8339.200,1742.800,0.596,2.209,97.105,0.010,0.0,0.080,1493159615.821,
0.275,1.116,98.593,0.010,0.0,0.005,0.0,2457.600,98183.400,314087415.600,0.0,0.0,4239.400,938.0,0.600,0.0,0.0,6037139456.0,2207744.0,1.41145550848e+11,21595295744.0,0.0,0.0,0.0,2457.600,4236.200,936.800,0.275,1.116,98.594,0.010,0.0,0.005,1493159620.821,
0.596,2.275,97.114,0.0,0.0,0.015,0.0,0.0,333098.800,666828160.600,0.0,0.0,8964.800,1778.400,1.400,0.0,0.400,6036512768.0,2207744.0,1.41145554944e+11,21595918336.0,0.0,0.0,0.0,0.0,8971.600,1778.800,0.601,2.275,97.108,0.0,0.0,0.015,1493159625.821,
0.606,2.322,96.992,0.015,0.0,0.065,0.0,7372.800,283486.200,706267600.600,0.0,0.0,8703.400,1942.200,0.800,0.0,0.400,6041874432.0,2224128.0,1.41145554944e+11,21590540288.0,0.0,0.0,0.0,7372.800,8701.800,1943.0,0.601,2.327,96.992,0.015,0.0,0.065,1493159630.821,
0.235,0.901,98.849,0.0,0.0,0.015,0.0,7372.800,113877.400,283534010.200,0.0,0.0,3606.200,807.600,0.400,0.0,0.400,5874962432.0,2232320.0,1.41145554944e+11,21757444096.0,0.0,0.0,0.0,7372.800,3601.200,806.800,0.235,0.896,98.854,0.0,0.0,0.015,1493159635.821,
