"Dstat 0.7.2 CSV output"
"Author:","Dag Wieers <dag@wieers.com>",,,,"URL:","http://dag.wieers.com/home-made/dstat/"
"Host:","osd0.skyhook-1osds.skyhook-pg0.wisc.cloudlab.us",,,,"User:","jlefevre"
"Cmdline:","dstat -av --epoch --integer --noheaders --output 1osd.dstat-osd0.log 5",,,,"Date:","25 Apr 2017 15:29:30 CDT"

"total cpu usage",,,,,,"dsk/total",,"net/total",,"paging",,"system",,"procs",,,"memory usage",,,,"paging",,"dsk/total",,"system",,"total cpu usage",,,,,,"epoch"
"usr","sys","idl","wai","hiq","siq","read","writ","recv","send","in","out","int","csw","run","blk","new","used","buff","cach","free","in","out","read","writ","int","csw","usr","sys","idl","wai","hiq","siq","epoch"
0.125,1.951,97.694,0.220,0.0,0.010,394854.400,32768.0,3165.400,40977.800,0.0,0.0,801.200,882.400,1.200,0.0,9.200,5720682496.0,1359872.0,75644346368.0,87413805056.0,0.0,0.0,394854.400,32768.0,801.600,882.400,0.125,1.951,97.694,0.220,0.0,0.010,1493171680.821,
0.125,2.132,96.938,0.806,0.0,0.0,30709350.400,26214.400,9485.400,3985622.600,0.0,0.0,1193.800,1423.200,1.0,0.600,4.600,5696933888.0,1429504.0,267190272.0,1.62814640128e+11,0.0,0.0,30919065.600,26214.400,1198.400,1426.0,0.125,2.127,96.933,0.816,0.0,0.0,1493171685.821,
0.791,1.638,95.678,1.848,0.0,0.045,327109017.600,8192.0,97826.800,338187083.400,0.0,0.0,7314.600,5960.400,0.800,0.600,0.400,5718765568.0,1437696.0,1900703744.0,1.61159286784e+11,0.0,0.0,327056588.800,8192.0,7311.200,5959.800,0.796,1.643,95.678,1.838,0.0,0.045,1493171690.821,
0.721,1.452,95.839,1.953,0.0,0.035,301684326.400,2457.600,120012.600,320413001.200,0.0,0.0,6789.800,5385.200,0.200,1.800,0.0,5695836160.0,1445888.0,3409747968.0,1.59673163776e+11,0.0,0.0,301658112.0,2457.600,6794.0,5384.0,0.716,1.447,95.843,1.958,0.0,0.035,1493171695.821,
1.032,2.150,91.206,5.577,0.0,0.035,429125632.0,4915.200,150554.600,445959735.200,0.0,0.0,9634.400,7508.600,1.600,3.0,0.0,5726978048.0,1454080.0,5555896320.0,1.57495865344e+11,0.0,0.0,429256704.0,4915.200,9630.600,7511.200,1.032,2.149,91.209,5.575,0.0,0.035,1493171700.821,
0.872,1.793,94.660,2.640,0.0,0.035,362246144.0,7372.800,119314.200,376553959.800,0.0,0.0,8067.0,6421.400,0.800,1.400,0.400,5718085632.0,1470464.0,7367168000.0,1.55693469696e+11,0.0,0.0,362167500.800,7372.800,8070.600,6420.400,0.877,1.794,94.653,2.641,0.0,0.035,1493171705.821,
1.027,2.194,90.356,6.383,0.0,0.040,438646374.400,0.0,152376.200,464901556.800,0.0,0.0,9827.0,7781.200,1.400,4.400,0.0,5704777728.0,1470464.0,9560383488.0,1.53513562112e+11,0.0,0.0,438698803.200,0.0,9824.0,7781.800,1.027,2.194,90.357,6.382,0.0,0.040,1493171710.821,
0.727,1.483,95.935,1.794,0.0,0.060,314627686.400,16384.0,108009.200,321720151.600,0.0,0.0,6720.800,5617.0,1.0,0.600,0.400,5732392960.0,1486848.0,11131691008.0,1.51914622976e+11,0.0,0.0,314549043.200,16384.0,6725.0,5618.800,0.722,1.483,95.945,1.789,0.0,0.060,1493171715.821,
0.676,1.312,96.303,1.658,0.0,0.050,282050560.0,6553.600,82103.800,296592336.800,0.0,0.0,5988.0,5037.0,0.600,0.800,0.0,5735391232.0,1495040.0,12541837312.0,1.50501470208e+11,0.0,0.0,281893273.600,6553.600,5981.200,5032.0,0.676,1.312,96.303,1.658,0.0,0.050,1493171720.821,
0.486,0.911,97.622,0.951,0.0,0.030,190835097.600,7372.800,48364.0,197472080.800,0.0,0.0,4175.800,3458.0,0.800,0.400,0.400,5733072896.0,1511424.0,13497270272.0,1.495483392e+11,0.0,0.0,191044812.800,7372.800,4183.0,3461.0,0.486,0.911,97.622,0.951,0.0,0.030,1493171725.821,
0.420,0.976,97.703,0.881,0.0,0.020,181471641.600,4096.0,53250.800,189380134.200,0.0,0.0,4030.400,3261.400,0.400,0.800,0.0,5735387136.0,1519616.0,14404550656.0,1.48638736384e+11,0.0,0.0,181261926.400,4096.0,4027.0,3258.400,0.420,0.976,97.703,0.881,0.0,0.020,1493171730.821,
0.531,1.076,97.287,1.091,0.0,0.015,213189427.200,3276.800,49379.0,223774672.200,0.0,0.0,4723.800,3777.0,1.0,0.400,0.0,5726859264.0,1527808.0,15471628288.0,1.47580178432e+11,0.0,0.0,213399142.400,3276.800,4724.800,3779.600,0.531,1.081,97.282,1.091,0.0,0.015,1493171735.821,
0.450,1.031,97.648,0.851,0.0,0.020,187322368.0,6553.600,46303.200,196162294.600,0.0,0.0,4255.200,3334.200,0.400,0.200,0.0,5739474944.0,1536000.0,16407171072.0,1.46632011776e+11,0.0,0.0,187112652.800,6553.600,4250.200,3331.200,0.455,1.026,97.648,0.851,0.0,0.020,1493171740.821,
0.566,1.307,96.921,1.187,0.0,0.020,241614848.0,7372.800,59491.800,259367286.600,0.0,0.0,5577.0,4308.400,1.400,1.0,0.400,5711429632.0,1552384.0,17616392192.0,1.45450819584e+11,0.0,0.0,241850777.600,7372.800,5584.200,4312.200,0.566,1.307,96.911,1.197,0.0,0.020,1493171745.821,
0.691,1.467,95.798,2.018,0.0,0.025,273499750.400,9011.200,88969.0,281190576.800,0.0,0.0,6149.200,4904.0,0.800,1.400,0.400,5751504896.0,1560576.0,18982494208.0,1.44044634112e+11,0.0,0.0,273473536.0,9011.200,6143.800,4903.200,0.691,1.467,95.803,2.013,0.0,0.025,1493171750.821,
0.761,1.603,96.147,1.458,0.0,0.030,304902963.200,4915.200,93791.800,317017240.200,0.0,0.0,7073.600,5414.400,0.800,0.400,0.0,5751652352.0,1568768.0,20507320320.0,1.42519652352e+11,0.0,0.0,304876748.800,4915.200,7073.400,5414.200,0.757,1.603,96.152,1.458,0.0,0.030,1493171755.821,
0.726,1.563,95.787,1.883,0.0,0.040,306124390.400,8192.0,107166.800,320847139.0,0.0,0.0,6863.400,5508.200,1.0,1.400,0.0,5745299456.0,1576960.0,22038577152.0,1.40994740224e+11,0.0,0.0,306124390.400,8192.0,6864.0,5508.800,0.726,1.563,95.787,1.883,0.0,0.040,1493171760.820,
0.802,1.494,95.545,2.120,0.0,0.040,312604262.400,13107.200,103333.800,327427473.400,0.0,0.0,6940.800,5542.600,1.200,1.0,0.400,5741182976.0,1593344.0,23602860032.0,1.3943455744e+11,0.0,0.0,312578048.0,13107.200,6945.800,5542.800,0.802,1.499,95.545,2.115,0.0,0.040,1493171765.821,
0.501,1.076,97.342,1.061,0.0,0.020,212665139.200,4915.200,56571.200,220989296.800,0.0,0.0,4700.0,3813.800,0.200,1.0,0.0,5755338752.0,1601536.0,24662814720.0,1.38360438784e+11,0.0,0.0,212691353.600,4915.200,4694.600,3813.200,0.501,1.071,97.347,1.061,0.0,0.020,1493171770.821,
0.636,1.317,96.976,1.041,0.0,0.030,252545433.600,2457.600,97227.800,265107657.400,0.0,0.0,5641.0,4539.400,0.400,0.800,0.0,5760999424.0,1609728.0,25926705152.0,1.37090879488e+11,0.0,0.0,252571648.0,2457.600,5641.400,4539.600,0.636,1.317,96.971,1.046,0.0,0.030,1493171775.821,
0.716,1.587,96.476,1.186,0.0,0.035,288441139.200,3276.800,100681.800,300822108.800,0.0,0.0,6531.800,5201.600,1.200,0.600,0.400,5775319040.0,1617920.0,27369574400.0,1.35633682432e+11,0.0,0.0,288414924.800,3276.800,6531.400,5201.0,0.721,1.587,96.471,1.186,0.0,0.035,1493171780.821,
0.882,1.829,95.541,1.698,0.0,0.050,347000832.0,8192.0,116888.200,362870669.200,0.0,0.0,7884.800,6244.200,1.600,0.600,0.800,5770977280.0,1634304.0,29104824320.0,1.33902757888e+11,0.0,0.0,347027046.400,8192.0,7889.600,6244.800,0.882,1.833,95.537,1.698,0.0,0.050,1493171785.821,
0.927,1.859,95.041,2.129,0.0,0.045,359263436.800,13926.400,122231.200,382018913.0,0.0,0.0,8027.400,6410.200,0.600,1.800,0.0,5744324608.0,1642496.0,30900826112.0,1.32133400576e+11,0.0,0.0,359315865.600,13926.400,8022.800,6410.800,0.927,1.854,95.046,2.129,0.0,0.045,1493171790.821,
0.982,2.149,90.789,6.015,0.0,0.065,409007718.400,13926.400,132330.200,436117641.200,0.0,0.0,9126.200,7327.200,1.600,4.800,0.600,5736644608.0,1658880.0,32946200576.0,1.30095689728e+11,0.0,0.0,408981504.0,13926.400,9128.200,7328.600,0.977,2.154,90.783,6.021,0.0,0.065,1493171795.821,
0.836,1.673,94.176,3.280,0.0,0.035,313867468.800,6553.600,96471.200,312248940.200,0.0,0.0,6955.200,5613.400,0.800,2.0,0.400,5787353088.0,1667072.0,34514124800.0,1.28477048832e+11,0.0,0.0,313631539.200,6553.600,6957.600,5608.600,0.841,1.668,94.186,3.270,0.0,0.035,1493171800.821,
0.476,1.117,97.631,0.756,0.0,0.020,205896908.800,2457.600,76309.0,215656060.600,0.0,0.0,4672.600,3722.0,0.200,0.600,0.400,5792284672.0,1675264.0,35543498752.0,1.27442735104e+11,0.0,0.0,205896908.800,2457.600,4672.0,3722.0,0.476,1.117,97.631,0.756,0.0,0.020,1493171805.821,
0.536,1.271,97.362,0.816,0.0,0.015,231281459.200,7372.800,68764.200,241644030.800,0.0,0.0,5239.400,4172.600,0.600,0.800,0.0,5793112064.0,1683456.0,36699959296.0,1.26285438976e+11,0.0,0.0,231281459.200,7372.800,5234.400,4173.400,0.531,1.277,97.362,0.816,0.0,0.015,1493171810.821,
0.621,1.258,97.259,0.832,0.0,0.030,248204492.800,7372.800,81555.800,259295877.200,0.0,0.0,5565.600,4503.0,0.800,0.200,0.800,5796564992.0,1699840.0,37940506624.0,1.25041422336e+11,0.0,0.0,248204492.800,7372.800,5565.0,4502.200,0.621,1.253,97.264,0.832,0.0,0.030,1493171815.821,
0.661,1.463,96.753,1.087,0.0,0.035,277641625.600,11468.800,98219.600,290704543.200,0.0,0.0,6235.800,5027.600,0.800,0.200,0.800,5800562688.0,1708032.0,39328923648.0,1.23648999424e+11,0.0,0.0,277825126.400,11468.800,6239.0,5029.200,0.661,1.468,96.748,1.087,0.0,0.035,1493171820.821,
0.626,1.248,97.203,0.882,0.0,0.040,257767833.600,13926.400,81172.800,271079531.200,0.0,0.0,5823.600,4639.0,0.600,1.0,0.200,5796966400.0,1724416.0,40618283008.0,1.22363219968e+11,0.0,0.0,257767833.600,13926.400,5822.600,4641.0,0.632,1.248,97.198,0.882,0.0,0.040,1493171825.821,
0.646,1.488,96.634,1.182,0.0,0.050,289804288.0,4915.200,107319.0,301185308.600,0.0,0.0,6588.200,5322.200,1.0,0.400,0.400,5815869440.0,1732608.0,42066829312.0,1.20895762432e+11,0.0,0.0,289804288.0,4915.200,6587.200,5320.600,0.641,1.483,96.639,1.187,0.0,0.050,1493171830.821,
0.566,1.183,97.279,0.942,0.0,0.030,239585689.600,10649.600,87606.400,250156283.400,0.0,0.0,5491.0,4381.400,1.0,0.200,0.0,5820104704.0,1740800.0,43265601536.0,1.19692746752e+11,0.0,0.0,239585689.600,10649.600,5491.800,4381.400,0.566,1.182,97.279,0.942,0.0,0.030,1493171835.821,
0.606,1.333,96.813,1.223,0.0,0.025,282102988.800,7372.800,161244.400,294553177.800,0.0,0.0,6427.0,5143.200,1.0,0.800,0.800,5819293696.0,1757184.0,44675063808.0,1.18284079104e+11,0.0,0.0,282102988.800,7372.800,6426.800,5143.600,0.606,1.333,96.812,1.223,0.0,0.025,1493171840.821,
0.742,1.573,95.054,2.586,0.0,0.045,340594688.0,8192.0,174021.200,373864336.800,0.0,0.0,7872.800,6133.800,0.400,2.800,0.400,5732446208.0,1765376.0,46379999232.0,1.16665982976e+11,0.0,0.0,340647116.800,8192.0,7878.0,6134.600,0.742,1.578,95.044,2.591,0.0,0.045,1493171845.821,
0.836,1.718,94.611,2.755,0.0,0.080,369003724.800,11468.800,149124.400,369828865.400,0.0,0.0,8268.400,6616.600,1.0,2.0,0.400,5814145024.0,1781760.0,48223916032.0,1.14740350976e+11,0.0,0.0,368951296.0,11468.800,8263.0,6615.400,0.842,1.713,94.614,2.750,0.0,0.080,1493171850.821,
0.933,1.940,94.340,2.737,0.0,0.050,382671257.600,4915.200,156385.800,402528641.400,0.0,0.0,9080.0,6751.0,1.0,2.200,0.0,5796163584.0,1789952.0,50137546752.0,1.12844693504e+11,0.0,0.0,382671257.600,4915.200,9082.600,6751.800,0.932,1.940,94.341,2.737,0.0,0.050,1493171855.821,
0.963,1.930,94.264,2.778,0.0,0.065,371095961.600,16384.0,149551.0,389273116.600,0.0,0.0,8601.200,6578.400,0.800,2.0,1.0,5800013824.0,1806336.0,51993772032.0,1.109846016e+11,0.0,0.0,371137740.800,16384.0,8598.600,6578.0,0.963,1.936,94.259,2.778,0.0,0.065,1493171860.821,
0.962,2.060,93.394,3.549,0.0,0.035,383499468.800,8192.0,180196.400,400927278.800,0.0,0.0,8995.400,6793.400,1.600,2.400,0.200,5815058432.0,1814528.0,53910429696.0,1.09052891136e+11,0.0,0.0,383536332.800,8192.0,8998.400,6794.0,0.962,2.060,93.394,3.548,0.0,0.035,1493171865.821,
1.053,2.176,92.210,4.527,0.0,0.035,411809382.400,3276.800,185799.400,427500749.200,0.0,0.0,9314.400,7317.800,1.0,3.400,0.400,5823053824.0,1822720.0,55968735232.0,1.06986582016e+11,0.0,0.0,411730739.200,3276.800,9314.0,7317.600,1.048,2.171,92.220,4.527,0.0,0.035,1493171870.821,
0.686,1.483,96.864,0.942,0.0,0.025,276383334.400,4915.200,127283.0,288428502.400,0.0,0.0,6004.800,4989.0,1.0,0.600,0.400,5828177920.0,1830912.0,57352142848.0,1.05598042112e+11,0.0,0.0,276514406.400,4915.200,6009.400,4989.200,0.686,1.492,96.861,0.936,0.0,0.025,1493171875.821,
0.667,1.534,96.883,0.872,0.0,0.045,285080780.800,10649.600,131597.400,297659450.200,0.0,0.0,6295.800,5176.600,0.800,0.200,0.800,5841723392.0,1847296.0,58777968640.0,1.04158654464e+11,0.0,0.0,285054566.400,10649.600,6289.200,5177.600,0.667,1.525,96.891,0.873,0.0,0.045,1493171880.821,
0.606,1.203,97.499,0.672,0.0,0.020,237577830.400,5734.400,62556.200,247041665.200,0.0,0.0,5370.400,4297.400,0.800,0.200,0.400,5848379392.0,1855488.0,59966205952.0,1.0296375296e+11,0.0,0.0,237446758.400,5734.400,5373.600,4295.400,0.606,1.203,97.494,0.677,0.0,0.020,1493171885.821,
0.596,1.163,97.515,0.707,0.0,0.020,229498880.0,7372.800,55785.0,240582359.800,0.0,0.0,5132.200,4111.600,0.600,0.600,0.0,5857447936.0,1871872.0,61110976512.0,1.01809897472e+11,0.0,0.0,229341593.600,7372.800,5127.400,4110.400,0.601,1.162,97.515,0.701,0.0,0.020,1493171890.821,
0.586,1.322,97.341,0.731,0.0,0.020,240461414.400,19660.800,58564.0,252305149.0,0.0,0.0,5493.800,4315.400,0.800,0.400,0.400,5848817664.0,1888256.0,62314926080.0,1.00614561792e+11,0.0,0.0,240671129.600,19660.800,5495.0,4317.0,0.581,1.322,97.345,0.731,0.0,0.020,1493171895.821,
0.601,1.352,97.016,0.991,0.0,0.040,247486054.400,4915.200,75452.200,259032940.200,0.0,0.0,5588.200,4417.800,0.800,0.200,0.400,5846495232.0,1896448.0,63552274432.0,99379527680.0,0.0,0.0,247276339.200,4915.200,5587.600,4415.400,0.601,1.352,97.016,0.991,0.0,0.040,1493171900.821,
0.466,1.222,97.406,0.881,0.0,0.025,220078080.0,9830.400,67428.400,229699290.400,0.0,0.0,4902.600,3964.400,0.600,0.600,0.400,5850112000.0,1912832.0,64653426688.0,98274742272.0,0.0,0.0,220261580.800,9830.400,4906.200,3967.200,0.466,1.222,97.406,0.881,0.0,0.025,1493171905.821,
0.476,1.252,97.487,0.766,0.0,0.020,221519872.0,10649.600,65562.0,231297781.200,0.0,0.0,4911.0,4004.800,1.0,0.200,0.0,5848731648.0,1921024.0,65760518144.0,97169022976.0,0.0,0.0,221519872.0,10649.600,4908.200,4005.400,0.476,1.257,97.477,0.771,0.0,0.020,1493171910.821,
0.711,1.483,96.754,1.027,0.0,0.025,271554969.600,10649.600,82810.400,284019242.200,0.0,0.0,6095.400,4915.800,0.800,0.800,0.800,5851983872.0,1937408.0,67118829568.0,95807442944.0,0.0,0.0,271554969.600,10649.600,6094.200,4915.0,0.711,1.483,96.759,1.022,0.0,0.025,1493171915.820,
0.671,1.597,96.676,1.026,0.0,0.030,277526118.400,9011.200,104164.200,290960308.400,0.0,0.0,6302.0,5040.600,1.200,0.200,0.800,5865701376.0,1945600.0,68504489984.0,94408056832.0,0.0,0.0,277473689.600,9011.200,6302.800,5040.800,0.671,1.592,96.686,1.021,0.0,0.030,1493171920.821,
0.631,1.408,97.139,0.797,0.0,0.025,263303168.0,2457.600,113104.800,274328778.600,0.0,0.0,6048.400,4732.800,0.600,0.600,0.0,5869764608.0,1953792.0,69823148032.0,93085327360.0,0.0,0.0,263434240.0,3276.800,6049.200,4733.600,0.636,1.408,97.125,0.801,0.0,0.030,1493171925.821,
0.686,1.458,96.899,0.922,0.0,0.035,275937689.600,5734.400,104821.600,288666207.400,0.0,0.0,6273.400,4962.800,0.400,0.600,0.400,5868896256.0,1961984.0,71201898496.0,91707437056.0,0.0,0.0,275937689.600,4915.200,6272.800,4962.600,0.681,1.458,96.909,0.922,0.0,0.030,1493171930.821,
0.897,2.120,93.449,3.484,0.0,0.050,391401472.0,11468.800,176713.800,422984418.0,0.0,0.0,9103.400,6974.800,1.800,3.400,0.0,5804818432.0,1982464.0,73160142848.0,89813250048.0,0.0,0.0,391375257.600,11468.800,9104.600,6974.600,0.897,2.126,93.438,3.489,0.0,0.050,1493171935.821,
0.801,1.808,94.136,3.205,0.0,0.050,326292275.200,8192.0,133248.0,327401912.400,0.0,0.0,7332.800,5877.800,0.800,2.0,0.800,5871099904.0,1990656.0,74791047168.0,88116056064.0,0.0,0.0,326318489.600,8192.0,7331.800,5877.800,0.801,1.803,94.147,3.199,0.0,0.050,1493171940.821,
0.832,1.664,95.510,1.934,0.0,0.060,327508787.200,11468.800,142698.800,343541030.800,0.0,0.0,7611.400,5838.200,0.600,1.0,0.0,5891969024.0,2007040.0,76426346496.0,86459871232.0,0.0,0.0,327246643.200,11468.800,7610.0,5835.0,0.832,1.664,95.510,1.934,0.0,0.060,1493171945.821,
0.696,1.473,96.449,1.337,0.0,0.045,286312857.600,4915.200,117717.400,298087336.400,0.0,0.0,6448.0,5180.0,0.600,0.400,0.800,5893103616.0,2015232.0,77859045376.0,85026029568.0,0.0,0.0,286391500.800,4915.200,6452.800,5181.200,0.701,1.473,96.444,1.337,0.0,0.045,1493171950.821,
0.701,1.767,95.504,1.993,0.0,0.035,313842073.600,10649.600,129883.200,337419425.600,0.0,0.0,7288.400,5664.800,1.600,1.200,0.400,5840158720.0,2031616.0,79429664768.0,83508338688.0,0.0,0.0,314014924.800,10649.600,7285.0,5667.0,0.701,1.767,95.494,2.003,0.0,0.035,1493171955.821,
1.068,2.121,92.246,4.519,0.0,0.045,410016153.600,9830.400,166884.400,423194876.600,0.0,0.0,8856.800,7309.800,2.200,2.800,0.400,5879640064.0,2039808.0,81478672384.0,81419841536.0,0.0,0.0,409974374.400,9830.400,8862.600,7309.600,1.063,2.122,92.256,4.514,0.0,0.045,1493171960.821,
1.194,2.553,89.803,6.420,0.0,0.030,472136089.600,2457.600,165288.200,501522550.200,0.0,0.0,10441.200,8415.200,1.0,5.0,0.400,5838393344.0,1609728.0,83819610112.0,79120580608.0,0.0,0.0,472083660.800,2457.600,10438.200,8414.200,1.194,2.554,89.800,6.422,0.0,0.030,1493171965.821,
0.863,1.826,94.859,2.393,0.0,0.060,339540377.600,13926.400,121567.800,344105112.200,0.0,0.0,7493.600,6084.800,1.200,1.0,0.0,5907419136.0,1617920.0,85227937792.0,77643218944.0,0.0,0.0,339619020.800,13926.400,7491.200,6085.200,0.862,1.830,94.861,2.387,0.0,0.060,1493171970.821,
0.491,1.296,97.457,0.721,0.0,0.035,218347929.600,7372.800,68752.800,227878708.400,0.0,0.0,4919.0,3970.0,1.200,0.200,0.600,5915557888.0,1634304.0,86184370176.0,76678631424.0,0.0,0.0,218295500.800,7372.800,4918.0,3970.200,0.491,1.291,97.462,0.721,0.0,0.035,1493171975.820,
0.661,1.358,97.064,0.877,0.0,0.040,255680512.0,4915.200,115965.200,265143612.0,0.0,0.0,5921.400,4607.800,0.800,0.200,0.800,5928230912.0,1642496.0,87343570944.0,75506749440.0,0.0,0.0,255512576.0,4915.200,5922.800,4605.200,0.666,1.363,97.054,0.877,0.0,0.040,1493171980.821,
0.852,1.844,95.816,1.418,0.0,0.070,334628454.400,13107.200,154776.200,353965775.0,0.0,0.0,7843.800,6017.400,1.400,0.800,0.400,5912080384.0,1658880.0,88746065920.0,74120388608.0,0.0,0.0,334822604.800,13107.200,7850.200,6020.600,0.847,1.844,95.821,1.418,0.0,0.070,1493171985.821,
0.727,1.489,96.522,1.223,0.0,0.040,278249472.0,5734.400,127236.800,289695115.200,0.0,0.0,6393.0,5042.200,0.400,0.800,0.400,5927051264.0,1667072.0,90021117952.0,72830357504.0,0.0,0.0,278249472.0,5734.400,6385.200,5041.400,0.732,1.484,96.521,1.223,0.0,0.040,1493171990.821,
0.666,1.637,96.570,1.091,0.0,0.035,281300992.0,12288.0,129270.400,294369264.800,0.0,0.0,6358.800,5054.800,0.600,1.0,0.0,5924536320.0,1683456.0,91253268480.0,71600705536.0,0.0,0.0,281327206.400,12288.0,6362.400,5055.400,0.661,1.637,96.575,1.092,0.0,0.035,1493171995.821,
0.942,1.910,95.604,1.489,0.0,0.055,350806835.200,9830.400,158007.800,366461087.0,0.0,0.0,8058.800,6311.600,0.800,1.400,0.400,5931012096.0,1699840.0,92599463936.0,70248017920.0,0.0,0.0,350833049.600,9830.400,8061.200,6311.800,0.942,1.914,95.600,1.488,0.0,0.055,1493172000.821,
1.022,2.140,93.680,3.102,0.0,0.055,382991564.800,5734.400,178903.800,416308135.600,0.0,0.0,8987.600,6824.200,1.200,2.600,0.0,5850267648.0,1708032.0,94185123840.0,68743094272.0,0.0,0.0,383017779.200,5734.400,8982.800,6824.0,1.023,2.135,93.675,3.113,0.0,0.055,1493172005.821,
0.897,1.988,92.983,4.102,0.0,0.030,338140364.800,8192.0,123792.0,336834348.400,0.0,0.0,7713.0,5978.0,0.600,2.0,0.0,5940068352.0,1716224.0,95466897408.0,67371511808.0,0.0,0.0,338009292.800,8192.0,7712.0,5977.600,0.897,1.993,92.983,4.097,0.0,0.030,1493172010.821,
0.726,1.718,95.707,1.818,0.0,0.030,298564812.800,6553.600,126030.200,314256727.0,0.0,0.0,7064.0,5369.0,1.400,0.800,0.400,5919473664.0,1724416.0,96784146432.0,66074849280.0,0.0,0.0,298564812.800,6553.600,7063.0,5368.200,0.727,1.714,95.715,1.814,0.0,0.030,1493172015.821,
0.781,1.728,95.898,1.548,0.0,0.045,307461324.800,10649.600,128259.200,322040229.800,0.0,0.0,7164.800,5581.400,1.0,0.800,0.400,5926215680.0,1740800.0,98148143104.0,64704094208.0,0.0,0.0,307513753.600,10649.600,7167.600,5582.200,0.781,1.733,95.894,1.547,0.0,0.045,1493172020.821,
0.616,1.492,96.786,1.066,0.0,0.040,260996300.800,3276.800,134670.200,270110897.0,0.0,0.0,6035.400,4714.200,0.600,0.400,0.0,5950857216.0,1740800.0,99314593792.0,63513001984.0,0.0,0.0,261048729.600,3276.800,6034.0,4714.600,0.621,1.487,96.786,1.066,0.0,0.040,1493172025.821,
0.651,1.564,96.056,1.684,0.0,0.045,282507673.600,8192.0,136894.400,302996234.400,0.0,0.0,6568.200,5064.400,1.600,1.0,0.0,5910474752.0,1757184.0,1.00551626752e+11,62316335104.0,0.0,0.0,282481459.200,8192.0,6573.0,5064.400,0.646,1.574,96.046,1.689,0.0,0.045,1493172030.821,
1.002,2.244,91.481,5.188,0.0,0.085,384616038.400,9011.200,165603.800,394420496.600,0.0,0.0,8674.0,6857.200,1.800,1.800,0.400,5954891776.0,1773568.0,1.02088364032e+11,60735164416.0,0.0,0.0,384380108.800,9011.200,8667.400,6854.0,1.007,2.233,91.492,5.183,0.0,0.085,1493172035.821,
0.737,1.508,96.423,1.288,0.0,0.045,280252416.0,7372.800,106959.600,292714561.800,0.0,0.0,6283.200,5013.800,0.800,0.600,0.0,5959446528.0,1781760.0,1.03198642176e+11,59620323328.0,0.0,0.0,280409702.400,7372.800,6284.200,5016.600,0.737,1.508,96.418,1.293,0.0,0.045,1493172040.821,
0.651,1.487,96.760,1.082,0.0,0.020,261138022.400,7372.800,73987.400,274233195.600,0.0,0.0,5935.0,4685.600,1.0,0.800,0.400,5944131584.0,1798144.0,1.04348434432e+11,58485829632.0,0.0,0.0,261190451.200,7372.800,5941.0,4685.600,0.646,1.492,96.760,1.082,0.0,0.020,1493172045.820,
0.827,1.954,95.505,1.659,0.0,0.055,342083174.400,10649.600,126357.200,357573282.0,0.0,0.0,7776.0,6122.400,1.800,0.200,0.0,5955174400.0,1806336.0,1.05707941888e+11,57115271168.0,0.0,0.0,342030745.600,10649.600,7771.400,6123.0,0.832,1.949,95.505,1.659,0.0,0.055,1493172050.821,
0.856,1.973,95.404,1.722,0.0,0.045,349690265.600,8192.0,157531.600,365874669.400,0.0,0.0,8103.800,6259.0,1.200,1.0,0.400,5945806848.0,1822720.0,1.07185836032e+11,55646728192.0,0.0,0.0,349795123.200,8192.0,8108.400,6259.600,0.856,1.973,95.409,1.717,0.0,0.045,1493172055.821,
0.781,1.763,95.847,1.543,0.0,0.065,326680576.0,0.0,122806.200,341284124.800,0.0,0.0,7371.800,5815.0,1.200,0.800,0.0,5969612800.0,1822720.0,1.08470300672e+11,54338457600.0,0.0,0.0,326601932.800,0.0,7371.600,5813.600,0.776,1.768,95.847,1.543,0.0,0.065,1493172060.821,
0.901,1.953,95.183,1.888,0.0,0.075,358938214.400,14745.600,145080.400,375615263.0,0.0,0.0,8192.200,6368.800,1.0,1.600,0.0,5970620416.0,1839104.0,1.09895499776e+11,52912234496.0,0.0,0.0,358964428.800,14745.600,8186.800,6368.600,0.906,1.948,95.183,1.888,0.0,0.075,1493172065.821,
0.651,1.466,96.632,1.201,0.0,0.050,261599232.0,8192.0,89524.0,273076195.200,0.0,0.0,6150.0,4714.0,1.200,0.400,0.400,5973209088.0,1855488.0,1.10990741504e+11,51814387712.0,0.0,0.0,261573017.600,8192.0,6150.0,4714.200,0.651,1.466,96.632,1.201,0.0,0.050,1493172070.821,
0.550,1.216,97.438,0.776,0.0,0.020,212376780.800,5734.400,62633.400,222384480.0,0.0,0.0,4770.200,3815.800,0.800,0.200,0.0,5972398080.0,1863680.0,1.11897157632e+11,50908774400.0,0.0,0.0,212402995.200,5734.400,4770.400,3815.200,0.550,1.216,97.438,0.776,0.0,0.020,1493172075.821,
0.611,1.327,97.116,0.906,0.0,0.040,244807270.400,7372.800,84977.600,256193224.600,0.0,0.0,5485.400,4428.400,0.800,0.600,0.400,5971210240.0,1880064.0,1.13043267584e+11,49763835904.0,0.0,0.0,244807270.400,7372.800,5489.400,4429.200,0.611,1.327,97.112,0.906,0.0,0.045,1493172080.821,
0.681,1.318,96.929,1.002,0.0,0.070,269468467.200,5734.400,101761.0,281592867.400,0.0,0.0,5914.400,4896.200,1.0,0.200,0.0,5968793600.0,1880064.0,1.14293026816e+11,48516493312.0,0.0,0.0,269442252.800,5734.400,5910.0,4896.200,0.676,1.318,96.939,1.002,0.0,0.065,1493172085.821,
0.651,1.476,96.737,1.091,0.0,0.045,266034380.800,11468.800,81183.400,277224519.0,0.0,0.0,5970.400,4823.600,0.800,1.0,0.400,5978988544.0,1896448.0,1.15447386112e+11,47351922688.0,0.0,0.0,265850880.0,11468.800,5969.400,4820.800,0.651,1.476,96.737,1.091,0.0,0.045,1493172090.821,
0.526,1.167,97.395,0.897,0.0,0.015,222819942.400,7372.800,58756.0,232931832.400,0.0,0.0,4949.200,3971.800,0.400,0.400,0.0,5984153600.0,1904640.0,1.16485173248e+11,46308962304.0,0.0,0.0,222819942.400,7372.800,4949.0,3971.800,0.531,1.167,97.390,0.897,0.0,0.015,1493172095.821,
0.426,0.916,98.007,0.636,0.0,0.015,173047808.0,6553.600,48447.600,185819170.0,0.0,0.0,3936.600,3085.400,1.0,0.200,0.0,5956575232.0,1925120.0,1.1727378432e+11,45547909120.0,0.0,0.0,173283737.600,6553.600,3941.800,3091.200,0.426,0.916,98.003,0.641,0.0,0.015,1493172100.821,
0.400,0.946,97.933,0.706,0.0,0.015,171054694.400,2457.600,45396.400,172798517.0,0.0,0.0,3741.200,3045.400,0.600,0.200,0.0,5989617664.0,1933312.0,1.18030782464e+11,44757860352.0,0.0,0.0,170818764.800,2457.600,3738.600,3039.600,0.400,0.946,97.938,0.701,0.0,0.015,1493172105.821,
0.520,1.251,97.168,1.021,0.0,0.040,215312793.600,4096.0,66823.600,228329732.0,0.0,0.0,4930.600,3899.400,1.0,0.600,0.400,5970100224.0,1941504.0,1.18990454784e+11,43817697280.0,0.0,0.0,215522508.800,4096.0,4929.0,3901.800,0.515,1.251,97.173,1.021,0.0,0.040,1493172110.821,
0.772,1.669,96.286,1.228,0.0,0.045,306480742.400,7372.800,104909.800,319064896.400,0.0,0.0,6817.400,5515.0,1.400,0.800,0.0,5984460800.0,1957888.0,1.20310878208e+11,42482896896.0,0.0,0.0,306480742.400,7372.800,6820.600,5515.800,0.772,1.674,96.282,1.228,0.0,0.045,1493172115.820,
0.800,1.871,96.008,1.225,0.0,0.095,320237568.0,8192.0,99511.400,335632125.400,0.0,0.0,7206.400,5790.400,0.800,1.200,0.400,5994926080.0,1966080.0,1.21698439168e+11,41084862464.0,0.0,0.0,320237568.0,8192.0,7203.400,5789.600,0.800,1.866,96.008,1.231,0.0,0.095,1493172120.821,
0.901,1.898,95.424,1.632,0.0,0.145,347892121.600,13926.400,115548.400,363999341.0,0.0,0.0,7840.600,6281.0,1.200,1.0,0.200,5993914368.0,1982464.0,1.23225255936e+11,39559041024.0,0.0,0.0,347892121.600,13926.400,7845.400,6281.0,0.906,1.903,95.414,1.632,0.0,0.145,1493172125.821,
0.851,1.863,95.133,2.053,0.0,0.100,342764748.800,4096.0,135902.400,359011188.800,0.0,0.0,7582.0,6159.200,1.0,1.400,0.400,5999378432.0,1990656.0,1.24704776192e+11,38074048512.0,0.0,0.0,342764748.800,4096.0,7577.400,6160.0,0.846,1.858,95.147,2.048,0.0,0.100,1493172130.821,
0.772,1.859,95.495,1.839,0.0,0.035,334932377.600,4915.200,116586.800,349324632.600,0.0,0.0,7112.200,5982.0,1.0,0.800,0.0,5993086976.0,1998848.0,1.2616415232e+11,36620955648.0,0.0,0.0,334932377.600,4915.200,7112.200,5981.400,0.772,1.859,95.491,1.844,0.0,0.035,1493172135.821,
0.877,2.124,94.644,2.300,0.0,0.055,361900441.600,8192.0,132445.600,382219530.800,0.0,0.0,8323.200,6455.400,1.800,1.0,0.0,5985767424.0,2015232.0,1.27683080192e+11,35109330944.0,0.0,0.0,361952870.400,8192.0,8329.0,6457.0,0.882,2.124,94.639,2.300,0.0,0.055,1493172140.820,
0.761,1.723,95.868,1.553,0.0,0.095,306428313.600,7372.800,119573.800,316810978.600,0.0,0.0,7041.0,5514.200,1.0,0.800,0.400,6010257408.0,2023424.0,1.29022271488e+11,33745641472.0,0.0,0.0,306375884.800,7372.800,7041.600,5512.800,0.761,1.728,95.863,1.552,0.0,0.095,1493172145.821,
0.711,1.593,96.399,1.252,0.0,0.045,283675852.800,5734.400,111393.200,294003460.800,0.0,0.0,6510.400,5104.200,1.200,0.600,0.400,6025519104.0,2039808.0,1.3034319872e+11,32409436160.0,0.0,0.0,283597209.600,5734.400,6503.200,5102.600,0.706,1.588,96.413,1.247,0.0,0.045,1493172150.821,
0.726,1.612,96.116,1.462,0.0,0.085,282931200.0,4915.200,101234.600,295317685.200,0.0,0.0,6664.600,5095.0,1.0,0.800,0.200,6037680128.0,2048000.0,1.31600592896e+11,31139872768.0,0.0,0.0,282800128.0,4915.200,6664.0,5093.800,0.731,1.612,96.111,1.461,0.0,0.085,1493172155.821,
0.641,1.558,96.753,1.007,0.0,0.040,271041331.200,13926.400,109684.200,290245125.600,0.0,0.0,6421.800,4928.600,1.0,1.200,0.0,5994086400.0,2064384.0,1.32839350272e+11,29944692736.0,0.0,0.0,271303475.200,13926.400,6424.200,4931.200,0.636,1.563,96.748,1.012,0.0,0.040,1493172160.821,
0.100,0.225,99.325,0.335,0.0,0.015,33573273.600,2457.600,33954.400,61534240.200,0.0,0.0,1206.0,757.600,0.0,0.0,0.400,5861511168.0,2064384.0,1.32989702144e+11,29926916096.0,0.0,0.0,33311129.600,2457.600,1203.200,754.600,0.100,0.220,99.335,0.330,0.0,0.015,1493172165.821,
