"Dstat 0.7.2 CSV output"
"Author:","Dag Wieers <dag@wieers.com>",,,,"URL:","http://dag.wieers.com/home-made/dstat/"
"Host:","client0.skyhook-1osds.skyhook-pg0.wisc.cloudlab.us",,,,"User:","jlefevre"
"Cmdline:","dstat -av --epoch --integer --noheaders --output 1osd.dstat-client0.log 5",,,,"Date:","25 Apr 2017 15:29:27 CDT"

"total cpu usage",,,,,,"dsk/total",,"net/total",,"paging",,"system",,"procs",,,"memory usage",,,,"paging",,"dsk/total",,"system",,"total cpu usage",,,,,,"epoch"
"usr","sys","idl","wai","hiq","siq","read","writ","recv","send","in","out","int","csw","run","blk","new","used","buff","cach","free","in","out","read","writ","int","csw","usr","sys","idl","wai","hiq","siq","epoch"
0.030,0.030,99.890,0.040,0.0,0.010,0.0,39321.600,41215.800,996.0,0.0,0.0,585.800,7165.800,0.0,0.0,0.0,5510225920.0,234835968.0,1.474154496e+11,15619682304.0,0.0,0.0,0.0,39321.600,585.0,7165.400,0.030,0.025,99.895,0.040,0.0,0.010,1493183062.149,
1.951,1.750,96.134,0.005,0.0,0.160,0.0,11468.800,233858420.0,83912.200,0.0,0.0,4475.400,9579.0,2.0,0.0,5.0,5656154112.0,232587264.0,1.47407040512e+11,15484411904.0,0.0,0.0,0.0,11468.800,4481.200,9583.200,1.955,1.750,96.129,0.005,0.0,0.160,1493183067.149,
2.969,2.011,94.799,0.055,0.0,0.166,0.0,72908.800,364013568.800,128857.0,0.0,0.0,5701.400,12012.0,2.200,0.0,0.400,5659512832.0,232595456.0,1.47407159296e+11,15480926208.0,0.0,0.0,0.0,72908.800,5695.800,12008.200,2.964,2.016,94.798,0.055,0.0,0.166,1493183072.149,
2.885,2.022,94.942,0.045,0.0,0.105,0.0,61440.0,334970401.800,125845.0,0.0,0.0,5372.0,11911.0,1.800,0.0,0.400,5656383488.0,232607744.0,1.4740729856e+11,15483904000.0,0.0,0.0,0.0,61440.0,5377.200,11911.0,2.890,2.022,94.933,0.045,0.0,0.110,1493183077.149,
2.450,2.108,95.286,0.005,0.0,0.151,0.0,62259.200,281901079.400,88154.400,0.0,0.0,5322.600,10026.400,2.0,0.0,0.0,5663457280.0,232607744.0,1.47407429632e+11,15476699136.0,0.0,0.0,0.0,62259.200,5319.0,10026.600,2.450,2.108,95.291,0.005,0.0,0.146,1493183082.149,
2.132,2.237,95.425,0.050,0.0,0.155,0.0,59801.600,243001556.0,58670.400,0.0,0.0,4144.0,8474.0,2.0,0.0,0.0,5659836416.0,232620032.0,1.47407540224e+11,15480197120.0,0.0,0.0,0.0,59801.600,4146.800,8477.200,2.132,2.232,95.430,0.050,0.0,0.156,1493183087.149,
2.778,2.066,94.966,0.015,0.0,0.176,0.0,55705.600,321091284.200,102754.800,0.0,0.0,5223.400,10708.0,2.0,0.0,0.0,5674729472.0,232624128.0,1.47407642624e+11,15465197568.0,0.0,0.0,0.0,55705.600,5219.0,10704.200,2.773,2.071,94.966,0.015,0.0,0.175,1493183092.149,
2.216,2.271,94.971,0.421,0.0,0.120,819.200,10731520.0,260842597.0,68030.600,0.0,0.0,4593.600,9801.0,1.600,0.200,0.600,5649674240.0,227196928.0,1.47383730176e+11,15519592448.0,0.0,0.0,819.200,10731520.0,4594.600,9801.400,2.221,2.266,94.971,0.421,0.0,0.120,1493183097.149,
2.151,2.221,95.517,0.0,0.0,0.110,0.0,61440.0,254073009.0,60154.800,0.0,0.0,4355.600,9169.200,1.800,0.0,0.200,5651501056.0,227201024.0,1.47383832576e+11,15517659136.0,0.0,0.0,0.0,61440.0,4355.600,9169.200,2.151,2.222,95.517,0.0,0.0,0.110,1493183102.149,
2.201,2.261,95.398,0.040,0.0,0.100,0.0,104038.400,263798642.0,59161.600,0.0,0.0,4698.800,9389.400,1.600,0.0,0.0,5658128384.0,227209216.0,1.47383943168e+11,15510913024.0,0.0,0.0,0.0,104038.400,4697.800,9389.0,2.201,2.261,95.398,0.040,0.0,0.100,1493183107.149,
1.756,2.258,95.765,0.060,0.0,0.161,0.0,61440.0,205619382.400,50659.600,0.0,0.0,3886.800,8616.800,1.800,0.0,0.400,5636489216.0,227225600.0,1.4738405376e+11,15532425216.0,0.0,0.0,0.0,61440.0,3887.600,8616.800,1.751,2.263,95.765,0.060,0.0,0.161,1493183112.149,
2.017,2.268,95.564,0.030,0.0,0.120,0.0,52428.800,234882670.400,74150.400,0.0,0.0,4205.400,8646.0,2.0,0.0,0.0,5633437696.0,227225600.0,1.47384152064e+11,15535378432.0,0.0,0.0,0.0,52428.800,4210.800,8648.400,2.022,2.263,95.559,0.030,0.0,0.125,1493183117.150,
2.028,2.168,95.573,0.045,0.0,0.186,0.0,54886.400,224319404.0,63249.200,0.0,0.0,4001.200,8364.0,1.800,0.0,0.400,5636505600.0,227233792.0,1.47384246272e+11,15532208128.0,0.0,0.0,0.0,54886.400,3995.400,8361.600,2.028,2.168,95.578,0.045,0.0,0.181,1493183122.149,
2.047,2.137,95.535,0.010,0.0,0.271,0.0,51609.600,232467356.400,50723.0,0.0,0.0,4182.0,8383.400,2.200,0.0,0.0,5633597440.0,227237888.0,1.47384348672e+11,15535009792.0,0.0,0.0,0.0,51609.600,4182.800,8383.800,2.047,2.137,95.530,0.010,0.0,0.276,1493183127.149,
1.994,2.164,95.312,0.050,0.0,0.480,0.0,57344.0,251322882.200,81674.600,0.0,0.0,4335.0,9443.0,1.800,0.0,0.200,5632290816.0,227246080.0,1.47384459264e+11,15536197632.0,0.0,0.0,0.0,57344.0,4335.400,9443.0,1.989,2.169,95.317,0.050,0.0,0.475,1493183132.149,
2.705,2.058,95.051,0.030,0.0,0.156,0.0,57344.0,312940123.200,114185.200,0.0,0.0,5090.0,11388.600,1.800,0.0,0.0,5640208384.0,227246080.0,1.4738456576e+11,15528173568.0,0.0,0.0,0.0,57344.0,5089.0,11388.200,2.710,2.053,95.052,0.030,0.0,0.156,1493183137.149,
2.512,2.096,95.201,0.040,0.0,0.150,0.0,77824.0,297424510.400,113805.0,0.0,0.0,4932.400,11560.800,1.800,0.0,0.400,5629067264.0,227254272.0,1.47384684544e+11,15539187712.0,0.0,0.0,0.0,77824.0,4938.200,11561.400,2.508,2.101,95.200,0.040,0.0,0.150,1493183142.149,
4.451,1.713,93.640,0.045,0.0,0.151,0.0,61440.0,507446801.800,269768.0,0.0,0.0,7310.400,16126.400,2.400,0.0,0.400,5639729152.0,227262464.0,1.4738481152e+11,15528390656.0,0.0,0.0,0.0,61440.0,7304.600,16126.400,4.450,1.713,93.641,0.045,0.0,0.151,1493183147.149,
2.729,2.022,95.018,0.025,0.0,0.206,0.0,64716.800,338918386.600,130612.800,0.0,0.0,5559.0,11252.400,2.400,0.0,0.0,5636276224.0,227266560.0,1.47384979456e+11,15531671552.0,0.0,0.0,0.0,64716.800,5563.0,11251.800,2.734,2.017,95.018,0.025,0.0,0.206,1493183152.149,
2.872,1.943,94.918,0.045,0.0,0.221,0.0,62259.200,348459240.400,145734.200,0.0,0.0,5581.600,11073.0,2.200,0.0,0.0,5639610368.0,227282944.0,1.47385110528e+11,15528189952.0,0.0,0.0,0.0,62259.200,5579.200,11074.200,2.872,1.948,94.914,0.045,0.0,0.221,1493183157.149,
1.640,2.308,95.916,0.030,0.0,0.105,0.0,58982.400,194746861.400,77047.800,0.0,0.0,3793.400,8547.200,1.400,0.0,0.0,5639913472.0,227282944.0,1.47385245696e+11,15527751680.0,0.0,0.0,0.0,58982.400,3795.0,8549.200,1.641,2.303,95.921,0.030,0.0,0.105,1493183162.149,
2.589,2.087,95.153,0.020,0.0,0.151,0.0,54067.200,313502470.200,141513.200,0.0,0.0,5191.0,11443.0,1.800,0.0,0.400,5638467584.0,227291136.0,1.47385331712e+11,15529103360.0,0.0,0.0,0.0,54067.200,5187.600,11439.800,2.589,2.087,95.153,0.020,0.0,0.151,1493183167.149,
2.528,2.067,95.189,0.030,0.0,0.186,0.0,60620.800,294005095.0,124526.800,0.0,0.0,4860.400,11401.600,1.800,0.0,0.0,5637410816.0,227295232.0,1.47385462784e+11,15530024960.0,0.0,0.0,0.0,60620.800,4865.600,11412.400,2.524,2.067,95.194,0.030,0.0,0.186,1493183172.149,
2.851,2.019,94.799,0.045,0.0,0.286,0.0,64716.800,334947029.600,142231.0,0.0,0.0,5355.200,11881.400,2.200,0.0,0.0,5636718592.0,227307520.0,1.47385577472e+11,15530590208.0,0.0,0.0,0.0,64716.800,5350.600,11871.200,2.856,2.019,94.794,0.045,0.0,0.286,1493183177.149,
3.171,2.012,94.530,0.015,0.0,0.271,0.0,67993.600,363226334.400,126959.600,0.0,0.0,5888.400,9215.800,1.800,0.0,0.400,5641187328.0,227319808.0,1.47385716736e+11,15525969920.0,0.0,0.0,0.0,67993.600,5888.200,9215.200,3.166,2.017,94.530,0.015,0.0,0.271,1493183182.149,
1.746,2.318,95.815,0.035,0.0,0.085,0.0,63078.400,202348365.200,57659.800,0.0,0.0,3876.400,8043.400,1.800,0.0,0.0,5635452928.0,227323904.0,1.47385856e+11,15531560960.0,0.0,0.0,0.0,63078.400,3877.600,8044.0,1.751,2.313,95.816,0.035,0.0,0.085,1493183187.149,
2.669,2.107,95.049,0.045,0.0,0.130,0.0,58163.200,317211341.200,97647.800,0.0,0.0,5372.800,10170.0,2.200,0.0,0.400,5639835648.0,227356672.0,1.47385946112e+11,15527055360.0,0.0,0.0,0.0,58163.200,5372.400,10169.800,2.669,2.107,95.049,0.045,0.0,0.130,1493183192.149,
2.997,2.110,94.702,0.035,0.0,0.155,0.0,58163.200,352593697.200,106775.800,0.0,0.0,5426.800,10762.0,2.200,0.0,0.0,5633728512.0,227360768.0,1.47386073088e+11,15533031424.0,0.0,0.0,0.0,58163.200,5430.600,10763.600,2.998,2.110,94.701,0.035,0.0,0.155,1493183197.149,
2.648,2.097,94.974,0.010,0.0,0.271,0.0,61440.0,297651738.200,75159.0,0.0,0.0,4945.800,8703.800,2.400,0.0,0.0,5636800512.0,227377152.0,1.47386212352e+11,15529803776.0,0.0,0.0,0.0,61440.0,4942.0,8702.400,2.648,2.101,94.970,0.010,0.0,0.271,1493183202.149,
2.879,1.986,94.794,0.010,0.0,0.331,0.0,56524.800,318479219.600,61455.200,0.0,0.0,5167.800,8494.600,2.200,0.0,0.0,5639671808.0,227377152.0,1.47386335232e+11,15526809600.0,0.0,0.0,0.0,56524.800,5167.800,8494.400,2.879,1.986,94.794,0.010,0.0,0.331,1493183207.149,
2.428,2.112,95.240,0.010,0.0,0.211,0.0,76185.600,268324860.600,54933.800,0.0,0.0,4619.800,8497.200,2.0,0.0,0.0,5639172096.0,227385344.0,1.47386458112e+11,15527178240.0,0.0,0.0,0.0,76185.600,4619.0,8496.800,2.423,2.107,95.249,0.010,0.0,0.211,1493183212.149,
3.067,1.998,94.599,0.010,0.0,0.326,0.0,59801.600,345094139.200,73187.400,0.0,0.0,5665.600,8465.200,2.200,0.0,0.800,5644980224.0,227397632.0,1.473865728e+11,15521243136.0,0.0,0.0,0.0,59801.600,5666.600,8465.600,3.072,2.003,94.589,0.010,0.0,0.326,1493183217.149,
2.667,2.146,94.987,0.025,0.0,0.175,0.0,59801.600,312506019.400,84973.600,0.0,0.0,4918.400,9503.800,2.200,0.0,0.0,5638455296.0,227397632.0,1.47386699776e+11,15527641088.0,0.0,0.0,0.0,59801.600,4921.800,9506.600,2.667,2.141,94.991,0.025,0.0,0.175,1493183222.149,
4.710,1.637,93.137,0.005,0.0,0.511,0.0,59801.600,582721037.200,257510.600,0.0,0.0,8214.600,16069.800,2.600,0.0,0.0,5634338816.0,227405824.0,1.47386822656e+11,15531626496.0,0.0,0.0,0.0,59801.600,8215.200,16075.400,4.710,1.637,93.137,0.005,0.0,0.511,1493183227.149,
3.221,1.967,94.546,0.040,0.0,0.226,0.0,72908.800,375607971.800,166542.400,0.0,0.0,6006.200,12351.200,2.0,0.0,0.0,5644861440.0,227405824.0,1.47387006976e+11,15520919552.0,0.0,0.0,0.0,72908.800,6001.200,12343.0,3.217,1.967,94.550,0.040,0.0,0.226,1493183232.149,
2.706,2.013,95.080,0.050,0.0,0.151,0.0,63897.600,321449321.600,130804.800,0.0,0.0,5413.200,11337.200,2.0,0.0,0.0,5630005248.0,227414016.0,1.47387142144e+11,15535632384.0,0.0,0.0,0.0,63897.600,5416.400,11341.0,2.711,2.013,95.076,0.050,0.0,0.151,1493183237.149,
2.529,2.047,95.198,0.030,0.0,0.196,0.0,60620.800,289052059.600,105883.400,0.0,0.0,4851.0,10494.200,1.800,0.0,0.400,5650493440.0,227414016.0,1.4738726912e+11,15515017216.0,0.0,0.0,0.0,60620.800,4847.0,10489.800,2.524,2.047,95.203,0.030,0.0,0.196,1493183242.149,
2.411,2.135,95.138,0.045,0.0,0.271,0.0,67174.400,292140092.600,113395.800,0.0,0.0,5027.600,10192.0,2.400,0.0,0.400,5633417216.0,227422208.0,1.47387396096e+11,15531958272.0,0.0,0.0,0.0,67174.400,5033.800,10203.800,2.412,2.136,95.137,0.045,0.0,0.271,1493183247.149,
3.569,1.837,94.412,0.025,0.0,0.156,0.0,64716.800,434823241.400,205885.600,0.0,0.0,6558.0,13479.0,2.200,0.0,0.0,5641494528.0,227434496.0,1.4738751488e+11,15523749888.0,0.0,0.0,0.0,64716.800,6553.0,13467.600,3.574,1.837,94.408,0.025,0.0,0.156,1493183252.149,
4.416,1.817,93.486,0.015,0.0,0.266,0.0,61440.0,534509550.0,178353.400,0.0,0.0,7579.800,12209.600,3.200,0.0,0.0,5642285056.0,227434496.0,1.47387662336e+11,15522811904.0,0.0,0.0,0.0,61440.0,7584.200,12211.0,4.417,1.817,93.486,0.015,0.0,0.266,1493183257.149,
3.506,1.946,94.317,0.025,0.0,0.206,0.0,71270.400,415544383.0,136343.0,0.0,0.0,6168.800,11336.200,2.0,0.0,0.0,5643120640.0,227442688.0,1.47387834368e+11,15521796096.0,0.0,0.0,0.0,71270.400,6168.0,11336.600,3.501,1.951,94.318,0.025,0.0,0.206,1493183262.149,
2.699,2.087,94.953,0.050,0.0,0.211,0.0,66355.200,315982031.800,87178.600,0.0,0.0,5027.600,9191.600,1.800,0.0,0.400,5646114816.0,227446784.0,1.47387977728e+11,15518654464.0,0.0,0.0,0.0,66355.200,5025.400,9189.800,2.699,2.082,94.958,0.050,0.0,0.211,1493183267.149,
2.405,2.154,95.236,0.040,0.0,0.166,0.0,60620.800,271889721.0,76319.200,0.0,0.0,4585.400,8692.800,1.400,0.0,0.0,5648412672.0,227467264.0,1.473881088e+11,15516205056.0,0.0,0.0,0.0,60620.800,4583.0,8692.800,2.405,2.159,95.231,0.040,0.0,0.166,1493183272.149,
2.405,2.159,95.230,0.040,0.0,0.166,0.0,51609.600,274753122.800,74269.200,0.0,0.0,4809.200,8826.0,2.0,0.0,0.0,5640163328.0,227475456.0,1.47388215296e+11,15524339712.0,0.0,0.0,0.0,51609.600,4816.400,8829.400,2.410,2.154,95.231,0.040,0.0,0.166,1493183277.149,
3.114,1.986,94.619,0.045,0.0,0.236,0.0,75366.400,380848177.400,118715.800,0.0,0.0,5766.600,10589.200,2.800,0.0,0.0,5644722176.0,227483648.0,1.47388329984e+11,15519657984.0,0.0,0.0,0.0,75366.400,5765.0,10589.800,3.114,1.986,94.619,0.045,0.0,0.236,1493183282.149,
5.042,1.793,92.849,0.055,0.0,0.261,0.0,67993.600,585939448.200,197184.400,0.0,0.0,8325.600,12523.800,3.0,0.0,0.400,5663399936.0,227491840.0,1.47388485632e+11,15500816384.0,0.0,0.0,0.0,67993.600,8319.400,12519.400,5.038,1.798,92.848,0.055,0.0,0.261,1493183287.149,
2.600,2.153,95.112,0.005,0.0,0.130,0.0,70451.200,293829378.0,81802.0,0.0,0.0,4892.800,9126.400,2.200,0.0,0.400,5656055808.0,227491840.0,1.47388678144e+11,15507968000.0,0.0,0.0,0.0,70451.200,4892.800,9127.0,2.600,2.153,95.112,0.005,0.0,0.130,1493183292.149,
1.981,2.182,95.686,0.020,0.0,0.130,0.0,60620.800,244950344.400,66131.0,0.0,0.0,4257.0,8987.800,1.400,0.0,0.0,5662859264.0,227504128.0,1.47388792832e+11,15501037568.0,0.0,0.0,0.0,60620.800,4259.400,8988.800,1.981,2.182,95.686,0.020,0.0,0.130,1493183297.149,
2.815,1.994,94.855,0.0,0.0,0.336,0.0,51609.600,350087369.0,137114.200,0.0,0.0,5571.400,11411.0,2.200,0.0,0.0,5660348416.0,227508224.0,1.47388895232e+11,15503441920.0,0.0,0.0,0.0,51609.600,5569.800,11409.400,2.820,1.994,94.850,0.0,0.0,0.336,1493183302.149,
3.213,1.963,94.613,0.005,0.0,0.206,0.0,63078.400,366645178.800,175494.600,0.0,0.0,5913.0,11663.400,2.400,0.0,0.0,5668872192.0,227516416.0,1.473890304e+11,15494774784.0,0.0,0.0,0.0,63078.400,5914.0,11664.0,3.208,1.963,94.618,0.005,0.0,0.206,1493183307.149,
2.233,2.183,95.257,0.130,0.0,0.196,0.0,3094118.400,248993864.0,79528.200,0.0,0.0,4640.400,8899.200,1.400,0.0,0.600,5655207936.0,227524608.0,1.47386589184e+11,15510872064.0,0.0,0.0,0.0,3094118.400,4644.800,8908.600,2.233,2.183,95.258,0.130,0.0,0.196,1493183312.149,
2.809,1.992,94.963,0.055,0.0,0.181,0.0,95846.400,331863651.800,121391.200,0.0,0.0,5378.0,11523.0,1.800,0.0,0.400,5665476608.0,227540992.0,1.47386699776e+11,15500476416.0,0.0,0.0,0.0,95846.400,5372.600,11513.0,2.814,1.987,94.963,0.055,0.0,0.181,1493183317.149,
2.482,2.081,95.242,0.020,0.0,0.175,0.0,64716.800,295807468.600,93310.200,0.0,0.0,5086.200,10777.0,1.800,0.0,0.0,5655228416.0,227549184.0,1.47386826752e+11,15510589440.0,0.0,0.0,0.0,64716.800,5091.0,10786.400,2.477,2.081,95.247,0.020,0.0,0.175,1493183322.149,
2.664,2.032,95.124,0.050,0.0,0.130,0.0,60620.800,318498338.800,99589.600,0.0,0.0,5183.0,10775.200,2.400,0.0,0.0,5668163584.0,227553280.0,1.4738694144e+11,15497535488.0,0.0,0.0,0.0,60620.800,5178.800,10766.800,2.664,2.037,95.119,0.050,0.0,0.130,1493183327.149,
4.165,1.922,93.567,0.015,0.0,0.331,0.0,59801.600,482721122.600,192436.600,0.0,0.0,7539.800,11155.200,2.400,0.0,0.0,5669216256.0,227561472.0,1.4738706432e+11,15496351744.0,0.0,0.0,0.0,59801.600,7540.0,11154.200,4.164,1.922,93.568,0.015,0.0,0.331,1493183332.149,
2.831,2.033,94.830,0.020,0.0,0.286,0.0,65536.0,319408226.400,66367.600,0.0,0.0,5193.0,8713.0,2.200,0.0,0.0,5665697792.0,227569664.0,1.4738722816e+11,15499698176.0,0.0,0.0,0.0,65536.0,5195.800,8714.600,2.841,2.028,94.825,0.020,0.0,0.286,1493183337.149,
2.780,2.022,94.902,0.020,0.0,0.276,0.0,60620.800,301449426.400,70017.800,0.0,0.0,5010.400,8504.800,2.400,0.0,0.400,5650206720.0,227586048.0,1.47387355136e+11,15515045888.0,0.0,0.0,0.0,60620.800,5012.800,8505.0,2.775,2.022,94.907,0.020,0.0,0.276,1493183342.149,
4.441,1.793,93.434,0.010,0.0,0.322,0.0,55705.600,542608683.400,385224.800,0.0,0.0,8027.200,13999.0,3.0,0.0,0.400,5645275136.0,227590144.0,1.4738747392e+11,15519854592.0,0.0,0.0,0.0,55705.600,8026.600,14004.400,4.441,1.793,93.429,0.010,0.0,0.327,1493183347.149,
3.565,1.953,94.130,0.020,0.0,0.331,0.0,85196.800,409126989.0,157424.400,0.0,0.0,6440.200,10313.800,2.400,0.0,0.0,5666582528.0,227598336.0,1.47387645952e+11,15498366976.0,0.0,0.0,0.0,85196.800,6437.0,10308.800,3.565,1.953,94.135,0.020,0.0,0.326,1493183352.149,
2.877,2.109,94.809,0.020,0.0,0.186,0.0,71270.400,340588059.200,102848.600,0.0,0.0,5398.0,9251.0,2.200,0.0,0.0,5648146432.0,227610624.0,1.473878016e+11,15516635136.0,0.0,0.0,0.0,71270.400,5402.0,9253.600,2.877,2.109,94.809,0.020,0.0,0.186,1493183357.149,
2.955,2.107,94.752,0.015,0.0,0.171,0.0,63897.600,340838554.200,98811.800,0.0,0.0,5362.600,9130.800,2.0,0.0,0.200,5660102656.0,227614720.0,1.47387936768e+11,15504539648.0,0.0,0.0,0.0,63897.600,5356.400,9126.0,2.955,2.107,94.752,0.015,0.0,0.171,1493183362.149,
2.575,2.123,95.101,0.020,0.0,0.181,0.0,63897.600,290971054.200,71327.600,0.0,0.0,4932.600,8796.800,1.600,0.0,0.400,5661175808.0,227622912.0,1.47388071936e+11,15503323136.0,0.0,0.0,0.0,63897.600,4933.0,8797.200,2.575,2.123,95.102,0.020,0.0,0.181,1493183367.149,
2.821,2.090,94.753,0.020,0.0,0.316,0.0,56524.800,332171603.0,107423.600,0.0,0.0,5293.0,9164.400,2.400,0.0,0.0,5648359424.0,227631104.0,1.4738819072e+11,15516012544.0,0.0,0.0,0.0,56524.800,5298.600,9170.400,2.821,2.090,94.753,0.020,0.0,0.316,1493183372.149,
4.419,1.918,93.307,0.005,0.0,0.351,0.0,58982.400,487792606.400,156473.600,0.0,0.0,7460.800,10174.0,2.800,0.0,0.0,5659299840.0,227647488.0,1.47388325888e+11,15504920576.0,0.0,0.0,0.0,58982.400,7457.400,10167.600,4.419,1.923,93.301,0.005,0.0,0.352,1493183377.149,
3.678,1.992,93.949,0.040,0.0,0.341,0.0,67174.400,406878936.400,120738.800,0.0,0.0,6326.600,9949.0,2.0,0.0,0.400,5659197440.0,227647488.0,1.47388493824e+11,15504855040.0,0.0,0.0,0.0,67174.400,6323.200,9949.400,3.673,1.992,93.953,0.040,0.0,0.341,1493183382.149,
3.079,2.031,94.534,0.035,0.0,0.321,0.0,80281.600,341799981.600,73252.800,0.0,0.0,5507.200,8826.400,2.400,0.0,0.0,5655855104.0,227659776.0,1.47388645376e+11,15508033536.0,0.0,0.0,0.0,80281.600,5513.800,8826.400,3.083,2.025,94.535,0.035,0.0,0.321,1493183387.149,
4.143,1.931,93.620,0.050,0.0,0.256,0.0,71270.400,478433347.600,149174.800,0.0,0.0,7059.200,11868.0,2.200,0.0,0.400,5660274688.0,227667968.0,1.47388780544e+11,15503470592.0,0.0,0.0,0.0,71270.400,7055.0,11867.600,4.143,1.931,93.620,0.050,0.0,0.256,1493183392.149,
3.919,1.932,93.879,0.035,0.0,0.236,0.0,63897.600,457629302.800,152362.400,0.0,0.0,6698.800,11747.600,3.0,0.0,0.0,5653737472.0,227667968.0,1.47388936192e+11,15509852160.0,0.0,0.0,0.0,63897.600,6698.0,11752.400,3.920,1.932,93.872,0.035,0.0,0.241,1493183397.149,
5.568,1.561,92.474,0.035,0.0,0.362,0.0,67174.400,659760157.400,284745.400,0.0,0.0,9340.200,15819.200,3.200,0.0,0.200,5653819392.0,227680256.0,1.47389104128e+11,15509590016.0,0.0,0.0,0.0,67174.400,9345.200,15817.200,5.567,1.566,92.476,0.035,0.0,0.356,1493183402.149,
3.224,1.968,94.572,0.040,0.0,0.196,0.0,74547.200,379375916.400,157281.400,0.0,0.0,6154.600,11170.0,1.600,0.0,0.0,5655785472.0,227688448.0,1.47389304832e+11,15507415040.0,0.0,0.0,0.0,74547.200,6152.0,11169.600,3.219,1.964,94.581,0.040,0.0,0.196,1493183407.149,
4.066,1.727,93.871,0.045,0.0,0.291,0.0,67174.400,512806965.0,219624.200,0.0,0.0,7411.600,13983.400,2.400,0.0,0.0,5645488128.0,227700736.0,1.47389448192e+11,15517556736.0,0.0,0.0,0.0,67174.400,7411.0,13987.200,4.067,1.727,93.869,0.045,0.0,0.291,1493183412.149,
5.105,1.598,92.906,0.035,0.0,0.357,0.0,63897.600,612699681.200,335339.200,0.0,0.0,9228.800,15417.600,3.0,0.0,0.800,5638193152.0,227700736.0,1.47389607936e+11,15524691968.0,0.0,0.0,0.0,63897.600,9234.400,15418.800,5.113,1.602,92.893,0.035,0.0,0.357,1493183417.149,
6.792,1.268,91.618,0.015,0.0,0.307,0.0,85196.800,778297849.0,433225.0,0.0,0.0,11237.200,18862.800,2.800,0.0,0.0,5659332608.0,227717120.0,1.47389796352e+11,15503347712.0,0.0,0.0,0.0,85196.800,11229.200,18855.400,6.787,1.268,91.623,0.015,0.0,0.307,1493183422.149,
4.705,1.702,93.327,0.020,0.0,0.246,0.0,84377.600,553367964.800,235245.600,0.0,0.0,7875.0,15008.200,2.800,0.0,0.0,5655007232.0,227729408.0,1.47390009344e+11,15507447808.0,0.0,0.0,0.0,84377.600,7874.400,15028.0,4.701,1.698,93.335,0.020,0.0,0.246,1493183427.149,
4.287,1.699,93.823,0.010,0.0,0.181,0.0,70451.200,537676536.600,298217.400,0.0,0.0,7928.600,15945.200,2.400,0.0,0.0,5646921728.0,227729408.0,1.4739017728e+11,15515365376.0,0.0,0.0,0.0,70451.200,7933.200,15936.400,4.291,1.703,93.815,0.010,0.0,0.181,1493183432.149,
5.171,1.548,92.959,0.030,0.0,0.291,0.0,1513881.600,599181979.600,329386.800,0.0,0.0,9287.0,15545.400,3.600,0.0,0.0,5649735680.0,227737600.0,1.47390369792e+11,15512350720.0,0.0,0.0,0.0,1513881.600,9287.800,15536.200,5.172,1.543,92.964,0.030,0.0,0.292,1493183437.149,
4.158,1.773,93.784,0.015,0.0,0.271,0.0,79462.400,469343716.800,235903.200,0.0,0.0,7437.0,13177.800,3.200,0.0,0.400,5649076224.0,227737600.0,1.47390550016e+11,15512829952.0,0.0,0.0,0.0,79462.400,7438.800,13214.0,4.157,1.777,93.779,0.015,0.0,0.271,1493183442.149,
2.772,2.099,94.903,0.025,0.0,0.201,0.0,65536.0,316196239.600,140966.400,0.0,0.0,5221.600,9642.200,2.200,0.0,0.0,5655973888.0,227745792.0,1.47390705664e+11,15505768448.0,0.0,0.0,0.0,65536.0,5215.400,9604.600,2.772,2.094,94.908,0.025,0.0,0.201,1493183447.149,
3.730,1.747,94.317,0.035,0.0,0.171,0.0,85196.800,480131402.0,226264.200,0.0,0.0,7328.600,15586.400,2.200,0.0,0.400,5642952704.0,227749888.0,1.47390836736e+11,15518654464.0,0.0,0.0,0.0,85196.800,7331.800,15597.600,3.730,1.752,94.311,0.035,0.0,0.171,1493183452.149,
3.984,1.824,93.986,0.025,0.0,0.181,0.0,77824.0,462801943.600,205238.400,0.0,0.0,6838.0,13523.800,2.200,0.0,0.0,5658075136.0,227758080.0,1.47391008768e+11,15503351808.0,0.0,0.0,0.0,77824.0,6840.800,13523.200,3.984,1.824,93.986,0.025,0.0,0.181,1493183457.149,
4.661,1.607,93.486,0.040,0.0,0.206,0.0,67174.400,547095563.800,253789.200,0.0,0.0,7941.600,16098.0,2.800,0.0,0.0,5649989632.0,227766272.0,1.47391152128e+11,15511285760.0,0.0,0.0,0.0,67174.400,7934.400,16087.400,4.661,1.607,93.486,0.040,0.0,0.206,1493183462.149,
0.877,0.316,98.737,0.035,0.0,0.035,0.0,72908.800,97274122.200,45982.600,0.0,0.0,1837.200,8940.600,0.200,0.0,1.400,5486239744.0,227766272.0,1.47391336448e+11,15674851328.0,0.0,0.0,0.0,72908.800,1837.600,8940.200,0.877,0.311,98.742,0.035,0.0,0.035,1493183467.149,
