"Dstat 0.7.2 CSV output"
"Author:","Dag Wieers <dag@wieers.com>",,,,"URL:","http://dag.wieers.com/home-made/dstat/"
"Host:","osd0.skyhook-1osds.skyhook-pg0.wisc.cloudlab.us",,,,"User:","jlefevre"
"Cmdline:","dstat -av --epoch --integer --noheaders --output 1osd.dstat-osd0.log 5",,,,"Date:","25 Apr 2017 15:29:30 CDT"

"total cpu usage",,,,,,"dsk/total",,"net/total",,"paging",,"system",,"procs",,,"memory usage",,,,"paging",,"dsk/total",,"system",,"total cpu usage",,,,,,"epoch"
"usr","sys","idl","wai","hiq","siq","read","writ","recv","send","in","out","int","csw","run","blk","new","used","buff","cach","free","in","out","read","writ","int","csw","usr","sys","idl","wai","hiq","siq","epoch"
0.005,0.010,99.970,0.015,0.0,0.0,0.0,9830.400,1644.800,38583.600,0.0,0.0,107.600,115.400,0.0,0.0,0.0,5875593216.0,2248704.0,1.41144416256e+11,21757935616.0,0.0,0.0,0.0,9830.400,107.600,115.400,0.005,0.005,99.975,0.015,0.0,0.0,1493170005.821,
0.145,0.510,99.325,0.0,0.0,0.020,0.0,9011.200,36885.800,111750191.200,0.0,0.0,1725.600,468.600,0.200,0.0,0.0,6046392320.0,2256896.0,1.41144420352e+11,21587124224.0,0.0,0.0,0.0,9011.200,1725.800,469.0,0.145,0.510,99.325,0.0,0.0,0.020,1493170010.821,
0.210,0.861,98.914,0.015,0.0,0.0,0.0,12288.0,83635.600,234045068.200,0.0,0.0,3256.0,678.200,0.0,0.0,0.0,6032060416.0,2273280.0,1.41144420352e+11,21601439744.0,0.0,0.0,0.0,12288.0,3256.200,678.200,0.210,0.861,98.914,0.015,0.0,0.0,1493170015.821,
0.170,0.780,99.049,0.0,0.0,0.0,0.0,0.0,66115.0,202332261.200,0.0,0.0,2786.0,602.600,0.200,0.0,0.0,6044520448.0,2273280.0,1.41144420352e+11,21588979712.0,0.0,0.0,0.0,0.0,2785.800,602.600,0.175,0.780,99.045,0.0,0.0,0.0,1493170020.821,
0.175,0.740,99.069,0.010,0.0,0.005,0.0,2457.600,67245.400,197731628.800,0.0,0.0,2716.200,599.0,0.200,0.0,0.200,6041649152.0,2281472.0,1.41144424448e+11,21591838720.0,0.0,0.0,0.0,2457.600,2716.200,599.0,0.170,0.740,99.074,0.010,0.0,0.005,1493170025.821,
0.190,0.816,98.989,0.0,0.0,0.005,0.0,0.0,72090.800,217368796.200,0.0,0.0,3054.800,675.400,0.600,0.0,0.400,6040731648.0,2281472.0,1.41144428544e+11,21592752128.0,0.0,0.0,0.0,0.0,3056.200,675.800,0.195,0.816,98.984,0.0,0.0,0.005,1493170030.821,
0.205,0.831,98.954,0.005,0.0,0.005,0.0,4096.0,68294.400,232464456.400,0.0,0.0,3207.600,697.200,0.200,0.0,0.0,6035460096.0,2289664.0,1.41144428544e+11,21598015488.0,0.0,0.0,0.0,4096.0,3207.0,697.200,0.200,0.831,98.959,0.005,0.0,0.005,1493170035.821,
0.205,0.896,98.874,0.015,0.0,0.010,0.0,9830.400,61481.400,234382492.800,0.0,0.0,3225.400,726.600,0.400,0.200,0.0,6041972736.0,2306048.0,1.41144424448e+11,21591490560.0,0.0,0.0,0.0,9830.400,3231.0,726.400,0.210,0.900,98.864,0.015,0.0,0.010,1493170040.821,
0.255,1.061,98.659,0.010,0.0,0.015,0.0,4915.200,98636.0,285126302.200,0.0,0.0,4000.400,785.600,0.600,0.0,0.0,6036033536.0,2314240.0,1.41144424448e+11,21597421568.0,0.0,0.0,0.0,4915.200,3994.400,785.400,0.255,1.061,98.659,0.010,0.0,0.015,1493170045.821,
0.195,0.851,98.944,0.005,0.0,0.005,0.0,6553.600,72668.0,226218864.800,0.0,0.0,3132.800,674.0,0.400,0.0,0.0,6031052800.0,2322432.0,1.41144424448e+11,21602394112.0,0.0,0.0,0.0,6553.600,3137.600,674.200,0.190,0.851,98.949,0.005,0.0,0.005,1493170050.821,
0.185,0.781,98.999,0.030,0.0,0.005,6299648.0,0.0,60949.800,211500711.0,0.0,0.0,2911.0,717.600,0.800,0.0,0.0,6032039936.0,2031616.0,1.41141213184e+11,21604909056.0,0.0,0.0,6299648.0,0.0,2905.800,717.0,0.190,0.775,98.999,0.030,0.0,0.005,1493170055.821,
0.215,0.886,98.889,0.005,0.0,0.005,0.0,2457.600,73174.200,244616650.0,0.0,0.0,3327.0,697.600,0.200,0.0,0.0,6032781312.0,2039808.0,1.41142818816e+11,21602553856.0,0.0,0.0,0.0,2457.600,3332.0,697.800,0.215,0.886,98.889,0.005,0.0,0.005,1493170060.821,
0.280,1.091,98.553,0.065,0.0,0.010,190054.400,0.0,90659.0,305365474.0,0.0,0.0,4201.0,849.800,0.600,0.0,0.400,6037127168.0,2039808.0,1.41143826432e+11,21597200384.0,0.0,0.0,190054.400,0.0,4199.600,850.400,0.275,1.096,98.553,0.065,0.0,0.010,1493170065.821,
0.235,1.066,98.639,0.055,0.0,0.005,9637888.0,3276.800,71286.600,282689496.200,0.0,0.0,3953.800,958.200,0.800,0.0,0.0,6035365888.0,2048000.0,1.41143994368e+11,21598785536.0,0.0,0.0,9637888.0,3276.800,3950.800,959.400,0.240,1.061,98.639,0.055,0.0,0.005,1493170070.821,
0.215,0.921,98.799,0.055,0.0,0.010,10648780.800,10649.600,56501.200,258650467.800,0.0,0.0,3581.800,904.600,0.800,0.0,0.0,6035230720.0,2064384.0,1.41133570048e+11,21609328640.0,0.0,0.0,10648780.800,10649.600,3581.600,903.0,0.215,0.921,98.799,0.055,0.0,0.010,1493170075.821,
0.235,0.976,98.774,0.010,0.0,0.005,1999667.200,4915.200,61908.0,265956980.0,0.0,0.0,3656.400,756.200,0.400,0.0,0.0,6032625664.0,2072576.0,1.4114383872e+11,21601656832.0,0.0,0.0,1999667.200,4915.200,3656.200,756.200,0.230,0.976,98.779,0.010,0.0,0.005,1493170080.821,
0.250,1.106,98.634,0.010,0.0,0.0,0.0,2457.600,90566.600,310246667.0,0.0,0.0,4177.400,823.0,0.400,0.0,0.0,6035529728.0,2080768.0,1.4114383872e+11,21598744576.0,0.0,0.0,0.0,2457.600,4181.200,823.400,0.255,1.111,98.624,0.010,0.0,0.0,1493170085.821,
0.205,0.961,98.834,0.0,0.0,0.0,0.0,0.0,78398.800,268992862.0,0.0,0.0,3689.600,763.600,0.800,0.0,0.0,6042939392.0,2080768.0,1.4114383872e+11,21591334912.0,0.0,0.0,0.0,0.0,3686.200,763.600,0.205,0.961,98.829,0.0,0.0,0.005,1493170090.821,
0.280,1.101,98.564,0.050,0.0,0.005,11534336.0,2457.600,94698.0,305854890.200,0.0,0.0,4251.0,1017.0,0.400,0.0,0.0,6012272640.0,2088960.0,1.41143642112e+11,21622190080.0,0.0,0.0,11534336.0,2457.600,4255.400,1016.600,0.275,1.101,98.574,0.050,0.0,0.0,1493170095.821,
0.180,0.726,99.089,0.0,0.0,0.005,0.0,0.0,57768.600,201843551.800,0.0,0.0,2759.600,625.800,0.400,0.0,0.400,6030749696.0,2088960.0,1.41143842816e+11,21603512320.0,0.0,0.0,0.0,0.0,2754.600,625.800,0.180,0.721,99.094,0.0,0.0,0.005,1493170100.821,
0.170,0.686,99.124,0.015,0.0,0.005,0.0,9011.200,55124.800,193565374.400,0.0,0.0,2640.600,587.400,0.600,0.200,0.0,6015811584.0,2105344.0,1.41143846912e+11,21618429952.0,0.0,0.0,0.0,9011.200,2640.600,587.400,0.170,0.686,99.124,0.015,0.0,0.005,1493170105.821,
0.170,0.830,98.984,0.010,0.0,0.005,0.0,5734.400,67828.800,220974874.800,0.0,0.0,3122.0,676.600,0.200,0.0,0.0,6015950848.0,2113536.0,1.41143842816e+11,21618286592.0,0.0,0.0,0.0,5734.400,3123.200,676.600,0.175,0.830,98.980,0.010,0.0,0.005,1493170110.821,
0.220,0.966,98.699,0.110,0.0,0.005,24366284.800,4096.0,62247.800,266180942.200,0.0,0.0,3826.800,1093.600,0.800,0.0,0.0,6008344576.0,2121728.0,1.41143793664e+11,21625933824.0,0.0,0.0,24366284.800,4096.0,3829.600,1095.800,0.215,0.971,98.699,0.110,0.0,0.005,1493170115.821,
0.240,0.946,98.798,0.010,0.0,0.005,1934131.200,2457.600,55771.600,271756653.200,0.0,0.0,3686.400,792.600,0.400,0.200,0.0,6000738304.0,2129920.0,1.41127225344e+11,21650100224.0,0.0,0.0,2093875.200,2457.600,3683.800,792.400,0.245,0.941,98.793,0.015,0.0,0.005,1493170120.821,
0.235,1.061,98.668,0.030,0.0,0.005,5885952.0,0.0,76136.0,294435525.0,0.0,0.0,4065.600,882.800,0.400,0.0,0.0,6020366336.0,2129920.0,1.41143793664e+11,21613903872.0,0.0,0.0,5726208.0,0.0,4064.600,880.800,0.230,1.066,98.673,0.025,0.0,0.005,1493170125.820,
0.210,0.926,98.839,0.025,0.0,0.0,3230105.600,2457.600,66923.800,252558472.400,0.0,0.0,3560.200,765.600,0.200,0.0,0.0,6004166656.0,2138112.0,1.4113441792e+11,21639471104.0,0.0,0.0,3230105.600,2457.600,3560.800,767.200,0.215,0.921,98.829,0.030,0.0,0.005,1493170130.821,
0.230,0.906,98.819,0.035,0.0,0.010,9095577.600,0.0,56823.400,266967792.400,0.0,0.0,3689.200,881.400,0.400,0.0,0.400,6022746112.0,2138112.0,1.41143789568e+11,21611520000.0,0.0,0.0,9095577.600,0.0,3689.200,880.200,0.225,0.906,98.834,0.030,0.0,0.005,1493170135.821,
0.255,0.965,98.764,0.005,0.0,0.010,225280.0,3276.800,68308.400,277247699.800,0.0,0.0,3779.0,794.200,1.0,0.200,0.0,6020100096.0,2146304.0,1.41134553088e+11,21623394304.0,0.0,0.0,418611.200,3276.800,3779.800,795.800,0.255,0.965,98.764,0.005,0.0,0.010,1493170140.821,
0.255,1.021,98.663,0.055,0.0,0.005,11514675.200,13107.200,84100.800,303387625.800,0.0,0.0,4220.800,1009.0,0.600,0.200,0.0,6024273920.0,2162688.0,1.41143789568e+11,21609967616.0,0.0,0.0,11321344.0,13107.200,4219.600,1007.400,0.260,1.021,98.658,0.055,0.0,0.005,1493170145.821,
0.255,1.056,98.659,0.025,0.0,0.005,2215116.800,7372.800,92057.400,313005756.800,0.0,0.0,4252.400,891.400,0.800,0.0,0.0,6020874240.0,2170880.0,1.41143547904e+11,21613600768.0,0.0,0.0,2215116.800,7372.800,4252.600,891.400,0.255,1.056,98.659,0.025,0.0,0.005,1493170150.821,
0.265,0.986,98.683,0.055,0.0,0.010,8814592.0,2457.600,122250.600,301595760.600,0.0,0.0,4166.200,1022.200,0.600,0.0,0.0,6007730176.0,2179072.0,1.41143789568e+11,21626494976.0,0.0,0.0,8814592.0,2457.600,4168.400,1021.400,0.260,0.991,98.684,0.055,0.0,0.010,1493170155.821,
0.205,0.751,99.039,0.0,0.0,0.005,0.0,0.0,72118.600,233621963.200,0.0,0.0,3099.0,714.600,0.200,0.0,0.0,6008320000.0,2179072.0,1.41143789568e+11,21625905152.0,0.0,0.0,0.0,0.0,3095.800,714.600,0.205,0.746,99.044,0.0,0.0,0.005,1493170160.821,
0.215,0.821,98.889,0.070,0.0,0.005,12564070.400,2457.600,68388.0,252165073.0,0.0,0.0,3502.800,876.200,0.200,0.0,0.0,6021017600.0,2187264.0,1.41143789568e+11,21613199360.0,0.0,0.0,12564070.400,2457.600,3503.200,876.600,0.215,0.821,98.889,0.070,0.0,0.005,1493170165.821,
0.250,0.971,98.774,0.0,0.0,0.005,0.0,0.0,88919.800,299393652.400,0.0,0.0,4106.200,892.400,0.600,0.0,0.600,6012575744.0,2187264.0,1.41143793664e+11,21621637120.0,0.0,0.0,0.0,0.0,4112.200,895.200,0.255,0.971,98.769,0.0,0.0,0.005,1493170170.821,
0.285,0.921,98.688,0.090,0.0,0.015,15758131.200,9011.200,104400.600,303555487.0,0.0,0.0,4320.200,1092.200,0.400,0.0,0.200,6015430656.0,2203648.0,1.41143789568e+11,21618769920.0,0.0,0.0,15758131.200,9011.200,4320.800,1091.400,0.285,0.926,98.683,0.090,0.0,0.015,1493170175.821,
0.195,0.741,99.049,0.010,0.0,0.005,0.0,7372.800,73338.600,244821820.800,0.0,0.0,3283.0,682.200,0.400,0.0,0.0,6009073664.0,2220032.0,1.41143789568e+11,21625110528.0,0.0,0.0,0.0,7372.800,3276.600,680.200,0.190,0.736,99.059,0.010,0.0,0.005,1493170180.821,
0.185,0.651,99.144,0.010,0.0,0.010,1671987.200,1638.400,78670.800,213739851.800,0.0,0.0,2949.400,651.800,0.400,0.0,0.0,6022676480.0,2220032.0,1.41143793664e+11,21611503616.0,0.0,0.0,1671987.200,1638.400,2949.600,652.800,0.190,0.651,99.139,0.010,0.0,0.010,1493170185.821,
0.160,0.665,99.164,0.005,0.0,0.005,0.0,2457.600,57870.0,209245745.200,0.0,0.0,2841.200,621.400,0.0,0.0,0.0,6027456512.0,2228224.0,1.41143793664e+11,21606715392.0,0.0,0.0,0.0,2457.600,2840.400,620.0,0.160,0.665,99.165,0.005,0.0,0.005,1493170190.821,
0.180,0.616,99.199,0.0,0.0,0.005,0.0,0.0,64846.600,204573452.0,0.0,0.0,2785.800,590.400,0.400,0.0,0.400,6016163840.0,2228224.0,1.4114379776e+11,21618003968.0,0.0,0.0,0.0,0.0,2786.0,590.800,0.175,0.616,99.204,0.0,0.0,0.005,1493170195.821,
0.175,0.671,99.144,0.010,0.0,0.0,0.0,2457.600,63578.400,211132865.400,0.0,0.0,2857.200,629.200,0.400,0.0,0.0,6028288000.0,2236416.0,1.4114379776e+11,21605871616.0,0.0,0.0,0.0,2457.600,2858.0,629.400,0.180,0.670,99.139,0.010,0.0,0.0,1493170200.821,
0.185,0.671,99.129,0.010,0.0,0.005,1448345.600,4915.200,72074.800,211267736.600,0.0,0.0,2894.0,646.0,0.200,0.0,0.0,6007873536.0,2244608.0,1.4114379776e+11,21626277888.0,0.0,0.0,1448345.600,4915.200,2893.200,645.800,0.185,0.671,99.129,0.010,0.0,0.005,1493170205.821,
0.215,0.771,99.014,0.0,0.0,0.0,0.0,12288.0,57795.400,246097078.0,0.0,0.0,3295.200,718.0,0.600,0.0,0.0,6022520832.0,2260992.0,1.4114379776e+11,21611614208.0,0.0,0.0,0.0,12288.0,3301.0,718.600,0.210,0.776,99.014,0.0,0.0,0.0,1493170210.821,
0.215,0.861,98.914,0.005,0.0,0.005,0.0,4915.200,62352.800,274264011.400,0.0,0.0,3629.600,756.200,0.200,0.0,0.0,6020677632.0,2269184.0,1.4114379776e+11,21613449216.0,0.0,0.0,0.0,4915.200,3623.800,755.200,0.215,0.856,98.919,0.005,0.0,0.005,1493170215.821,
0.225,0.875,98.884,0.0,0.0,0.015,0.0,0.0,82913.0,267012390.0,0.0,0.0,3695.200,740.800,0.800,0.0,0.0,6008909824.0,2269184.0,1.4114379776e+11,21625217024.0,0.0,0.0,0.0,0.0,3697.600,741.0,0.225,0.875,98.884,0.0,0.0,0.015,1493170220.821,
0.275,0.966,98.754,0.005,0.0,0.0,0.0,2457.600,91593.200,307926069.0,0.0,0.0,4162.0,824.200,0.800,0.0,0.0,6007836672.0,2277376.0,1.4114379776e+11,21626281984.0,0.0,0.0,0.0,2457.600,4160.200,824.0,0.275,0.971,98.749,0.005,0.0,0.0,1493170225.821,
0.210,0.801,98.984,0.0,0.0,0.005,0.0,0.0,89585.400,252218144.0,0.0,0.0,3399.600,749.0,0.0,0.0,0.0,6013419520.0,2277376.0,1.4114379776e+11,21620699136.0,0.0,0.0,0.0,0.0,3400.200,749.400,0.215,0.796,98.984,0.0,0.0,0.005,1493170230.821,
0.225,0.710,99.049,0.010,0.0,0.005,0.0,2457.600,64229.800,225585820.800,0.0,0.0,3022.800,671.200,0.200,0.0,0.400,6029967360.0,2285568.0,1.41143801856e+11,21604139008.0,0.0,0.0,0.0,2457.600,3021.600,671.200,0.220,0.710,99.054,0.010,0.0,0.005,1493170235.821,
0.190,0.725,99.079,0.005,0.0,0.0,0.0,5734.400,68992.0,221524412.200,0.0,0.0,3026.0,668.600,0.400,0.0,0.0,6028476416.0,2293760.0,1.41143801856e+11,21605621760.0,0.0,0.0,0.0,5734.400,3031.0,668.600,0.190,0.730,99.074,0.005,0.0,0.0,1493170240.821,
0.240,0.941,98.764,0.040,0.0,0.015,8618803.200,12288.0,84756.400,282638465.800,0.0,6553.600,3942.800,925.400,0.600,0.0,0.0,6021107712.0,2301952.0,1.41143801856e+11,21612982272.0,0.0,6553.600,8618803.200,12288.0,3938.400,925.800,0.240,0.941,98.764,0.040,0.0,0.015,1493170245.821,
0.260,1.001,98.729,0.010,0.0,0.0,0.0,13926.400,86259.0,305622200.400,0.0,0.0,4101.400,861.800,0.200,0.0,0.0,6018224128.0,2318336.0,1.41143801856e+11,21615849472.0,0.0,0.0,0.0,13926.400,4100.600,861.0,0.265,0.996,98.729,0.010,0.0,0.0,1493170250.821,
0.270,1.006,98.714,0.0,0.0,0.010,0.0,0.0,87012.600,305150433.400,0.0,0.0,4093.0,810.0,1.200,0.0,0.0,6030667776.0,2318336.0,1.41143801856e+11,21603405824.0,0.0,0.0,0.0,0.0,4103.800,811.800,0.265,1.010,98.715,0.0,0.0,0.010,1493170255.821,
0.285,0.991,98.714,0.005,0.0,0.005,0.0,2457.600,89246.800,308268602.0,0.0,0.0,4155.600,831.200,0.400,0.0,0.0,6016479232.0,2326528.0,1.41143801856e+11,21617586176.0,0.0,0.0,0.0,2457.600,4144.800,829.400,0.285,0.986,98.718,0.005,0.0,0.005,1493170260.821,
0.260,1.001,98.734,0.0,0.0,0.005,0.0,0.0,87253.400,306688886.400,0.0,0.0,4133.200,829.400,0.400,0.0,0.400,6018662400.0,2326528.0,1.41143810048e+11,21615394816.0,0.0,0.0,0.0,0.0,4133.200,829.400,0.265,1.001,98.729,0.0,0.0,0.005,1493170265.821,
0.285,0.991,98.709,0.005,0.0,0.010,0.0,2457.600,88561.0,308674657.800,0.0,0.0,4187.0,894.800,0.200,0.0,0.0,6034079744.0,2334720.0,1.41143810048e+11,21599969280.0,0.0,0.0,0.0,2457.600,4187.200,895.200,0.280,0.991,98.714,0.005,0.0,0.010,1493170270.821,
0.240,0.911,98.849,0.0,0.0,0.0,0.0,5734.400,76722.400,284108314.600,0.0,0.0,3858.600,819.200,0.800,0.0,0.0,6010589184.0,2342912.0,1.41143805952e+11,21623455744.0,0.0,0.0,0.0,5734.400,3859.200,819.800,0.245,0.911,98.844,0.0,0.0,0.0,1493170275.821,
0.230,0.806,98.954,0.0,0.0,0.010,0.0,11468.800,58065.0,257521425.600,0.0,0.0,3476.400,753.800,1.0,0.0,0.0,6024056832.0,2359296.0,1.41143805952e+11,21609971712.0,0.0,0.0,0.0,11468.800,3476.400,753.600,0.225,0.806,98.959,0.0,0.0,0.010,1493170280.821,
0.180,0.640,99.175,0.0,0.0,0.005,0.0,4915.200,58104.400,194796937.0,0.0,0.0,2671.400,590.800,0.400,0.0,0.0,6030069760.0,2367488.0,1.41143805952e+11,21603950592.0,0.0,0.0,0.0,4915.200,2671.0,590.800,0.185,0.640,99.170,0.0,0.0,0.005,1493170285.821,
0.235,0.815,98.939,0.0,0.0,0.010,0.0,2457.600,57471.200,254909322.0,0.0,0.0,3345.0,740.600,0.400,0.0,0.0,6019731456.0,2367488.0,1.41143805952e+11,21614288896.0,0.0,0.0,0.0,2457.600,3345.600,740.200,0.235,0.815,98.940,0.0,0.0,0.010,1493170290.821,
0.225,0.830,98.925,0.0,0.0,0.020,0.0,2457.600,63379.200,257151203.400,0.0,0.0,3424.800,716.600,0.200,0.0,0.0,6019813376.0,2375680.0,1.41143805952e+11,21614198784.0,0.0,0.0,0.0,2457.600,3424.0,716.600,0.220,0.830,98.930,0.0,0.0,0.020,1493170295.821,
0.220,0.835,98.929,0.0,0.0,0.015,0.0,0.0,68960.800,255156985.800,0.0,0.0,3463.800,719.400,0.600,0.0,0.400,6031937536.0,2375680.0,1.41143810048e+11,21602070528.0,0.0,0.0,0.0,0.0,3464.600,721.0,0.220,0.835,98.929,0.0,0.0,0.015,1493170300.821,
0.250,1.011,98.714,0.005,0.0,0.020,0.0,3276.800,97102.200,304813706.400,0.0,0.0,4106.800,875.0,0.400,0.0,0.0,6017376256.0,2383872.0,1.41143810048e+11,21616623616.0,0.0,0.0,0.0,3276.800,4108.600,873.800,0.250,1.011,98.714,0.005,0.0,0.020,1493170305.821,
0.250,0.926,98.804,0.010,0.0,0.010,0.0,4915.200,83959.0,283841768.800,0.0,0.0,3844.200,849.400,0.600,0.0,0.0,6019579904.0,2392064.0,1.41143805952e+11,21614415872.0,0.0,0.0,0.0,4915.200,3847.400,849.800,0.250,0.926,98.804,0.010,0.0,0.010,1493170310.821,
0.255,0.941,98.784,0.015,0.0,0.005,0.0,8192.0,77218.800,289739541.800,0.0,0.0,3904.0,814.600,0.200,0.0,0.0,6030372864.0,2408448.0,1.41143805952e+11,21603606528.0,0.0,0.0,0.0,8192.0,3898.800,815.400,0.260,0.941,98.779,0.015,0.0,0.005,1493170315.821,
0.235,0.771,98.979,0.010,0.0,0.005,0.0,2457.600,69523.200,247789948.0,0.0,0.0,3295.0,718.600,0.400,0.0,0.0,6025129984.0,2416640.0,1.41143805952e+11,21608841216.0,0.0,0.0,0.0,2457.600,3298.0,717.400,0.230,0.776,98.979,0.010,0.0,0.005,1493170320.821,
0.220,0.785,98.989,0.0,0.0,0.005,0.0,0.0,81675.200,236511374.0,0.0,0.0,3186.800,685.200,0.200,0.0,0.200,6028337152.0,2416640.0,1.41143805952e+11,21605634048.0,0.0,0.0,0.0,0.0,3187.200,685.400,0.220,0.780,98.994,0.0,0.0,0.005,1493170325.821,
0.230,0.781,98.974,0.010,0.0,0.005,0.0,2457.600,76244.200,254848606.0,0.0,0.0,3450.200,725.200,0.600,0.0,0.0,6015676416.0,2424832.0,1.41143805952e+11,21618286592.0,0.0,0.0,0.0,2457.600,3446.200,724.600,0.235,0.781,98.969,0.010,0.0,0.005,1493170330.821,
0.210,0.761,99.024,0.0,0.0,0.005,0.0,0.0,65995.400,235332672.800,0.0,0.0,3185.200,696.600,0.0,0.0,0.400,6017171456.0,2424832.0,1.41143810048e+11,21616787456.0,0.0,0.0,0.0,0.0,3186.800,696.800,0.205,0.761,99.029,0.0,0.0,0.005,1493170335.821,
0.205,0.775,98.999,0.015,0.0,0.005,0.0,7372.800,65789.200,234663807.800,0.0,0.0,3161.400,702.600,0.400,0.200,0.0,6026452992.0,2441216.0,1.41143810048e+11,21607489536.0,0.0,0.0,0.0,7372.800,3160.400,703.0,0.205,0.776,98.999,0.015,0.0,0.005,1493170340.821,
0.265,1.016,98.709,0.0,0.0,0.010,0.0,0.0,89014.0,309795857.800,0.0,0.0,4221.200,846.200,0.800,0.0,0.0,6029697024.0,2441216.0,1.41143805952e+11,21604249600.0,0.0,0.0,0.0,0.0,4221.200,846.0,0.270,1.021,98.699,0.0,0.0,0.010,1493170345.821,
0.200,0.766,99.019,0.010,0.0,0.005,0.0,9011.200,50088.0,239616339.600,0.0,0.0,3176.200,714.600,0.400,0.0,0.0,6003757056.0,2457600.0,1.41143810048e+11,21630169088.0,0.0,0.0,0.0,9011.200,3176.400,713.800,0.195,0.761,99.029,0.010,0.0,0.005,1493170350.821,
0.215,0.816,98.959,0.005,0.0,0.005,0.0,4915.200,54695.800,248725426.200,0.0,0.0,3290.600,690.0,1.0,0.0,0.200,6018215936.0,2465792.0,1.41143810048e+11,21615702016.0,0.0,0.0,0.0,4915.200,3294.0,691.200,0.220,0.821,98.949,0.005,0.0,0.005,1493170355.821,
0.235,0.821,98.939,0.0,0.0,0.005,0.0,2457.600,58922.800,255275666.0,0.0,0.0,3419.800,715.0,0.400,0.0,0.0,6034137088.0,2465792.0,1.41143810048e+11,21599780864.0,0.0,0.0,0.0,2457.600,3416.400,714.200,0.230,0.816,98.949,0.0,0.0,0.005,1493170360.821,
0.190,0.735,99.055,0.010,0.0,0.010,0.0,5734.400,52654.600,221006964.200,0.0,0.0,2945.800,625.600,0.800,0.0,0.0,6020116480.0,2482176.0,1.41143810048e+11,21613785088.0,0.0,0.0,0.0,5734.400,2948.600,625.600,0.190,0.735,99.055,0.010,0.0,0.010,1493170365.821,
0.170,0.646,99.179,0.0,0.0,0.005,0.0,0.0,57218.0,195412693.600,0.0,0.0,2677.400,616.0,0.600,0.0,0.400,6020259840.0,2482176.0,1.41143814144e+11,21613637632.0,0.0,0.0,0.0,0.0,2673.600,615.600,0.170,0.645,99.179,0.0,0.0,0.005,1493170370.821,
0.160,0.625,99.190,0.020,0.0,0.005,0.0,10649.600,55431.400,183618810.200,0.0,0.0,2498.0,567.800,0.0,0.200,0.0,6021120000.0,2498560.0,1.4114381824e+11,21612756992.0,0.0,0.0,0.0,10649.600,2498.0,567.800,0.165,0.625,99.185,0.020,0.0,0.005,1493170375.821,
0.220,0.771,98.999,0.0,0.0,0.010,0.0,819.200,76901.800,239473939.200,0.0,0.0,3227.800,703.400,0.600,0.0,0.0,6025375744.0,2498560.0,1.41143814144e+11,21608505344.0,0.0,0.0,0.0,819.200,3231.800,704.200,0.215,0.776,98.999,0.0,0.0,0.010,1493170380.821,
0.225,0.781,98.989,0.005,0.0,0.0,0.0,12288.0,59720.600,253716227.0,0.0,0.0,3388.400,716.600,0.400,0.0,0.0,6020214784.0,2514944.0,1.41143814144e+11,21613649920.0,0.0,0.0,0.0,12288.0,3389.600,717.800,0.230,0.776,98.989,0.005,0.0,0.0,1493170385.821,
0.200,0.800,98.994,0.0,0.0,0.005,0.0,2457.600,63512.0,236774639.600,0.0,0.0,3194.600,693.800,0.600,0.0,0.0,6030602240.0,2523136.0,1.41143814144e+11,21603254272.0,0.0,0.0,0.0,2457.600,3192.400,692.0,0.195,0.805,98.994,0.0,0.0,0.005,1493170390.821,
0.310,1.046,98.638,0.0,0.0,0.005,0.0,0.0,110651.200,333325453.800,0.0,0.0,4432.400,921.0,0.800,0.0,0.0,6027071488.0,2523136.0,1.41143814144e+11,21606785024.0,0.0,0.0,0.0,0.0,4430.0,921.200,0.310,1.046,98.638,0.0,0.0,0.005,1493170395.821,
0.215,0.746,99.034,0.005,0.0,0.0,0.0,2457.600,67224.0,231361952.200,0.0,0.0,3118.600,671.600,0.0,0.0,0.400,6018854912.0,2531328.0,1.4114381824e+11,21614989312.0,0.0,0.0,0.0,2457.600,3118.0,671.200,0.215,0.741,99.039,0.005,0.0,0.0,1493170400.821,
0.230,0.796,98.959,0.010,0.0,0.005,0.0,4915.200,63058.800,248943278.400,0.0,0.0,3345.800,725.200,0.200,0.0,0.0,6032277504.0,2539520.0,1.4114381824e+11,21601558528.0,0.0,0.0,0.0,4915.200,3351.400,725.600,0.230,0.796,98.959,0.010,0.0,0.005,1493170405.821,
0.260,1.001,98.724,0.010,0.0,0.005,0.0,2457.600,94071.600,307752261.600,0.0,0.0,4223.0,869.0,0.400,0.0,0.0,6016888832.0,2547712.0,1.4114381824e+11,21616939008.0,0.0,0.0,0.0,2457.600,4222.600,869.0,0.260,1.001,98.724,0.010,0.0,0.005,1493170410.821,
0.195,0.776,99.019,0.0,0.0,0.010,0.0,8192.0,59588.0,241120853.0,0.0,0.0,3225.0,687.600,0.600,0.0,0.0,6032719872.0,2555904.0,1.4114381824e+11,21601099776.0,0.0,0.0,0.0,8192.0,3220.400,689.0,0.200,0.776,99.014,0.0,0.0,0.010,1493170415.821,
0.225,0.831,98.939,0.005,0.0,0.0,0.0,3276.800,58731.600,256364210.800,0.0,0.0,3423.600,720.200,0.800,0.0,0.0,6018682880.0,2564096.0,1.4114381824e+11,21615128576.0,0.0,0.0,0.0,3276.800,3423.0,718.400,0.220,0.831,98.944,0.005,0.0,0.0,1493170420.821,
0.220,0.821,98.939,0.010,0.0,0.010,0.0,2457.600,57069.600,255238044.200,0.0,0.0,3413.400,713.800,0.200,0.0,0.0,6017929216.0,2572288.0,1.4114381824e+11,21615874048.0,0.0,0.0,0.0,2457.600,3417.600,714.400,0.220,0.820,98.939,0.010,0.0,0.010,1493170425.821,
0.220,0.876,98.899,0.0,0.0,0.005,0.0,0.0,57121.600,265415140.800,0.0,0.0,3527.400,744.400,0.200,0.0,0.0,6016073728.0,2572288.0,1.4114381824e+11,21617729536.0,0.0,0.0,0.0,0.0,3523.200,743.800,0.220,0.881,98.894,0.0,0.0,0.005,1493170430.821,
0.220,0.866,98.904,0.005,0.0,0.005,0.0,2457.600,58937.600,263548835.400,0.0,0.0,3547.400,734.400,0.600,0.0,0.0,6032232448.0,2580480.0,1.41143822336e+11,21601558528.0,0.0,0.0,0.0,2457.600,3552.200,734.800,0.225,0.861,98.904,0.005,0.0,0.005,1493170435.821,
0.255,0.841,98.899,0.0,0.0,0.005,0.0,4096.0,59250.0,268835929.200,0.0,0.0,3602.200,766.0,0.600,0.0,0.400,6033534976.0,2580480.0,1.41143826432e+11,21600251904.0,0.0,0.0,0.0,4096.0,3598.0,766.0,0.255,0.841,98.899,0.0,0.0,0.005,1493170440.821,
0.230,0.836,98.909,0.020,0.0,0.005,0.0,7372.800,58849.600,258639356.600,0.0,0.0,3492.200,739.400,0.600,0.200,0.0,6017777664.0,2596864.0,1.41143822336e+11,21615996928.0,0.0,0.0,0.0,7372.800,3491.600,739.0,0.225,0.836,98.914,0.020,0.0,0.005,1493170445.821,
0.200,0.665,99.124,0.010,0.0,0.0,0.0,4915.200,56613.800,210579634.400,0.0,0.0,2819.800,627.0,0.800,0.200,0.0,6031949824.0,2605056.0,1.41143822336e+11,21601816576.0,0.0,0.0,0.0,4915.200,2819.800,627.0,0.200,0.665,99.124,0.010,0.0,0.0,1493170450.821,
0.185,0.710,99.084,0.010,0.0,0.010,0.0,4096.0,64861.400,220433136.200,0.0,0.0,2906.200,633.600,0.200,0.0,0.0,6030147584.0,2613248.0,1.41143822336e+11,21603610624.0,0.0,0.0,0.0,4096.0,2906.800,634.0,0.185,0.715,99.080,0.010,0.0,0.010,1493170455.821,
0.160,0.600,99.240,0.0,0.0,0.0,0.0,4915.200,48025.800,181788464.800,0.0,0.0,2449.400,543.800,0.600,0.0,0.0,6021959680.0,2621440.0,1.41143822336e+11,21611790336.0,0.0,0.0,0.0,4915.200,2450.400,543.800,0.160,0.595,99.245,0.0,0.0,0.0,1493170460.821,
0.150,0.540,99.310,0.0,0.0,0.0,0.0,2457.600,43166.0,169744777.800,0.0,0.0,2292.0,509.800,0.200,0.0,0.0,6036480000.0,2621440.0,1.41143822336e+11,21597270016.0,0.0,0.0,0.0,2457.600,2290.400,509.400,0.155,0.540,99.305,0.0,0.0,0.0,1493170465.821,
0.145,0.560,99.285,0.010,0.0,0.0,0.0,2457.600,53459.600,169409612.400,0.0,0.0,2329.0,535.600,0.0,0.0,0.0,6020976640.0,2629632.0,1.41143822336e+11,21612765184.0,0.0,0.0,0.0,2457.600,2329.0,535.600,0.140,0.560,99.290,0.010,0.0,0.0,1493170470.821,
0.160,0.540,99.299,0.0,0.0,0.0,0.0,0.0,38486.800,169949292.0,0.0,0.0,2311.0,547.800,0.200,0.0,0.400,6037856256.0,2629632.0,1.41143826432e+11,21595881472.0,0.0,0.0,0.0,0.0,2311.0,547.800,0.160,0.545,99.294,0.0,0.0,0.0,1493170475.821,
0.185,0.610,99.185,0.020,0.0,0.0,0.0,7372.800,49791.800,188779750.200,0.0,0.0,2569.0,622.400,0.0,0.200,0.0,6037622784.0,2646016.0,1.41143826432e+11,21596098560.0,0.0,0.0,0.0,7372.800,2569.0,622.400,0.185,0.605,99.190,0.020,0.0,0.0,1493170480.821,
0.230,0.876,98.879,0.010,0.0,0.005,0.0,8192.0,88746.800,272567393.800,0.0,0.0,3742.400,770.0,0.200,0.0,0.0,6023139328.0,2654208.0,1.41143826432e+11,21610573824.0,0.0,0.0,0.0,8192.0,3742.400,770.0,0.230,0.876,98.879,0.010,0.0,0.005,1493170485.821,
0.205,0.801,98.984,0.0,0.0,0.010,0.0,3276.800,69046.200,244614111.600,0.0,0.0,3354.200,715.400,0.800,0.0,0.0,6022512640.0,2662400.0,1.41143826432e+11,21611192320.0,0.0,0.0,0.0,3276.800,3354.200,715.400,0.205,0.801,98.984,0.0,0.0,0.010,1493170490.821,
0.220,0.756,99.019,0.0,0.0,0.005,0.0,2457.600,56517.400,242524980.200,0.0,0.0,3287.800,687.200,0.200,0.0,0.0,6022098944.0,2670592.0,1.41143826432e+11,21611597824.0,0.0,0.0,0.0,2457.600,3287.800,687.200,0.225,0.756,99.014,0.0,0.0,0.005,1493170495.821,
0.225,0.881,98.894,0.0,0.0,0.0,0.0,0.0,60700.600,264490172.0,0.0,0.0,3547.400,736.800,0.600,0.0,0.0,6021197824.0,2670592.0,1.41143826432e+11,21612498944.0,0.0,0.0,0.0,0.0,3548.800,736.800,0.220,0.886,98.894,0.0,0.0,0.0,1493170500.821,
0.240,0.871,98.874,0.010,0.0,0.005,0.0,2457.600,57506.200,271599984.400,0.0,0.0,3646.800,760.600,0.400,0.0,0.400,6021013504.0,2678784.0,1.41143830528e+11,21612670976.0,0.0,0.0,0.0,2457.600,3645.400,760.600,0.245,0.866,98.874,0.010,0.0,0.005,1493170505.821,
0.240,0.836,98.909,0.010,0.0,0.005,0.0,5734.400,63027.200,266966075.0,0.0,0.0,3575.0,780.0,0.400,0.200,0.0,6036025344.0,2686976.0,1.41143830528e+11,21597650944.0,0.0,0.0,0.0,5734.400,3575.400,780.400,0.235,0.841,98.909,0.010,0.0,0.005,1493170510.821,
0.215,0.796,98.974,0.005,0.0,0.010,0.0,4915.200,95981.800,241323662.200,0.0,0.0,3310.200,720.600,0.600,0.0,0.0,6032834560.0,2695168.0,1.41143830528e+11,21600833536.0,0.0,0.0,0.0,4915.200,3314.200,720.400,0.220,0.795,98.969,0.005,0.0,0.010,1493170515.821,
0.235,0.881,98.884,0.0,0.0,0.0,0.0,4915.200,89372.400,267357762.400,0.0,0.0,3572.0,763.200,0.400,0.0,0.0,6019538944.0,2703360.0,1.41143830528e+11,21614120960.0,0.0,0.0,0.0,4915.200,3568.800,763.0,0.230,0.876,98.894,0.0,0.0,0.0,1493170520.821,
0.280,1.081,98.618,0.010,0.0,0.010,0.0,4096.0,112374.200,339117963.800,0.0,0.0,4540.400,944.0,0.600,0.0,0.0,6020571136.0,2711552.0,1.41143830528e+11,21613080576.0,0.0,0.0,0.0,4096.0,4539.400,944.0,0.280,1.081,98.618,0.010,0.0,0.010,1493170525.821,
0.250,1.021,98.723,0.0,0.0,0.005,0.0,4915.200,130255.400,316021445.600,0.0,0.0,4315.600,921.0,1.0,0.0,0.0,6019682304.0,2719744.0,1.41143830528e+11,21613961216.0,0.0,0.0,0.0,4915.200,4321.600,922.0,0.250,1.021,98.723,0.0,0.0,0.005,1493170530.821,
0.210,0.771,99.014,0.0,0.0,0.005,0.0,2457.600,93976.800,235926208.600,0.0,0.0,3199.0,695.800,0.600,0.0,0.200,6020726784.0,2719744.0,1.41143830528e+11,21612916736.0,0.0,0.0,0.0,2457.600,3193.600,695.200,0.210,0.771,99.014,0.0,0.0,0.005,1493170535.821,
0.170,0.630,99.195,0.005,0.0,0.0,0.0,2457.600,60456.800,188407219.600,0.0,0.0,2583.600,573.800,0.400,0.0,0.0,6021165056.0,2727936.0,1.41143830528e+11,21612470272.0,0.0,0.0,0.0,2457.600,2585.600,573.400,0.170,0.630,99.195,0.005,0.0,0.0,1493170540.821,
0.175,0.676,99.144,0.0,0.0,0.005,0.0,24576.0,63681.400,205183666.800,0.0,24576.0,2813.400,643.0,0.200,0.0,0.400,6029807616.0,2727936.0,1.41143728128e+11,21603930112.0,0.0,24576.0,0.0,24576.0,2810.800,643.400,0.180,0.676,99.139,0.0,0.0,0.005,1493170545.820,
0.285,1.016,98.674,0.010,0.0,0.015,0.0,3276.800,107381.600,313295916.600,0.0,0.0,4229.800,927.600,0.200,0.0,0.0,6016471040.0,2736128.0,1.41143728128e+11,21617258496.0,0.0,0.0,0.0,3276.800,4229.800,927.600,0.280,1.021,98.674,0.010,0.0,0.015,1493170550.821,
0.255,1.046,98.689,0.010,0.0,0.0,0.0,4915.200,107175.0,315016182.200,0.0,0.0,4262.200,904.600,0.400,0.200,0.0,6028718080.0,2744320.0,1.41143728128e+11,21605003264.0,0.0,0.0,0.0,4915.200,4262.600,904.600,0.255,1.041,98.694,0.010,0.0,0.0,1493170555.821,
0.175,0.630,99.195,0.0,0.0,0.0,0.0,3276.800,52545.0,193120652.800,0.0,0.0,2673.400,588.400,0.400,0.0,0.0,6022545408.0,2752512.0,1.41143724032e+11,21611171840.0,0.0,0.0,0.0,3276.800,2672.800,588.0,0.180,0.630,99.190,0.0,0.0,0.0,1493170560.821,
0.180,0.635,99.164,0.015,0.0,0.005,0.0,7372.800,60289.400,200522122.0,0.0,0.0,2800.200,592.600,0.0,0.0,0.0,6021230592.0,2768896.0,1.41143724032e+11,21612470272.0,0.0,0.0,0.0,7372.800,2802.200,594.0,0.175,0.640,99.164,0.015,0.0,0.005,1493170565.821,
0.170,0.705,99.120,0.0,0.0,0.005,0.0,0.0,68635.800,208455312.0,0.0,0.0,2861.400,620.600,0.0,0.0,0.0,6022426624.0,2768896.0,1.41143724032e+11,21611274240.0,0.0,0.0,0.0,0.0,2860.400,619.200,0.175,0.700,99.120,0.0,0.0,0.005,1493170570.821,
0.185,0.656,99.144,0.015,0.0,0.0,0.0,2457.600,68039.800,207936599.0,0.0,0.0,2895.0,596.400,0.400,0.0,0.0,6023778304.0,2777088.0,1.41143724032e+11,21609914368.0,0.0,0.0,0.0,2457.600,2894.0,596.400,0.180,0.656,99.149,0.015,0.0,0.0,1493170575.821,
0.185,0.650,99.154,0.0,0.0,0.010,0.0,0.0,68640.200,202429027.200,0.0,0.0,2813.200,613.600,0.800,0.0,0.400,6024966144.0,2777088.0,1.41143728128e+11,21608722432.0,0.0,0.0,0.0,0.0,2817.0,613.800,0.185,0.651,99.154,0.0,0.0,0.010,1493170580.821,
0.200,0.801,98.984,0.015,0.0,0.0,0.0,8192.0,82830.600,243522587.800,0.0,0.0,3375.600,697.400,0.800,0.200,0.0,6035206144.0,2793472.0,1.41143724032e+11,21598470144.0,0.0,0.0,0.0,8192.0,3372.400,697.600,0.200,0.806,98.979,0.015,0.0,0.0,1493170585.821,
0.260,0.966,98.759,0.010,0.0,0.005,0.0,4915.200,85300.0,298915306.0,0.0,0.0,4034.0,817.400,0.600,0.0,0.0,6023311360.0,2801664.0,1.4114371584e+11,21610364928.0,0.0,0.0,0.0,4915.200,4033.400,817.0,0.265,0.961,98.759,0.010,0.0,0.005,1493170590.821,
0.145,0.505,99.345,0.005,0.0,0.0,0.0,3276.800,54350.400,182880005.200,0.0,0.0,2490.400,468.0,0.200,0.0,0.0,5863772160.0,2809856.0,1.41143724032e+11,21769887744.0,0.0,0.0,0.0,3276.800,2490.400,468.0,0.140,0.505,99.350,0.005,0.0,0.0,1493170595.821,
