"Dstat 0.7.2 CSV output"
"Author:","Dag Wieers <dag@wieers.com>",,,,"URL:","http://dag.wieers.com/home-made/dstat/"
"Host:","client0.skyhook-1osds.skyhook-pg0.wisc.cloudlab.us",,,,"User:","jlefevre"
"Cmdline:","dstat -av --epoch --integer --noheaders --output 1osd.dstat-client0.log 5",,,,"Date:","25 Apr 2017 15:29:27 CDT"

"total cpu usage",,,,,,"dsk/total",,"net/total",,"paging",,"system",,"procs",,,"memory usage",,,,"paging",,"dsk/total",,"system",,"total cpu usage",,,,,,"epoch"
"usr","sys","idl","wai","hiq","siq","read","writ","recv","send","in","out","int","csw","run","blk","new","used","buff","cach","free","in","out","read","writ","int","csw","usr","sys","idl","wai","hiq","siq","epoch"
0.025,0.035,99.925,0.010,0.0,0.005,0.0,8192.0,40127.200,969.400,0.0,0.0,376.400,7017.800,0.0,0.0,0.0,5483991040.0,228737024.0,1.47390414848e+11,15677050880.0,0.0,0.0,0.0,8192.0,376.0,7017.0,0.025,0.030,99.930,0.010,0.0,0.005,1493184167.149,
1.539,0.376,97.910,0.025,0.0,0.150,0.0,13926.400,162844369.0,52638.600,0.0,0.0,2743.400,7937.200,1.0,0.0,5.200,5712199680.0,228749312.0,1.47390418944e+11,15448825856.0,0.0,0.0,0.0,13926.400,2750.200,7938.400,1.548,0.376,97.900,0.025,0.0,0.150,1493184172.149,
4.713,0.887,93.818,0.0,0.0,0.582,0.0,54067.200,494562912.600,121895.600,0.0,0.0,7358.400,8741.800,2.200,0.0,0.400,5713829888.0,228753408.0,1.47390521344e+11,15447089152.0,0.0,0.0,0.0,54067.200,7357.200,8743.0,4.703,0.887,93.828,0.0,0.0,0.582,1493184177.149,
4.459,0.822,94.213,0.020,0.0,0.486,0.0,69632.0,490959883.600,154342.400,0.0,0.0,7102.0,9982.600,2.400,0.0,0.0,5682315264.0,228761600.0,1.47390676992e+11,15478439936.0,0.0,0.0,0.0,69632.0,7102.800,9982.200,4.465,0.827,94.203,0.020,0.0,0.486,1493184182.149,
4.601,0.868,94.154,0.0,0.0,0.376,0.0,82739.200,481861763.200,154551.0,0.0,0.0,6897.800,9663.200,2.0,0.0,0.400,5694353408.0,228765696.0,1.47390836736e+11,15466237952.0,0.0,0.0,0.0,82739.200,6891.200,9661.200,4.597,0.863,94.164,0.0,0.0,0.376,1493184187.149,
4.425,0.833,94.270,0.030,0.0,0.442,0.0,63897.600,498547974.800,170258.200,0.0,0.0,6883.800,10005.0,1.800,0.0,0.0,5713031168.0,228777984.0,1.4739099648e+11,15447388160.0,0.0,0.0,0.0,63897.600,6886.800,10005.0,4.426,0.833,94.269,0.030,0.0,0.442,1493184192.149,
4.524,0.933,93.992,0.030,0.0,0.522,0.0,66355.200,496065289.400,127595.0,0.0,0.0,7157.0,8970.600,2.600,0.0,0.0,5700071424.0,228782080.0,1.4739116032e+11,15460179968.0,0.0,0.0,0.0,66355.200,7160.400,8988.600,4.532,0.937,93.979,0.030,0.0,0.521,1493184197.149,
4.551,0.836,93.962,0.050,0.0,0.601,0.0,66355.200,488194969.400,129048.400,0.0,0.0,6951.200,9497.800,2.600,0.0,0.0,5699313664.0,228790272.0,1.47391320064e+11,15460769792.0,0.0,0.0,0.0,66355.200,6945.400,9479.800,4.541,0.831,93.977,0.050,0.0,0.601,1493184202.149,
4.580,0.878,94.021,0.030,0.0,0.492,0.0,71270.400,497944472.200,264227.800,0.0,0.0,7373.0,10863.400,3.0,0.0,4.800,5691260928.0,228794368.0,1.4739150848e+11,15468630016.0,0.0,0.0,0.0,71270.400,7373.800,10863.800,4.581,0.878,94.020,0.030,0.0,0.492,1493184207.149,
4.754,0.767,93.977,0.055,0.0,0.446,0.0,72908.800,502711125.600,214410.200,0.0,0.0,6944.200,11793.0,2.400,0.0,1.0,5678546944.0,228806656.0,1.47391668224e+11,15481171968.0,0.0,0.0,0.0,72908.800,6948.800,11793.600,4.758,0.772,93.968,0.055,0.0,0.446,1493184212.149,
4.496,0.808,94.330,0.040,0.0,0.326,0.0,72089.600,485113602.200,208506.200,0.0,0.0,6796.800,11571.200,1.600,0.0,0.400,5717098496.0,228806656.0,1.4739183616e+11,15442452480.0,0.0,0.0,0.0,72089.600,6791.800,11570.200,4.496,0.803,94.335,0.040,0.0,0.326,1493184217.149,
4.504,0.853,94.217,0.020,0.0,0.406,0.0,81100.800,483459955.200,139400.0,0.0,0.0,6690.600,9512.200,1.0,0.0,0.0,5695344640.0,228818944.0,1.47392004096e+11,15464026112.0,0.0,0.0,0.0,81100.800,6689.800,9513.800,4.504,0.853,94.217,0.020,0.0,0.406,1493184222.149,
4.582,0.748,94.244,0.020,0.0,0.406,0.0,70451.200,492301204.0,182811.800,0.0,0.0,6988.400,11198.400,0.600,0.0,0.0,5696217088.0,228823040.0,1.47392172032e+11,15462981632.0,0.0,0.0,0.0,70451.200,6988.200,11196.800,4.578,0.748,94.248,0.020,0.0,0.407,1493184227.149,
4.548,0.783,94.262,0.0,0.0,0.407,0.0,67993.600,489354990.200,204793.600,0.0,0.0,6923.600,10150.200,2.0,0.0,0.0,5676879872.0,228831232.0,1.47392339968e+11,15482142720.0,0.0,0.0,0.0,67993.600,6924.600,10150.200,4.557,0.783,94.254,0.0,0.0,0.406,1493184232.149,
4.488,0.919,94.132,0.040,0.0,0.422,0.0,76185.600,477584846.0,167988.0,0.0,0.0,7115.0,9176.200,2.600,0.0,0.400,5692952576.0,228839424.0,1.47392516096e+11,15465885696.0,0.0,0.0,0.0,76185.600,7116.800,9202.400,4.488,0.919,94.131,0.040,0.0,0.422,1493184237.149,
4.558,0.753,94.292,0.035,0.0,0.361,0.0,62259.200,486409735.800,196891.200,0.0,0.0,6738.0,10663.200,3.200,0.0,0.400,5702914048.0,228843520.0,1.47392679936e+11,15455756288.0,0.0,0.0,0.0,62259.200,6738.400,10641.400,4.548,0.753,94.302,0.035,0.0,0.361,1493184242.149,
4.650,0.732,94.146,0.050,0.0,0.421,0.0,67993.600,483461840.600,188410.200,0.0,0.0,6766.600,10783.0,1.600,0.0,0.0,5701165056.0,228859904.0,1.47392847872e+11,15457320960.0,0.0,0.0,0.0,67993.600,6763.800,10778.600,4.650,0.732,94.146,0.050,0.0,0.421,1493184247.149,
4.395,0.773,94.420,0.035,0.0,0.377,0.0,70451.200,493489432.600,265685.600,0.0,0.0,7258.600,11448.200,2.400,0.0,0.0,5692891136.0,228859904.0,1.47393011712e+11,15465431040.0,0.0,0.0,0.0,70451.200,7263.0,11455.200,4.400,0.774,94.414,0.035,0.0,0.377,1493184252.149,
4.613,0.813,94.147,0.040,0.0,0.387,0.0,94208.0,485221763.800,210319.400,0.0,0.0,7167.800,10453.200,4.0,0.0,0.600,5674868736.0,228872192.0,1.4739318784e+11,15483265024.0,0.0,0.0,0.0,94208.0,7164.200,10462.0,4.613,0.813,94.148,0.040,0.0,0.386,1493184257.149,
4.337,0.804,94.482,0.025,0.0,0.352,0.0,63897.600,498199409.200,348604.800,0.0,0.0,7416.200,12090.400,2.400,0.0,0.0,5684367360.0,228876288.0,1.47393347584e+11,15473602560.0,0.0,0.0,0.0,63897.600,7422.0,12084.200,4.341,0.804,94.478,0.025,0.0,0.352,1493184262.149,
4.569,0.841,93.849,0.045,0.0,0.696,0.0,70451.200,498030632.400,211277.800,0.0,0.0,7244.400,10187.200,2.200,0.0,0.0,5664169984.0,228884480.0,1.47393511424e+11,15493627904.0,0.0,0.0,0.0,70451.200,7241.600,10178.400,4.565,0.841,93.853,0.045,0.0,0.696,1493184267.149,
4.655,0.854,94.019,0.040,0.0,0.432,0.0,66355.200,489265318.200,237383.400,0.0,0.0,7203.600,10550.800,3.200,0.0,0.0,5678297088.0,228888576.0,1.4739367936e+11,15479328768.0,0.0,0.0,0.0,66355.200,7202.200,10554.600,4.655,0.854,94.020,0.040,0.0,0.432,1493184272.149,
4.588,0.788,94.202,0.035,0.0,0.387,0.0,67174.400,489619267.200,212327.600,0.0,0.0,6857.0,10777.600,2.200,0.0,0.0,5679910912.0,228896768.0,1.47393839104e+11,15477547008.0,0.0,0.0,0.0,67174.400,6854.400,10773.200,4.589,0.788,94.202,0.035,0.0,0.387,1493184277.149,
4.333,0.768,94.467,0.035,0.0,0.397,0.0,66355.200,493438193.400,185478.800,0.0,0.0,6804.200,10510.600,1.800,0.0,0.800,5708263424.0,228913152.0,1.47394015232e+11,15449001984.0,0.0,0.0,0.0,66355.200,6808.0,10515.200,4.329,0.768,94.471,0.035,0.0,0.397,1493184282.149,
4.413,0.763,94.433,0.045,0.0,0.346,0.0,71270.400,479381889.800,201311.0,0.0,0.0,6702.400,10979.400,2.400,0.0,0.0,5714935808.0,228921344.0,1.47394187264e+11,15442149376.0,0.0,0.0,0.0,71270.400,6700.400,10980.200,4.416,0.763,94.429,0.045,0.0,0.346,1493184287.149,
4.396,0.843,94.339,0.030,0.0,0.391,0.0,86016.0,483462300.800,156407.0,0.0,0.0,6754.800,10152.800,2.200,0.0,0.0,5732286464.0,228929536.0,1.473943552e+11,15424622592.0,0.0,0.0,0.0,86016.0,6753.600,10147.200,4.396,0.843,94.339,0.030,0.0,0.391,1493184292.149,
4.431,0.733,94.440,0.025,0.0,0.371,0.0,67174.400,485609463.0,197285.200,0.0,0.0,6667.0,10855.600,2.800,0.0,0.0,5714366464.0,228945920.0,1.4739451904e+11,15442362368.0,0.0,0.0,0.0,67174.400,6674.0,10860.400,4.432,0.733,94.438,0.025,0.0,0.371,1493184297.149,
4.501,0.874,94.263,0.015,0.0,0.347,0.0,63897.600,485173743.600,205904.0,0.0,0.0,7241.800,9873.200,2.800,0.0,0.200,5702672384.0,228945920.0,1.47394674688e+11,15453900800.0,0.0,0.0,0.0,63897.600,7239.400,9868.400,4.500,0.879,94.259,0.015,0.0,0.347,1493184302.149,
4.643,0.923,94.044,0.0,0.0,0.391,0.0,69632.0,492411586.600,131684.400,0.0,0.0,6949.400,9382.800,2.800,0.0,0.400,5671755776.0,228958208.0,1.47394842624e+11,15484637184.0,0.0,0.0,0.0,69632.0,6947.400,9383.200,4.643,0.917,94.049,0.0,0.0,0.391,1493184307.149,
4.631,0.788,94.115,0.025,0.0,0.442,0.0,65536.0,499043861.800,235732.400,0.0,0.0,7563.400,11005.800,2.800,0.0,0.0,5679681536.0,228966400.0,1.47395002368e+11,15476543488.0,0.0,0.0,0.0,65536.0,7566.600,11006.400,4.626,0.793,94.114,0.025,0.0,0.442,1493184312.149,
4.638,0.793,94.107,0.040,0.0,0.422,0.0,66355.200,499330774.0,199232.800,0.0,0.0,7056.200,10055.0,2.600,0.0,0.400,5703614464.0,228982784.0,1.47395170304e+11,15452426240.0,0.0,0.0,0.0,66355.200,7053.800,10055.200,4.639,0.788,94.111,0.040,0.0,0.422,1493184317.149,
4.552,0.784,94.218,0.040,0.0,0.407,0.0,69632.0,498171370.200,246348.800,0.0,0.0,7246.600,10716.600,2.600,0.0,0.0,5682831360.0,228986880.0,1.47395342336e+11,15473033216.0,0.0,0.0,0.0,69632.0,7243.200,10715.400,4.556,0.784,94.213,0.040,0.0,0.407,1493184322.149,
4.738,0.723,94.053,0.040,0.0,0.447,0.0,83558.400,507039096.200,210113.400,0.0,0.0,7068.0,11058.0,2.800,0.0,0.0,5680873472.0,228995072.0,1.47395506176e+11,15474819072.0,0.0,0.0,0.0,83558.400,7068.400,11065.400,4.738,0.723,94.052,0.040,0.0,0.447,1493184327.149,
4.165,1.214,94.229,0.010,0.0,0.381,0.0,66355.200,446970013.400,142387.800,0.0,0.0,6359.600,9732.600,2.200,0.0,0.400,5677871104.0,228995072.0,1.47395670016e+11,15477657600.0,0.0,0.0,0.0,66355.200,6359.800,9739.200,4.160,1.220,94.229,0.010,0.0,0.381,1493184332.149,
4.371,1.613,93.715,0.015,0.0,0.286,0.0,64716.800,484388456.200,187912.200,0.0,0.0,7103.600,10576.400,3.0,0.0,0.0,5666926592.0,229003264.0,1.47395821568e+11,15488442368.0,0.0,0.0,0.0,64716.800,7108.400,10562.600,4.381,1.608,93.710,0.015,0.0,0.286,1493184337.149,
4.552,1.220,93.902,0.0,0.0,0.326,0.0,69632.0,486608837.0,161085.0,0.0,0.0,6891.600,10598.200,2.200,0.0,0.0,5673627648.0,229007360.0,1.47395989504e+11,15481569280.0,0.0,0.0,0.0,69632.0,6886.0,10598.0,4.547,1.225,93.902,0.0,0.0,0.326,1493184342.149,
4.131,1.601,94.011,0.030,0.0,0.226,0.0,72089.600,459812430.600,206034.200,0.0,0.0,6721.0,13137.200,2.400,0.0,0.0,5673365504.0,229015552.0,1.47396161536e+11,15481651200.0,0.0,0.0,0.0,72089.600,6726.200,13137.200,4.127,1.597,94.020,0.030,0.0,0.226,1493184347.149,
4.261,1.233,93.969,0.010,0.0,0.526,0.0,67174.400,477005637.600,225492.200,0.0,0.0,7198.600,11866.200,2.400,0.0,0.400,5681065984.0,229015552.0,1.47396329472e+11,15473782784.0,0.0,0.0,0.0,67174.400,7199.0,11866.800,4.266,1.238,93.960,0.010,0.0,0.526,1493184352.149,
4.415,0.953,94.235,0.030,0.0,0.366,0.0,74547.200,478222157.400,178074.200,0.0,0.0,7012.0,10592.0,3.0,0.0,0.400,5678350336.0,229023744.0,1.47396497408e+11,15476322304.0,0.0,0.0,0.0,74547.200,7006.800,10591.400,4.420,0.948,94.235,0.030,0.0,0.366,1493184357.149,
4.281,0.797,94.250,0.150,0.0,0.521,0.0,6957465.600,498204322.0,221033.0,0.0,0.0,7036.600,11112.0,1.400,0.200,0.0,5651652608.0,229040128.0,1.47379724288e+11,15519776768.0,0.0,0.0,0.0,6957465.600,7037.400,11113.600,4.276,0.797,94.255,0.150,0.0,0.521,1493184362.149,
4.509,0.859,94.180,0.045,0.0,0.407,0.0,113868.800,486251677.400,189631.0,0.0,0.0,7282.600,9763.400,1.800,0.0,0.0,5673938944.0,229052416.0,1.47379900416e+11,15497302016.0,0.0,0.0,0.0,113868.800,7282.600,9761.800,4.509,0.859,94.180,0.045,0.0,0.407,1493184367.149,
4.429,0.773,94.421,0.025,0.0,0.352,0.0,72908.800,492466561.0,239201.0,0.0,0.0,7170.600,10863.800,2.200,0.0,0.0,5659656192.0,229068800.0,1.47380068352e+11,15511400448.0,0.0,0.0,0.0,72908.800,7174.800,10864.400,4.424,0.773,94.420,0.025,0.0,0.357,1493184372.149,
4.263,0.864,94.416,0.035,0.0,0.422,0.0,66355.200,498200627.800,217593.800,0.0,0.0,7149.800,10541.800,3.600,0.0,0.0,5681606656.0,229072896.0,1.47380228096e+11,15489286144.0,0.0,0.0,0.0,66355.200,7144.600,10541.400,4.268,0.864,94.416,0.035,0.0,0.417,1493184377.149,
4.394,0.834,94.391,0.020,0.0,0.362,0.0,67993.600,489356380.0,277763.800,0.0,0.0,7252.400,10869.200,1.800,0.0,0.400,5667389440.0,229081088.0,1.47380391936e+11,15503331328.0,0.0,0.0,0.0,67993.600,7252.600,10869.200,4.399,0.839,94.381,0.020,0.0,0.362,1493184382.149,
4.549,0.863,94.198,0.035,0.0,0.356,0.0,62259.200,495254658.800,180948.600,0.0,0.0,6899.200,10371.600,3.0,0.0,0.400,5661904896.0,229101568.0,1.47380559872e+11,15508627456.0,0.0,0.0,0.0,62259.200,6899.400,10371.400,4.543,0.858,94.208,0.035,0.0,0.356,1493184387.149,
4.521,0.773,94.240,0.045,0.0,0.421,0.0,74547.200,489357453.800,158128.800,0.0,0.0,6775.400,9840.0,2.0,0.0,0.200,5693177856.0,229113856.0,1.47380748288e+11,15477153792.0,0.0,0.0,0.0,74547.200,6774.400,9840.0,4.516,0.773,94.244,0.045,0.0,0.422,1493184392.149,
4.617,0.902,93.959,0.045,0.0,0.476,0.0,73728.0,489359967.0,125616.600,0.0,0.0,7138.600,9247.400,3.400,0.0,0.0,5695528960.0,229113856.0,1.47380903936e+11,15474647040.0,0.0,0.0,0.0,73728.0,7138.400,9247.400,4.623,0.903,93.953,0.045,0.0,0.476,1493184397.149,
4.178,1.552,93.975,0.0,0.0,0.296,0.0,77824.0,430887093.200,155849.600,0.0,0.0,6698.400,9485.600,2.800,0.0,0.0,5667958784.0,229126144.0,1.47381067776e+11,15502041088.0,0.0,0.0,0.0,77824.0,6701.200,9487.800,4.177,1.556,93.970,0.0,0.0,0.296,1493184402.149,
4.201,2.012,93.386,0.005,0.0,0.396,0.0,72089.600,444043653.400,199626.200,0.0,0.0,7047.0,9934.400,2.200,0.0,0.400,5673082880.0,229130240.0,1.4738122752e+11,15496753152.0,0.0,0.0,0.0,72089.600,7045.0,9932.200,4.201,2.008,93.390,0.005,0.0,0.397,1493184407.149,
4.003,1.758,93.938,0.005,0.0,0.296,0.0,63078.400,432487588.200,151499.800,0.0,0.0,6635.200,9369.200,2.0,0.0,0.0,5651722240.0,229142528.0,1.47381383168e+11,15517945856.0,0.0,0.0,0.0,63078.400,6638.400,9370.400,3.998,1.758,93.943,0.005,0.0,0.296,1493184412.149,
3.406,2.060,94.313,0.005,0.0,0.216,0.0,62259.200,361817325.400,142397.200,0.0,0.0,5878.0,9257.600,1.800,0.0,0.400,5656473600.0,229142528.0,1.4738153472e+11,15513042944.0,0.0,0.0,0.0,62259.200,5874.400,9256.400,3.406,2.065,94.309,0.005,0.0,0.216,1493184417.149,
3.179,2.139,94.511,0.0,0.0,0.171,0.0,68812.800,353617297.200,149357.400,0.0,0.0,5634.400,9533.200,2.800,0.0,0.400,5679902720.0,229150720.0,1.47381669888e+11,15489470464.0,0.0,0.0,0.0,68812.800,5637.0,9536.400,3.184,2.134,94.511,0.0,0.0,0.171,1493184422.149,
3.837,1.886,94.076,0.005,0.0,0.196,0.0,61440.0,443833936.800,170432.400,0.0,0.0,6521.600,12920.200,2.0,0.0,0.0,5653987328.0,229150720.0,1.4738180096e+11,15515254784.0,0.0,0.0,0.0,61440.0,6518.600,12917.0,3.837,1.886,94.076,0.005,0.0,0.196,1493184427.149,
4.240,1.235,94.184,0.035,0.0,0.306,0.0,71270.400,484286372.400,192161.200,0.0,0.0,6849.600,12150.200,2.200,0.0,0.800,5649059840.0,229158912.0,1.47381948416e+11,15520026624.0,0.0,0.0,0.0,71270.400,6854.400,12150.600,4.240,1.234,94.185,0.035,0.0,0.306,1493184432.149,
4.478,0.708,94.367,0.045,0.0,0.402,0.0,76185.600,480466743.400,188587.800,0.0,0.0,6590.600,10420.0,0.800,0.0,0.0,5663129600.0,229167104.0,1.47382112256e+11,15505784832.0,0.0,0.0,0.0,76185.600,6586.0,10419.600,4.478,0.708,94.367,0.045,0.0,0.402,1493184437.149,
4.794,0.858,93.921,0.035,0.0,0.392,0.0,71270.400,501145869.800,219101.0,0.0,0.0,7198.400,10862.0,2.400,0.0,0.400,5654241280.0,229175296.0,1.47382276096e+11,15514501120.0,0.0,0.0,0.0,71270.400,7198.600,10862.0,4.794,0.858,93.921,0.035,0.0,0.392,1493184442.149,
4.114,1.199,94.360,0.050,0.0,0.276,0.0,70451.200,462032942.600,212875.200,0.0,0.0,6609.400,12228.800,1.400,0.0,0.0,5663723520.0,229183488.0,1.47382439936e+11,15504846848.0,0.0,0.0,0.0,70451.200,6609.800,12228.800,4.115,1.199,94.360,0.050,0.0,0.276,1493184447.149,
4.470,0.904,94.244,0.045,0.0,0.337,0.0,69632.0,494905440.800,266747.200,0.0,0.0,7105.200,12036.800,3.200,0.0,0.400,5705056256.0,229183488.0,1.47382603776e+11,15463350272.0,0.0,0.0,0.0,69632.0,7107.800,12039.400,4.471,0.904,94.243,0.045,0.0,0.337,1493184452.149,
4.394,0.829,94.271,0.035,0.0,0.472,0.0,70451.200,476170232.200,213585.800,0.0,0.0,6706.600,10682.400,2.0,0.0,0.400,5682884608.0,229191680.0,1.47382771712e+11,15485345792.0,0.0,0.0,0.0,70451.200,6704.600,10679.800,4.388,0.828,94.276,0.035,0.0,0.472,1493184457.149,
4.417,0.853,94.308,0.005,0.0,0.417,0.0,63078.400,494854710.400,229685.600,0.0,0.0,7268.0,10326.400,2.800,0.0,0.800,5676924928.0,229191680.0,1.4738292736e+11,15491149824.0,0.0,0.0,0.0,63078.400,7267.800,10328.200,4.423,0.853,94.302,0.005,0.0,0.417,1493184462.149,
4.482,0.918,94.193,0.015,0.0,0.391,0.0,73728.0,491710936.200,298470.0,0.0,0.0,7556.0,11298.200,3.600,0.0,0.400,5701779456.0,229216256.0,1.47383107584e+11,15466090496.0,0.0,0.0,0.0,73728.0,7563.200,11297.0,4.481,0.923,94.189,0.015,0.0,0.391,1493184467.149,
4.574,0.910,94.119,0.035,0.0,0.362,0.0,79462.400,495850347.600,224047.400,0.0,0.0,7475.0,10085.400,2.800,0.0,0.0,5715324928.0,229228544.0,1.4738327552e+11,15452364800.0,0.0,0.0,0.0,79462.400,7467.400,10084.800,4.574,0.905,94.124,0.035,0.0,0.362,1493184472.149,
3.542,1.751,94.486,0.025,0.0,0.196,0.0,72089.600,409518703.600,197217.200,0.0,0.0,6306.0,13494.600,1.600,0.0,0.400,5674835968.0,229232640.0,1.47383443456e+11,15492681728.0,0.0,0.0,0.0,72089.600,6308.400,13500.800,3.542,1.756,94.481,0.025,0.0,0.196,1493184477.149,
0.591,0.245,99.078,0.055,0.0,0.030,0.0,72908.800,62204041.400,35000.0,0.0,0.0,1688.800,8031.0,0.0,0.0,1.400,5477556224.0,229244928.0,1.47383590912e+11,15689801728.0,0.0,0.0,0.0,72908.800,1685.800,8024.800,0.586,0.240,99.088,0.055,0.0,0.030,1493184482.149,
