"Dstat 0.7.2 CSV output"
"Author:","Dag Wieers <dag@wieers.com>",,,,"URL:","http://dag.wieers.com/home-made/dstat/"
"Host:","client0.skyhook-1osds.skyhook-pg0.wisc.cloudlab.us",,,,"User:","jlefevre"
"Cmdline:","dstat -av --epoch --integer --noheaders --output 1osd.dstat-client0.log 5",,,,"Date:","25 Apr 2017 15:29:27 CDT"

"total cpu usage",,,,,,"dsk/total",,"net/total",,"paging",,"system",,"procs",,,"memory usage",,,,"paging",,"dsk/total",,"system",,"total cpu usage",,,,,,"epoch"
"usr","sys","idl","wai","hiq","siq","read","writ","recv","send","in","out","int","csw","run","blk","new","used","buff","cach","free","in","out","read","writ","int","csw","usr","sys","idl","wai","hiq","siq","epoch"
0.045,0.015,99.915,0.025,0.0,0.0,0.0,13107.200,41440.200,1864.800,0.0,0.0,486.200,6667.200,0.0,0.0,0.400,5475500032.0,211673088.0,1.47401875456e+11,15691145216.0,0.0,0.0,0.0,13107.200,485.600,6666.800,0.045,0.015,99.915,0.025,0.0,0.0,1493167352.149,
0.060,0.025,99.905,0.0,0.0,0.010,0.0,9830.400,42154.400,4315.600,0.0,0.0,586.200,6880.0,0.400,0.0,5.600,5480849408.0,211673088.0,1.47401887744e+11,15685783552.0,0.0,0.0,0.0,9830.400,586.200,6880.0,0.060,0.030,99.900,0.0,0.0,0.010,1493167357.149,
0.050,0.055,99.850,0.040,0.0,0.005,0.0,58982.400,63605.800,20398.800,0.0,0.0,850.400,7226.400,0.600,0.200,0.0,5482635264.0,211693568.0,1.47401998336e+11,15683866624.0,0.0,0.0,0.0,58982.400,851.200,7242.600,0.050,0.050,99.855,0.040,0.0,0.005,1493167362.149,
0.080,0.060,99.835,0.020,0.0,0.005,0.0,69632.0,69173.800,21232.400,0.0,0.0,727.0,7388.400,0.0,0.200,0.0,5482512384.0,211693568.0,1.47402162176e+11,15683825664.0,0.0,0.0,0.0,69632.0,726.0,7372.200,0.080,0.060,99.835,0.020,0.0,0.005,1493167367.149,
0.065,0.045,99.850,0.030,0.0,0.010,0.0,66355.200,69043.400,21176.800,0.0,0.0,831.800,7659.800,0.200,0.200,0.0,5482303488.0,211722240.0,1.47402326016e+11,15683842048.0,0.0,0.0,0.0,66355.200,831.800,7659.800,0.065,0.045,99.850,0.030,0.0,0.010,1493167372.149,
0.065,0.060,99.830,0.040,0.0,0.005,0.0,77824.0,70421.800,20940.0,0.0,0.0,828.600,7512.400,0.0,0.200,0.0,5482246144.0,211730432.0,1.47402502144e+11,15683715072.0,0.0,0.0,0.0,77824.0,829.600,7513.400,0.065,0.065,99.825,0.040,0.0,0.005,1493167377.149,
0.080,0.075,99.805,0.030,0.0,0.010,0.0,67174.400,69012.600,20578.600,0.0,0.0,700.400,7490.400,0.0,0.200,0.0,5482323968.0,211746816.0,1.4740267008e+11,15683452928.0,0.0,0.0,0.0,67174.400,699.600,7489.400,0.080,0.070,99.810,0.030,0.0,0.010,1493167382.149,
0.080,0.060,99.815,0.035,0.0,0.010,0.0,70451.200,68710.600,20622.800,0.0,0.0,772.0,7889.600,0.0,0.200,0.0,5480181760.0,211759104.0,1.47402825728e+11,15685427200.0,0.0,0.0,0.0,70451.200,772.0,7889.600,0.080,0.065,99.810,0.035,0.0,0.010,1493167387.149,
0.050,0.050,99.850,0.040,0.0,0.010,0.0,64716.800,72488.800,20941.400,0.0,0.0,1308.200,7384.400,0.400,0.200,0.400,5479022592.0,211763200.0,1.47403001856e+11,15686406144.0,0.0,0.0,0.0,64716.800,1309.800,7442.800,0.050,0.050,99.850,0.040,0.0,0.010,1493167392.149,
0.085,0.065,99.795,0.040,0.0,0.015,0.0,68812.800,73777.400,21758.200,0.0,0.0,780.800,7569.0,0.0,0.200,0.0,5480103936.0,211783680.0,1.47403173888e+11,15685132288.0,0.0,0.0,0.0,68812.800,779.200,7510.600,0.085,0.060,99.800,0.040,0.0,0.015,1493167397.149,
0.065,0.065,99.820,0.045,0.0,0.005,0.0,70451.200,70072.800,21449.200,0.0,0.0,754.600,7668.800,0.400,0.200,0.0,5480562688.0,211783680.0,1.4740334592e+11,15684501504.0,0.0,0.0,0.0,70451.200,756.200,7672.0,0.065,0.070,99.815,0.045,0.0,0.005,1493167402.149,
0.055,0.065,99.825,0.055,0.0,0.0,0.0,69632.0,69782.200,20940.0,0.0,0.0,793.0,7429.800,0.400,0.200,0.0,5480583168.0,211800064.0,1.47403513856e+11,15684296704.0,0.0,0.0,0.0,69632.0,793.800,7455.200,0.055,0.065,99.825,0.055,0.0,0.0,1493167407.149,
0.070,0.065,99.810,0.045,0.0,0.010,0.0,74547.200,69853.0,20641.0,0.0,0.0,683.400,7620.200,0.0,0.200,0.0,5480611840.0,211804160.0,1.4740369408e+11,15684083712.0,0.0,0.0,0.0,74547.200,681.0,7591.600,0.070,0.065,99.810,0.045,0.0,0.010,1493167412.149,
0.050,0.065,99.830,0.040,0.0,0.015,0.0,68812.800,68817.0,20212.0,0.0,0.0,731.400,6940.200,0.0,0.200,0.0,5480341504.0,211812352.0,1.47403866112e+11,15684173824.0,0.0,0.0,0.0,68812.800,731.400,6940.200,0.050,0.060,99.835,0.040,0.0,0.015,1493167417.149,
0.060,0.045,99.835,0.050,0.0,0.010,0.0,67993.600,68094.0,20535.600,0.0,0.0,790.400,7570.200,0.0,0.200,0.0,5480431616.0,211824640.0,1.47404017664e+11,15683919872.0,0.0,0.0,0.0,67993.600,791.200,7589.400,0.060,0.050,99.830,0.050,0.0,0.010,1493167422.149,
0.060,0.070,99.825,0.035,0.0,0.010,0.0,65536.0,70045.400,21670.600,0.0,0.0,685.600,7505.800,0.0,0.200,0.400,5482049536.0,211828736.0,1.47404201984e+11,15682113536.0,0.0,0.0,0.0,65536.0,684.800,7486.600,0.060,0.070,99.825,0.035,0.0,0.010,1493167427.149,
0.065,0.060,99.820,0.045,0.0,0.010,0.0,72089.600,68413.800,20340.400,0.0,0.0,812.0,7612.200,0.0,0.200,0.0,5482225664.0,211841024.0,1.4740436992e+11,15681757184.0,0.0,0.0,0.0,72089.600,812.0,7612.200,0.065,0.060,99.820,0.045,0.0,0.010,1493167432.149,
0.070,0.080,99.795,0.045,0.0,0.010,0.0,73728.0,70131.0,20808.200,0.0,0.0,936.200,7345.600,0.0,0.200,0.0,5481877504.0,211849216.0,1.47404550144e+11,15681916928.0,0.0,0.0,0.0,73728.0,937.200,7353.200,0.070,0.075,99.800,0.045,0.0,0.010,1493167437.149,
0.080,0.075,99.780,0.060,0.0,0.005,0.0,69632.0,69832.0,21258.0,0.0,0.0,709.400,7245.400,0.200,0.0,0.0,5481803776.0,211865600.0,1.47404722176e+11,15681802240.0,0.0,0.0,0.0,69632.0,708.400,7237.800,0.080,0.080,99.775,0.060,0.0,0.005,1493167442.149,
0.065,0.080,99.805,0.045,0.0,0.005,0.0,80281.600,68756.800,21363.400,0.0,0.0,746.200,7695.800,0.200,0.0,0.0,5481635840.0,211865600.0,1.47404890112e+11,15681802240.0,0.0,0.0,0.0,80281.600,746.600,7695.800,0.065,0.075,99.810,0.045,0.0,0.005,1493167447.149,
0.065,0.060,99.835,0.035,0.0,0.005,0.0,70451.200,68882.200,20202.200,0.0,0.0,793.600,7399.600,0.400,0.0,0.0,5481431040.0,211877888.0,1.4740506624e+11,15681818624.0,0.0,0.0,0.0,70451.200,794.200,7422.600,0.065,0.060,99.835,0.035,0.0,0.005,1493167452.149,
0.065,0.105,99.765,0.055,0.0,0.010,0.0,70451.200,69168.800,21112.600,0.0,0.0,698.200,7393.0,0.0,0.0,0.0,5476679680.0,211886080.0,1.47405221888e+11,15686406144.0,0.0,0.0,0.0,70451.200,697.200,7370.0,0.070,0.105,99.760,0.055,0.0,0.010,1493167457.149,
0.075,0.075,99.820,0.030,0.0,0.0,0.0,65536.0,69206.800,20962.400,0.0,0.0,781.0,7333.800,0.200,0.0,0.0,5470048256.0,211886080.0,1.47405402112e+11,15692857344.0,0.0,0.0,0.0,65536.0,781.0,7333.800,0.070,0.075,99.825,0.030,0.0,0.0,1493167462.149,
0.080,0.045,99.830,0.040,0.0,0.005,0.0,68812.800,69209.200,21330.800,0.0,0.0,810.0,7438.0,0.800,0.0,0.400,5472681984.0,211898368.0,1.47405574144e+11,15690039296.0,0.0,0.0,0.0,68812.800,810.800,7458.0,0.080,0.050,99.825,0.040,0.0,0.005,1493167467.149,
0.070,0.075,99.810,0.040,0.0,0.005,0.0,69632.0,70130.0,21384.800,0.0,0.0,739.0,7566.400,0.0,0.0,0.200,5471260672.0,211898368.0,1.47405746176e+11,15691288576.0,0.0,0.0,0.0,69632.0,738.200,7546.400,0.070,0.070,99.815,0.040,0.0,0.005,1493167472.149,
0.085,0.050,99.810,0.045,0.0,0.010,0.0,70451.200,68477.600,20465.600,0.0,0.0,891.200,7552.200,0.400,0.0,0.0,5472227328.0,211914752.0,1.47405914112e+11,15690137600.0,0.0,0.0,0.0,70451.200,891.200,7552.200,0.085,0.050,99.810,0.045,0.0,0.010,1493167477.149,
0.055,0.040,99.865,0.040,0.0,0.0,0.0,75366.400,68507.400,21037.200,0.0,0.0,783.400,7278.0,0.200,0.0,0.0,5472067584.0,211918848.0,1.47406077952e+11,15690129408.0,0.0,0.0,0.0,75366.400,784.200,7302.400,0.055,0.040,99.865,0.040,0.0,0.0,1493167482.149,
0.050,0.045,99.855,0.045,0.0,0.005,0.0,71270.400,70815.0,20620.800,0.0,0.0,670.800,7564.200,0.0,0.0,0.0,5472116736.0,211935232.0,1.47406266368e+11,15689875456.0,0.0,0.0,0.0,71270.400,670.200,7540.200,0.050,0.050,99.850,0.045,0.0,0.005,1493167487.149,
0.060,0.070,99.835,0.030,0.0,0.005,0.0,69632.0,70604.0,22108.600,0.0,0.0,759.400,7724.0,0.200,0.0,0.400,5474738176.0,211947520.0,1.474064384e+11,15687069696.0,0.0,0.0,0.0,69632.0,759.200,7723.600,0.060,0.070,99.835,0.030,0.0,0.005,1493167492.149,
0.060,0.065,99.820,0.045,0.0,0.010,0.0,71270.400,76993.800,20500.0,0.0,0.0,931.400,7570.200,0.0,0.0,0.0,5474037760.0,211955712.0,1.47406610432e+11,15687589888.0,0.0,0.0,0.0,71270.400,932.0,7570.800,0.060,0.060,99.825,0.045,0.0,0.010,1493167497.149,
0.055,0.065,99.845,0.035,0.0,0.0,0.0,67993.600,69351.800,21191.200,0.0,0.0,687.600,7490.400,0.0,0.0,0.200,5474463744.0,211963904.0,1.47406782464e+11,15686983680.0,0.0,0.0,0.0,67993.600,687.200,7490.200,0.055,0.065,99.845,0.035,0.0,0.0,1493167502.149,
0.055,0.065,99.830,0.040,0.0,0.010,0.0,66355.200,69591.400,21475.0,0.0,0.0,747.200,7863.800,0.200,0.0,0.0,5474529280.0,211980288.0,1.474069504e+11,15686733824.0,0.0,0.0,0.0,66355.200,747.200,7863.400,0.055,0.070,99.825,0.040,0.0,0.010,1493167507.149,
0.065,0.060,99.825,0.040,0.0,0.010,0.0,66355.200,68562.200,20825.600,0.0,0.0,787.200,7301.600,0.400,0.0,0.0,5474840576.0,211996672.0,1.4740711424e+11,15686242304.0,0.0,0.0,0.0,66355.200,788.0,7325.600,0.065,0.060,99.825,0.040,0.0,0.010,1493167512.149,
0.080,0.080,99.795,0.035,0.0,0.010,0.0,72089.600,69133.400,20936.600,0.0,0.0,674.200,7285.200,0.0,0.0,0.0,5476995072.0,212004864.0,1.4740727808e+11,15683915776.0,0.0,0.0,0.0,72089.600,673.200,7261.200,0.080,0.075,99.800,0.035,0.0,0.010,1493167517.149,
0.070,0.065,99.815,0.040,0.0,0.010,0.0,69632.0,70008.200,20775.400,0.0,0.0,813.0,7519.600,0.400,0.0,0.0,5476446208.0,212013056.0,1.47407454208e+11,15684280320.0,0.0,0.0,0.0,69632.0,813.0,7519.600,0.070,0.070,99.810,0.040,0.0,0.010,1493167522.149,
0.055,0.055,99.840,0.045,0.0,0.005,0.0,70451.200,69140.0,21036.400,0.0,0.0,788.200,7113.0,0.200,0.0,0.400,5476888576.0,212033536.0,1.47407613952e+11,15683657728.0,0.0,0.0,0.0,70451.200,789.600,7136.200,0.055,0.050,99.845,0.045,0.0,0.005,1493167527.149,
0.085,0.055,99.810,0.045,0.0,0.005,0.0,69632.0,70560.0,21168.400,0.0,0.0,708.0,7514.800,0.0,0.0,0.0,5476671488.0,212045824.0,1.47407802368e+11,15683674112.0,0.0,0.0,0.0,69632.0,706.600,7491.600,0.085,0.055,99.810,0.045,0.0,0.005,1493167532.149,
0.070,0.055,99.825,0.050,0.0,0.0,0.0,72908.800,70414.800,21173.400,0.0,0.0,748.0,7837.200,0.400,0.0,0.0,5477224448.0,212066304.0,1.47407966208e+11,15682936832.0,0.0,0.0,0.0,72908.800,748.0,7837.200,0.070,0.060,99.820,0.050,0.0,0.0,1493167537.149,
0.055,0.050,99.850,0.040,0.0,0.005,0.0,66355.200,70821.400,20668.600,0.0,0.0,808.800,7337.400,0.200,0.0,0.200,5477437440.0,212070400.0,1.47408142336e+11,15682543616.0,0.0,0.0,0.0,66355.200,808.800,7353.400,0.055,0.045,99.855,0.040,0.0,0.005,1493167542.149,
0.060,0.045,99.845,0.050,0.0,0.0,0.0,68812.800,70253.200,20738.600,0.0,0.0,675.200,7686.0,0.0,0.0,0.0,5480501248.0,212082688.0,1.47408318464e+11,15679291392.0,0.0,0.0,0.0,68812.800,675.400,7670.0,0.060,0.045,99.845,0.050,0.0,0.0,1493167547.149,
0.050,0.060,99.845,0.040,0.0,0.005,0.0,75366.400,69549.400,20176.400,0.0,0.0,747.400,7636.200,0.200,0.0,0.0,5480095744.0,212094976.0,1.47408490496e+11,15679512576.0,0.0,0.0,0.0,75366.400,747.200,7636.200,0.055,0.060,99.840,0.040,0.0,0.005,1493167552.149,
0.085,0.055,99.815,0.045,0.0,0.0,0.0,70451.200,70586.600,21568.0,0.0,0.0,780.0,7121.800,0.800,0.0,0.400,5481996288.0,212115456.0,1.47408674816e+11,15677407232.0,0.0,0.0,0.0,70451.200,781.400,7149.200,0.080,0.060,99.815,0.045,0.0,0.0,1493167557.149,
0.040,0.045,99.870,0.040,0.0,0.005,0.0,78643.200,69970.800,20575.600,0.0,0.0,1202.800,7534.200,0.400,0.0,0.0,5482033152.0,212135936.0,1.47408846848e+11,15677177856.0,0.0,0.0,0.0,78643.200,1201.400,7506.800,0.040,0.040,99.875,0.040,0.0,0.005,1493167562.149,
0.060,0.030,99.865,0.040,0.0,0.005,0.0,71270.400,69765.800,20902.200,0.0,0.0,831.800,7537.400,0.0,0.0,0.0,5481005056.0,212135936.0,1.47409027072e+11,15678025728.0,0.0,0.0,0.0,71270.400,831.800,7537.400,0.060,0.035,99.860,0.040,0.0,0.005,1493167567.149,
0.070,0.045,99.830,0.040,0.0,0.015,0.0,71270.400,68069.600,20412.800,0.0,0.0,775.600,7632.600,0.400,0.0,0.0,5481082880.0,212144128.0,1.47409195008e+11,15677771776.0,0.0,0.0,0.0,71270.400,776.600,7650.600,0.070,0.040,99.835,0.040,0.0,0.015,1493167572.149,
0.065,0.060,99.820,0.040,0.0,0.015,0.0,66355.200,70516.600,21070.0,0.0,0.0,670.800,7526.200,0.0,0.0,0.0,5481009152.0,212160512.0,1.47409375232e+11,15677648896.0,0.0,0.0,0.0,66355.200,669.800,7508.200,0.065,0.060,99.820,0.040,0.0,0.015,1493167577.149,
0.045,0.030,99.875,0.045,0.0,0.005,0.0,67993.600,70066.400,21024.400,0.0,0.0,732.600,7513.400,0.0,0.0,0.0,5480943616.0,212180992.0,1.47409547264e+11,15677521920.0,0.0,0.0,0.0,67993.600,732.600,7513.400,0.045,0.030,99.875,0.045,0.0,0.005,1493167582.149,
0.070,0.025,99.870,0.035,0.0,0.0,0.0,84377.600,68809.600,20259.400,0.0,0.0,798.200,7185.0,0.0,0.0,0.0,5480890368.0,212189184.0,1.47409719296e+11,15677394944.0,0.0,0.0,0.0,84377.600,799.800,7185.400,0.070,0.030,99.865,0.035,0.0,0.0,1493167587.149,
0.065,0.065,99.815,0.045,0.0,0.010,0.0,67174.400,68684.400,21519.600,0.0,0.0,728.0,7614.800,0.0,0.0,0.400,5482491904.0,212226048.0,1.4740987904e+11,15675596800.0,0.0,0.0,0.0,67174.400,727.400,7614.800,0.065,0.065,99.815,0.045,0.0,0.010,1493167592.149,
0.080,0.070,99.800,0.045,0.0,0.005,0.0,72908.800,68688.200,21370.200,0.0,0.0,780.600,7910.0,0.600,0.0,0.0,5481529344.0,212238336.0,1.47410030592e+11,15676395520.0,0.0,0.0,0.0,72908.800,779.600,7909.600,0.080,0.065,99.805,0.045,0.0,0.005,1493167597.149,
0.090,0.080,99.780,0.030,0.0,0.020,0.0,67174.400,68901.200,20386.800,0.0,0.0,811.200,7533.200,0.200,0.0,0.0,5481406464.0,212238336.0,1.4741020672e+11,15676342272.0,0.0,0.0,0.0,67174.400,812.0,7574.400,0.090,0.085,99.775,0.030,0.0,0.020,1493167602.149,
0.090,0.090,99.775,0.035,0.0,0.010,0.0,67993.600,68426.200,20714.0,0.0,0.0,975.600,7465.400,0.0,0.0,0.0,5481607168.0,212246528.0,1.47410378752e+11,15675961344.0,0.0,0.0,0.0,67993.600,975.600,7424.600,0.090,0.090,99.775,0.035,0.0,0.010,1493167607.149,
0.105,0.080,99.775,0.035,0.0,0.005,0.0,64716.800,69514.600,21230.400,0.0,0.0,771.800,7564.400,0.0,0.0,0.0,5481820160.0,212246528.0,1.47410546688e+11,15675580416.0,0.0,0.0,0.0,64716.800,771.800,7564.0,0.105,0.075,99.780,0.035,0.0,0.005,1493167612.149,
0.055,0.060,99.845,0.035,0.0,0.005,0.0,68812.800,69513.200,20077.800,0.0,0.0,752.800,7446.0,0.0,0.0,0.0,5481836544.0,212262912.0,1.47410722816e+11,15675371520.0,0.0,0.0,0.0,68812.800,752.400,7454.400,0.055,0.060,99.845,0.035,0.0,0.005,1493167617.149,
0.090,0.075,99.785,0.035,0.0,0.015,0.0,74547.200,70079.0,21605.800,0.0,0.0,685.600,7366.200,0.0,0.0,0.400,5483089920.0,212267008.0,1.4741090304e+11,15673933824.0,0.0,0.0,0.0,74547.200,685.800,7358.400,0.090,0.080,99.780,0.035,0.0,0.015,1493167622.149,
0.090,0.080,99.770,0.045,0.0,0.015,0.0,72089.600,68882.400,21139.400,0.0,0.0,776.400,7650.800,0.0,0.0,0.0,5483290624.0,212275200.0,1.47411062784e+11,15673565184.0,0.0,0.0,0.0,72089.600,775.800,7650.200,0.090,0.080,99.770,0.045,0.0,0.015,1493167627.149,
0.075,0.070,99.805,0.040,0.0,0.010,0.0,73728.0,69715.800,21035.0,0.0,0.0,816.200,7254.800,0.0,0.0,0.0,5482172416.0,212299776.0,1.47411222528e+11,15674499072.0,0.0,0.0,0.0,73728.0,816.400,7255.200,0.075,0.065,99.810,0.040,0.0,0.010,1493167632.149,
0.095,0.075,99.785,0.035,0.0,0.010,0.0,64716.800,68769.400,20478.600,0.0,0.0,695.800,7520.800,0.0,0.0,0.0,5482074112.0,212307968.0,1.47411398656e+11,15674413056.0,0.0,0.0,0.0,64716.800,697.600,7524.400,0.095,0.075,99.785,0.035,0.0,0.010,1493167637.149,
0.065,0.040,99.840,0.040,0.0,0.015,0.0,67993.600,65655.0,15241.0,0.0,0.0,721.800,7327.400,0.0,0.0,1.0,5478027264.0,212328448.0,1.47411574784e+11,15678263296.0,0.0,0.0,0.0,67993.600,719.800,7323.400,0.065,0.040,99.840,0.040,0.0,0.015,1493167642.149,
