"Dstat 0.7.2 CSV output"
"Author:","Dag Wieers <dag@wieers.com>",,,,"URL:","http://dag.wieers.com/home-made/dstat/"
"Host:","client0.skyhook-1osds.skyhook-pg0.wisc.cloudlab.us",,,,"User:","jlefevre"
"Cmdline:","dstat -av --epoch --integer --noheaders --output 1osd.dstat-client0.log 5",,,,"Date:","25 Apr 2017 15:29:27 CDT"

"total cpu usage",,,,,,"dsk/total",,"net/total",,"paging",,"system",,"procs",,,"memory usage",,,,"paging",,"dsk/total",,"system",,"total cpu usage",,,,,,"epoch"
"usr","sys","idl","wai","hiq","siq","read","writ","recv","send","in","out","int","csw","run","blk","new","used","buff","cach","free","in","out","read","writ","int","csw","usr","sys","idl","wai","hiq","siq","epoch"
0.040,0.035,99.900,0.020,0.0,0.005,0.0,13926.400,40087.200,358.200,0.0,0.0,431.200,6860.0,0.0,0.0,0.0,5464133632.0,217604096.0,1.47401732096e+11,15696723968.0,0.0,0.0,0.0,13926.400,431.200,6860.0,0.045,0.035,99.895,0.020,0.0,0.005,1493170007.149,
0.226,1.650,97.984,0.055,0.0,0.085,0.0,46694.400,157328714.200,49873.800,0.0,0.0,3081.800,8944.400,1.200,0.0,5.0,5616013312.0,217616384.0,1.47401773056e+11,15544791040.0,0.0,0.0,0.0,46694.400,3086.200,8944.400,0.221,1.650,97.989,0.055,0.0,0.085,1493170012.149,
0.341,2.247,97.276,0.025,0.0,0.110,0.0,54067.200,223760696.400,80089.0,0.0,0.0,4062.0,9196.800,1.0,0.0,0.200,5627961344.0,217620480.0,1.47401875456e+11,15532736512.0,0.0,0.0,0.0,54067.200,4058.400,9197.400,0.341,2.247,97.276,0.025,0.0,0.110,1493170017.149,
0.321,2.284,97.269,0.045,0.0,0.080,0.0,51609.600,201534379.0,65396.800,0.0,0.0,3549.400,8355.400,1.0,0.0,0.0,5615390720.0,217628672.0,1.47401969664e+11,15545204736.0,0.0,0.0,0.0,51609.600,3548.800,8354.800,0.321,2.289,97.264,0.045,0.0,0.080,1493170022.149,
0.321,2.279,97.269,0.035,0.0,0.095,0.0,53248.0,200413056.0,66013.800,0.0,0.0,3664.0,8279.400,1.0,0.0,0.0,5617295360.0,217636864.0,1.47402063872e+11,15543197696.0,0.0,0.0,0.0,53248.0,3664.400,8279.400,0.321,2.279,97.269,0.035,0.0,0.095,1493170027.149,
0.321,2.227,97.297,0.045,0.0,0.110,0.0,65536.0,226198804.400,74757.800,0.0,0.0,3923.600,9056.0,1.0,0.0,0.400,5620600832.0,217649152.0,1.47402162176e+11,15539781632.0,0.0,0.0,0.0,65536.0,3926.0,9058.0,0.326,2.226,97.292,0.045,0.0,0.110,1493170032.149,
0.311,2.206,97.322,0.040,0.0,0.120,0.0,56524.800,225351534.0,61056.600,0.0,0.0,3772.0,8980.200,1.0,0.0,0.0,5627510784.0,217649152.0,1.4740226048e+11,15532773376.0,0.0,0.0,0.0,56524.800,3769.200,8978.200,0.306,2.207,97.327,0.040,0.0,0.120,1493170037.149,
0.311,2.177,97.342,0.035,0.0,0.135,0.0,58163.200,241298204.200,69393.200,0.0,0.0,3988.200,9560.200,1.200,0.0,0.0,5616500736.0,217661440.0,1.47402358784e+11,15543672832.0,0.0,0.0,0.0,58163.200,3991.800,9560.200,0.311,2.172,97.347,0.035,0.0,0.135,1493170042.149,
0.346,2.127,97.406,0.025,0.0,0.095,0.0,57344.0,281331168.800,94421.800,0.0,0.0,4532.0,10412.200,1.0,0.0,0.0,5622816768.0,217673728.0,1.47402469376e+11,15537233920.0,0.0,0.0,0.0,57344.0,4532.600,10412.200,0.351,2.127,97.401,0.025,0.0,0.095,1493170047.149,
0.331,2.222,97.296,0.035,0.0,0.115,0.0,53248.0,221242543.400,69778.600,0.0,0.0,4004.800,8649.0,1.0,0.0,0.0,5621125120.0,217673728.0,1.47402579968e+11,15538814976.0,0.0,0.0,0.0,53248.0,4008.200,8649.400,0.326,2.227,97.296,0.035,0.0,0.115,1493170052.149,
0.291,2.268,97.290,0.050,0.0,0.100,0.0,51609.600,214651466.400,57814.0,0.0,0.0,3950.600,8694.0,1.0,0.0,0.0,5620060160.0,217690112.0,1.47402674176e+11,15539769344.0,0.0,0.0,0.0,51609.600,3945.200,8693.600,0.291,2.263,97.295,0.050,0.0,0.100,1493170057.149,
0.366,2.127,97.342,0.035,0.0,0.130,0.0,49971.200,259445704.600,77944.600,0.0,0.0,4264.400,9590.800,1.400,0.0,0.0,5622611968.0,217694208.0,1.47402768384e+11,15537119232.0,0.0,0.0,0.0,49971.200,4262.600,9591.200,0.366,2.132,97.337,0.035,0.0,0.130,1493170062.149,
0.366,2.100,97.313,0.050,0.0,0.170,0.0,67174.400,304502020.600,89331.0,0.0,0.0,4655.400,10256.400,1.0,0.0,0.400,5627678720.0,217706496.0,1.47402891264e+11,15531917312.0,0.0,0.0,0.0,67174.400,4657.200,10256.400,0.366,2.100,97.313,0.050,0.0,0.170,1493170067.149,
0.336,2.206,97.283,0.035,0.0,0.140,0.0,58163.200,274412954.600,63515.600,0.0,0.0,4459.600,9598.800,1.0,0.0,0.0,5626339328.0,217706496.0,1.47403010048e+11,15533137920.0,0.0,0.0,0.0,58163.200,4457.600,9598.400,0.336,2.206,97.283,0.035,0.0,0.140,1493170072.149,
0.306,2.201,97.303,0.050,0.0,0.140,0.0,61440.0,259499901.200,54895.0,0.0,0.0,4247.0,9028.400,1.200,0.0,0.0,5626683392.0,217722880.0,1.4740312064e+11,15532666880.0,0.0,0.0,0.0,61440.0,4248.600,9028.800,0.306,2.201,97.303,0.050,0.0,0.140,1493170077.149,
0.326,2.161,97.342,0.050,0.0,0.120,0.0,57344.0,276624568.200,67574.0,0.0,0.0,4347.0,9542.800,1.200,0.0,0.0,5626920960.0,217747456.0,1.47403227136e+11,15532298240.0,0.0,0.0,0.0,57344.0,4350.0,9542.400,0.326,2.161,97.342,0.050,0.0,0.120,1493170082.149,
0.376,2.106,97.333,0.045,0.0,0.140,0.0,58982.400,308329558.0,88362.0,0.0,0.0,4744.400,10441.600,1.600,0.0,0.0,5619318784.0,217767936.0,1.4740334592e+11,15539761152.0,0.0,0.0,0.0,58982.400,4744.600,10451.0,0.381,2.101,97.333,0.045,0.0,0.140,1493170087.149,
0.356,2.121,97.357,0.045,0.0,0.120,0.0,56524.800,260684279.800,77161.0,0.0,0.0,4218.400,9744.600,1.0,0.0,0.0,5620183040.0,217788416.0,1.47403460608e+11,15538761728.0,0.0,0.0,0.0,56524.800,4213.600,9735.600,0.351,2.127,97.357,0.045,0.0,0.120,1493170092.149,
0.361,2.106,97.333,0.040,0.0,0.160,0.0,54067.200,293760967.200,86006.200,0.0,0.0,4493.800,9865.800,1.200,0.0,0.0,5629059072.0,217796608.0,1.47403575296e+11,15529762816.0,0.0,0.0,0.0,54067.200,4493.200,9865.400,0.361,2.106,97.332,0.040,0.0,0.160,1493170097.149,
0.311,2.279,97.274,0.050,0.0,0.085,0.0,64716.800,199095824.400,58968.600,0.0,0.0,3970.400,8433.200,1.400,0.0,0.400,5626286080.0,217804800.0,1.47403689984e+11,15532412928.0,0.0,0.0,0.0,64716.800,3971.0,8433.200,0.311,2.279,97.275,0.050,0.0,0.085,1493170102.149,
0.271,2.288,97.296,0.055,0.0,0.090,0.0,54886.400,191862411.600,57225.0,0.0,0.0,3761.600,7773.200,1.0,0.0,0.0,5622865920.0,217812992.0,1.47403784192e+11,15535730688.0,0.0,0.0,0.0,54886.400,3762.0,7773.600,0.271,2.283,97.301,0.055,0.0,0.090,1493170107.149,
0.311,2.260,97.278,0.045,0.0,0.105,0.0,56524.800,239446140.200,65356.600,0.0,0.0,3935.0,9190.200,1.200,0.0,0.0,5632688128.0,217829376.0,1.47403874304e+11,15525801984.0,0.0,0.0,0.0,56524.800,3939.600,9192.0,0.316,2.260,97.274,0.045,0.0,0.105,1493170112.149,
0.331,2.176,97.318,0.035,0.0,0.140,0.0,54886.400,267756239.600,60228.0,0.0,0.0,4324.400,9356.600,0.800,0.0,0.0,5626544128.0,217841664.0,1.474039808e+11,15531827200.0,0.0,0.0,0.0,54886.400,4319.800,9354.400,0.326,2.181,97.318,0.035,0.0,0.140,1493170117.149,
0.326,2.196,97.303,0.025,0.0,0.150,0.0,52428.800,270027350.600,53243.0,0.0,0.0,4321.800,8997.600,1.200,0.0,0.0,5633699840.0,217841664.0,1.47404087296e+11,15524564992.0,0.0,0.0,0.0,52428.800,4321.600,8998.200,0.326,2.196,97.303,0.025,0.0,0.150,1493170122.149,
0.366,2.140,97.298,0.050,0.0,0.145,0.0,56524.800,299498117.600,80017.0,0.0,0.0,4578.200,9951.600,1.0,0.0,0.0,5624492032.0,217862144.0,1.47404201984e+11,15533637632.0,0.0,0.0,0.0,56524.800,4578.0,9951.0,0.366,2.136,97.303,0.050,0.0,0.145,1493170127.149,
0.321,2.226,97.292,0.045,0.0,0.115,0.0,54067.200,246422872.200,58259.600,0.0,0.0,4067.200,9161.800,1.200,0.0,0.200,5619916800.0,217866240.0,1.47404316672e+11,15538094080.0,0.0,0.0,0.0,54067.200,4067.0,9161.800,0.321,2.231,97.287,0.045,0.0,0.115,1493170132.149,
0.341,2.210,97.239,0.060,0.0,0.150,0.0,63897.600,268948577.0,57709.600,0.0,0.0,4429.800,9083.0,1.0,0.0,0.400,5627568128.0,217886720.0,1.4740443136e+11,15530307584.0,0.0,0.0,0.0,63897.600,4430.600,9083.400,0.346,2.210,97.234,0.060,0.0,0.150,1493170137.149,
0.346,2.141,97.348,0.045,0.0,0.120,0.0,56524.800,283948984.200,71479.800,0.0,0.0,4423.400,9692.0,0.800,0.0,0.0,5630091264.0,217886720.0,1.47404546048e+11,15527669760.0,0.0,0.0,0.0,56524.800,4422.600,9691.600,0.341,2.136,97.357,0.045,0.0,0.120,1493170142.149,
0.356,2.096,97.338,0.040,0.0,0.170,0.0,67174.400,302784278.400,85058.800,0.0,0.0,4877.800,10291.600,1.200,0.0,0.0,5624406016.0,217903104.0,1.47404660736e+11,15533223936.0,0.0,0.0,0.0,67174.400,4877.800,10291.600,0.356,2.101,97.333,0.040,0.0,0.170,1493170147.149,
0.386,2.046,97.377,0.050,0.0,0.140,0.0,59801.600,326244845.0,97705.600,0.0,0.0,4917.400,10607.200,1.400,0.0,0.0,5629386752.0,217915392.0,1.4740477952e+11,15528112128.0,0.0,0.0,0.0,59801.600,4917.200,10607.400,0.386,2.041,97.382,0.050,0.0,0.140,1493170152.149,
0.382,2.169,97.314,0.035,0.0,0.100,0.0,60620.800,274234228.0,110834.0,0.0,0.0,4402.200,9837.0,1.200,0.0,0.0,5630443520.0,217919488.0,1.474049024e+11,15526928384.0,0.0,0.0,0.0,60620.800,4402.600,9837.200,0.382,2.169,97.314,0.035,0.0,0.100,1493170157.149,
0.341,2.228,97.265,0.045,0.0,0.120,0.0,54067.200,233809804.200,67335.200,0.0,0.0,3952.800,8772.0,1.0,0.0,0.0,5628354560.0,217948160.0,1.474050048e+11,15528886272.0,0.0,0.0,0.0,54067.200,3952.600,8771.600,0.341,2.233,97.260,0.045,0.0,0.120,1493170162.149,
0.336,2.136,97.313,0.040,0.0,0.175,0.0,52428.800,262767735.400,73404.800,0.0,0.0,4239.200,9602.400,1.0,0.0,0.400,5624315904.0,217956352.0,1.47405111296e+11,15532810240.0,0.0,0.0,0.0,52428.800,4239.600,9603.200,0.336,2.131,97.318,0.040,0.0,0.175,1493170167.149,
0.381,2.095,97.348,0.025,0.0,0.150,0.0,76185.600,301699369.400,88092.400,0.0,0.0,4628.0,10254.0,1.0,0.0,0.200,5635612672.0,217968640.0,1.47405238272e+11,15521374208.0,0.0,0.0,0.0,76185.600,4627.600,10253.200,0.381,2.095,97.348,0.025,0.0,0.150,1493170172.149,
0.381,2.105,97.338,0.050,0.0,0.125,0.0,60620.800,305312231.600,104538.400,0.0,0.0,4761.0,11202.0,1.200,0.0,0.0,5629145088.0,217976832.0,1.47405357056e+11,15527714816.0,0.0,0.0,0.0,60620.800,4764.400,11202.0,0.386,2.105,97.333,0.050,0.0,0.125,1493170177.149,
0.331,2.229,97.295,0.045,0.0,0.100,0.0,57344.0,225357809.400,66596.0,0.0,0.0,4085.0,8766.600,1.200,0.0,0.0,5629079552.0,217989120.0,1.47405471744e+11,15527653376.0,0.0,0.0,0.0,57344.0,4082.600,8766.600,0.331,2.228,97.295,0.045,0.0,0.100,1493170182.149,
0.326,2.242,97.271,0.055,0.0,0.105,0.0,52428.800,214651583.600,76875.0,0.0,0.0,3949.600,8786.400,1.200,0.0,0.0,5626400768.0,218013696.0,1.47405565952e+11,15530213376.0,0.0,0.0,0.0,52428.800,3948.200,8786.400,0.321,2.248,97.270,0.055,0.0,0.105,1493170187.149,
0.326,2.183,97.290,0.045,0.0,0.156,0.0,48332.800,211310955.400,55899.0,0.0,0.0,4062.0,8258.600,1.600,0.0,0.0,5640278016.0,218038272.0,1.47405651968e+11,15516225536.0,0.0,0.0,0.0,48332.800,4062.400,8258.600,0.326,2.178,97.296,0.045,0.0,0.156,1493170192.149,
0.311,2.309,97.254,0.050,0.0,0.075,0.0,52428.800,201679441.800,63508.400,0.0,0.0,3721.600,7992.400,1.0,0.0,0.400,5627043840.0,218046464.0,1.47405754368e+11,15529349120.0,0.0,0.0,0.0,52428.800,3722.200,7992.800,0.311,2.309,97.254,0.050,0.0,0.075,1493170197.149,
0.351,2.233,97.245,0.040,0.0,0.130,0.0,55705.600,212297517.400,61873.200,0.0,0.0,3808.600,8238.400,1.0,0.0,0.200,5626728448.0,218058752.0,1.47405848576e+11,15529558016.0,0.0,0.0,0.0,55705.600,3809.200,8238.0,0.351,2.238,97.240,0.040,0.0,0.130,1493170202.149,
0.291,2.254,97.309,0.040,0.0,0.105,0.0,68812.800,211797194.400,69405.200,0.0,0.0,3826.600,8437.600,1.0,0.0,0.0,5630967808.0,218075136.0,1.47405942784e+11,15525208064.0,0.0,0.0,0.0,68812.800,3825.400,8437.600,0.296,2.249,97.309,0.040,0.0,0.105,1493170207.149,
0.326,2.226,97.308,0.020,0.0,0.120,0.0,50790.400,258893067.400,57933.200,0.0,0.0,4223.800,8875.0,1.200,0.0,0.0,5639102464.0,218075136.0,1.47406041088e+11,15516975104.0,0.0,0.0,0.0,50790.400,4224.400,8875.800,0.321,2.230,97.308,0.020,0.0,0.120,1493170212.149,
0.336,2.211,97.328,0.010,0.0,0.115,0.0,58163.200,269338618.400,64286.200,0.0,0.0,4265.0,9324.800,1.0,0.0,0.0,5624266752.0,218083328.0,1.47406159872e+11,15531683840.0,0.0,0.0,0.0,58163.200,4266.200,9328.400,0.336,2.211,97.328,0.010,0.0,0.115,1493170217.149,
0.366,2.196,96.927,0.361,0.0,0.150,0.0,7212236.800,273303087.0,82098.0,0.0,0.0,4551.200,10069.600,1.200,0.200,0.0,5625442304.0,218128384.0,1.47393294336e+11,15543328768.0,0.0,0.0,0.0,7212236.800,4549.600,10065.600,0.366,2.196,96.927,0.361,0.0,0.150,1493170222.149,
0.346,2.117,97.386,0.030,0.0,0.120,0.0,59801.600,305561650.400,93245.0,0.0,0.0,4843.200,10122.200,1.0,0.0,0.0,5622611968.0,218132480.0,1.47393421312e+11,15546028032.0,0.0,0.0,0.0,59801.600,4848.400,10122.600,0.346,2.112,97.386,0.030,0.0,0.125,1493170227.149,
0.356,2.203,97.270,0.025,0.0,0.146,0.0,56524.800,243021644.200,80034.800,0.0,0.0,4305.200,8747.400,1.200,0.0,0.0,5628547072.0,218144768.0,1.47393536e+11,15539965952.0,0.0,0.0,0.0,56524.800,4299.800,8746.600,0.356,2.208,97.270,0.025,0.0,0.141,1493170232.149,
0.351,2.218,97.270,0.025,0.0,0.136,0.0,50790.400,221811894.600,63736.400,0.0,0.0,3994.0,8483.400,1.200,0.0,0.400,5619146752.0,218148864.0,1.473936384e+11,15549259776.0,0.0,0.0,0.0,50790.400,3994.400,8483.400,0.351,2.218,97.270,0.025,0.0,0.136,1493170237.149,
0.331,2.248,97.270,0.050,0.0,0.100,0.0,1851392.0,231359804.200,70635.0,0.0,0.0,4118.800,8917.800,0.600,0.0,0.0,5622857728.0,218161152.0,1.47393736704e+11,15545438208.0,0.0,0.0,0.0,1851392.0,4123.0,8925.800,0.331,2.243,97.275,0.050,0.0,0.100,1493170242.149,
0.386,2.116,97.343,0.050,0.0,0.105,0.0,68812.800,289013702.0,84547.600,0.0,0.0,4476.400,10009.0,1.0,0.0,0.0,5618532352.0,218165248.0,1.47393847296e+11,15549648896.0,0.0,0.0,0.0,68812.800,4471.800,10001.600,0.391,2.120,97.333,0.050,0.0,0.105,1493170247.149,
0.341,2.087,97.402,0.020,0.0,0.150,0.0,56524.800,305832984.200,86596.0,0.0,0.0,4686.0,10439.600,1.0,0.0,0.0,5615378432.0,218177536.0,1.47393961984e+11,15552675840.0,0.0,0.0,0.0,56524.800,4686.0,10439.0,0.341,2.087,97.402,0.020,0.0,0.150,1493170252.149,
0.361,2.101,97.393,0.005,0.0,0.140,0.0,58982.400,307574899.200,85325.200,0.0,0.0,4749.400,10157.0,0.600,0.0,0.0,5617926144.0,218189824.0,1.47394084864e+11,15549992960.0,0.0,0.0,0.0,58982.400,4754.800,10165.400,0.356,2.096,97.402,0.005,0.0,0.140,1493170257.149,
0.371,2.096,97.393,0.010,0.0,0.130,0.0,58163.200,305817607.800,88598.200,0.0,0.0,4642.0,10273.400,0.800,0.0,0.0,5614202880.0,218198016.0,1.47394207744e+11,15553585152.0,0.0,0.0,0.0,58163.200,4636.600,10265.0,0.376,2.096,97.388,0.010,0.0,0.130,1493170262.149,
0.366,2.091,97.347,0.030,0.0,0.165,0.0,59801.600,308556098.200,86844.400,0.0,0.0,4740.400,10080.400,1.600,0.0,0.400,5614174208.0,218222592.0,1.47394330624e+11,15553466368.0,0.0,0.0,0.0,59801.600,4743.200,10082.800,0.361,2.091,97.352,0.030,0.0,0.165,1493170267.149,
0.346,2.145,97.373,0.0,0.0,0.135,0.0,58982.400,307938149.800,89181.600,0.0,0.0,4805.600,10297.200,1.0,0.0,0.0,5621575680.0,218234880.0,1.47394453504e+11,15545929728.0,0.0,0.0,0.0,58982.400,4803.0,10295.200,0.346,2.145,97.373,0.0,0.0,0.135,1493170272.149,
0.336,2.152,97.372,0.015,0.0,0.125,0.0,90112.0,275455652.400,68890.400,0.0,0.0,4644.800,9414.600,1.0,0.0,0.0,5624795136.0,218247168.0,1.47394576384e+11,15542575104.0,0.0,0.0,0.0,90112.0,4649.0,9416.400,0.341,2.156,97.362,0.015,0.0,0.125,1493170277.149,
0.316,2.231,97.293,0.025,0.0,0.135,0.0,51609.600,250293433.400,60798.0,0.0,0.0,4145.800,8984.0,0.800,0.0,0.0,5622128640.0,218255360.0,1.47394678784e+11,15545131008.0,0.0,0.0,0.0,51609.600,4141.600,8981.800,0.311,2.231,97.298,0.025,0.0,0.135,1493170282.149,
0.306,2.242,97.281,0.020,0.0,0.150,0.0,54067.200,194287308.0,52807.400,0.0,0.0,3541.800,8210.200,1.0,0.0,0.0,5621657600.0,218263552.0,1.47394777088e+11,15545495552.0,0.0,0.0,0.0,54067.200,3542.600,8210.600,0.306,2.242,97.281,0.020,0.0,0.150,1493170287.149,
0.306,2.181,97.313,0.050,0.0,0.150,0.0,54067.200,264993293.400,56863.800,0.0,0.0,4211.0,9155.200,0.800,0.0,0.0,5617311744.0,218292224.0,1.47394879488e+11,15549710336.0,0.0,0.0,0.0,54067.200,4210.0,9154.800,0.306,2.181,97.312,0.050,0.0,0.150,1493170292.149,
0.341,2.186,97.308,0.025,0.0,0.140,0.0,53248.0,253184328.800,62874.200,0.0,0.0,4098.400,9287.400,1.0,0.0,0.0,5617590272.0,218300416.0,1.47394994176e+11,15549308928.0,0.0,0.0,0.0,53248.0,4098.400,9287.400,0.341,2.181,97.313,0.025,0.0,0.140,1493170297.149,
0.351,2.106,97.332,0.030,0.0,0.181,0.0,54067.200,267709889.600,75785.0,0.0,0.0,4271.400,8545.200,1.400,0.0,0.400,5627658240.0,218312704.0,1.47395100672e+11,15539122176.0,0.0,0.0,0.0,54067.200,4272.400,8545.600,0.351,2.111,97.327,0.030,0.0,0.181,1493170302.149,
0.341,2.052,97.406,0.035,0.0,0.166,0.0,58982.400,303640587.200,97078.0,0.0,0.0,4564.0,10346.400,1.0,0.0,0.0,5624254464.0,218312704.0,1.4739521536e+11,15542411264.0,0.0,0.0,0.0,58982.400,4562.600,10346.0,0.341,2.052,97.406,0.035,0.0,0.166,1493170307.149,
0.366,2.072,97.337,0.020,0.0,0.206,0.0,67174.400,287601531.0,84257.400,0.0,0.0,4490.800,10020.0,1.800,0.0,0.0,5620625408.0,218320896.0,1.47395330048e+11,15545917440.0,0.0,0.0,0.0,67174.400,4491.200,10020.200,0.366,2.066,97.342,0.020,0.0,0.206,1493170312.149,
0.336,2.185,97.294,0.035,0.0,0.150,0.0,53248.0,276950327.200,66317.800,0.0,0.0,4531.600,9450.200,1.0,0.0,0.0,5619847168.0,218329088.0,1.4739544064e+11,15546576896.0,0.0,0.0,0.0,53248.0,4532.200,9450.400,0.336,2.190,97.289,0.035,0.0,0.150,1493170317.149,
0.361,2.229,97.249,0.050,0.0,0.110,0.0,57344.0,240905907.0,71546.600,0.0,0.0,4037.800,8604.0,1.0,0.0,0.0,5612703744.0,218337280.0,1.47395551232e+11,15553601536.0,0.0,0.0,0.0,57344.0,4044.600,8612.200,0.366,2.224,97.249,0.050,0.0,0.110,1493170322.149,
0.362,2.245,97.288,0.020,0.0,0.085,0.0,58163.200,237548281.600,79296.200,0.0,0.0,3963.400,8890.0,1.200,0.0,0.0,5619679232.0,218353664.0,1.47395653632e+11,15546507264.0,0.0,0.0,0.0,58163.200,3956.200,8881.400,0.357,2.250,97.288,0.020,0.0,0.085,1493170327.149,
0.336,2.142,97.342,0.030,0.0,0.150,0.0,54067.200,260513761.400,76544.400,0.0,0.0,4172.600,9571.600,1.0,0.0,0.0,5626396672.0,218361856.0,1.47395756032e+11,15539679232.0,0.0,0.0,0.0,54067.200,4172.0,9572.0,0.336,2.142,97.342,0.030,0.0,0.150,1493170332.149,
0.346,2.217,97.276,0.050,0.0,0.110,0.0,56524.800,229293060.200,63726.200,0.0,0.0,3982.800,8676.200,1.200,0.0,0.400,5621800960.0,218374144.0,1.47395866624e+11,15544152064.0,0.0,0.0,0.0,56524.800,3984.400,8676.600,0.351,2.212,97.271,0.050,0.0,0.115,1493170337.149,
0.391,2.202,96.815,0.421,0.0,0.171,0.0,6450380.800,250129317.800,68607.200,0.0,0.0,4298.0,9433.600,1.200,0.200,0.0,5617553408.0,218435584.0,1.47392344064e+11,15551860736.0,0.0,0.0,0.0,6450380.800,4297.0,9432.800,0.386,2.207,96.820,0.421,0.0,0.166,1493170342.149,
0.386,2.091,97.323,0.040,0.0,0.160,0.0,99942.400,310801617.600,84680.0,0.0,0.0,4793.600,10124.600,1.400,0.0,0.0,5627211776.0,218443776.0,1.47392454656e+11,15542083584.0,0.0,0.0,0.0,99942.400,4794.800,10125.200,0.391,2.086,97.323,0.040,0.0,0.160,1493170347.149,
0.306,2.256,97.278,0.035,0.0,0.125,0.0,56524.800,222865540.200,44289.800,0.0,0.0,3751.400,8419.200,1.0,0.0,0.200,5623271424.0,218451968.0,1.4739257344e+11,15545896960.0,0.0,0.0,0.0,56524.800,3750.200,8419.0,0.301,2.256,97.282,0.035,0.0,0.125,1493170352.149,
0.311,2.256,97.287,0.045,0.0,0.100,0.0,54886.400,255779608.400,56513.200,0.0,0.0,4162.200,9085.0,1.200,0.0,0.0,5616652288.0,218460160.0,1.4739267584e+11,15552405504.0,0.0,0.0,0.0,54886.400,4162.200,9084.600,0.311,2.261,97.283,0.045,0.0,0.100,1493170357.149,
0.336,2.226,97.293,0.040,0.0,0.105,0.0,55705.600,254582499.400,57505.200,0.0,0.0,4367.800,9060.400,1.200,0.0,0.0,5619675136.0,218468352.0,1.47392786432e+11,15549263872.0,0.0,0.0,0.0,55705.600,4371.200,9066.200,0.336,2.221,97.298,0.040,0.0,0.105,1493170362.149,
0.326,2.268,97.245,0.045,0.0,0.115,0.0,51609.600,213632424.200,53314.400,0.0,0.0,3655.600,8457.400,1.200,0.0,0.400,5628051456.0,218468352.0,1.47392892928e+11,15540781056.0,0.0,0.0,0.0,51609.600,3652.0,8451.600,0.326,2.273,97.240,0.045,0.0,0.115,1493170367.149,
0.311,2.298,97.230,0.065,0.0,0.095,0.0,56524.800,187241585.0,51328.600,0.0,0.0,3519.200,8157.800,1.0,0.0,0.0,5622333440.0,218476544.0,1.47392978944e+11,15546404864.0,0.0,0.0,0.0,56524.800,3519.200,8157.800,0.311,2.298,97.230,0.065,0.0,0.095,1493170372.149,
0.336,2.334,96.899,0.336,0.0,0.095,0.0,4949606.400,193307927.600,63753.600,0.0,0.0,3766.400,8259.200,1.0,0.200,0.0,5625671680.0,218542080.0,1.47392815104e+11,15543164928.0,0.0,0.0,0.0,4949606.400,3767.0,8259.600,0.336,2.334,96.899,0.336,0.0,0.095,1493170377.149,
0.336,2.213,97.295,0.045,0.0,0.110,0.0,96665.600,244576960.600,71984.400,0.0,0.0,3955.800,8957.600,1.400,0.0,0.0,5632389120.0,218554368.0,1.4739245056e+11,15536799744.0,0.0,0.0,0.0,96665.600,3955.800,8959.400,0.341,2.208,97.291,0.045,0.0,0.115,1493170382.149,
0.331,2.191,97.312,0.030,0.0,0.135,0.0,54067.200,251575881.200,56938.400,0.0,0.0,4119.800,9173.600,2.0,0.0,0.0,5618962432.0,218558464.0,1.4739255296e+11,15550119936.0,0.0,0.0,0.0,54067.200,4119.200,9171.400,0.326,2.196,97.317,0.030,0.0,0.130,1493170387.149,
0.326,2.182,97.297,0.050,0.0,0.145,0.0,54067.200,248605490.200,70795.800,0.0,0.0,4124.800,9042.800,1.0,0.0,0.0,5621624832.0,218574848.0,1.47392647168e+11,15547346944.0,0.0,0.0,0.0,54067.200,4125.200,9043.200,0.326,2.182,97.297,0.050,0.0,0.145,1493170392.149,
0.391,2.047,97.396,0.035,0.0,0.130,0.0,63078.400,333568912.800,106505.800,0.0,0.0,4909.200,10790.600,1.200,0.0,0.0,5624471552.0,218583040.0,1.47392774144e+11,15544365056.0,0.0,0.0,0.0,63078.400,4908.800,10790.200,0.391,2.042,97.401,0.035,0.0,0.130,1493170397.149,
0.326,2.207,97.286,0.025,0.0,0.156,0.0,58982.400,214056903.200,60109.0,0.0,0.0,3882.600,8222.0,1.0,0.0,0.400,5620903936.0,218587136.0,1.47392905216e+11,15547797504.0,0.0,0.0,0.0,58982.400,3882.600,8222.0,0.326,2.212,97.281,0.025,0.0,0.155,1493170402.149,
0.326,2.186,97.338,0.035,0.0,0.115,0.0,62259.200,263738123.200,69692.600,0.0,0.0,4327.400,8741.600,1.0,0.0,0.0,5625040896.0,218599424.0,1.47393011712e+11,15543541760.0,0.0,0.0,0.0,62259.200,4333.0,8748.600,0.326,2.186,97.338,0.035,0.0,0.115,1493170407.149,
0.376,2.084,97.304,0.035,0.0,0.200,0.0,58982.400,311338474.600,91573.600,0.0,0.0,4752.400,10480.200,0.800,0.0,0.0,5625544704.0,218599424.0,1.47393130496e+11,15542919168.0,0.0,0.0,0.0,58982.400,4748.600,10473.200,0.376,2.079,97.309,0.035,0.0,0.200,1493170412.149,
0.301,2.246,97.303,0.030,0.0,0.120,0.0,67174.400,223996037.600,50491.0,0.0,0.0,3817.200,8805.0,1.200,0.0,0.0,5620563968.0,218624000.0,1.47393245184e+11,15547760640.0,0.0,0.0,0.0,67174.400,3816.400,8805.0,0.306,2.251,97.293,0.030,0.0,0.120,1493170417.149,
0.331,2.176,97.348,0.015,0.0,0.130,0.0,51609.600,259901463.400,59069.400,0.0,0.0,4221.200,9158.0,1.0,0.0,0.0,5624500224.0,218632192.0,1.47393347584e+11,15543713792.0,0.0,0.0,0.0,51609.600,4221.200,9158.400,0.326,2.171,97.358,0.015,0.0,0.130,1493170422.149,
0.321,2.206,97.313,0.060,0.0,0.100,0.0,54886.400,257711847.200,54375.0,0.0,0.0,4088.200,9124.0,1.0,0.0,0.0,5626826752.0,218648576.0,1.47393449984e+11,15541268480.0,0.0,0.0,0.0,54886.400,4091.400,9129.400,0.321,2.211,97.308,0.060,0.0,0.100,1493170427.149,
0.331,2.230,97.304,0.025,0.0,0.110,0.0,56524.800,266710353.0,56716.600,0.0,0.0,4288.800,9291.800,1.200,0.0,0.200,5618913280.0,218656768.0,1.4739355648e+11,15549067264.0,0.0,0.0,0.0,56524.800,4284.200,9286.0,0.331,2.230,97.304,0.025,0.0,0.110,1493170432.149,
0.326,2.210,97.338,0.010,0.0,0.115,0.0,53248.0,265648514.800,59265.800,0.0,0.0,4307.400,9291.0,0.800,0.0,0.0,5621370880.0,218664960.0,1.47393675264e+11,15546482688.0,0.0,0.0,0.0,53248.0,4308.400,9291.400,0.326,2.206,97.343,0.010,0.0,0.115,1493170437.149,
0.311,2.231,97.333,0.020,0.0,0.105,0.0,57344.0,265198211.200,57662.200,0.0,0.0,4276.400,9129.200,1.0,0.0,0.400,5620756480.0,218673152.0,1.47393789952e+11,15546974208.0,0.0,0.0,0.0,57344.0,4275.800,9128.800,0.311,2.236,97.328,0.020,0.0,0.105,1493170442.149,
0.326,2.211,97.328,0.020,0.0,0.115,0.0,58982.400,252579701.200,56922.800,0.0,0.0,4594.600,9259.800,1.200,0.0,0.0,5632294912.0,218677248.0,1.4739390464e+11,15535316992.0,0.0,0.0,0.0,58982.400,4599.600,9262.0,0.326,2.206,97.333,0.020,0.0,0.115,1493170447.149,
0.321,2.253,97.291,0.030,0.0,0.105,0.0,65536.0,208154643.400,60273.200,0.0,0.0,3735.800,8480.200,1.0,0.0,0.0,5617614848.0,218685440.0,1.47394002944e+11,15549890560.0,0.0,0.0,0.0,65536.0,3731.400,8478.400,0.321,2.253,97.291,0.030,0.0,0.105,1493170452.149,
0.331,2.222,97.261,0.045,0.0,0.140,0.0,49971.200,222892259.600,61229.600,0.0,0.0,3881.800,8564.0,1.200,0.0,0.0,5629906944.0,218693632.0,1.47394101248e+11,15537491968.0,0.0,0.0,0.0,49971.200,3881.800,8563.800,0.336,2.222,97.256,0.045,0.0,0.140,1493170457.149,
0.291,2.318,97.251,0.050,0.0,0.090,0.0,53248.0,172433661.800,43152.400,0.0,0.0,3231.400,8037.800,1.0,0.0,0.0,5621411840.0,218722304.0,1.4739419136e+11,15545868288.0,0.0,0.0,0.0,53248.0,3235.800,8038.0,0.286,2.323,97.251,0.050,0.0,0.090,1493170462.149,
0.271,2.323,97.256,0.050,0.0,0.100,0.0,51609.600,168359256.400,40701.400,0.0,0.0,3195.200,7699.800,0.800,0.0,0.0,5622059008.0,218734592.0,1.47394260992e+11,15545139200.0,0.0,0.0,0.0,51609.600,3191.600,7700.0,0.271,2.322,97.256,0.050,0.0,0.100,1493170467.149,
0.256,2.295,97.344,0.035,0.0,0.070,0.0,49971.200,170226810.600,55713.0,0.0,0.0,3243.600,8163.400,1.200,0.0,0.0,5618257920.0,218738688.0,1.47394351104e+11,15548846080.0,0.0,0.0,0.0,49971.200,3242.200,8162.800,0.256,2.295,97.344,0.035,0.0,0.070,1493170472.149,
0.291,2.258,97.260,0.050,0.0,0.140,0.0,51609.600,170521637.0,34379.200,0.0,0.0,3300.0,7744.0,1.600,0.0,0.400,5629505536.0,218750976.0,1.47394441216e+11,15537496064.0,0.0,0.0,0.0,51609.600,3300.0,7744.0,0.291,2.253,97.265,0.050,0.0,0.140,1493170477.149,
0.326,2.232,97.322,0.010,0.0,0.110,0.0,54886.400,206261003.0,60536.0,0.0,0.0,3707.0,8253.0,1.0,0.0,0.0,5622263808.0,218763264.0,1.47394514944e+11,15544651776.0,0.0,0.0,0.0,54886.400,3707.600,8253.400,0.326,2.237,97.317,0.010,0.0,0.110,1493170482.149,
0.296,2.171,97.382,0.030,0.0,0.120,0.0,63078.400,265160770.400,82135.800,0.0,0.0,4195.0,9916.200,1.200,0.0,0.0,5627723776.0,218775552.0,1.47394625536e+11,15539068928.0,0.0,0.0,0.0,63078.400,4197.200,9918.400,0.301,2.171,97.378,0.030,0.0,0.120,1493170487.149,
0.306,2.235,97.334,0.0,0.0,0.125,0.0,50790.400,248439356.600,67234.0,0.0,0.0,4205.200,9673.400,1.400,0.0,0.0,5617582080.0,218787840.0,1.4739472384e+11,15549100032.0,0.0,0.0,0.0,50790.400,4202.400,9671.0,0.301,2.235,97.338,0.0,0.0,0.125,1493170492.149,
0.301,2.235,97.328,0.010,0.0,0.125,0.0,54886.400,243139782.0,55612.400,0.0,0.0,4054.800,9032.600,1.200,0.0,0.0,5619175424.0,218796032.0,1.4739482624e+11,15547396096.0,0.0,0.0,0.0,54886.400,4055.600,9032.800,0.301,2.236,97.328,0.010,0.0,0.125,1493170497.149,
0.321,2.226,97.353,0.0,0.0,0.100,0.0,54886.400,266732188.600,58733.800,0.0,0.0,4229.200,9201.400,1.0,0.0,0.200,5626155008.0,218808320.0,1.47394924544e+11,15540305920.0,0.0,0.0,0.0,54886.400,4228.0,9201.400,0.321,2.226,97.353,0.0,0.0,0.100,1493170502.149,
0.336,2.226,97.288,0.015,0.0,0.135,0.0,56524.800,274548253.400,57184.200,0.0,0.0,4413.0,9322.600,1.400,0.0,0.400,5629128704.0,218824704.0,1.47395047424e+11,15537192960.0,0.0,0.0,0.0,56524.800,4413.400,9322.200,0.336,2.221,97.293,0.015,0.0,0.135,1493170507.149,
0.331,2.227,97.322,0.005,0.0,0.115,0.0,59801.600,259306294.600,65215.400,0.0,0.0,4241.0,9177.200,1.400,0.0,0.0,5625434112.0,218832896.0,1.47395162112e+11,15540764672.0,0.0,0.0,0.0,59801.600,4241.600,9177.600,0.331,2.232,97.317,0.005,0.0,0.115,1493170512.149,
0.366,2.198,97.275,0.050,0.0,0.110,0.0,59801.600,240295020.800,94850.0,0.0,0.0,4273.200,8855.400,1.0,0.0,0.0,5615738880.0,218849280.0,1.47395272704e+11,15550332928.0,0.0,0.0,0.0,59801.600,4273.200,8855.0,0.366,2.198,97.275,0.050,0.0,0.110,1493170517.149,
0.351,2.133,97.395,0.010,0.0,0.110,0.0,63078.400,290719999.0,96865.400,0.0,0.0,4601.600,10154.0,1.400,0.0,0.0,5609697280.0,218861568.0,1.47395375104e+11,15556259840.0,0.0,0.0,0.0,63078.400,4605.0,10161.0,0.356,2.128,97.395,0.010,0.0,0.110,1493170522.149,
0.416,2.031,97.388,0.0,0.0,0.165,0.0,57344.0,336915724.400,107049.200,0.0,0.0,5107.200,10954.200,0.800,0.0,0.0,5613080576.0,218865664.0,1.47395506176e+11,15552741376.0,0.0,0.0,0.0,57344.0,5109.0,10947.600,0.411,2.036,97.388,0.0,0.0,0.165,1493170527.149,
0.391,2.148,97.335,0.010,0.0,0.115,0.0,60620.800,294320456.600,121736.0,0.0,0.0,4898.400,10000.800,1.0,0.0,0.200,5614641152.0,218873856.0,1.47395637248e+11,15551041536.0,0.0,0.0,0.0,60620.800,4895.600,10001.400,0.391,2.148,97.335,0.010,0.0,0.115,1493170532.149,
0.357,2.230,97.323,0.010,0.0,0.080,0.0,54067.200,234074101.600,90459.0,0.0,0.0,4209.200,8717.600,1.0,0.0,0.0,5620166656.0,218890240.0,1.47395735552e+11,15545401344.0,0.0,0.0,0.0,54067.200,4206.400,8717.0,0.357,2.230,97.323,0.010,0.0,0.080,1493170537.149,
0.286,2.278,97.305,0.020,0.0,0.110,0.0,49152.0,181963207.600,54651.800,0.0,0.0,3454.200,8054.400,1.200,0.0,0.0,5616590848.0,218890240.0,1.47395833856e+11,15548878848.0,0.0,0.0,0.0,49152.0,3454.600,8054.400,0.286,2.273,97.310,0.020,0.0,0.110,1493170542.149,
0.336,2.223,97.315,0.010,0.0,0.115,0.0,50790.400,227015398.200,71906.0,0.0,0.0,3815.400,9018.800,0.800,0.0,0.400,5617369088.0,218898432.0,1.47395923968e+11,15548002304.0,0.0,0.0,0.0,50790.400,3819.200,9026.400,0.336,2.223,97.316,0.010,0.0,0.115,1493170547.149,
0.381,2.047,97.387,0.025,0.0,0.161,0.0,57344.0,312153959.800,105474.600,0.0,0.0,4711.600,10982.0,1.0,0.0,0.0,5627965440.0,218914816.0,1.47396042752e+11,15537270784.0,0.0,0.0,0.0,57344.0,4707.200,10974.0,0.381,2.051,97.382,0.025,0.0,0.161,1493170552.149,
0.361,2.072,97.366,0.035,0.0,0.166,0.0,73728.0,303782010.800,100471.800,0.0,0.0,4650.600,10466.800,1.200,0.0,0.0,5620256768.0,218935296.0,1.47396169728e+11,15544832000.0,0.0,0.0,0.0,73728.0,4652.200,10467.200,0.361,2.072,97.366,0.035,0.0,0.166,1493170557.149,
0.291,2.288,97.315,0.005,0.0,0.100,0.0,58163.200,184361885.800,45514.400,0.0,0.0,3480.400,8135.0,1.200,0.0,0.0,5625630720.0,218939392.0,1.47396272128e+11,15539351552.0,0.0,0.0,0.0,58163.200,3478.800,8134.600,0.291,2.283,97.320,0.005,0.0,0.100,1493170562.149,
0.331,2.267,97.246,0.015,0.0,0.140,0.0,53248.0,206829792.0,59248.600,0.0,0.0,3800.200,8617.600,1.200,0.0,0.0,5625110528.0,218947584.0,1.47396354048e+11,15539781632.0,0.0,0.0,0.0,53248.0,3800.200,8617.600,0.331,2.272,97.241,0.015,0.0,0.140,1493170567.149,
0.321,2.258,97.260,0.050,0.0,0.110,0.0,54886.400,205623923.0,62372.0,0.0,0.0,3767.400,8160.0,0.800,0.0,0.0,5618851840.0,218963968.0,1.47396440064e+11,15545937920.0,0.0,0.0,0.0,54886.400,3768.200,8160.400,0.321,2.258,97.260,0.050,0.0,0.110,1493170572.149,
0.331,2.239,97.294,0.040,0.0,0.095,0.0,52428.800,207328049.200,62144.0,0.0,0.0,3785.200,8418.200,1.0,0.0,0.0,5624365056.0,218972160.0,1.47396542464e+11,15540314112.0,0.0,0.0,0.0,52428.800,3785.0,8418.200,0.331,2.239,97.294,0.040,0.0,0.095,1493170577.149,
0.341,2.289,97.284,0.025,0.0,0.060,0.0,53248.0,205593942.0,69389.800,0.0,0.0,3832.400,8697.200,1.200,0.0,0.400,5620477952.0,218992640.0,1.47396636672e+11,15544086528.0,0.0,0.0,0.0,53248.0,3835.800,8698.600,0.341,2.289,97.284,0.025,0.0,0.060,1493170582.149,
0.321,2.137,97.386,0.005,0.0,0.151,0.0,59801.600,250796199.600,80714.0,0.0,0.0,4277.400,9294.800,1.200,0.0,0.0,5620056064.0,218996736.0,1.4739673088e+11,15544410112.0,0.0,0.0,0.0,59801.600,4274.0,9294.0,0.321,2.138,97.386,0.005,0.0,0.151,1493170587.149,
0.371,2.061,97.402,0.020,0.0,0.145,0.0,67993.600,305797918.600,84721.800,0.0,0.0,4644.200,10124.800,1.0,0.0,0.0,5631037440.0,219009024.0,1.4739685376e+11,15533293568.0,0.0,0.0,0.0,67993.600,4643.600,10123.800,0.371,2.061,97.402,0.020,0.0,0.145,1493170592.149,
0.160,0.912,98.838,0.020,0.0,0.070,0.0,54886.400,128830429.800,38105.400,0.0,0.0,2319.200,8587.600,0.600,0.0,1.0,5465759744.0,219013120.0,1.4739695616e+11,15698464768.0,0.0,0.0,0.0,54886.400,2319.0,8587.600,0.165,0.907,98.838,0.020,0.0,0.070,1493170597.149,
