"Dstat 0.7.2 CSV output"
"Author:","Dag Wieers <dag@wieers.com>",,,,"URL:","http://dag.wieers.com/home-made/dstat/"
"Host:","osd0.skyhook-1osds.skyhook-pg0.wisc.cloudlab.us",,,,"User:","jlefevre"
"Cmdline:","dstat -av --epoch --integer --noheaders --output 1osd.dstat-osd0.log 5",,,,"Date:","25 Apr 2017 15:29:30 CDT"

"total cpu usage",,,,,,"dsk/total",,"net/total",,"paging",,"system",,"procs",,,"memory usage",,,,"paging",,"dsk/total",,"system",,"total cpu usage",,,,,,"epoch"
"usr","sys","idl","wai","hiq","siq","read","writ","recv","send","in","out","int","csw","run","blk","new","used","buff","cach","free","in","out","read","writ","int","csw","usr","sys","idl","wai","hiq","siq","epoch"
0.015,2.436,97.484,0.065,0.0,0.0,313753.600,4915.200,2080.400,39664.800,0.0,0.0,677.0,884.200,0.800,0.0,1.0,5569323008.0,1462272.0,113381376.0,1.63096027136e+11,0.0,0.0,313753.600,4915.200,676.800,884.600,0.015,2.436,97.484,0.065,0.0,0.0,1493160100.821,
0.511,1.223,91.487,6.760,0.0,0.020,431785574.400,12288.0,19434.400,54775.400,0.0,0.0,4272.0,7620.200,0.400,8.0,3.600,5621915648.0,1527808.0,2272346112.0,1.60884404224e+11,0.0,0.0,432047718.400,12288.0,4273.800,7623.200,0.511,1.218,91.481,6.770,0.0,0.020,1493160105.821,
0.496,1.403,90.778,7.303,0.0,0.020,494221721.600,3276.800,22089.800,68591.600,0.0,0.0,4706.800,8452.600,0.600,6.800,0.0,5623009280.0,1536000.0,4744470528.0,1.58411177984e+11,0.0,0.0,494195507.200,3276.800,4706.800,8452.800,0.496,1.404,90.787,7.294,0.0,0.020,1493160110.821,
0.511,1.389,89.638,8.442,0.0,0.020,495758540.800,2457.600,21745.200,69361.600,0.0,0.0,4698.200,8462.600,0.600,7.800,0.0,5608734720.0,1544192.0,7222276096.0,1.55947638784e+11,0.0,0.0,495758540.800,2457.600,4699.200,8463.800,0.511,1.398,89.620,8.450,0.0,0.020,1493160115.821,
0.486,1.409,89.984,8.116,0.0,0.005,491177574.400,0.0,21348.200,68459.800,0.0,0.0,4647.0,8398.200,0.800,6.600,0.400,5657313280.0,1544192.0,9677717504.0,1.53443618816e+11,0.0,0.0,491177574.400,0.0,4646.0,8396.600,0.486,1.404,89.994,8.111,0.0,0.005,1493160120.821,
0.521,1.478,90.075,7.901,0.0,0.025,496932454.400,13107.200,21968.0,69021.600,0.0,0.0,4738.800,8538.400,1.0,6.800,0.200,5594435584.0,1560576.0,12162289664.0,1.51021907968e+11,0.0,0.0,496984883.200,13107.200,4739.600,8538.800,0.521,1.478,90.071,7.905,0.0,0.025,1493160125.821,
0.496,1.478,90.348,7.668,0.0,0.010,495324364.800,0.0,21305.0,67568.600,0.0,0.0,4711.0,8462.800,0.200,7.600,0.0,5645197312.0,1560576.0,14640300032.0,1.48493135872e+11,0.0,0.0,495271936.0,0.0,4709.800,8461.800,0.496,1.479,90.352,7.663,0.0,0.010,1493160130.821,
0.516,1.474,90.150,7.830,0.0,0.030,498506137.600,13107.200,21649.200,69168.200,0.0,0.0,4729.800,8505.200,1.0,7.800,0.0,5666701312.0,1576960.0,17131347968.0,1.45980567552e+11,0.0,0.0,498506137.600,13107.200,4730.400,8506.0,0.516,1.469,90.155,7.830,0.0,0.030,1493160135.821,
0.541,1.479,89.675,8.300,0.0,0.005,500051968.0,1638.400,21729.400,68648.600,0.0,0.0,4930.200,8566.0,0.400,7.800,0.0,5617270784.0,1576960.0,19633381376.0,1.43527964672e+11,0.0,0.0,500078182.400,1638.400,4931.200,8566.400,0.541,1.479,89.670,8.305,0.0,0.005,1493160140.821,
0.546,1.403,89.641,8.399,0.0,0.010,493939916.800,8192.0,21525.0,68803.600,0.0,0.0,4827.0,8437.0,0.400,7.800,0.0,5637472256.0,1585152.0,22103052288.0,1.41038084096e+11,0.0,0.0,493939916.800,8192.0,4826.400,8435.800,0.546,1.408,89.632,8.404,0.0,0.010,1493160145.821,
0.491,1.468,91.308,6.713,0.0,0.020,494852505.600,0.0,21675.600,69235.600,0.0,0.0,4693.200,8495.0,0.600,6.800,0.400,5691695104.0,1585152.0,24576163840.0,1.38510749696e+11,0.0,0.0,494852505.600,0.0,4692.600,8495.600,0.491,1.468,91.319,6.703,0.0,0.020,1493160150.821,
0.496,1.298,91.980,6.206,0.0,0.020,495443968.0,2457.600,22030.400,69841.600,0.0,0.0,4667.800,8482.600,0.800,7.200,0.200,5664800768.0,1593344.0,27053105152.0,1.36060694528e+11,0.0,0.0,495470182.400,2457.600,4668.400,8484.200,0.496,1.293,91.985,6.206,0.0,0.020,1493160155.821,
0.572,1.414,90.232,7.763,0.0,0.020,493950566.400,4915.200,21596.600,67889.400,0.0,0.0,4737.400,8459.200,0.600,7.800,0.0,5697626112.0,1601536.0,29522870272.0,1.33558095872e+11,0.0,0.0,493924352.0,4915.200,4736.800,8457.800,0.577,1.419,90.224,7.761,0.0,0.020,1493160160.821,
0.486,1.467,91.921,6.092,0.0,0.035,491491328.0,7372.800,21568.0,68776.200,0.0,0.0,4640.800,8414.0,1.0,6.800,0.0,5700096000.0,1617920.0,31981305856.0,1.31097174016e+11,0.0,0.0,491465113.600,7372.800,4645.200,8420.200,0.481,1.467,91.925,6.092,0.0,0.035,1493160165.821,
0.526,1.518,91.667,6.284,0.0,0.005,491422515.200,0.0,22395.200,69339.200,0.0,0.0,4679.600,8421.200,0.800,7.400,0.0,5635145728.0,1617920.0,34437021696.0,1.28706408448e+11,0.0,0.0,491448729.600,0.0,4676.0,8414.800,0.526,1.518,91.662,6.289,0.0,0.005,1493160170.821,
0.506,1.444,89.742,8.282,0.0,0.025,497080729.600,3276.800,21313.800,67816.800,0.0,0.0,4694.200,8485.800,1.200,6.600,0.0,5700317184.0,1626112.0,36922466304.0,1.26155784192e+11,0.0,0.0,497080729.600,3276.800,4693.600,8486.0,0.506,1.439,89.752,8.277,0.0,0.025,1493160175.821,
0.521,1.454,91.828,6.177,0.0,0.020,499522764.800,2457.600,22915.400,69036.200,0.0,0.0,4757.0,8566.200,0.800,7.600,0.0,5680545792.0,1634304.0,39420915712.0,1.23677097984e+11,0.0,0.0,499522764.800,2457.600,4756.800,8566.600,0.521,1.454,91.828,6.176,0.0,0.020,1493160180.821,
0.567,1.394,93.326,4.704,0.0,0.010,493033062.400,0.0,22459.0,69315.400,0.0,0.0,5060.600,8442.0,0.800,7.200,0.400,5709443072.0,1634304.0,41886384128.0,1.21182732288e+11,0.0,0.0,493006848.0,0.0,5060.600,8441.200,0.572,1.394,93.316,4.708,0.0,0.010,1493160185.821,
0.541,1.434,92.591,5.424,0.0,0.010,501279129.600,7372.800,22602.600,69260.400,0.0,0.0,4792.800,8634.400,0.800,7.400,0.0,5697966080.0,1650688.0,44392751104.0,1.1868782592e+11,0.0,0.0,501305344.0,7372.800,4792.600,8634.600,0.537,1.434,92.599,5.420,0.0,0.010,1493160190.821,
0.566,1.424,92.541,5.449,0.0,0.020,496094412.800,819.200,21856.0,69307.600,0.0,0.0,4705.400,8465.800,1.0,7.400,0.0,5700493312.0,1650688.0,46874562560.0,1.16203487232e+11,0.0,0.0,496120627.200,819.200,4705.600,8466.200,0.566,1.423,92.548,5.443,0.0,0.020,1493160195.821,
0.551,1.468,91.776,6.174,0.0,0.030,497866342.400,7372.800,21785.0,68987.800,0.0,0.0,4726.400,8497.600,0.800,6.600,0.0,5694689280.0,1667072.0,49362399232.0,1.13721438208e+11,0.0,0.0,497813913.600,7372.800,4727.0,8497.200,0.551,1.473,91.767,6.179,0.0,0.030,1493160200.821,
0.571,1.434,92.707,5.273,0.0,0.015,493887488.0,0.0,21618.0,68873.800,0.0,0.0,4669.200,8456.200,1.0,7.200,0.0,5718974464.0,1667072.0,51831177216.0,1.1122837504e+11,0.0,0.0,493913702.400,0.0,4668.400,8456.600,0.576,1.428,92.707,5.273,0.0,0.015,1493160205.821,
0.542,1.424,92.634,5.385,0.0,0.015,490783539.200,3276.800,22281.400,69451.0,0.0,0.0,4673.400,8414.400,1.600,5.200,0.0,5712371712.0,1675264.0,54285590528.0,1.08780556288e+11,0.0,0.0,490809753.600,3276.800,4673.600,8414.200,0.537,1.424,92.634,5.390,0.0,0.015,1493160210.821,
0.541,1.453,92.728,5.263,0.0,0.015,493278822.400,2457.600,21933.0,69740.200,0.0,0.0,4666.400,8390.600,0.600,7.0,0.0,5689405440.0,1683456.0,56752349184.0,1.06336755712e+11,0.0,0.0,493278822.400,2457.600,4667.200,8390.400,0.541,1.459,92.727,5.258,0.0,0.015,1493160215.821,
0.547,1.449,92.709,5.270,0.0,0.025,494490419.200,0.0,21579.400,69266.0,0.0,0.0,4701.0,8465.0,1.0,6.800,0.400,5712244736.0,1683456.0,59225915392.0,1.03840350208e+11,0.0,0.0,494490419.200,0.0,4700.200,8465.200,0.551,1.444,92.705,5.274,0.0,0.025,1493160220.821,
0.551,1.419,92.666,5.349,0.0,0.015,493688422.400,8192.0,21174.400,68577.400,0.0,0.0,4670.800,8450.600,1.0,7.200,0.0,5746081792.0,1699840.0,61692362752.0,1.01340049408e+11,0.0,0.0,493662208.0,8192.0,4670.800,8450.400,0.546,1.424,92.671,5.344,0.0,0.015,1493160225.821,
0.561,1.449,92.245,5.725,0.0,0.020,499313049.600,8192.0,22039.400,69054.600,0.0,0.0,5032.800,8562.200,0.800,7.0,0.0,5725102080.0,1708032.0,64190967808.0,98862415872.0,0.0,0.0,499313049.600,8192.0,5032.200,8562.0,0.562,1.444,92.253,5.721,0.0,0.020,1493160230.820,
0.516,1.474,93.148,4.857,0.0,0.005,498920652.800,2457.600,21589.800,68303.0,0.0,0.0,4707.800,8504.800,0.600,7.600,0.0,5772824576.0,1716224.0,66683039744.0,96322613248.0,0.0,0.0,498999296.0,2457.600,4708.600,8505.600,0.516,1.473,93.145,4.861,0.0,0.005,1493160235.821,
0.546,1.474,92.405,5.554,0.0,0.020,497918771.200,0.0,21810.800,69537.0,0.0,0.0,4722.800,8535.400,1.0,7.0,0.0,5768634368.0,1716224.0,69175459840.0,93834383360.0,0.0,0.0,497944985.600,0.0,4723.0,8536.0,0.546,1.474,92.406,5.554,0.0,0.020,1493160240.821,
0.541,1.488,92.793,5.157,0.0,0.020,499040256.0,4096.0,22146.800,69142.0,0.0,0.0,4712.600,8560.0,0.600,7.200,0.0,5734928384.0,1724416.0,71669784576.0,91373756416.0,0.0,0.0,498909184.0,4096.0,4712.200,8559.0,0.546,1.489,92.791,5.154,0.0,0.020,1493160245.821,
0.527,1.454,92.177,5.827,0.0,0.015,498647859.200,4915.200,22112.200,69853.200,0.0,0.0,4837.600,8541.400,0.600,8.200,0.0,5763100672.0,1732608.0,74162642944.0,88852717568.0,0.0,0.0,498700288.0,4915.200,4837.800,8541.600,0.521,1.454,92.180,5.830,0.0,0.015,1493160250.821,
0.511,1.453,93.015,4.996,0.0,0.025,495387443.200,2457.600,22360.0,69329.0,0.0,0.0,4707.400,8499.400,0.600,7.600,0.400,5833871360.0,1732608.0,76642447360.0,86302142464.0,0.0,0.0,495492300.800,2457.600,4708.200,8500.600,0.511,1.458,93.010,4.995,0.0,0.025,1493160255.821,
0.566,1.498,92.042,5.879,0.0,0.015,494877081.600,10649.600,22613.800,69139.0,0.0,0.0,4732.800,8512.200,1.0,6.400,0.0,5750321152.0,1748992.0,79113695232.0,83914428416.0,0.0,0.0,494693580.800,10649.600,4731.200,8509.800,0.567,1.494,92.044,5.881,0.0,0.015,1493160260.821,
0.571,1.513,92.606,5.280,0.0,0.030,493153484.800,4915.200,21711.200,68330.0,0.0,0.0,4662.200,8400.200,2.200,5.600,0.0,5774983168.0,1757184.0,81578459136.0,81424994304.0,0.0,0.0,493153484.800,4915.200,4661.800,8400.0,0.571,1.513,92.605,5.281,0.0,0.030,1493160265.820,
0.571,1.488,92.504,5.426,0.0,0.010,496998809.600,2457.600,20973.800,68181.200,0.0,0.0,4741.200,8475.200,0.600,7.800,0.200,5826617344.0,1646592.0,84044427264.0,78907502592.0,0.0,0.0,496946380.800,2457.600,4740.800,8474.200,0.571,1.488,92.504,5.427,0.0,0.010,1493160270.821,
0.536,1.588,92.731,5.125,0.0,0.020,494484684.800,0.0,22556.400,69877.400,0.0,0.0,4872.200,8441.800,0.200,7.0,0.0,5793132544.0,1646592.0,86517129216.0,76468285440.0,0.0,0.0,494589542.400,0.0,4873.600,8443.400,0.536,1.588,92.733,5.123,0.0,0.020,1493160275.821,
0.571,1.508,92.094,5.812,0.0,0.015,497903206.400,3276.800,21457.800,68214.600,0.0,0.0,4716.0,8481.400,1.400,7.0,0.0,5823344640.0,1654784.0,89007636480.0,73947557888.0,0.0,0.0,497929420.800,3276.800,4718.600,8488.0,0.571,1.513,92.090,5.811,0.0,0.015,1493160280.821,
0.556,1.478,92.459,5.492,0.0,0.015,496554803.200,2457.600,21864.200,69580.800,0.0,0.0,4750.800,8509.600,0.600,7.200,0.400,5856595968.0,1662976.0,91490533376.0,71431401472.0,0.0,0.0,496581017.600,2457.600,4748.800,8504.200,0.556,1.478,92.460,5.491,0.0,0.015,1493160285.821,
0.577,1.564,92.676,5.169,0.0,0.015,499385958.400,4915.200,22565.0,69594.200,0.0,0.0,4787.400,8584.400,0.600,7.600,0.0,5792919552.0,1671168.0,93988130816.0,68997472256.0,0.0,0.0,499385958.400,4915.200,4787.0,8584.0,0.577,1.560,92.679,5.170,0.0,0.015,1493160290.821,
0.596,1.583,92.296,5.495,0.0,0.030,494302003.200,3276.800,20788.0,67455.0,0.0,0.0,4689.600,8412.400,1.600,5.800,0.0,5839118336.0,1679360.0,96460656640.0,66478739456.0,0.0,0.0,494275788.800,3276.800,4689.600,8412.0,0.601,1.588,92.283,5.499,0.0,0.030,1493160295.821,
0.576,1.593,91.895,5.911,0.0,0.025,494301184.0,7372.800,21931.600,69364.200,0.0,0.0,4716.800,8409.0,1.200,7.0,0.0,5823881216.0,1687552.0,98930819072.0,64023805952.0,0.0,0.0,494327398.400,7372.800,4717.0,8409.600,0.571,1.593,91.896,5.915,0.0,0.025,1493160300.821,
0.596,1.583,92.233,5.572,0.0,0.015,497242112.0,2457.600,21826.0,68571.200,0.0,0.0,4709.400,8468.600,1.400,7.200,0.0,5843951616.0,1695744.0,1.0141616128e+11,61518385152.0,0.0,0.0,497111040.0,2457.600,4710.0,8467.200,0.607,1.579,92.240,5.559,0.0,0.015,1493160305.821,
0.581,1.524,91.876,5.994,0.0,0.025,495230156.800,0.0,21685.400,68976.200,0.0,0.0,4700.0,8450.400,0.800,6.400,0.0,5860917248.0,1695744.0,1.03893487616e+11,59024093184.0,0.0,0.0,495308800.0,0.0,4699.200,8451.0,0.571,1.524,91.881,5.999,0.0,0.025,1493160310.821,
0.566,1.543,92.293,5.582,0.0,0.015,492587417.600,4096.0,21592.600,68670.0,0.0,0.0,4718.400,8383.800,1.0,6.800,0.0,5889744896.0,1703936.0,1.06356076544e+11,56532668416.0,0.0,0.0,492561203.200,4096.0,4718.0,8384.0,0.566,1.544,92.297,5.578,0.0,0.015,1493160315.821,
0.582,1.594,92.145,5.665,0.0,0.015,495951872.0,4915.200,22960.0,69590.800,0.0,0.0,4762.600,8485.200,1.0,7.400,0.400,5827039232.0,1712128.0,1.0883477504e+11,54116667392.0,0.0,0.0,495951872.0,4915.200,4766.200,8489.800,0.586,1.599,92.125,5.674,0.0,0.015,1493160320.821,
0.587,1.469,92.339,5.591,0.0,0.015,496666214.400,8192.0,22572.200,69499.0,0.0,0.0,4740.600,8443.200,0.400,7.800,0.0,5844840448.0,1720320.0,1.11320608768e+11,51613024256.0,0.0,0.0,496718643.200,8192.0,4737.800,8438.400,0.587,1.464,92.349,5.585,0.0,0.015,1493160325.821,
0.597,1.509,92.255,5.625,0.0,0.015,492277760.0,4915.200,21590.400,67611.0,0.0,0.0,4694.800,8419.800,0.800,7.800,0.0,5844226048.0,1728512.0,1.13778589696e+11,49155649536.0,0.0,0.0,492172902.400,4915.200,4693.800,8418.800,0.592,1.509,92.259,5.625,0.0,0.015,1493160330.821,
0.581,1.564,92.156,5.684,0.0,0.015,497892556.800,4915.200,22222.800,68594.600,0.0,0.0,4744.0,8463.600,0.600,7.600,0.0,5840351232.0,1736704.0,1.16270309376e+11,46667796480.0,0.0,0.0,497944985.600,4915.200,4744.200,8464.0,0.581,1.564,92.157,5.683,0.0,0.015,1493160335.821,
0.561,1.569,91.484,6.361,0.0,0.025,495466086.400,2457.600,21744.200,68045.600,0.0,0.0,4711.600,8410.800,1.200,6.600,0.0,5911166976.0,1744896.0,1.18748438528e+11,44118843392.0,0.0,0.0,495518515.200,2457.600,4712.0,8412.0,0.566,1.569,91.475,6.365,0.0,0.025,1493160340.821,
0.581,1.614,90.409,7.371,0.0,0.025,493336166.400,0.0,22201.0,68824.600,0.0,0.0,4709.400,8406.800,1.0,6.600,0.0,5888827392.0,1744896.0,1.21212051456e+11,41677570048.0,0.0,0.0,493325516.800,0.0,4710.200,8406.600,0.586,1.613,90.414,7.361,0.0,0.025,1493160345.821,
0.541,1.613,89.914,7.916,0.0,0.015,497369088.0,3276.800,22155.400,69370.400,0.0,0.0,4761.800,8520.600,1.0,6.800,0.0,5925261312.0,1753088.0,1.23700760576e+11,39152418816.0,0.0,0.0,497353523.200,3276.800,4761.0,8520.600,0.531,1.619,89.913,7.922,0.0,0.015,1493160350.821,
0.581,1.579,89.996,7.824,0.0,0.020,496790732.800,2457.600,22976.800,68849.800,0.0,0.0,4996.600,8517.200,1.200,6.600,0.400,5875625984.0,1761280.0,1.26183993344e+11,36718813184.0,0.0,0.0,496790732.800,2457.600,4998.600,8520.600,0.581,1.578,90.001,7.820,0.0,0.020,1493160355.821,
0.556,1.604,90.133,7.687,0.0,0.020,492750438.400,0.0,21539.800,69079.800,0.0,0.0,5051.400,8434.200,0.600,8.200,0.0,5921873920.0,1761280.0,1.28647565312e+11,34208993280.0,0.0,0.0,492776652.800,0.0,5049.400,8430.600,0.556,1.599,90.129,7.695,0.0,0.020,1493160360.821,
0.597,1.599,89.954,7.830,0.0,0.020,495685632.0,10649.600,22279.800,67863.0,0.0,0.0,4753.800,8476.600,1.0,6.800,0.0,5934481408.0,1777664.0,1.3112823808e+11,31715696640.0,0.0,0.0,495711846.400,10649.600,4753.600,8477.0,0.596,1.599,89.955,7.829,0.0,0.020,1493160365.821,
0.586,1.579,90.684,7.131,0.0,0.020,496990617.600,4915.200,22606.0,68121.800,0.0,0.0,4755.0,8522.600,0.400,7.0,0.0,5916127232.0,1785856.0,1.33612453888e+11,29249826816.0,0.0,0.0,496990617.600,4915.200,4755.400,8522.200,0.586,1.584,90.683,7.127,0.0,0.020,1493160370.821,
0.626,1.524,91.100,6.735,0.0,0.015,495428403.200,2457.600,22160.400,69211.400,0.0,0.0,4707.800,8447.400,0.600,7.800,0.0,5908533248.0,1794048.0,1.36088977408e+11,26780889088.0,0.0,0.0,495402188.800,2457.600,4707.400,8447.800,0.626,1.519,91.109,6.731,0.0,0.015,1493160375.821,
0.602,1.479,91.028,6.882,0.0,0.010,497682841.600,0.0,22214.0,69030.400,0.0,0.0,4743.200,8478.400,0.800,7.200,0.0,5901553664.0,1794048.0,1.38578612224e+11,24298233856.0,0.0,0.0,497630412.800,0.0,4743.400,8477.400,0.602,1.484,91.012,6.893,0.0,0.010,1493160380.821,
0.631,1.509,91.009,6.821,0.0,0.030,492104908.800,4096.0,21630.400,68920.800,0.0,0.0,4665.800,8383.800,0.400,6.200,0.400,5919567872.0,1802240.0,1.41034827776e+11,21823995904.0,0.0,0.0,492078694.400,4096.0,4665.200,8383.800,0.631,1.503,91.020,6.815,0.0,0.030,1493160385.821,
0.040,0.050,99.750,0.160,0.0,0.0,18018304.0,5734.400,2468.800,51763.600,0.0,0.0,299.0,451.800,0.0,0.0,0.0,5882474496.0,1810432.0,1.41126586368e+11,21769322496.0,0.0,0.0,17808588.800,5734.400,297.600,449.200,0.040,0.050,99.755,0.155,0.0,0.0,1493160390.821,
