"Dstat 0.7.2 CSV output"
"Author:","Dag Wieers <dag@wieers.com>",,,,"URL:","http://dag.wieers.com/home-made/dstat/"
"Host:","osd0.skyhook-1osds.skyhook-pg0.wisc.cloudlab.us",,,,"User:","jlefevre"
"Cmdline:","dstat -av --epoch --integer --noheaders --output 1osd.dstat-osd0.log 5",,,,"Date:","25 Apr 2017 15:29:30 CDT"

"total cpu usage",,,,,,"dsk/total",,"net/total",,"paging",,"system",,"procs",,,"memory usage",,,,"paging",,"dsk/total",,"system",,"total cpu usage",,,,,,"epoch"
"usr","sys","idl","wai","hiq","siq","read","writ","recv","send","in","out","int","csw","run","blk","new","used","buff","cach","free","in","out","read","writ","int","csw","usr","sys","idl","wai","hiq","siq","epoch"
0.240,0.130,99.615,0.015,0.0,0.0,0.0,8192.0,6030.0,2424562.0,0.0,0.0,274.600,205.600,1.600,0.0,0.0,6019825664.0,2682880.0,1.41141815296e+11,21615869952.0,0.0,0.0,0.0,8192.0,276.400,206.0,0.255,0.140,99.590,0.015,0.0,0.0,1493181925.821,
14.311,5.331,80.267,0.0,0.0,0.090,0.0,1638.400,239680.400,266881077.0,0.0,0.0,11589.400,4450.400,7.600,0.0,0.400,5991182336.0,2682880.0,1.411418112e+11,21644517376.0,0.0,0.0,0.0,1638.400,11592.200,4452.200,14.303,5.324,80.283,0.0,0.0,0.090,1493181930.820,
14.577,5.248,80.060,0.030,0.0,0.085,0.0,13926.400,265560.800,266737517.400,0.0,0.0,11956.800,4444.0,7.200,0.0,0.0,6000144384.0,2699264.0,1.411418112e+11,21635538944.0,0.0,0.0,0.0,13926.400,11954.400,4445.200,14.580,5.249,80.056,0.030,0.0,0.085,1493181935.820,
13.794,5.287,80.898,0.0,0.0,0.020,0.0,0.0,210818.400,245112503.200,0.0,0.0,10593.800,4053.600,7.800,0.0,0.0,6018326528.0,2699264.0,1.411418112e+11,21617356800.0,0.0,0.0,0.0,0.0,10592.0,4052.0,13.794,5.287,80.899,0.0,0.0,0.020,1493181940.820,
14.016,5.516,80.347,0.020,0.0,0.100,0.0,7372.800,275637.0,257362821.0,0.0,0.0,11223.400,4113.800,7.800,0.0,0.400,6027038720.0,2715648.0,1.41141815296e+11,21608624128.0,0.0,0.0,0.0,7372.800,11227.400,4113.0,14.019,5.524,80.337,0.020,0.0,0.100,1493181945.820,
13.675,5.279,80.972,0.005,0.0,0.070,0.0,12288.0,227277.0,248833877.0,0.0,0.0,10668.800,3859.400,7.800,0.0,0.0,6015160320.0,2723840.0,1.41141819392e+11,21620490240.0,0.0,0.0,0.0,12288.0,10668.800,3860.400,13.668,5.270,80.987,0.005,0.0,0.070,1493181950.820,
14.430,5.416,80.074,0.0,0.0,0.080,0.0,2457.600,246738.0,267389155.800,0.0,0.0,11541.200,4089.800,8.200,0.0,0.400,6032044032.0,2732032.0,1.41141819392e+11,21603598336.0,0.0,0.0,0.0,2457.600,11538.800,4089.400,14.434,5.417,80.069,0.0,0.0,0.080,1493181955.820,
14.182,5.667,80.136,0.0,0.0,0.015,0.0,4915.200,226215.400,253522400.600,0.0,0.0,11205.600,4132.800,8.400,0.0,0.0,6031699968.0,2740224.0,1.41141819392e+11,21603934208.0,0.0,0.0,0.0,4915.200,11205.0,4131.200,14.183,5.667,80.135,0.0,0.0,0.015,1493181960.820,
13.875,5.744,80.281,0.005,0.0,0.095,0.0,6553.600,239772.400,249173310.0,0.0,0.0,10310.800,4025.400,6.800,0.0,0.200,6026887168.0,2748416.0,1.41141819392e+11,21608738816.0,0.0,0.0,0.0,6553.600,10318.0,4028.800,13.881,5.741,80.278,0.005,0.0,0.095,1493181965.821,
14.163,5.770,79.892,0.010,0.0,0.165,0.0,7372.800,233912.400,259443880.0,0.0,0.0,10518.400,4000.800,8.200,0.0,0.0,6005719040.0,2764800.0,1.41141819392e+11,21629890560.0,0.0,0.0,0.0,7372.800,10523.0,4002.400,14.161,5.780,79.884,0.010,0.0,0.165,1493181970.821,
13.727,5.462,80.736,0.010,0.0,0.065,0.0,12288.0,224142.600,246818220.0,0.0,0.0,9935.400,3899.0,8.800,0.0,0.0,6025175040.0,2772992.0,1.41141823488e+11,21610422272.0,0.0,0.0,0.0,12288.0,9929.800,3896.400,13.732,5.457,80.736,0.010,0.0,0.065,1493181975.821,
14.266,5.583,80.051,0.010,0.0,0.090,0.0,2457.600,218413.200,259785267.800,0.0,0.0,10288.400,4147.200,9.0,0.0,0.400,6000918528.0,2781184.0,1.41141823488e+11,21634670592.0,0.0,0.0,0.0,2457.600,10288.800,4148.400,14.255,5.594,80.051,0.010,0.0,0.090,1493181980.821,
9.061,3.502,87.397,0.0,0.0,0.040,0.0,5734.400,157920.600,168813164.0,0.0,0.0,6753.800,2653.600,4.400,0.0,0.400,5932322816.0,2789376.0,1.41141827584e+11,21703254016.0,0.0,0.0,0.0,5734.400,6746.0,2650.400,9.059,3.486,87.415,0.0,0.0,0.040,1493181985.821,
