"Dstat 0.7.2 CSV output"
"Author:","Dag Wieers <dag@wieers.com>",,,,"URL:","http://dag.wieers.com/home-made/dstat/"
"Host:","osd0.skyhook-1osds.skyhook-pg0.wisc.cloudlab.us",,,,"User:","jlefevre"
"Cmdline:","dstat -av --epoch --integer --noheaders --output 1osd.dstat-osd0.log 5",,,,"Date:","25 Apr 2017 15:29:30 CDT"

"total cpu usage",,,,,,"dsk/total",,"net/total",,"paging",,"system",,"procs",,,"memory usage",,,,"paging",,"dsk/total",,"system",,"total cpu usage",,,,,,"epoch"
"usr","sys","idl","wai","hiq","siq","read","writ","recv","send","in","out","int","csw","run","blk","new","used","buff","cach","free","in","out","read","writ","int","csw","usr","sys","idl","wai","hiq","siq","epoch"
0.025,2.221,97.564,0.190,0.0,0.0,1187840.0,8192.0,2720.800,40009.0,0.0,0.0,731.400,821.0,0.800,0.200,3.600,5585494016.0,1490944.0,133705728.0,1.63059503104e+11,0.0,0.0,1188659.200,8192.0,731.400,821.200,0.025,2.221,97.559,0.195,0.0,0.0,1493158455.821,
0.406,1.318,93.218,5.017,0.0,0.040,367735603.200,14745.600,101507.800,354390812.800,0.0,0.0,7355.600,6659.200,0.400,4.200,1.400,5719973888.0,1511424.0,1972871168.0,1.61085837312e+11,0.0,0.0,368023142.400,14745.600,7358.200,6663.0,0.406,1.318,93.223,5.013,0.0,0.040,1493158460.821,
0.361,1.304,94.513,3.777,0.0,0.045,386771353.600,4915.200,156424.600,421839871.800,0.0,0.0,8103.600,6964.400,1.200,2.400,0.0,5636386816.0,1519616.0,3905957888.0,1.59236329472e+11,0.0,0.0,386771353.600,4915.200,8107.400,6963.400,0.361,1.309,94.498,3.787,0.0,0.045,1493158465.821,
0.275,1.107,96.951,1.647,0.0,0.020,296105574.400,7372.800,66298.800,290215137.200,0.0,0.0,5821.800,5289.0,0.200,0.400,0.0,5728792576.0,1536000.0,5386899456.0,1.5766296576e+11,0.0,0.0,296000716.800,7372.800,5822.0,5288.600,0.275,1.107,96.961,1.637,0.0,0.020,1493158470.821,
0.225,0.961,98.232,0.556,0.0,0.025,244136345.600,0.0,62090.200,255379523.0,0.0,0.0,5048.0,4391.400,0.600,0.400,0.0,5721681920.0,1536000.0,6606798848.0,1.56450177024e+11,0.0,0.0,244047052.800,0.0,5041.600,4388.800,0.225,0.956,98.237,0.556,0.0,0.025,1493158475.821,
0.220,0.921,98.323,0.526,0.0,0.010,234196172.800,2457.600,70684.0,244598388.400,0.0,0.0,4835.200,4224.0,0.400,0.400,0.0,5722337280.0,1544192.0,7778029568.0,1.55278282752e+11,0.0,0.0,234101964.800,2457.600,4835.400,4224.0,0.220,0.921,98.323,0.526,0.0,0.010,1493158480.821,
0.200,0.881,98.398,0.506,0.0,0.015,217965363.200,0.0,59629.400,229193487.600,0.0,0.0,4519.200,3946.0,0.400,0.600,0.0,5732130816.0,1544192.0,8867889152.0,1.54178629632e+11,0.0,0.0,218122649.600,0.0,4520.600,3949.600,0.205,0.881,98.389,0.510,0.0,0.015,1493158485.821,
0.366,1.383,95.183,3.033,0.0,0.035,344238489.600,4096.0,106708.0,367569194.0,0.0,0.0,7364.800,6175.200,0.200,3.200,0.400,5694730240.0,1552384.0,10589224960.0,1.52494686208e+11,0.0,0.0,344317132.800,4096.0,7365.800,6175.400,0.361,1.384,95.182,3.038,0.0,0.035,1493158490.821,
0.552,1.976,90.003,7.444,0.0,0.025,486175539.200,819.200,142751.400,520440648.800,0.0,0.0,10298.800,8674.200,1.0,5.600,0.0,5627260928.0,1552384.0,13020057600.0,1.5013132288e+11,0.0,0.0,486227968.0,819.200,10297.800,8673.600,0.552,1.976,90.008,7.439,0.0,0.025,1493158495.821,
0.542,1.917,88.596,8.924,0.0,0.020,498746982.400,10649.600,115933.0,519776933.800,0.0,0.0,10503.400,8864.200,1.200,6.800,0.0,5651046400.0,1568768.0,15513792512.0,1.47613786112e+11,0.0,0.0,498694553.600,10649.600,10507.400,8864.400,0.542,1.922,88.588,8.928,0.0,0.020,1493158500.821,
0.552,1.982,88.591,8.850,0.0,0.025,497562419.200,4915.200,119258.0,516158410.200,0.0,0.0,11011.400,8861.400,0.800,7.0,0.0,5675261952.0,1576960.0,18000527360.0,1.4510282752e+11,0.0,0.0,497562419.200,4915.200,11012.400,8863.600,0.557,1.982,88.590,8.846,0.0,0.025,1493158505.821,
0.537,2.026,88.096,9.317,0.0,0.025,493540147.200,2457.600,127758.0,523246136.200,0.0,0.0,10691.400,8800.400,0.800,7.200,0.0,5646315520.0,1585152.0,20469633024.0,1.42662660096e+11,0.0,0.0,493513932.800,2457.600,10690.600,8797.800,0.537,2.021,88.100,9.317,0.0,0.025,1493158510.821,
0.536,1.910,88.219,9.299,0.0,0.035,488964096.0,0.0,170939.200,507273684.400,0.0,0.0,10058.800,8716.0,1.200,5.800,0.0,5675048960.0,1585152.0,22912831488.0,1.40190728192e+11,0.0,0.0,488964096.0,0.0,10061.0,8716.0,0.531,1.915,88.224,9.294,0.0,0.035,1493158515.821,
0.436,1.730,88.059,9.749,0.0,0.025,492477644.800,2457.600,125358.200,516030770.400,0.0,0.0,10154.0,8742.0,0.800,6.400,0.0,5679083520.0,1593344.0,25375313920.0,1.37724203008e+11,0.0,0.0,492556288.0,2457.600,10153.200,8743.0,0.441,1.725,88.050,9.758,0.0,0.025,1493158520.821,
0.441,1.618,90.016,7.870,0.0,0.055,489999564.800,0.0,116047.400,510916547.600,0.0,0.0,10008.400,8685.800,1.200,6.0,0.600,5683392512.0,1593344.0,27829243904.0,1.35265964032e+11,0.0,0.0,489973350.400,0.0,10002.600,8685.0,0.436,1.618,90.025,7.866,0.0,0.055,1493158525.821,
0.471,1.624,88.695,9.159,0.0,0.050,491518361.600,10649.600,119762.0,513580443.800,0.0,0.0,9994.0,8782.400,1.400,6.200,0.200,5700497408.0,1609728.0,30286397440.0,1.32791689216e+11,0.0,0.0,491544576.0,10649.600,9996.0,8782.400,0.471,1.629,88.686,9.164,0.0,0.050,1493158530.821,
0.517,1.871,87.210,10.363,0.0,0.040,495454617.600,15564.800,180945.800,520518335.800,0.0,0.0,10447.800,8854.600,1.0,6.200,0.200,5698981888.0,1626112.0,32764112896.0,1.30315472896e+11,0.0,0.0,495428403.200,15564.800,10450.600,8855.200,0.522,1.866,87.210,10.362,0.0,0.040,1493158535.821,
0.552,1.911,87.663,9.850,0.0,0.025,494306918.400,2457.600,169788.600,510913483.200,0.0,0.0,10524.800,8819.800,0.600,6.0,0.0,5726855168.0,1626112.0,35233099776.0,1.27818612736e+11,0.0,0.0,494333132.800,2457.600,10525.600,8819.200,0.547,1.911,87.669,9.849,0.0,0.025,1493158540.821,
0.537,1.976,86.996,10.471,0.0,0.020,497588633.600,5734.400,192661.400,524428575.400,0.0,0.0,10719.200,8951.800,0.200,7.600,0.200,5726580736.0,1642496.0,37722091520.0,1.2532987904e+11,0.0,0.0,497588633.600,5734.400,10719.800,8952.800,0.542,1.976,86.996,10.466,0.0,0.020,1493158545.821,
0.512,1.906,88.823,8.729,0.0,0.030,496644915.200,3276.800,172330.800,518299378.200,0.0,0.0,11120.0,8907.0,0.400,8.0,0.0,5732425728.0,1650688.0,40207503360.0,1.22838614016e+11,0.0,0.0,496618700.800,3276.800,11119.400,8906.600,0.512,1.907,88.821,8.731,0.0,0.030,1493158550.821,
0.516,1.865,90.087,7.501,0.0,0.030,492471910.400,2457.600,152935.200,514505108.0,0.0,0.0,10520.600,8761.400,0.600,7.400,0.0,5731860480.0,1658880.0,42668589056.0,1.20378085376e+11,0.0,0.0,492419481.600,2457.600,10514.600,8760.200,0.511,1.865,90.096,7.497,0.0,0.030,1493158555.821,
0.542,1.966,88.759,8.714,0.0,0.020,495596339.200,0.0,177166.0,519007023.400,0.0,0.0,10734.0,8898.0,0.0,7.600,0.400,5730656256.0,1658880.0,45146587136.0,1.1790129152e+11,0.0,0.0,495570124.800,0.0,10733.400,8897.800,0.542,1.971,88.752,8.716,0.0,0.020,1493158560.821,
0.522,1.886,87.938,9.615,0.0,0.040,490374758.400,12288.0,141015.600,510638264.600,0.0,0.0,10241.600,8730.600,0.800,7.0,0.0,5749542912.0,1675264.0,47598944256.0,1.1543003136e+11,0.0,0.0,490453401.600,12288.0,10245.400,8731.400,0.526,1.880,87.936,9.617,0.0,0.040,1493158565.821,
0.542,1.880,88.974,8.559,0.0,0.045,496566272.0,10649.600,132884.0,518529102.400,0.0,0.0,10320.0,8821.800,1.200,7.0,0.0,5751644160.0,1691648.0,50081259520.0,1.12945598464e+11,0.0,0.0,496592486.400,10649.600,10318.600,8823.0,0.537,1.880,88.979,8.559,0.0,0.045,1493158570.821,
0.551,1.819,90.013,7.567,0.0,0.050,492571033.600,0.0,143651.0,519685461.0,0.0,0.0,10328.800,8720.600,1.800,5.600,0.0,5742784512.0,1691648.0,52543213568.0,1.10492504064e+11,0.0,0.0,492544819.200,0.0,10332.600,8721.400,0.556,1.824,89.999,7.571,0.0,0.050,1493158575.821,
0.492,1.776,89.603,8.084,0.0,0.045,494202060.800,2457.600,144289.800,515975391.200,0.0,0.0,10218.800,8815.200,0.600,7.800,0.0,5750628352.0,1699840.0,55013765120.0,1.0801410048e+11,0.0,0.0,494202060.800,2457.600,10216.200,8814.0,0.492,1.771,89.607,8.085,0.0,0.045,1493158580.821,
0.521,1.900,91.050,6.493,0.0,0.035,491580620.800,0.0,116253.200,512774277.600,0.0,0.0,10504.600,8646.400,1.200,6.200,0.0,5759852544.0,1699840.0,57471479808.0,1.055471616e+11,0.0,0.0,491596185.600,0.0,10506.200,8646.0,0.521,1.905,91.045,6.493,0.0,0.035,1493158585.821,
0.511,1.934,90.859,6.650,0.0,0.045,494495334.400,2457.600,147590.600,519597434.600,0.0,0.0,10612.800,8791.800,1.200,6.200,0.0,5754093568.0,1708032.0,59944796160.0,1.03079596032e+11,0.0,0.0,494479769.600,2457.600,10614.0,8792.400,0.511,1.930,90.869,6.646,0.0,0.045,1493158590.821,
0.506,1.990,88.493,8.940,0.0,0.070,494778777.600,2457.600,164599.400,513749693.400,0.0,0.0,10891.600,8834.200,1.200,6.800,0.400,5784064000.0,1716224.0,62418464768.0,1.005759488e+11,0.0,0.0,494804992.0,2457.600,10892.200,8833.800,0.501,1.995,88.483,8.950,0.0,0.070,1493158595.821,
0.531,1.915,89.848,7.675,0.0,0.030,495701196.800,10649.600,158459.200,517528648.400,0.0,0.0,10491.400,8859.200,1.200,7.0,0.0,5783244800.0,1724416.0,64897671168.0,98097553408.0,0.0,0.0,495622553.600,10649.600,10487.800,8859.0,0.532,1.911,89.861,7.667,0.0,0.030,1493158600.821,
0.522,1.896,88.342,9.215,0.0,0.025,496445849.600,12288.0,172595.400,519006533.200,0.0,0.0,10577.200,8857.600,0.600,8.200,0.0,5787176960.0,1740800.0,67381227520.0,95610048512.0,0.0,0.0,496498278.400,12288.0,10575.800,8860.0,0.527,1.901,88.331,9.217,0.0,0.025,1493158605.821,
0.547,1.931,87.793,9.700,0.0,0.030,492791398.400,2457.600,155131.400,518088185.400,0.0,0.0,10549.200,8767.400,1.200,7.200,0.0,5789192192.0,1740800.0,69844758528.0,93144502272.0,0.0,0.0,492817612.800,2457.600,10555.200,8765.800,0.542,1.931,87.797,9.701,0.0,0.030,1493158610.821,
0.552,1.831,88.662,8.930,0.0,0.025,498443059.200,2457.600,147728.600,520582030.200,0.0,0.0,10582.200,8887.600,1.600,8.0,0.0,5794250752.0,1748992.0,72335646720.0,90648547328.0,0.0,0.0,498338201.600,2457.600,10577.400,8885.800,0.552,1.827,88.672,8.924,0.0,0.025,1493158615.821,
0.511,1.840,89.497,8.102,0.0,0.050,495019622.400,0.0,156666.600,518121591.200,0.0,0.0,10367.0,8852.800,0.800,7.200,0.0,5790220288.0,1748992.0,74811326464.0,88176898048.0,0.0,0.0,495098265.600,0.0,10370.0,8853.600,0.511,1.839,89.501,8.099,0.0,0.050,1493158620.821,
0.511,1.775,89.844,7.830,0.0,0.040,496042803.200,2457.600,142278.0,522183531.600,0.0,0.0,10319.0,8888.800,1.0,6.800,0.800,5778456576.0,1761280.0,77291249664.0,85708726272.0,0.0,0.0,495990374.400,2457.600,10313.600,8887.400,0.511,1.780,89.834,7.835,0.0,0.040,1493158625.821,
0.506,1.835,88.016,9.602,0.0,0.040,497142988.800,9830.400,159042.800,518814885.0,0.0,0.0,10317.800,8895.400,0.600,7.400,0.400,5783707648.0,1769472.0,79777411072.0,83217305600.0,0.0,0.0,497195417.600,9830.400,10322.0,8896.800,0.511,1.830,88.015,9.603,0.0,0.040,1493158630.821,
0.506,1.864,89.095,8.479,0.0,0.055,495161344.0,9011.200,154962.200,516264214.200,0.0,0.0,10388.400,8851.200,0.400,7.0,0.0,5801897984.0,1785856.0,82251296768.0,80725213184.0,0.0,0.0,495161344.0,9011.200,10384.200,8851.400,0.501,1.864,89.101,8.479,0.0,0.055,1493158635.821,
0.541,1.885,89.615,7.914,0.0,0.045,498731417.600,8192.0,158935.800,519142956.400,0.0,0.0,10297.200,8891.400,1.800,7.200,0.0,5819473920.0,1794048.0,84746911744.0,78212014080.0,0.0,0.0,498757632.0,8192.0,10302.600,8891.400,0.541,1.885,89.615,7.914,0.0,0.045,1493158640.821,
0.511,1.800,90.874,6.769,0.0,0.045,489965977.600,4915.200,147201.400,511142918.400,0.0,0.0,10166.800,8736.600,1.200,6.200,0.0,5834887168.0,1802240.0,87196680192.0,75746824192.0,0.0,0.0,489965977.600,4915.200,10166.600,8737.800,0.511,1.800,90.876,6.768,0.0,0.045,1493158645.821,
0.527,1.941,88.648,8.830,0.0,0.055,495784755.200,2457.600,158220.200,520023769.0,0.0,0.0,10384.400,8906.200,1.200,7.200,0.0,5830623232.0,1810432.0,89676881920.0,73270878208.0,0.0,0.0,495837184.0,2457.600,10386.600,8905.800,0.526,1.945,88.639,8.834,0.0,0.055,1493158650.821,
0.516,1.980,88.150,9.313,0.0,0.040,494385561.600,0.0,164297.800,519821984.400,0.0,0.0,10257.800,8808.800,0.800,6.400,0.0,5812432896.0,1810432.0,92148248576.0,70817701888.0,0.0,0.0,494333132.800,0.0,10250.800,8808.200,0.521,1.980,88.144,9.315,0.0,0.040,1493158655.821,
0.557,1.991,88.161,9.242,0.0,0.050,495611904.0,2457.600,168108.0,512657707.0,0.0,0.0,10808.400,8795.600,0.800,6.600,0.0,5852762112.0,1818624.0,94625415168.0,68300197888.0,0.0,0.0,495611904.0,2457.600,10814.400,8795.800,0.552,1.991,88.166,9.242,0.0,0.050,1493158660.821,
0.551,1.995,89.060,8.344,0.0,0.050,494700134.400,0.0,171159.200,520859948.600,0.0,0.0,10939.200,8818.200,1.200,6.200,0.400,5846347776.0,1818624.0,97097883648.0,65834143744.0,0.0,0.0,494700134.400,0.0,10937.800,8817.800,0.556,1.990,89.059,8.345,0.0,0.050,1493158665.821,
0.541,2.065,89.097,8.231,0.0,0.065,496749772.800,9830.400,185006.600,517354055.200,0.0,0.0,10979.600,8825.600,1.200,6.800,0.0,5851029504.0,1835008.0,99582472192.0,63344857088.0,0.0,0.0,496739123.200,9830.400,10980.400,8826.0,0.541,2.065,89.101,8.227,0.0,0.065,1493158670.821,
0.541,1.884,89.335,8.194,0.0,0.045,499779993.600,9830.400,170626.800,522061113.800,0.0,0.0,10395.400,8932.400,1.0,7.800,0.0,5857333248.0,1851392.0,1.02082166784e+11,60838842368.0,0.0,0.0,499790643.200,9830.400,10392.600,8932.200,0.541,1.884,89.336,8.193,0.0,0.045,1493158675.821,
0.572,1.901,90.008,7.474,0.0,0.045,493037977.600,2457.600,153659.400,519153159.600,0.0,0.0,10290.800,8808.600,1.200,6.800,0.0,5845008384.0,1851392.0,1.04547028992e+11,58386305024.0,0.0,0.0,493037977.600,2457.600,10288.600,8808.800,0.572,1.906,90.005,7.473,0.0,0.045,1493158680.821,
0.547,2.056,90.293,7.054,0.0,0.050,496907059.200,2457.600,139740.200,516058382.0,0.0,0.0,10441.400,8837.600,0.800,6.600,0.0,5866930176.0,1859584.0,1.07031564288e+11,55879839744.0,0.0,0.0,496907059.200,2457.600,10441.0,8837.200,0.547,2.051,90.296,7.056,0.0,0.050,1493158685.821,
0.542,1.931,91.154,6.328,0.0,0.045,498233344.0,0.0,101216.400,520808923.200,0.0,0.0,10428.0,8833.0,1.0,7.600,0.0,5884616704.0,1736704.0,1.09483159552e+11,53410680832.0,0.0,0.0,498207129.600,0.0,10432.200,8833.200,0.537,1.936,91.149,6.333,0.0,0.045,1493158690.821,
0.547,1.992,89.662,7.759,0.0,0.040,491528192.0,2457.600,105792.400,512983218.600,0.0,0.0,10426.600,8644.0,1.400,5.400,0.0,5895000064.0,1744896.0,1.1182555136e+11,51057897472.0,0.0,0.0,491517542.400,2457.600,10427.400,8643.200,0.552,1.987,89.667,7.753,0.0,0.040,1493158695.821,
0.572,2.007,89.539,7.822,0.0,0.060,491838668.800,0.0,173976.200,515785749.200,0.0,0.0,10472.800,8761.400,1.800,5.600,0.400,5890789376.0,1744896.0,1.14187358208e+11,48700301312.0,0.0,0.0,491796889.600,0.0,10471.400,8761.400,0.572,2.012,89.523,7.833,0.0,0.060,1493158700.821,
0.536,2.006,90.328,7.089,0.0,0.040,492655411.200,4096.0,135003.400,516530863.0,0.0,0.0,10367.0,8720.800,1.200,7.0,0.0,5900263424.0,1753088.0,1.16530434048e+11,46347743232.0,0.0,0.0,492734054.400,4096.0,10369.0,8721.600,0.531,2.000,90.339,7.089,0.0,0.040,1493158705.821,
0.577,2.007,89.846,7.530,0.0,0.040,491528192.0,8192.0,155309.800,514188949.0,0.0,0.0,10564.600,8752.0,1.0,6.800,0.0,5887639552.0,1769472.0,1.18870708224e+11,44020076544.0,0.0,0.0,491475763.200,8192.0,10558.600,8751.200,0.582,2.011,89.842,7.524,0.0,0.040,1493158710.821,
0.602,2.057,88.618,8.708,0.0,0.015,492644761.600,4915.200,144251.600,516061378.0,0.0,0.0,10607.800,8720.800,0.800,6.200,0.0,5884911616.0,1777664.0,1.21217716224e+11,41675788288.0,0.0,0.0,492670976.0,4915.200,10608.200,8720.400,0.597,2.057,88.622,8.709,0.0,0.015,1493158715.821,
0.587,1.962,89.099,8.337,0.0,0.015,498338201.600,2457.600,172319.600,517052509.600,0.0,0.0,10974.0,8843.200,1.400,6.600,0.0,5917921280.0,1785856.0,1.2357541888e+11,39285067776.0,0.0,0.0,498285772.800,2457.600,10977.600,8844.600,0.587,1.963,89.102,8.333,0.0,0.015,1493158720.821,
0.562,1.927,89.196,8.275,0.0,0.040,499712000.0,0.0,154940.600,523908529.200,0.0,0.0,10937.0,8879.0,0.800,7.200,0.200,5909102592.0,1785856.0,1.2593739776e+11,36931907584.0,0.0,0.0,499779993.600,0.0,10933.400,8878.400,0.562,1.922,89.201,8.275,0.0,0.040,1493158725.821,
0.552,1.871,90.224,7.333,0.0,0.020,495701196.800,5734.400,135743.0,519007844.600,0.0,0.0,10586.200,8876.200,0.600,7.600,0.600,5912297472.0,1802240.0,1.28279576576e+11,34586517504.0,0.0,0.0,495659417.600,5734.400,10585.800,8875.800,0.552,1.876,90.224,7.328,0.0,0.020,1493158730.821,
0.527,1.846,89.544,8.044,0.0,0.040,493703987.200,0.0,149958.200,513109504.400,0.0,0.0,10342.200,8863.200,1.0,7.0,0.200,5938081792.0,1802240.0,1.3061165056e+11,32228659200.0,0.0,0.0,493730201.600,0.0,10342.400,8863.600,0.527,1.840,89.540,8.053,0.0,0.040,1493158735.821,
0.521,1.880,90.449,7.099,0.0,0.050,493200179.200,13926.400,146107.400,519959845.600,0.0,0.0,10859.0,8849.400,1.400,6.0,0.200,5930184704.0,1818624.0,1.32901588992e+11,29946601472.0,0.0,0.0,493173964.800,13926.400,10864.400,8850.400,0.526,1.885,90.440,7.098,0.0,0.050,1493158740.821,
0.496,1.824,91.005,6.635,0.0,0.040,494191411.200,14745.600,154044.800,518053094.600,0.0,0.0,10155.0,8827.800,1.800,6.600,0.0,5917163520.0,1835008.0,1.35238418432e+11,27622776832.0,0.0,0.0,494243840.0,14745.600,10149.800,8826.800,0.496,1.819,91.014,6.630,0.0,0.040,1493158745.821,
0.572,1.950,90.609,6.804,0.0,0.065,494872985.600,11468.800,127655.200,513550496.400,0.0,0.0,10279.200,8786.400,1.0,7.0,0.0,5953220608.0,1843200.0,1.37555017728e+11,25270112256.0,0.0,0.0,494846771.200,11468.800,10284.0,8786.600,0.567,1.951,90.613,6.804,0.0,0.065,1493158750.821,
0.461,1.595,93.019,4.895,0.0,0.030,398199193.600,2457.600,129180.400,430112955.400,0.0,0.0,8761.0,7033.200,1.0,4.400,0.0,5884919808.0,1851392.0,1.39371003904e+11,23522418688.0,0.0,0.0,397937049.600,2457.600,8754.0,7029.600,0.461,1.595,93.024,4.889,0.0,0.030,1493158755.821,
