"Dstat 0.7.2 CSV output"
"Author:","Dag Wieers <dag@wieers.com>",,,,"URL:","http://dag.wieers.com/home-made/dstat/"
"Host:","osd0.skyhook-1osds.skyhook-pg0.wisc.cloudlab.us",,,,"User:","jlefevre"
"Cmdline:","dstat -av --epoch --integer --noheaders --output 1osd.dstat-osd0.log 5",,,,"Date:","25 Apr 2017 15:29:30 CDT"

"total cpu usage",,,,,,"dsk/total",,"net/total",,"paging",,"system",,"procs",,,"memory usage",,,,"paging",,"dsk/total",,"system",,"total cpu usage",,,,,,"epoch"
"usr","sys","idl","wai","hiq","siq","read","writ","recv","send","in","out","int","csw","run","blk","new","used","buff","cach","free","in","out","read","writ","int","csw","usr","sys","idl","wai","hiq","siq","epoch"
0.030,2.316,97.424,0.220,0.0,0.010,1299251.200,4915.200,2374.0,39756.600,0.0,0.0,764.400,959.0,0.800,0.200,3.600,5563686912.0,1482752.0,117338112.0,1.63097686016e+11,0.0,0.0,1299251.200,4915.200,764.200,959.0,0.035,2.316,97.419,0.220,0.0,0.010,1493167355.821,
0.531,1.442,89.039,8.958,0.0,0.030,462228684.800,20480.0,21333.400,61237.800,0.0,0.0,4500.400,8032.400,0.600,6.400,1.600,5586411520.0,1507328.0,2430685184.0,1.6076158976e+11,0.0,0.0,462490828.800,20480.0,4501.800,8035.0,0.531,1.442,89.032,8.964,0.0,0.030,1493167360.821,
0.501,1.413,89.088,8.978,0.0,0.020,493079756.800,4915.200,22145.800,67510.200,0.0,0.0,4671.800,8397.600,1.200,6.200,0.0,5572583424.0,1515520.0,4896018432.0,1.58310076416e+11,0.0,0.0,493053542.400,4915.200,4676.800,8404.400,0.496,1.418,89.084,8.977,0.0,0.025,1493167365.821,
0.466,1.373,89.991,8.150,0.0,0.020,496676864.0,9011.200,22147.600,67949.800,0.0,0.0,4695.600,8443.800,2.0,5.600,0.0,5611925504.0,1531904.0,7377870848.0,1.55788865536e+11,0.0,0.0,496692428.800,9011.200,4692.800,8440.0,0.471,1.372,89.987,8.155,0.0,0.015,1493167370.821,
0.471,1.318,90.687,7.503,0.0,0.020,493247692.800,0.0,22398.800,69126.0,0.0,0.0,4836.200,8328.200,0.600,7.200,0.0,5613617152.0,1531904.0,9846960128.0,1.53318084608e+11,0.0,0.0,493258342.400,0.0,4834.400,8325.800,0.471,1.313,90.696,7.499,0.0,0.020,1493167375.821,
0.451,1.352,92.476,5.695,0.0,0.025,497374003.200,2457.600,21148.400,67657.600,0.0,0.0,4668.400,8408.400,0.400,7.0,0.0,5651648512.0,1540096.0,12331933696.0,1.50795071488e+11,0.0,0.0,497415782.400,2457.600,4667.800,8407.800,0.446,1.352,92.481,5.695,0.0,0.025,1493167380.821,
0.496,1.332,92.768,5.369,0.0,0.035,497677107.200,0.0,22934.400,67914.600,0.0,0.0,4706.400,8434.600,0.200,7.200,0.0,5609230336.0,1540096.0,14819844096.0,1.48349579264e+11,0.0,0.0,497635328.0,0.0,4706.600,8434.0,0.496,1.332,92.763,5.374,0.0,0.035,1493167385.821,
0.496,1.312,93.472,4.681,0.0,0.040,498715852.800,7372.800,23438.400,68876.0,0.0,0.0,4728.600,8437.800,1.200,7.400,0.400,5628170240.0,1548288.0,17314127872.0,1.45836347392e+11,0.0,0.0,498715852.800,7372.800,4731.800,8442.400,0.501,1.312,93.472,4.676,0.0,0.040,1493167390.821,
0.541,1.337,93.029,5.043,0.0,0.050,500482048.0,819.200,28089.400,69082.200,0.0,0.0,4982.200,8496.600,0.600,8.0,0.0,5598613504.0,1548288.0,19816484864.0,1.43363547136e+11,0.0,0.0,500482048.0,819.200,4979.800,8492.600,0.536,1.342,93.025,5.047,0.0,0.050,1493167395.821,
0.496,1.287,93.122,5.074,0.0,0.020,494585446.400,7372.800,21370.200,68355.400,0.0,0.0,4650.200,8377.800,0.400,7.0,0.0,5674807296.0,1564672.0,22289833984.0,1.4081398784e+11,0.0,0.0,494585446.400,7372.800,4649.600,8378.0,0.496,1.287,93.127,5.070,0.0,0.020,1493167400.821,
0.516,1.282,93.008,5.154,0.0,0.040,494918860.800,4915.200,22312.400,69135.800,0.0,0.0,4715.0,8413.400,0.400,7.600,0.0,5673529344.0,1572864.0,24764432384.0,1.383406592e+11,0.0,0.0,494945075.200,4915.200,4714.600,8413.400,0.521,1.277,93.003,5.159,0.0,0.040,1493167405.821,
0.521,1.413,90.673,7.378,0.0,0.015,490112614.400,2457.600,21502.600,68372.400,0.0,0.0,4758.0,8340.200,1.400,6.200,0.0,5698945024.0,1581056.0,27212009472.0,1.3586765824e+11,0.0,0.0,490101964.800,2457.600,4758.400,8339.800,0.521,1.414,90.680,7.370,0.0,0.015,1493167410.821,
0.507,1.414,90.005,8.054,0.0,0.020,494694400.0,0.0,21839.800,68207.800,0.0,0.0,4765.600,8412.200,0.600,7.400,0.0,5665443840.0,1581056.0,29688270848.0,1.33424898048e+11,0.0,0.0,494652620.800,0.0,4766.200,8413.0,0.502,1.414,90.005,8.059,0.0,0.020,1493167415.821,
0.541,1.428,90.282,7.729,0.0,0.020,492634112.0,2457.600,21679.200,67470.200,0.0,0.0,4951.200,8381.0,1.0,6.400,0.0,5656363008.0,1589248.0,32151859200.0,1.30970382336e+11,0.0,0.0,492686540.800,2457.600,4950.400,8381.0,0.541,1.428,90.277,7.734,0.0,0.020,1493167420.821,
0.516,1.432,90.827,7.205,0.0,0.020,491224268.800,0.0,21493.600,68510.0,0.0,0.0,4627.400,8331.0,1.600,5.800,0.400,5677924352.0,1589248.0,34607210496.0,1.28493469696e+11,0.0,0.0,491224268.800,0.0,4627.400,8331.400,0.516,1.432,90.828,7.205,0.0,0.020,1493167425.821,
0.536,1.358,91.022,7.059,0.0,0.025,497677926.400,4096.0,21654.600,67777.0,0.0,0.0,4722.400,8512.200,0.0,8.0,0.0,5699461120.0,1597440.0,37095632896.0,1.25983502336e+11,0.0,0.0,497625497.600,4096.0,4722.400,8511.200,0.541,1.358,91.018,7.058,0.0,0.025,1493167430.821,
0.561,1.267,92.220,5.937,0.0,0.015,499842252.800,16384.0,22801.200,69515.800,0.0,0.0,4727.600,8548.600,1.200,6.600,0.0,5656055808.0,1613824.0,39593725952.0,1.23528798208e+11,0.0,0.0,499868467.200,16384.0,4727.600,8549.0,0.556,1.268,92.229,5.932,0.0,0.015,1493167435.821,
0.526,1.248,93.166,5.041,0.0,0.020,494380646.400,4915.200,21634.800,68244.400,0.0,0.0,4624.200,8421.200,0.600,7.400,0.0,5703847936.0,1622016.0,42066935808.0,1.21007788032e+11,0.0,0.0,494406860.800,4915.200,4632.400,8421.600,0.526,1.248,93.166,5.041,0.0,0.020,1493167440.821,
0.516,1.277,94.234,3.937,0.0,0.035,500524646.400,2457.600,21475.0,67649.200,0.0,0.0,4696.400,8548.200,0.600,7.800,0.0,5733478400.0,1630208.0,44568653824.0,1.1847643136e+11,0.0,0.0,500524646.400,2457.600,4688.200,8547.800,0.516,1.277,94.235,3.937,0.0,0.035,1493167445.821,
0.551,1.408,92.576,5.436,0.0,0.030,492958515.200,0.0,22403.600,68688.400,0.0,0.0,4684.800,8426.400,0.400,6.600,0.0,5668737024.0,1630208.0,47033233408.0,1.16076593152e+11,0.0,0.0,492906086.400,0.0,4685.200,8425.800,0.551,1.408,92.575,5.436,0.0,0.030,1493167450.821,
0.551,1.468,91.081,6.884,0.0,0.015,495350579.200,2457.600,21555.400,67464.400,0.0,0.0,4685.600,8423.600,0.800,8.200,0.0,5717540864.0,1638400.0,49512464384.0,1.13548550144e+11,0.0,0.0,495403008.0,2457.600,4685.0,8423.600,0.551,1.468,91.076,6.889,0.0,0.015,1493167455.821,
0.581,1.418,90.777,7.209,0.0,0.015,495842918.400,0.0,21635.0,68341.0,0.0,0.0,4777.0,8457.800,0.600,8.0,0.0,5733457920.0,1638400.0,51990007808.0,1.11055089664e+11,0.0,0.0,495816704.0,0.0,4777.400,8458.400,0.586,1.418,90.772,7.209,0.0,0.015,1493167460.821,
0.546,1.418,90.933,7.092,0.0,0.010,492068044.800,3276.800,22000.200,68411.200,0.0,0.0,4785.400,8385.600,0.400,7.600,0.400,5733842944.0,1646592.0,54450851840.0,1.08593852416e+11,0.0,0.0,492094259.200,3276.800,4785.200,8385.800,0.541,1.419,90.942,7.088,0.0,0.010,1493167465.821,
0.546,1.453,90.953,7.038,0.0,0.010,493160857.600,9830.400,21984.800,69191.0,0.0,0.0,4696.200,8408.800,0.800,6.800,0.200,5751349248.0,1662976.0,56917815296.0,1.06109366272e+11,0.0,0.0,493160857.600,9830.400,4696.400,8408.400,0.551,1.458,90.943,7.038,0.0,0.010,1493167470.821,
0.561,1.483,90.983,6.958,0.0,0.015,494033305.600,0.0,22117.0,68441.400,0.0,0.0,4733.400,8447.400,0.800,6.800,0.0,5689839616.0,1662976.0,59386372096.0,1.03702319104e+11,0.0,0.0,494033305.600,0.0,4734.0,8448.200,0.556,1.478,90.988,6.963,0.0,0.015,1493167475.821,
0.526,1.483,90.987,6.984,0.0,0.020,496309862.400,7372.800,21241.200,67205.0,0.0,0.0,4724.800,8435.600,0.400,7.600,0.0,5736599552.0,1679360.0,61869195264.0,1.01172719616e+11,0.0,0.0,496309862.400,7372.800,4724.400,8435.0,0.531,1.483,90.987,6.979,0.0,0.020,1493167480.821,
0.576,1.464,89.299,8.641,0.0,0.020,498191564.800,0.0,21687.600,69379.800,0.0,0.0,4725.200,8475.600,2.200,5.800,0.0,5780176896.0,1679360.0,64359026688.0,98639310848.0,0.0,0.0,498207129.600,0.0,4725.400,8475.600,0.576,1.463,89.305,8.635,0.0,0.020,1493167485.820,
0.566,1.503,91.209,6.707,0.0,0.015,499706265.600,2457.600,23056.400,69782.200,0.0,0.0,4796.800,8573.600,0.600,7.800,0.400,5761736704.0,1687552.0,66857615360.0,96159154176.0,0.0,0.0,499680051.200,2457.600,4796.800,8573.200,0.571,1.503,91.204,6.707,0.0,0.015,1493167490.821,
0.551,1.462,91.898,6.069,0.0,0.020,497446912.0,4915.200,28891.0,68618.400,0.0,0.0,4830.200,8487.200,0.800,7.200,0.0,5725556736.0,1695744.0,69345636352.0,93707304960.0,0.0,0.0,497457561.600,4915.200,4829.800,8487.200,0.541,1.462,91.903,6.074,0.0,0.020,1493167495.821,
0.541,1.478,90.739,7.222,0.0,0.020,497463296.0,6553.600,22795.600,68265.600,0.0,0.0,4766.0,8441.800,0.800,8.0,0.0,5777911808.0,1712128.0,71833071616.0,91167498240.0,0.0,0.0,497463296.0,6553.600,4766.400,8442.0,0.541,1.483,90.729,7.226,0.0,0.020,1493167500.821,
0.551,1.488,91.756,6.195,0.0,0.010,497174118.400,2457.600,22304.200,68367.0,0.0,0.0,5051.600,8476.800,0.800,7.800,0.0,5759311872.0,1720320.0,74317729792.0,88701431808.0,0.0,0.0,497121689.600,2457.600,5051.200,8477.0,0.551,1.484,91.760,6.195,0.0,0.010,1493167505.821,
0.571,1.418,91.613,6.358,0.0,0.040,497468211.200,1638.400,21686.600,67636.800,0.0,0.0,4693.400,8513.200,1.400,6.400,0.0,5786763264.0,1720320.0,76804399104.0,86187311104.0,0.0,0.0,497473126.400,1638.400,4694.0,8512.400,0.581,1.418,91.608,6.353,0.0,0.040,1493167510.820,
0.551,1.423,91.312,6.694,0.0,0.020,494422425.600,2457.600,21798.200,67388.600,0.0,0.0,4683.200,8390.200,1.600,6.400,0.0,5821575168.0,1728512.0,79278538752.0,83678351360.0,0.0,0.0,494469939.200,2457.600,4682.400,8390.600,0.541,1.428,91.317,6.694,0.0,0.020,1493167515.821,
0.526,1.493,91.186,6.785,0.0,0.010,494600192.0,0.0,22496.200,68736.200,0.0,0.0,4684.200,8402.0,1.400,6.200,0.0,5827620864.0,1728512.0,81748045824.0,81202798592.0,0.0,0.0,494573977.600,0.0,4684.200,8402.0,0.526,1.493,91.186,6.785,0.0,0.010,1493167520.821,
0.601,1.528,91.400,6.456,0.0,0.015,499192627.200,2457.600,22260.200,68585.200,0.0,0.0,4785.200,8527.400,1.200,7.200,0.400,5818093568.0,1736704.0,84246925312.0,78713438208.0,0.0,0.0,499192627.200,2457.600,4784.800,8527.0,0.601,1.523,91.400,6.461,0.0,0.015,1493167525.821,
0.581,1.478,91.972,5.948,0.0,0.020,492188467.200,7372.800,22525.800,68871.200,0.0,0.0,4671.800,8402.0,1.0,6.800,0.0,5804134400.0,1744896.0,86705811456.0,76268503040.0,0.0,0.0,492240896.0,8192.0,4672.400,8402.400,0.581,1.478,91.982,5.938,0.0,0.020,1493167530.821,
0.591,1.493,92.068,5.833,0.0,0.015,499423641.600,4915.200,22742.0,68403.0,0.0,0.0,4750.400,8488.200,0.600,7.800,0.0,5823336448.0,1753088.0,89203634176.0,73751470080.0,0.0,0.0,499371212.800,4096.0,4750.400,8488.200,0.591,1.498,92.063,5.833,0.0,0.015,1493167535.821,
0.587,1.454,90.593,7.346,0.0,0.020,497011916.800,9830.400,23052.200,68739.400,0.0,0.0,4717.400,8421.800,0.600,7.400,0.0,5828993024.0,1769472.0,91690045440.0,71259385856.0,0.0,0.0,497027481.600,9830.400,4717.400,8422.200,0.592,1.449,90.583,7.356,0.0,0.020,1493167540.821,
0.611,1.558,88.819,9.002,0.0,0.010,495958425.600,0.0,22115.0,68383.0,0.0,0.0,4737.600,8418.0,1.0,6.800,0.0,5862199296.0,1769472.0,94169157632.0,68747067392.0,0.0,0.0,495942860.800,0.0,4737.400,8417.600,0.606,1.558,88.829,8.997,0.0,0.010,1493167545.821,
0.616,1.518,89.110,8.745,0.0,0.010,493886668.800,2457.600,22732.400,68537.200,0.0,0.0,4916.800,8434.200,0.600,7.600,0.0,5814358016.0,1777664.0,96638394368.0,66325663744.0,0.0,0.0,493939097.600,2457.600,4917.0,8435.0,0.616,1.518,89.110,8.745,0.0,0.010,1493167550.821,
0.606,1.528,89.826,8.025,0.0,0.015,494988492.800,0.0,22481.200,68820.200,0.0,0.0,4723.400,8432.200,0.600,7.800,0.400,5841334272.0,1777664.0,99111256064.0,63825825792.0,0.0,0.0,494962278.400,0.0,4723.200,8431.200,0.606,1.533,89.817,8.029,0.0,0.015,1493167555.821,
0.566,1.553,90.439,7.428,0.0,0.015,499035340.800,4915.200,22344.800,68794.0,0.0,0.0,4759.400,8549.0,0.800,8.0,0.0,5832835072.0,1785856.0,1.01609754624e+11,61335818240.0,0.0,0.0,499035340.800,4915.200,4759.600,8549.400,0.566,1.548,90.448,7.423,0.0,0.015,1493167560.821,
0.616,1.498,91.218,6.663,0.0,0.005,493930086.400,10649.600,22131.200,68372.0,0.0,0.0,4716.400,8420.800,1.200,6.600,0.0,5837008896.0,1798144.0,1.04080461824e+11,58860924928.0,0.0,0.0,493930086.400,10649.600,4716.0,8421.0,0.616,1.498,91.214,6.667,0.0,0.005,1493167565.821,
0.576,1.523,90.875,7.005,0.0,0.020,495255552.0,8192.0,21608.600,67181.0,0.0,0.0,4739.600,8475.600,0.800,7.600,0.0,5840060416.0,1814528.0,1.06554355712e+11,56383963136.0,0.0,0.0,495255552.0,8192.0,4740.0,8475.800,0.576,1.523,90.874,7.006,0.0,0.020,1493167570.821,
0.571,1.547,90.676,7.196,0.0,0.010,498411929.600,4915.200,21898.600,68967.600,0.0,0.0,4731.0,8475.600,0.400,8.200,0.0,5868187648.0,1822720.0,1.0904629248e+11,53863890944.0,0.0,0.0,498411929.600,4915.200,4730.600,8475.400,0.571,1.548,90.680,7.192,0.0,0.010,1493167575.821,
0.591,1.453,91.351,6.600,0.0,0.005,496859545.600,0.0,22022.800,68523.600,0.0,0.0,4710.800,8461.400,0.200,7.800,0.0,5887172608.0,1822720.0,1.11529189376e+11,51362009088.0,0.0,0.0,496833331.200,0.0,4712.600,8462.800,0.591,1.458,91.347,6.599,0.0,0.005,1493167580.821,
0.601,1.498,91.715,6.171,0.0,0.015,494353612.800,2457.600,21961.0,67874.400,0.0,0.0,4709.600,8416.600,0.600,7.200,0.0,5840236544.0,1830912.0,1.1400402944e+11,48934096896.0,0.0,0.0,494327398.400,2457.600,4711.600,8420.600,0.606,1.493,91.709,6.177,0.0,0.015,1493167585.821,
0.556,1.509,91.199,6.711,0.0,0.025,496739942.400,2457.600,22629.400,67241.200,0.0,0.0,4789.800,8516.400,0.600,7.200,0.400,5908094976.0,1839104.0,1.1648694272e+11,46383316992.0,0.0,0.0,496834150.400,2457.600,4787.200,8511.0,0.556,1.513,91.197,6.709,0.0,0.025,1493167590.821,
0.601,1.443,91.426,6.505,0.0,0.025,492802048.0,5734.400,21914.0,67683.0,0.0,0.0,4711.0,8431.600,1.200,6.800,0.0,5895340032.0,1847296.0,1.1895064576e+11,43932360704.0,0.0,0.0,492760268.800,5734.400,4710.600,8431.800,0.596,1.444,91.434,6.501,0.0,0.025,1493167595.821,
0.606,1.478,91.651,6.249,0.0,0.015,493562265.600,2457.600,21824.600,68325.800,0.0,0.0,4697.0,8425.600,1.0,6.400,0.0,5899878400.0,1855488.0,1.21419075584e+11,41459384320.0,0.0,0.0,493536051.200,2457.600,4696.600,8425.200,0.611,1.473,91.646,6.254,0.0,0.015,1493167600.821,
0.641,1.548,90.708,7.073,0.0,0.030,497346969.600,8192.0,21494.0,67883.400,0.0,0.0,4744.600,8490.600,1.400,7.800,0.0,5869105152.0,1863680.0,1.23904299008e+11,39004925952.0,0.0,0.0,497346969.600,8192.0,4744.600,8490.800,0.641,1.548,90.703,7.078,0.0,0.030,1493167605.821,
0.601,1.469,90.807,7.107,0.0,0.015,496687513.600,8192.0,21168.0,68136.400,0.0,0.0,4710.600,8449.600,1.400,7.0,0.0,5944713216.0,1871872.0,1.26389096448e+11,36444512256.0,0.0,0.0,496703078.400,8192.0,4710.800,8450.200,0.602,1.469,90.817,7.098,0.0,0.015,1493167610.821,
0.606,1.543,91.307,6.523,0.0,0.020,495260467.200,0.0,21993.0,68891.400,0.0,0.0,4726.600,8400.600,1.200,6.600,0.0,5918560256.0,1871872.0,1.28864555008e+11,33995206656.0,0.0,0.0,495244902.400,0.0,4726.600,8399.400,0.606,1.543,91.298,6.533,0.0,0.020,1493167615.821,
0.646,1.582,91.182,6.570,0.0,0.020,496304128.0,2457.600,22002.400,69392.800,0.0,0.0,4736.200,8469.0,1.0,6.800,0.400,5911035904.0,1880064.0,1.31346321408e+11,31520956416.0,0.0,0.0,496330342.400,2457.600,4736.0,8469.200,0.646,1.583,91.191,6.560,0.0,0.020,1493167620.821,
0.591,1.548,91.204,6.612,0.0,0.045,496593305.600,0.0,22463.200,67563.200,0.0,0.0,4748.0,8460.600,1.600,6.0,0.200,5915189248.0,1880064.0,1.33830209536e+11,29032914944.0,0.0,0.0,496593305.600,0.0,4747.400,8460.200,0.591,1.548,91.204,6.612,0.0,0.045,1493167625.821,
0.576,1.608,89.833,7.954,0.0,0.030,496938188.800,7372.800,22472.200,68717.200,0.0,0.0,4809.400,8509.200,1.0,6.600,0.0,5895528448.0,1896448.0,1.3631526912e+11,26567499776.0,0.0,0.0,496964403.200,7372.800,4810.600,8510.400,0.571,1.612,89.829,7.957,0.0,0.030,1493167630.821,
0.606,1.598,90.010,7.766,0.0,0.020,497892556.800,4915.200,21405.600,67835.800,0.0,0.0,5341.200,8457.800,0.600,8.400,0.0,5894868992.0,1904640.0,1.38803646464e+11,24079773696.0,0.0,0.0,497892556.800,4915.200,5340.600,8457.200,0.606,1.593,90.015,7.766,0.0,0.020,1493167635.820,
0.576,1.517,90.763,7.130,0.0,0.015,468444774.400,3276.800,19778.200,67327.800,0.0,0.0,4436.400,7947.600,0.800,5.0,0.0,5876314112.0,1912832.0,1.41143728128e+11,21758238720.0,0.0,0.0,468130201.600,3276.800,4434.200,7944.0,0.576,1.517,90.771,7.121,0.0,0.015,1493167640.821,
0.005,0.005,99.990,0.0,0.0,0.0,0.0,2457.600,1769.800,45416.600,0.0,0.0,109.600,107.200,0.0,0.200,0.0,5875343360.0,1921024.0,1.41144461312e+11,21758468096.0,0.0,0.0,0.0,2457.600,109.600,107.200,0.005,0.010,99.985,0.0,0.0,0.0,1493167645.821,
