"Dstat 0.7.2 CSV output"
"Author:","Dag Wieers <dag@wieers.com>",,,,"URL:","http://dag.wieers.com/home-made/dstat/"
"Host:","client0.skyhook-1osds.skyhook-pg0.wisc.cloudlab.us",,,,"User:","jlefevre"
"Cmdline:","dstat -av --epoch --integer --noheaders --output 1osd.dstat-client0.log 5",,,,"Date:","25 Apr 2017 15:29:27 CDT"

"total cpu usage",,,,,,"dsk/total",,"net/total",,"paging",,"system",,"procs",,,"memory usage",,,,"paging",,"dsk/total",,"system",,"total cpu usage",,,,,,"epoch"
"usr","sys","idl","wai","hiq","siq","read","writ","recv","send","in","out","int","csw","run","blk","new","used","buff","cach","free","in","out","read","writ","int","csw","usr","sys","idl","wai","hiq","siq","epoch"
0.070,0.020,99.905,0.0,0.0,0.005,0.0,7372.800,42090.400,2650.200,0.0,0.0,826.800,6316.600,0.200,0.0,0.400,5488676864.0,191692800.0,1.47398828032e+11,15700996096.0,0.0,0.0,0.0,7372.800,826.0,6315.800,0.070,0.025,99.900,0.0,0.0,0.005,1493160097.149,
0.055,0.050,99.885,0.010,0.0,0.0,0.0,14745.600,42062.200,3686.600,0.0,0.0,877.200,7314.200,0.200,0.0,5.200,5487443968.0,191705088.0,1.47398828032e+11,15702216704.0,0.0,0.0,0.0,14745.600,878.200,7315.400,0.060,0.045,99.885,0.010,0.0,0.0,1493160102.149,
0.065,0.035,99.890,0.005,0.0,0.005,0.0,47513.600,57402.800,20740.0,0.0,0.0,867.800,7232.0,0.0,0.0,0.0,5487575040.0,191729664.0,1.4739888128e+11,15702007808.0,0.0,0.0,0.0,47513.600,867.400,7231.400,0.060,0.035,99.895,0.005,0.0,0.005,1493160107.149,
0.050,0.035,99.905,0.010,0.0,0.0,0.0,69632.0,69230.200,21306.400,0.0,0.0,1155.0,7630.600,0.0,0.0,0.0,5486833664.0,191750144.0,1.47399049216e+11,15702560768.0,0.0,0.0,0.0,69632.0,1154.400,7630.0,0.050,0.040,99.900,0.010,0.0,0.0,1493160112.149,
0.070,0.040,99.885,0.005,0.0,0.0,0.0,71270.400,70191.200,21901.800,0.0,0.0,1314.800,7954.800,0.200,0.0,0.0,5486366720.0,191774720.0,1.47399225344e+11,15702827008.0,0.0,0.0,0.0,71270.400,1315.400,7957.0,0.070,0.040,99.885,0.005,0.0,0.0,1493160117.149,
0.065,0.065,99.855,0.015,0.0,0.0,0.0,70451.200,69617.200,21855.200,0.0,0.0,849.200,7878.0,0.0,0.0,0.400,5486850048.0,191795200.0,1.47399397376e+11,15702151168.0,0.0,0.0,0.0,70451.200,849.400,7879.0,0.065,0.060,99.860,0.015,0.0,0.0,1493160122.149,
0.045,0.045,99.900,0.0,0.0,0.010,0.0,76185.600,68990.0,20889.600,0.0,0.0,1018.0,7732.0,0.0,0.0,0.0,5485981696.0,191803392.0,1.47399561216e+11,15702847488.0,0.0,0.0,0.0,76185.600,1017.200,7728.800,0.045,0.045,99.900,0.0,0.0,0.010,1493160127.149,
0.045,0.045,99.910,0.0,0.0,0.0,0.0,77824.0,69246.200,21670.200,0.0,0.0,1067.600,7992.400,0.600,0.0,0.0,5485703168.0,191823872.0,1.47399725056e+11,15702941696.0,0.0,0.0,0.0,77824.0,1068.800,7998.0,0.045,0.050,99.905,0.0,0.0,0.0,1493160132.149,
0.050,0.055,99.855,0.025,0.0,0.015,0.0,72908.800,69827.400,21334.200,0.0,0.0,852.400,7738.800,0.0,0.0,0.0,5485629440.0,191848448.0,1.47399897088e+11,15702818816.0,0.0,0.0,0.0,72908.800,852.200,7734.400,0.050,0.055,99.855,0.025,0.0,0.015,1493160137.149,
0.050,0.025,99.910,0.010,0.0,0.005,0.0,66355.200,69055.0,21277.200,0.0,0.0,1001.200,7688.800,0.0,0.0,0.0,5485453312.0,191856640.0,1.47400065024e+11,15702818816.0,0.0,0.0,0.0,66355.200,1000.200,7687.600,0.050,0.025,99.910,0.010,0.0,0.005,1493160142.149,
0.070,0.045,99.865,0.020,0.0,0.0,0.0,74547.200,69661.0,21528.400,0.0,0.0,1077.400,7736.0,1.200,0.0,0.0,5485469696.0,191885312.0,1.47400237056e+11,15702601728.0,0.0,0.0,0.0,74547.200,1078.400,7740.400,0.070,0.040,99.870,0.020,0.0,0.0,1493160147.149,
0.065,0.035,99.885,0.005,0.0,0.010,0.0,73728.0,70124.400,22291.200,0.0,0.0,868.0,7764.0,0.0,0.0,0.400,5486108672.0,191905792.0,1.47400413184e+11,15701766144.0,0.0,0.0,0.0,73728.0,868.0,7760.800,0.065,0.035,99.885,0.005,0.0,0.010,1493160152.149,
0.070,0.085,99.825,0.020,0.0,0.0,0.0,81100.800,70476.200,22172.0,0.0,0.0,1286.600,7907.200,0.0,0.0,0.0,5486137344.0,191930368.0,1.47400589312e+11,15701536768.0,0.0,0.0,0.0,81100.800,1286.0,7906.0,0.070,0.085,99.825,0.020,0.0,0.0,1493160157.149,
0.045,0.050,99.900,0.0,0.0,0.005,0.0,64716.800,68880.800,21227.0,0.0,0.0,1057.200,7849.200,0.800,0.0,0.0,5485178880.0,191942656.0,1.47400736768e+11,15702335488.0,0.0,0.0,0.0,64716.800,1057.600,7853.200,0.045,0.055,99.895,0.0,0.0,0.005,1493160162.149,
0.055,0.045,99.890,0.005,0.0,0.005,0.0,62259.200,69872.600,21082.0,0.0,0.0,864.600,7710.800,0.0,0.0,0.0,5484871680.0,191950848.0,1.474009088e+11,15702462464.0,0.0,0.0,0.0,62259.200,864.800,7709.600,0.055,0.045,99.890,0.005,0.0,0.005,1493160167.149,
0.060,0.050,99.885,0.0,0.0,0.005,0.0,66355.200,69959.800,21662.600,0.0,0.0,1001.600,7790.400,0.0,0.0,0.0,5484675072.0,191967232.0,1.47401084928e+11,15702466560.0,0.0,0.0,0.0,66355.200,1000.600,7787.600,0.060,0.045,99.890,0.0,0.0,0.005,1493160172.149,
0.050,0.045,99.900,0.0,0.0,0.005,0.0,62259.200,69195.600,20919.400,0.0,0.0,1057.0,7882.800,0.200,0.0,0.0,5484625920.0,191975424.0,1.47401248768e+11,15702343680.0,0.0,0.0,0.0,62259.200,1058.0,7883.200,0.050,0.045,99.900,0.0,0.0,0.005,1493160177.149,
0.070,0.030,99.895,0.0,0.0,0.005,0.0,65536.0,70614.400,22048.400,0.0,0.0,877.400,7800.600,0.0,0.0,0.0,5484507136.0,191991808.0,1.47401416704e+11,15702278144.0,0.0,0.0,0.0,65536.0,877.400,7805.200,0.070,0.035,99.890,0.0,0.0,0.005,1493160182.149,
0.050,0.055,99.875,0.015,0.0,0.005,0.0,64716.800,70624.200,21762.200,0.0,0.0,1033.0,7734.600,0.0,0.0,0.400,5483143168.0,191991808.0,1.47401596928e+11,15703461888.0,0.0,0.0,0.0,64716.800,1032.0,7729.600,0.050,0.055,99.875,0.015,0.0,0.005,1493160187.149,
0.060,0.050,99.870,0.010,0.0,0.010,0.0,72089.600,70063.600,21745.800,0.0,0.0,1087.600,7885.400,0.200,0.0,0.0,5482954752.0,192016384.0,1.4740176896e+11,15703453696.0,0.0,0.0,0.0,72089.600,1088.600,7885.800,0.060,0.050,99.870,0.010,0.0,0.010,1493160192.149,
0.070,0.045,99.875,0.010,0.0,0.0,0.0,77004.800,70247.0,21833.0,0.0,0.0,872.0,7661.200,0.0,0.0,0.0,5481828352.0,192032768.0,1.47401940992e+11,15704391680.0,0.0,0.0,0.0,77004.800,872.0,7662.200,0.070,0.040,99.880,0.010,0.0,0.0,1493160197.149,
0.055,0.045,99.835,0.055,0.0,0.010,0.0,1356595.200,69901.200,21378.800,0.0,0.0,1144.200,7778.200,0.200,0.0,0.0,5482643456.0,192061440.0,1.47402113024e+11,15703375872.0,0.0,0.0,0.0,1356595.200,1143.200,7776.800,0.055,0.050,99.830,0.055,0.0,0.010,1493160202.149,
0.040,0.045,99.885,0.025,0.0,0.005,0.0,76185.600,70203.600,21985.400,0.0,0.0,1069.600,8054.400,0.600,0.0,0.0,5482582016.0,192077824.0,1.47402285056e+11,15703248896.0,0.0,0.0,0.0,76185.600,1070.200,8055.0,0.040,0.040,99.890,0.025,0.0,0.005,1493160207.149,
0.050,0.050,99.890,0.005,0.0,0.005,0.0,63897.600,70261.200,21132.800,0.0,0.0,858.0,7743.400,0.0,0.0,0.0,5482774528.0,192094208.0,1.47402457088e+11,15702867968.0,0.0,0.0,0.0,63897.600,858.400,7744.0,0.050,0.050,99.890,0.005,0.0,0.005,1493160212.149,
0.045,0.040,99.885,0.020,0.0,0.010,0.0,67993.600,70614.200,21825.800,0.0,0.0,1007.800,7929.400,0.0,0.0,0.0,5482954752.0,192110592.0,1.47402637312e+11,15702491136.0,0.0,0.0,0.0,67993.600,1006.800,7928.200,0.045,0.040,99.885,0.020,0.0,0.010,1493160217.149,
0.040,0.030,99.925,0.005,0.0,0.0,0.0,63078.400,69455.600,21701.400,0.0,0.0,1043.400,7980.400,0.0,0.0,0.400,5483843584.0,192118784.0,1.47402809344e+11,15701422080.0,0.0,0.0,0.0,63078.400,1044.400,7985.200,0.040,0.030,99.925,0.005,0.0,0.0,1493160222.149,
0.040,0.030,99.920,0.010,0.0,0.0,0.0,69632.0,69481.800,21548.800,0.0,0.0,838.800,7925.800,0.0,0.0,0.0,5482995712.0,192131072.0,1.4740297728e+11,15702089728.0,0.0,0.0,0.0,69632.0,838.400,7923.400,0.040,0.030,99.920,0.010,0.0,0.0,1493160227.149,
0.040,0.030,99.900,0.025,0.0,0.005,0.0,95027.200,69644.800,21255.200,0.0,0.0,994.400,7851.0,0.0,0.0,0.0,5482917888.0,192155648.0,1.47403149312e+11,15701970944.0,0.0,0.0,0.0,95027.200,993.800,7848.600,0.040,0.035,99.895,0.025,0.0,0.005,1493160232.149,
0.040,0.035,99.915,0.005,0.0,0.005,0.0,62259.200,69603.600,22206.0,0.0,0.0,1039.800,7927.400,0.600,0.0,0.0,5483249664.0,192163840.0,1.47403317248e+11,15701463040.0,0.0,0.0,0.0,62259.200,1040.600,7931.600,0.040,0.035,99.915,0.005,0.0,0.005,1493160237.149,
0.040,0.050,99.905,0.005,0.0,0.0,0.0,68812.800,69796.200,21175.200,0.0,0.0,822.0,7625.200,0.200,0.0,0.0,5483409408.0,192192512.0,1.47403493376e+11,15701098496.0,0.0,0.0,0.0,68812.800,822.200,7625.200,0.040,0.045,99.910,0.005,0.0,0.0,1493160242.149,
0.050,0.045,99.890,0.005,0.0,0.010,0.0,64716.800,70102.0,21833.600,0.0,0.0,1037.0,7567.0,0.0,0.0,0.0,5483597824.0,192212992.0,1.47403665408e+11,15700717568.0,0.0,0.0,0.0,64716.800,1036.0,7562.800,0.050,0.045,99.890,0.005,0.0,0.010,1493160247.149,
0.045,0.045,99.895,0.015,0.0,0.0,0.0,67174.400,71055.200,22240.200,0.0,0.0,1079.200,7960.600,0.400,0.0,0.400,5484167168.0,192229376.0,1.47403841536e+11,15699955712.0,0.0,0.0,0.0,67174.400,1079.800,7961.400,0.045,0.045,99.895,0.015,0.0,0.0,1493160252.149,
0.055,0.050,99.875,0.010,0.0,0.010,0.0,64716.800,70854.400,22564.200,0.0,0.0,873.600,7819.800,0.0,0.0,0.0,5485060096.0,192245760.0,1.4740402176e+11,15698866176.0,0.0,0.0,0.0,64716.800,874.400,7825.800,0.055,0.055,99.870,0.010,0.0,0.010,1493160257.149,
0.055,0.055,99.875,0.010,0.0,0.005,0.0,73728.0,69250.800,21062.800,0.0,0.0,1017.400,7730.400,0.200,0.0,0.0,5484158976.0,192266240.0,1.474041856e+11,15699582976.0,0.0,0.0,0.0,73728.0,1016.0,7723.600,0.055,0.050,99.880,0.010,0.0,0.005,1493160262.149,
0.050,0.030,99.900,0.010,0.0,0.010,0.0,77824.0,69276.600,21349.600,0.0,0.0,1072.200,7921.600,0.0,0.0,0.200,5488762880.0,192286720.0,1.4740434944e+11,15694794752.0,0.0,0.0,0.0,77824.0,1072.800,7927.800,0.050,0.035,99.895,0.010,0.0,0.010,1493160267.149,
0.065,0.080,99.850,0.0,0.0,0.005,0.0,63897.600,69486.200,21201.800,0.0,0.0,831.800,7615.200,0.200,0.0,0.0,5488418816.0,192299008.0,1.47404521472e+11,15694954496.0,0.0,0.0,0.0,63897.600,831.800,7609.400,0.065,0.080,99.850,0.0,0.0,0.005,1493160272.149,
0.045,0.080,99.855,0.010,0.0,0.010,0.0,67174.400,71097.800,21984.400,0.0,0.0,993.0,7905.400,0.0,0.0,0.0,5488476160.0,192319488.0,1.474046976e+11,15694700544.0,0.0,0.0,0.0,67174.400,992.400,7905.0,0.045,0.075,99.860,0.010,0.0,0.010,1493160277.149,
0.040,0.055,99.900,0.0,0.0,0.005,0.0,63078.400,68832.600,20608.200,0.0,0.0,1014.0,7995.400,0.0,0.0,0.0,5488246784.0,192327680.0,1.47404865536e+11,15694753792.0,0.0,0.0,0.0,63078.400,1014.800,8001.200,0.040,0.060,99.895,0.0,0.0,0.005,1493160282.149,
0.060,0.065,99.865,0.005,0.0,0.005,0.0,66355.200,70552.0,22261.0,0.0,0.0,1024.400,7667.600,0.0,0.0,0.400,5489516544.0,192344064.0,1.47405041664e+11,15693291520.0,0.0,0.0,0.0,66355.200,1024.800,7668.200,0.060,0.060,99.870,0.005,0.0,0.005,1493160287.149,
0.080,0.060,99.840,0.020,0.0,0.0,0.0,70451.200,70591.600,22023.800,0.0,0.0,1040.200,7603.400,0.0,0.0,0.0,5489741824.0,192356352.0,1.47405221888e+11,15692873728.0,0.0,0.0,0.0,70451.200,1039.0,7597.0,0.080,0.060,99.840,0.020,0.0,0.0,1493160292.149,
0.045,0.050,99.875,0.025,0.0,0.005,0.0,69632.0,68035.600,20384.400,0.0,0.0,1022.200,7800.200,0.600,0.0,0.0,5488771072.0,192372736.0,1.47405381632e+11,15693668352.0,0.0,0.0,0.0,69632.0,1023.200,7807.0,0.045,0.050,99.875,0.025,0.0,0.005,1493160297.149,
0.085,0.065,99.825,0.020,0.0,0.005,0.0,76185.600,70202.800,21512.800,0.0,0.0,828.400,7667.400,0.0,0.0,0.200,5488939008.0,192385024.0,1.47405553664e+11,15693316096.0,0.0,0.0,0.0,76185.600,827.400,7662.600,0.085,0.070,99.820,0.020,0.0,0.005,1493160302.149,
0.055,0.045,99.890,0.0,0.0,0.010,0.0,64716.800,70334.0,21653.600,0.0,0.0,971.600,7434.800,0.0,0.0,0.0,5488869376.0,192393216.0,1.47405729792e+11,15693201408.0,0.0,0.0,0.0,64716.800,971.600,7432.800,0.055,0.040,99.895,0.0,0.0,0.010,1493160307.149,
0.050,0.050,99.875,0.020,0.0,0.005,0.0,66355.200,69790.800,21256.0,0.0,0.0,1037.800,7879.0,0.200,0.0,0.0,5489033216.0,192425984.0,1.47405901824e+11,15692832768.0,0.0,0.0,0.0,66355.200,1038.400,7879.200,0.050,0.050,99.875,0.020,0.0,0.005,1493160312.149,
0.065,0.050,99.880,0.0,0.0,0.005,0.0,63897.600,70493.200,21475.400,0.0,0.0,820.800,7711.0,0.200,0.0,0.0,5488967680.0,192438272.0,1.47406073856e+11,15692713984.0,0.0,0.0,0.0,63897.600,821.0,7712.400,0.065,0.050,99.880,0.0,0.0,0.005,1493160317.149,
0.065,0.050,99.850,0.035,0.0,0.0,0.0,65536.0,70615.200,21868.200,0.0,0.0,998.0,7606.200,0.0,0.0,0.400,5490327552.0,192466944.0,1.47406245888e+11,15691153408.0,0.0,0.0,0.0,65536.0,997.200,7604.600,0.065,0.050,99.850,0.035,0.0,0.0,1493160322.149,
0.050,0.045,99.890,0.010,0.0,0.005,0.0,69632.0,70501.0,20980.600,0.0,0.0,1042.400,7881.200,0.200,0.0,0.0,5489987584.0,192471040.0,1.47406426112e+11,15691309056.0,0.0,0.0,0.0,69632.0,1043.200,7897.600,0.050,0.050,99.885,0.010,0.0,0.005,1493160327.149,
0.065,0.060,99.855,0.010,0.0,0.010,0.0,71270.400,68948.0,20943.600,0.0,0.0,1065.0,7505.600,0.0,0.0,0.0,5489623040.0,192491520.0,1.47406585856e+11,15691493376.0,0.0,0.0,0.0,71270.400,1065.0,7493.600,0.065,0.055,99.860,0.010,0.0,0.010,1493160332.149,
0.060,0.040,99.880,0.005,0.0,0.015,0.0,74547.200,69898.0,22030.200,0.0,0.0,1016.800,7477.600,0.0,0.0,0.0,5489737728.0,192507904.0,1.47406761984e+11,15691186176.0,0.0,0.0,0.0,74547.200,1017.200,7473.600,0.060,0.040,99.880,0.005,0.0,0.015,1493160337.149,
0.050,0.025,99.905,0.020,0.0,0.0,0.0,63897.600,69508.200,21261.200,0.0,0.0,1031.800,7899.800,0.0,0.0,0.0,5489532928.0,192520192.0,1.47406925824e+11,15691214848.0,0.0,0.0,0.0,63897.600,1031.600,7902.600,0.050,0.030,99.900,0.020,0.0,0.0,1493160342.149,
0.075,0.085,99.780,0.050,0.0,0.010,0.0,66355.200,70099.0,21251.800,0.0,0.0,813.800,7542.200,0.0,0.0,0.0,5489311744.0,192536576.0,1.47407101952e+11,15691243520.0,0.0,0.0,0.0,66355.200,813.600,7546.600,0.075,0.080,99.785,0.050,0.0,0.010,1493160347.149,
0.080,0.050,99.835,0.030,0.0,0.005,0.0,67174.400,71065.600,21816.400,0.0,0.0,983.200,7500.800,0.0,0.0,0.0,5489250304.0,192540672.0,1.4740727808e+11,15691124736.0,0.0,0.0,0.0,67174.400,982.400,7493.600,0.080,0.050,99.835,0.030,0.0,0.005,1493160352.149,
0.070,0.035,99.840,0.045,0.0,0.010,0.0,64716.800,69875.800,21774.600,0.0,0.0,1028.0,7993.0,0.0,0.0,0.400,5490536448.0,192548864.0,1.47407446016e+11,15689662464.0,0.0,0.0,0.0,64716.800,1028.800,7994.400,0.070,0.040,99.835,0.045,0.0,0.010,1493160357.149,
0.045,0.045,99.855,0.045,0.0,0.010,0.0,70451.200,70597.200,20768.600,0.0,0.0,809.600,7657.800,0.0,0.0,0.0,5490855936.0,192557056.0,1.4740762624e+11,15689154560.0,0.0,0.0,0.0,70451.200,809.400,7656.400,0.045,0.045,99.855,0.045,0.0,0.010,1493160362.149,
0.055,0.055,99.830,0.055,0.0,0.005,0.0,72089.600,69480.800,21799.800,0.0,0.0,987.400,7781.0,0.0,0.0,0.0,5490135040.0,192577536.0,1.47407781888e+11,15689699328.0,0.0,0.0,0.0,72089.600,986.800,7780.600,0.055,0.050,99.835,0.055,0.0,0.005,1493160367.149,
0.050,0.050,99.855,0.045,0.0,0.0,0.0,74547.200,69479.0,21754.400,0.0,0.0,1068.200,7804.600,0.0,0.0,0.0,5490212864.0,192593920.0,1.47407941632e+11,15689445376.0,0.0,0.0,0.0,74547.200,1068.800,7807.200,0.050,0.050,99.855,0.045,0.0,0.0,1493160372.149,
0.080,0.070,99.805,0.045,0.0,0.0,0.0,64716.800,70165.400,20925.600,0.0,0.0,871.400,7596.200,0.800,0.0,0.0,5492334592.0,192602112.0,1.4740811776e+11,15687139328.0,0.0,0.0,0.0,64716.800,872.600,7601.800,0.080,0.075,99.800,0.045,0.0,0.0,1493160377.149,
0.045,0.060,99.845,0.050,0.0,0.0,0.0,66355.200,70483.800,21530.200,0.0,0.0,969.400,7819.0,0.400,0.0,0.0,5490176000.0,192618496.0,1.47408289792e+11,15689109504.0,0.0,0.0,0.0,66355.200,967.600,7810.800,0.045,0.055,99.850,0.050,0.0,0.0,1493160382.149,
0.070,0.060,99.820,0.040,0.0,0.010,0.0,63897.600,67906.800,17872.400,0.0,0.0,1032.0,7783.800,0.400,0.0,1.400,5483589632.0,192630784.0,1.4740846592e+11,15695507456.0,0.0,0.0,0.0,63897.600,1032.200,7800.0,0.070,0.060,99.820,0.040,0.0,0.010,1493160387.149,
