"Dstat 0.7.2 CSV output"
"Author:","Dag Wieers <dag@wieers.com>",,,,"URL:","http://dag.wieers.com/home-made/dstat/"
"Host:","osd0.skyhook-2osds.skyhook-pg0.wisc.cloudlab.us",,,,"User:","jlefevre"
"Cmdline:","dstat -av --epoch --integer --noheaders --output 2osds.dstat-osd0.log 5",,,,"Date:","25 Apr 2017 15:01:59 CDT"

"total cpu usage",,,,,,"dsk/total",,"net/total",,"paging",,"system",,"procs",,,"memory usage",,,,"paging",,"dsk/total",,"system",,"total cpu usage",,,,,,"epoch"
"usr","sys","idl","wai","hiq","siq","read","writ","recv","send","in","out","int","csw","run","blk","new","used","buff","cach","free","in","out","read","writ","int","csw","usr","sys","idl","wai","hiq","siq","epoch"


"Host:","osd0.skyhook-2osds.skyhook-pg0.wisc.cloudlab.us",,,,"User:","jlefevre"
"Cmdline:","dstat -av --epoch --integer --noheaders --output 2osds.dstat-osd0.log 5",,,,"Date:","25 Apr 2017 15:08:52 CDT"

"total cpu usage",,,,,,"dsk/total",,"net/total",,"paging",,"system",,"procs",,,"memory usage",,,,"paging",,"dsk/total",,"system",,"total cpu usage",,,,,,"epoch"
"usr","sys","idl","wai","hiq","siq","read","writ","recv","send","in","out","int","csw","run","blk","new","used","buff","cach","free","in","out","read","writ","int","csw","usr","sys","idl","wai","hiq","siq","epoch"
0.070,0.265,99.505,0.160,0.0,0.0,1408204.800,17203.200,2614.400,22028.400,0.0,0.0,411.800,457.200,0.0,0.200,4.200,4981661696.0,1495040.0,132603904.0,1.63664433152e+11,0.0,0.0,1408204.800,17203.200,411.200,457.200,0.070,0.260,99.510,0.160,0.0,0.0,1493157212.689,
0.260,0.701,97.547,1.482,0.0,0.010,217178931.200,3276.800,129737.200,192382497.800,0.0,0.0,5137.800,3795.800,0.0,0.400,0.0,5146914816.0,1503232.0,1219100672.0,1.62412675072e+11,0.0,0.0,217414860.800,3276.800,5142.200,3798.0,0.265,0.706,97.538,1.481,0.0,0.010,1493157217.689,
0.335,1.021,96.555,2.073,0.0,0.015,300127027.200,2457.600,178622.600,300017947.200,0.0,0.0,7330.600,5216.600,0.800,0.800,0.0,5207883776.0,1511424.0,2718339072.0,1.6085245952e+11,0.0,0.0,300048384.0,2457.600,7333.400,5217.200,0.336,1.017,96.559,2.073,0.0,0.015,1493157222.689,
0.321,1.022,96.199,2.434,0.0,0.025,304074752.0,0.0,202531.200,321890887.0,0.0,0.0,7088.200,5286.200,0.200,1.600,0.0,5186531328.0,1511424.0,4239835136.0,1.59352315904e+11,0.0,0.0,304153395.200,0.0,7082.200,5286.400,0.316,1.022,96.204,2.434,0.0,0.025,1493157227.689,
0.306,0.866,96.965,1.833,0.0,0.030,277683404.800,2457.600,165346.200,273589672.400,0.0,0.0,6347.400,4794.0,0.400,1.0,0.200,5264904192.0,1519616.0,5628485632.0,1.57885284352e+11,0.0,0.0,277657190.400,2457.600,6353.800,4793.200,0.305,0.866,96.965,1.833,0.0,0.030,1493157232.689,
0.305,0.876,97.157,1.642,0.0,0.020,254778572.800,0.0,146772.200,294214136.600,0.0,0.0,6339.800,4470.0,0.200,0.600,0.0,5145223168.0,1519616.0,6901174272.0,1.56732276736e+11,0.0,0.0,254568857.600,0.0,6335.200,4468.0,0.310,0.876,97.152,1.642,0.0,0.020,1493157237.689,
0.275,0.841,97.446,1.412,0.0,0.025,261561548.800,4096.0,104487.600,253177940.400,0.0,0.0,5666.200,4493.400,1.0,0.800,0.0,5246029824.0,1527808.0,8209113088.0,1.55323523072e+11,0.0,0.0,261797478.400,4096.0,5666.600,4496.600,0.275,0.841,97.447,1.412,0.0,0.025,1493157242.689,
0.320,0.961,97.061,1.632,0.0,0.025,286679859.200,1638.400,204927.400,309530537.0,0.0,0.0,7777.0,4988.0,0.600,1.0,0.0,5200371712.0,1527808.0,9641762816.0,1.53936531456e+11,0.0,0.0,286653644.800,1638.400,7775.200,4987.0,0.316,0.962,97.065,1.633,0.0,0.025,1493157247.689,
0.296,0.962,96.960,1.763,0.0,0.020,289107148.800,4915.200,237612.800,330594554.400,0.0,0.0,7618.0,5028.0,0.400,1.400,0.0,5075427328.0,1536000.0,11088498688.0,1.52614731776e+11,0.0,0.0,289159577.600,4915.200,7617.600,5028.600,0.296,0.962,96.955,1.768,0.0,0.020,1493157252.689,
0.326,1.002,96.309,2.329,0.0,0.035,312908185.600,0.0,275686.400,340079062.800,0.0,0.0,9194.800,5447.0,1.0,1.600,0.0,5001437184.0,1536000.0,12652355584.0,1.51124865024e+11,0.0,0.0,312881971.200,0.0,9201.800,5446.200,0.325,1.002,96.314,2.323,0.0,0.035,1493157257.689,
0.351,0.952,96.888,1.784,0.0,0.025,299487232.0,2457.600,201295.600,300473340.200,0.0,0.0,8138.600,5217.400,1.0,1.0,0.0,5079068672.0,1544192.0,14148386816.0,1.49551194112e+11,0.0,0.0,299251302.400,2457.600,8135.200,5218.0,0.356,0.952,96.884,1.784,0.0,0.025,1493157262.689,
0.376,1.173,96.061,2.370,0.0,0.020,348359065.600,0.0,264812.0,353190328.200,0.0,0.0,8966.600,5997.800,0.800,1.600,0.0,5135130624.0,1544192.0,15892422656.0,1.4775109632e+11,0.0,0.0,348699852.800,0.0,8969.200,5998.0,0.371,1.173,96.056,2.380,0.0,0.020,1493157267.689,
0.320,1.051,96.435,2.173,0.0,0.020,308813824.0,2457.600,174133.0,292148102.800,0.0,0.0,6856.800,5318.200,0.600,1.0,0.0,5285449728.0,1552384.0,17436250112.0,1.46056941568e+11,0.0,0.0,308724531.200,2457.600,6850.600,5317.200,0.326,1.052,96.439,2.163,0.0,0.020,1493157272.689,
0.345,1.117,96.069,2.433,0.0,0.035,314402406.400,0.0,205987.600,331008449.400,0.0,0.0,8074.0,5440.600,0.800,1.0,0.0,5270216704.0,1552384.0,19008536576.0,1.44499888128e+11,0.0,0.0,314386841.600,0.0,8073.800,5440.800,0.340,1.117,96.069,2.438,0.0,0.035,1493157277.689,
0.301,0.877,96.948,1.849,0.0,0.025,272477388.800,3276.800,250210.0,327988126.800,0.0,0.0,8277.600,4785.200,0.600,0.800,0.0,5059907584.0,1560576.0,20370800640.0,1.43347924992e+11,0.0,0.0,272424960.0,3276.800,8277.600,4785.800,0.306,0.877,96.948,1.844,0.0,0.025,1493157282.689,
0.350,1.016,96.166,2.438,0.0,0.030,296693760.0,4915.200,238070.400,305372553.0,0.0,0.0,8454.800,5127.600,0.200,3.0,0.0,5101932544.0,1568768.0,21854081024.0,1.41822611456e+11,0.0,0.0,296798617.600,4915.200,8464.600,5128.800,0.345,1.021,96.156,2.447,0.0,0.030,1493157287.689,
0.547,1.750,88.075,9.588,0.0,0.040,490689331.200,0.0,422612.800,514389373.200,0.0,0.0,14099.800,8639.200,1.600,6.800,0.0,5089570816.0,1568768.0,24309370880.0,1.39379683328e+11,0.0,0.0,490663116.800,0.0,14092.600,8638.600,0.547,1.745,88.079,9.589,0.0,0.040,1493157292.689,
0.511,1.629,89.558,8.271,0.0,0.030,477347020.800,2457.600,306049.600,500915256.0,0.0,0.0,12993.200,8364.800,0.800,6.0,0.0,5082791936.0,1576960.0,26695499776.0,1.3700032512e+11,0.0,0.0,477373235.200,2457.600,12991.0,8364.600,0.511,1.629,89.559,8.271,0.0,0.030,1493157297.689,
0.456,1.379,92.215,5.929,0.0,0.020,442142720.0,0.0,327002.200,451504488.200,0.0,0.0,12631.400,7726.0,1.200,4.200,0.0,5143949312.0,1576960.0,28904927232.0,1.34729740288e+11,0.0,0.0,442142720.0,0.0,12638.400,7727.800,0.457,1.380,92.219,5.925,0.0,0.020,1493157302.689,
0.451,1.374,91.273,6.866,0.0,0.035,454950912.0,2457.600,369040.600,481065820.600,0.0,0.0,13372.800,7874.0,1.0,4.400,0.0,5128400896.0,1585152.0,31180038144.0,1.324701696e+11,0.0,0.0,454950912.0,2457.600,13366.800,7873.0,0.451,1.379,91.264,6.871,0.0,0.035,1493157307.689,
0.471,1.544,89.515,8.415,0.0,0.055,484681318.400,0.0,414385.200,512433402.600,0.0,0.0,14752.600,8557.200,1.200,5.800,0.0,5101248512.0,1585152.0,33604026368.0,1.3007333376e+11,0.0,0.0,484681318.400,0.0,14755.0,8556.200,0.471,1.539,89.518,8.416,0.0,0.055,1493157312.689,
0.411,1.314,91.707,6.547,0.0,0.020,443610726.400,4096.0,353766.200,467250838.0,0.0,0.0,12801.400,7715.0,0.600,4.200,0.0,5088882688.0,1593344.0,35820396544.0,1.27869321216e+11,0.0,0.0,443558297.600,4096.0,12807.0,7714.800,0.411,1.314,91.712,6.542,0.0,0.020,1493157317.689,
0.406,1.189,91.924,6.446,0.0,0.035,423228211.200,4915.200,287752.600,428602910.600,0.0,0.0,11480.0,7450.800,1.0,4.800,0.0,5156069376.0,1601536.0,37938003968.0,1.25684518912e+11,0.0,0.0,423280640.0,4915.200,11476.800,7451.800,0.406,1.194,91.915,6.450,0.0,0.035,1493157322.689,
0.501,1.619,90.761,7.093,0.0,0.025,448480870.400,0.0,335235.600,488967391.600,0.0,0.0,13084.400,7810.0,1.0,4.600,0.0,5073457152.0,1601536.0,40180076544.0,1.2352505856e+11,0.0,0.0,448428441.600,0.0,13082.600,7809.400,0.501,1.614,90.773,7.087,0.0,0.025,1493157327.689,
0.531,1.679,90.109,7.640,0.0,0.040,475675033.600,2457.600,347248.400,484945973.0,0.0,0.0,12329.400,8330.600,0.600,6.600,0.0,5137281024.0,1609728.0,42557911040.0,1.21083392e+11,0.0,0.0,475727462.400,2457.600,12327.0,8331.0,0.536,1.680,90.103,7.641,0.0,0.040,1493157332.689,
0.482,1.500,91.086,6.897,0.0,0.035,451008102.400,0.0,343569.200,478884532.400,0.0,0.0,10835.400,7899.400,0.800,5.0,0.0,5105917952.0,1609728.0,44814102528.0,1.18858563584e+11,0.0,0.0,451008102.400,0.0,10839.800,7898.800,0.477,1.500,91.091,6.897,0.0,0.035,1493157337.689,
0.531,1.760,87.929,9.755,0.0,0.025,484485529.600,2457.600,346139.800,496546517.600,0.0,0.0,13401.400,8524.800,0.800,6.800,0.200,5173809152.0,1617920.0,47236898816.0,1.16367867904e+11,0.0,0.0,484511744.0,2457.600,13399.400,8525.800,0.531,1.760,87.923,9.761,0.0,0.025,1493157342.689,
0.557,1.666,88.738,8.999,0.0,0.040,492529254.400,3276.800,376735.600,522640281.800,0.0,0.0,14115.600,8654.800,1.400,6.400,0.0,5128392704.0,1626112.0,49699823616.0,1.1395035136e+11,0.0,0.0,492503040.0,3276.800,14111.800,8654.0,0.557,1.666,88.742,8.995,0.0,0.040,1493157347.689,
0.532,1.550,91.802,6.076,0.0,0.040,459815321.600,3276.800,335223.200,472029411.0,0.0,0.0,12682.800,7984.400,1.600,2.600,0.0,5173870592.0,1634304.0,51997274112.0,1.11607414784e+11,0.0,0.0,459762892.800,3276.800,12684.600,7983.0,0.532,1.550,91.808,6.070,0.0,0.040,1493157352.689,
0.466,1.344,93.565,4.584,0.0,0.040,400727244.800,4915.200,327809.200,425920718.200,0.0,0.0,11761.800,6943.800,0.400,4.0,0.0,5156986880.0,1642496.0,54002282496.0,1.0961928192e+11,0.0,0.0,400779673.600,4915.200,11766.800,6946.400,0.466,1.349,93.560,4.584,0.0,0.040,1493157357.689,
0.577,1.756,87.890,9.727,0.0,0.050,494621491.200,0.0,371978.0,514730933.600,0.0,0.0,13651.0,8687.600,1.400,7.800,0.0,5165281280.0,1642496.0,56475041792.0,1.07138228224e+11,0.0,0.0,494621491.200,0.0,13644.600,8686.800,0.577,1.751,87.886,9.737,0.0,0.050,1493157362.689,
0.592,1.827,86.119,11.432,0.0,0.030,500047052.800,2457.600,347309.200,525443488.0,0.0,0.0,14062.600,8862.400,1.800,6.800,0.0,5159161856.0,1650688.0,58975105024.0,1.04644276224e+11,0.0,0.0,500062617.600,2457.600,14067.400,8862.200,0.597,1.832,86.114,11.427,0.0,0.030,1493157367.689,
0.583,1.788,88.374,9.235,0.0,0.020,499250790.400,0.0,344567.200,515509268.600,0.0,0.0,13455.0,8778.400,1.200,7.400,0.0,5194899456.0,1650688.0,61472550912.0,1.02111092736e+11,0.0,0.0,499235225.600,0.0,13455.400,8778.600,0.583,1.783,88.374,9.240,0.0,0.020,1493157372.689,
0.552,1.817,87.519,10.076,0.0,0.035,499979059.200,2457.600,404735.800,525853042.600,0.0,0.0,14224.400,8798.600,0.800,7.800,0.0,5194072064.0,1658880.0,63972958208.0,99611504640.0,0.0,0.0,499952844.800,2457.600,14222.600,8797.800,0.547,1.818,87.523,10.077,0.0,0.035,1493157377.689,
0.542,1.686,90.256,7.461,0.0,0.055,481750220.800,3276.800,340824.0,508755594.800,0.0,0.0,13793.200,8447.200,1.400,5.600,0.0,5183520768.0,1667072.0,66378842112.0,97216163840.0,0.0,0.0,481724006.400,3276.800,13794.0,8447.800,0.542,1.691,90.256,7.456,0.0,0.055,1493157382.689,
0.542,1.660,89.734,8.009,0.0,0.055,474941030.400,1638.400,301976.0,490674226.600,0.0,0.0,13008.600,8349.400,2.0,6.200,0.0,5209616384.0,1667072.0,68756045824.0,94812864512.0,0.0,0.0,475087667.200,1638.400,13011.600,8351.400,0.541,1.660,89.722,8.022,0.0,0.055,1493157387.689,
0.467,1.540,89.334,8.649,0.0,0.010,429015040.0,8192.0,335703.0,465378201.800,0.0,0.0,12606.0,7527.0,1.0,4.800,0.0,5118287872.0,1675264.0,70899163136.0,92761067520.0,0.0,0.0,428632473.600,8192.0,12596.600,7521.600,0.467,1.536,89.356,8.632,0.0,0.010,1493157392.689,
