"Dstat 0.7.2 CSV output"
"Author:","Dag Wieers <dag@wieers.com>",,,,"URL:","http://dag.wieers.com/home-made/dstat/"
"Host:","client0.skyhook-2osds.skyhook-pg0.wisc.cloudlab.us",,,,"User:","jlefevre"
"Cmdline:","dstat -av --epoch --integer --noheaders --output 2osds.dstat-client0.log 5",,,,"Date:","25 Apr 2017 15:01:58 CDT"

"total cpu usage",,,,,,"dsk/total",,"net/total",,"paging",,"system",,"procs",,,"memory usage",,,,"paging",,"dsk/total",,"system",,"total cpu usage",,,,,,"epoch"
"usr","sys","idl","wai","hiq","siq","read","writ","recv","send","in","out","int","csw","run","blk","new","used","buff","cach","free","in","out","read","writ","int","csw","usr","sys","idl","wai","hiq","siq","epoch"


"Host:","client0.skyhook-2osds.skyhook-pg0.wisc.cloudlab.us",,,,"User:","jlefevre"
"Cmdline:","dstat -av --epoch --integer --noheaders --output 2osds.dstat-client0.log 5",,,,"Date:","25 Apr 2017 15:08:47 CDT"

"total cpu usage",,,,,,"dsk/total",,"net/total",,"paging",,"system",,"procs",,,"memory usage",,,,"paging",,"dsk/total",,"system",,"total cpu usage",,,,,,"epoch"
"usr","sys","idl","wai","hiq","siq","read","writ","recv","send","in","out","int","csw","run","blk","new","used","buff","cach","free","in","out","read","writ","int","csw","usr","sys","idl","wai","hiq","siq","epoch"
0.045,0.060,99.855,0.040,0.0,0.0,0.0,46694.400,42328.400,1741.0,0.0,0.0,927.600,7214.400,0.0,0.0,0.200,5467009024.0,203608064.0,1.47312001024e+11,15797575680.0,0.0,0.0,0.0,46694.400,927.400,7201.800,0.045,0.065,99.850,0.040,0.0,0.0,1493161712.604,
0.466,2.513,96.830,0.030,0.0,0.161,0.0,34406.400,291577652.0,121471.200,0.0,0.0,6791.200,10468.800,1.200,0.0,5.0,5625339904.0,203624448.0,1.47312058368e+11,15639171072.0,0.0,0.0,0.0,34406.400,6793.200,10468.800,0.466,2.518,96.825,0.030,0.0,0.160,1493161717.604,
0.808,3.821,95.020,0.085,0.0,0.266,0.0,130252.800,524317667.200,202843.800,0.0,0.0,10015.400,13020.200,2.200,0.0,0.0,5635805184.0,203649024.0,1.47312238592e+11,15628500992.0,0.0,0.0,0.0,130252.800,10018.400,13025.0,0.813,3.820,95.015,0.085,0.0,0.266,1493161722.604,
0.763,3.619,95.337,0.070,0.0,0.211,0.0,102400.0,517804136.600,194295.600,0.0,0.0,10063.400,13408.200,1.600,0.0,0.0,5630291968.0,203657216.0,1.47312447488e+11,15633797120.0,0.0,0.0,0.0,102400.0,10062.0,13404.400,0.758,3.614,95.346,0.070,0.0,0.211,1493161727.604,
0.803,3.550,95.315,0.080,0.0,0.251,0.0,98304.0,561446738.200,251255.600,0.0,0.0,23020.200,14853.800,1.800,0.0,0.0,5633609728.0,203665408.0,1.47312652288e+11,15630266368.0,0.0,0.0,0.0,98304.0,23016.800,14852.800,0.808,3.550,95.310,0.080,0.0,0.251,1493161732.604,
0.783,3.533,95.418,0.015,0.0,0.251,0.0,95846.400,517783944.0,253576.800,0.0,0.0,10522.600,14319.600,2.400,0.0,0.0,5631062016.0,203665408.0,1.473128448e+11,15632621568.0,0.0,0.0,0.0,95846.400,10523.200,14325.200,0.778,3.533,95.423,0.015,0.0,0.251,1493161737.604,
0.805,3.771,95.163,0.020,0.0,0.241,0.0,99942.400,485289980.800,214677.400,0.0,0.0,10189.0,12298.0,2.0,0.0,0.0,5632925696.0,203673600.0,1.47313033216e+11,15630561280.0,0.0,0.0,0.0,99942.400,10193.800,12296.0,0.805,3.771,95.162,0.020,0.0,0.241,1493161742.604,
0.808,3.602,95.275,0.030,0.0,0.286,0.0,93388.800,556894106.400,266068.800,0.0,0.0,11353.0,14852.800,1.400,0.0,0.0,5628661760.0,203681792.0,1.4731321344e+11,15634636800.0,0.0,0.0,0.0,93388.800,11362.800,14868.200,0.812,3.601,95.271,0.030,0.0,0.286,1493161747.604,
0.835,3.517,95.386,0.045,0.0,0.216,0.0,102400.0,570839053.600,327388.0,0.0,0.0,12165.800,16107.0,1.200,0.0,0.0,5649203200.0,203698176.0,1.4731341824e+11,15613874176.0,0.0,0.0,0.0,102400.0,12150.800,16088.200,0.835,3.517,95.386,0.045,0.0,0.216,1493161752.604,
0.854,3.591,95.209,0.040,0.0,0.306,0.0,111411.200,535817345.200,247338.0,0.0,0.0,11230.800,13932.600,2.0,0.0,0.0,5637066752.0,203714560.0,1.47313614848e+11,15625797632.0,0.0,0.0,0.0,111411.200,11237.0,13933.200,0.849,3.591,95.213,0.040,0.0,0.306,1493161757.604,
0.768,3.728,95.199,0.060,0.0,0.246,0.0,98304.0,551988955.400,208817.200,0.0,0.0,10777.400,13439.600,1.800,0.0,0.0,5633978368.0,203722752.0,1.47313819648e+11,15628673024.0,0.0,0.0,0.0,98304.0,10770.800,13438.800,0.768,3.737,95.189,0.060,0.0,0.246,1493161762.604,
0.773,3.890,95.015,0.050,0.0,0.271,0.0,97484.800,535408101.400,161230.400,0.0,0.0,10210.200,12434.800,2.200,0.0,0.0,5629329408.0,203751424.0,1.47314008064e+11,15633104896.0,0.0,0.0,0.0,97484.800,10214.200,12435.200,0.773,3.881,95.025,0.050,0.0,0.271,1493161767.604,
0.791,3.754,94.854,0.015,0.0,0.586,0.0,93388.800,525082161.200,221493.200,0.0,0.0,11038.800,13384.200,2.0,0.0,0.0,5627019264.0,203759616.0,1.47314188288e+11,15635226624.0,0.0,0.0,0.0,93388.800,11040.800,13393.200,0.791,3.755,94.854,0.015,0.0,0.586,1493161772.604,
0.798,3.701,95.215,0.035,0.0,0.251,0.0,99123.200,551201981.200,218657.200,0.0,0.0,10587.600,13780.0,2.0,0.0,0.0,5643010048.0,203780096.0,1.47314376704e+11,15619026944.0,0.0,0.0,0.0,99123.200,10582.200,13770.600,0.798,3.706,95.210,0.035,0.0,0.251,1493161777.604,
0.843,3.654,95.262,0.040,0.0,0.201,0.0,102400.0,548617044.200,199065.800,0.0,0.0,10614.600,13569.0,2.0,0.0,0.0,5639512064.0,203792384.0,1.473145856e+11,15622303744.0,0.0,0.0,0.0,102400.0,10614.400,13569.400,0.843,3.648,95.267,0.040,0.0,0.201,1493161782.604,
0.648,3.458,95.663,0.040,0.0,0.191,0.0,93388.800,394224222.0,129129.200,0.0,0.0,7876.400,10606.200,2.600,0.0,0.0,5622378496.0,203800576.0,1.4731474944e+11,15639265280.0,0.0,0.0,0.0,93388.800,7886.600,10608.800,0.653,3.459,95.658,0.040,0.0,0.191,1493161787.604,
0.823,3.739,95.137,0.055,0.0,0.246,0.0,107315.200,526867858.800,224960.0,0.0,0.0,10308.400,13744.200,2.600,0.0,0.0,5644787712.0,203825152.0,1.47314941952e+11,15616638976.0,0.0,0.0,0.0,107315.200,10301.800,13741.200,0.823,3.739,95.137,0.055,0.0,0.246,1493161792.604,
0.738,3.503,95.493,0.040,0.0,0.226,0.0,96665.600,487310501.0,198212.0,0.0,0.0,11880.200,13375.600,1.800,0.0,0.0,5638234112.0,203845632.0,1.47315134464e+11,15622979584.0,0.0,0.0,0.0,96665.600,11879.800,13391.400,0.738,3.498,95.493,0.040,0.0,0.231,1493161797.604,
0.818,3.813,94.942,0.045,0.0,0.381,0.0,97484.800,530065671.200,193754.600,0.0,0.0,10619.400,12893.800,1.800,0.0,0.0,5640646656.0,203866112.0,1.47315314688e+11,15620366336.0,0.0,0.0,0.0,97484.800,10626.800,12884.800,0.813,3.819,94.947,0.045,0.0,0.376,1493161802.604,
0.793,3.861,95.010,0.035,0.0,0.301,0.0,95027.200,486292138.800,194502.400,0.0,0.0,9841.400,11798.200,1.800,0.0,0.0,5630210048.0,203878400.0,1.47315503104e+11,15630602240.0,0.0,0.0,0.0,95027.200,9831.0,11792.0,0.793,3.865,95.005,0.035,0.0,0.301,1493161807.604,
0.857,3.678,94.914,0.025,0.0,0.526,0.0,98304.0,536753654.0,255493.400,0.0,0.0,10952.600,14325.600,2.200,0.0,0.200,5636788224.0,203890688.0,1.47315699712e+11,15623815168.0,0.0,0.0,0.0,98304.0,10959.800,14325.800,0.857,3.673,94.919,0.025,0.0,0.526,1493161812.604,
0.899,3.514,95.331,0.030,0.0,0.226,0.0,97484.800,547827138.0,295249.200,0.0,0.0,10999.800,15695.200,2.0,0.0,0.0,5648932864.0,203902976.0,1.47315900416e+11,15611457536.0,0.0,0.0,0.0,97484.800,10995.200,15699.200,0.899,3.509,95.336,0.030,0.0,0.226,1493161817.604,
0.823,3.586,95.260,0.060,0.0,0.271,0.0,100761.600,586082669.200,281516.600,0.0,0.0,11467.600,15619.200,1.800,0.0,0.0,5640417280.0,203915264.0,1.47316097024e+11,15619764224.0,0.0,0.0,0.0,100761.600,11469.800,15618.0,0.828,3.596,95.245,0.060,0.0,0.271,1493161822.604,
0.852,3.531,94.996,0.090,0.0,0.531,0.0,120422.400,557674804.400,281935.600,0.0,0.0,11298.200,15677.0,2.400,0.0,0.0,5633581056.0,203927552.0,1.4731630592e+11,15626379264.0,0.0,0.0,0.0,120422.400,11301.400,15675.600,0.852,3.527,95.001,0.090,0.0,0.531,1493161827.604,
0.859,3.613,95.176,0.060,0.0,0.291,0.0,99123.200,542229654.800,321426.0,0.0,0.0,11535.200,15023.0,2.200,0.0,0.600,5644320768.0,203943936.0,1.47316502528e+11,15615426560.0,0.0,0.0,0.0,99123.200,11531.400,15028.400,0.854,3.612,95.182,0.060,0.0,0.291,1493161832.604,
0.868,3.572,94.943,0.286,0.0,0.331,0.0,5768806.400,533852793.400,273178.200,0.0,0.0,10968.400,14831.0,2.400,0.0,0.0,5643780096.0,203984896.0,1.47314540544e+11,15617888256.0,0.0,0.0,0.0,5768806.400,10967.600,14825.400,0.873,3.572,94.938,0.286,0.0,0.331,1493161837.604,
0.859,3.396,95.464,0.040,0.0,0.241,0.0,96665.600,552164247.200,309340.600,0.0,0.0,11580.400,15813.600,2.0,0.0,0.0,5645938688.0,203984896.0,1.47314827264e+11,15615442944.0,0.0,0.0,0.0,96665.600,11576.400,15812.600,0.859,3.396,95.464,0.040,0.0,0.241,1493161842.604,
0.958,3.306,95.284,0.040,0.0,0.411,0.0,100761.600,609801297.600,372407.600,0.0,0.0,13214.400,17689.200,1.800,0.0,0.0,5644840960.0,203993088.0,1.47315032064e+11,15616327680.0,0.0,0.0,0.0,100761.600,13222.600,17688.600,0.953,3.306,95.289,0.040,0.0,0.411,1493161847.604,
0.739,3.494,94.744,0.025,0.0,0.998,0.0,99942.400,543897969.200,278384.800,0.0,0.0,11208.0,14539.0,2.600,0.0,0.0,5640085504.0,203997184.0,1.47315232768e+11,15620878336.0,0.0,0.0,0.0,99942.400,11203.800,14541.800,0.739,3.494,94.744,0.025,0.0,0.998,1493161852.604,
0.705,3.171,95.433,0.035,0.0,0.655,0.0,131072.0,420179768.800,208222.800,0.0,0.0,8731.400,12526.0,1.600,0.0,0.0,5644263424.0,204017664.0,1.4731542528e+11,15616487424.0,0.0,0.0,0.0,131072.0,8729.800,12524.0,0.705,3.176,95.429,0.035,0.0,0.655,1493161857.604,
0.865,3.290,95.568,0.060,0.0,0.216,0.0,103219.200,558002410.0,353918.200,0.0,0.0,12137.600,16624.200,1.800,0.0,0.0,5645070336.0,204034048.0,1.47315580928e+11,15615508480.0,0.0,0.0,0.0,103219.200,12136.800,16623.600,0.870,3.285,95.568,0.060,0.0,0.216,1493161862.604,
0.894,3.394,95.456,0.080,0.0,0.176,0.0,102400.0,589420681.600,350320.200,0.0,0.0,12030.400,17183.400,2.0,0.0,0.0,5647200256.0,204050432.0,1.47315785728e+11,15613157376.0,0.0,0.0,0.0,102400.0,12029.200,17183.200,0.889,3.394,95.461,0.080,0.0,0.176,1493161867.604,
0.779,3.446,95.464,0.090,0.0,0.221,0.0,108134.400,546668538.200,255427.0,0.0,0.0,10933.800,14973.400,2.0,0.0,0.0,5650247680.0,204058624.0,1.4731599872e+11,15609888768.0,0.0,0.0,0.0,108134.400,10933.800,14975.400,0.779,3.451,95.454,0.090,0.0,0.226,1493161872.604,
0.843,3.583,95.297,0.060,0.0,0.216,0.0,90112.0,568591088.600,264758.400,0.0,0.0,11310.800,15325.800,1.800,0.0,0.200,5650829312.0,204062720.0,1.4731618304e+11,15609118720.0,0.0,0.0,0.0,90112.0,11314.800,15323.800,0.843,3.579,95.307,0.060,0.0,0.211,1493161877.604,
0.818,3.763,95.048,0.080,0.0,0.291,0.0,101580.800,550205642.0,198488.800,0.0,0.0,10691.200,12847.600,2.200,0.0,0.0,5655928832.0,204079104.0,1.47316342784e+11,15603843072.0,0.0,0.0,0.0,101580.800,10689.200,12848.0,0.818,3.763,95.048,0.080,0.0,0.291,1493161882.604,
0.842,3.708,94.935,0.060,0.0,0.456,0.0,95846.400,497953554.0,228648.200,0.0,0.0,10459.0,13355.400,2.200,0.0,0.0,5658337280.0,204087296.0,1.47316576256e+11,15601192960.0,0.0,0.0,0.0,95846.400,10456.600,13356.200,0.842,3.707,94.935,0.060,0.0,0.456,1493161887.604,
0.811,3.559,94.500,0.080,0.0,1.050,0.0,100761.600,510198805.800,235569.400,0.0,0.0,10149.200,14087.600,1.800,0.0,0.0,5645705216.0,204099584.0,1.47316772864e+11,15613616128.0,0.0,0.0,0.0,100761.600,10151.600,14089.200,0.811,3.559,94.495,0.080,0.0,1.055,1493161892.604,
0.843,3.420,94.736,0.075,0.0,0.927,0.0,92569.600,587368276.600,304605.400,0.0,0.0,11547.0,16185.0,2.0,0.0,0.0,5639786496.0,204099584.0,1.47316957184e+11,15619350528.0,0.0,0.0,0.0,92569.600,11546.400,16184.0,0.843,3.420,94.741,0.075,0.0,0.922,1493161897.604,
0.958,2.933,95.462,0.075,0.0,0.572,0.0,113049.600,670167177.200,462575.0,0.0,0.0,14153.400,20452.0,2.0,0.0,0.0,5643304960.0,204115968.0,1.4731716608e+11,15615606784.0,0.0,0.0,0.0,113049.600,14161.800,20452.200,0.958,2.934,95.462,0.075,0.0,0.572,1493161902.604,
0.979,3.533,95.122,0.075,0.0,0.291,0.0,108953.600,587393062.400,320493.600,0.0,0.0,11853.400,16373.400,1.600,0.0,0.0,5635629056.0,204140544.0,1.47317383168e+11,15623041024.0,0.0,0.0,0.0,108953.600,11851.200,16379.400,0.979,3.533,95.122,0.075,0.0,0.291,1493161907.604,
0.890,3.108,95.685,0.075,0.0,0.241,0.0,104857.600,580102456.800,377606.400,0.0,0.0,12239.200,17651.0,2.400,0.0,0.0,5640015872.0,204148736.0,1.47317592064e+11,15618437120.0,0.0,0.0,0.0,104857.600,12232.0,17643.0,0.890,3.113,95.680,0.075,0.0,0.241,1493161912.604,
0.975,3.006,95.651,0.090,0.0,0.277,0.0,106496.0,578476041.800,348469.200,0.0,0.0,11764.800,16689.0,1.800,0.0,0.0,5647048704.0,204161024.0,1.47317792768e+11,15611191296.0,0.0,0.0,0.0,106496.0,11764.0,16689.0,0.975,2.996,95.661,0.090,0.0,0.277,1493161917.604,
0.834,3.003,95.826,0.075,0.0,0.261,0.0,99942.400,543973454.0,296186.600,0.0,0.0,10893.600,15976.600,2.200,0.0,0.0,5665316864.0,204185600.0,1.47317981184e+11,15592710144.0,0.0,0.0,0.0,99942.400,10896.400,15984.0,0.834,3.008,95.821,0.075,0.0,0.261,1493161922.604,
0.818,3.386,95.425,0.075,0.0,0.296,0.0,104038.400,591693481.0,337038.800,0.0,0.0,11786.800,17294.200,2.0,0.0,0.0,5662097408.0,204210176.0,1.47318185984e+11,15595700224.0,0.0,0.0,0.0,104038.400,11792.600,17291.200,0.823,3.381,95.426,0.075,0.0,0.296,1493161927.604,
0.765,3.631,94.849,0.085,0.0,0.670,0.0,96665.600,507358252.800,267559.800,0.0,0.0,10288.200,13465.200,2.0,0.0,0.0,5661724672.0,204238848.0,1.47318382592e+11,15595847680.0,0.0,0.0,0.0,96665.600,10281.0,13461.200,0.765,3.635,94.844,0.085,0.0,0.670,1493161932.604,
0.856,3.070,95.616,0.272,0.0,0.186,0.0,2903244.800,519543344.0,327273.800,0.0,0.0,11178.200,16353.400,1.0,0.200,0.0,5658742784.0,204271616.0,1.47311050752e+11,15606128640.0,0.0,0.0,0.0,2903244.800,11180.0,16354.400,0.856,3.070,95.616,0.272,0.0,0.186,1493161937.604,
0.899,3.029,95.771,0.090,0.0,0.211,0.0,99942.400,626464452.0,392097.600,0.0,0.0,12496.0,19208.600,1.400,0.0,0.0,5645361152.0,204283904.0,1.47311251456e+11,15619297280.0,0.0,0.0,0.0,99942.400,12497.800,19210.200,0.894,3.034,95.771,0.090,0.0,0.211,1493161942.604,
0.848,3.075,95.626,0.075,0.0,0.376,0.0,122880.0,540408431.400,286981.0,0.0,0.0,10820.0,15370.800,2.0,0.0,0.0,5650087936.0,204300288.0,1.47311460352e+11,15614345216.0,0.0,0.0,0.0,122880.0,10821.0,15371.0,0.853,3.064,95.631,0.075,0.0,0.376,1493161947.604,
0.842,3.103,95.568,0.045,0.0,0.441,0.0,102400.0,572940866.400,355603.800,0.0,0.0,12412.600,17339.400,1.800,0.0,0.0,5650464768.0,204328960.0,1.4731165696e+11,15613743104.0,0.0,0.0,0.0,102400.0,12416.800,17346.200,0.842,3.113,95.558,0.045,0.0,0.441,1493161952.604,
0.909,3.137,95.109,0.055,0.0,0.789,0.0,103219.200,596304163.200,378656.0,0.0,0.0,12312.200,17891.400,1.800,0.0,0.0,5650767872.0,204349440.0,1.47311853568e+11,15613222912.0,0.0,0.0,0.0,103219.200,12302.400,17881.0,0.904,3.137,95.114,0.055,0.0,0.789,1493161957.604,
0.962,3.128,95.434,0.020,0.0,0.456,0.0,106496.0,600357266.600,386375.200,0.0,0.0,12108.200,19041.800,2.400,0.0,0.0,5658669056.0,204365824.0,1.4731206656e+11,15605092352.0,0.0,0.0,0.0,106496.0,12109.600,19044.600,0.962,3.123,95.438,0.020,0.0,0.456,1493161962.604,
0.892,3.387,95.230,0.025,0.0,0.466,0.0,113868.800,578370878.0,341879.600,0.0,0.0,11747.200,16995.0,1.600,0.0,0.0,5636403200.0,204378112.0,1.47312234496e+11,15627177984.0,0.0,0.0,0.0,113868.800,11756.800,17000.800,0.897,3.382,95.230,0.025,0.0,0.466,1493161967.604,
0.874,3.407,94.900,0.010,0.0,0.809,0.0,105676.800,596372305.400,358959.800,0.0,0.0,12482.800,17136.800,2.400,0.0,0.0,5641273344.0,204386304.0,1.47312472064e+11,15622062080.0,0.0,0.0,0.0,105676.800,12477.600,17128.800,0.869,3.416,94.895,0.010,0.0,0.809,1493161972.604,
0.742,3.167,95.495,0.030,0.0,0.566,0.0,106496.0,575493267.600,311570.200,0.0,0.0,11480.200,16676.0,1.800,0.0,0.0,5640712192.0,204398592.0,1.47312672768e+11,15622410240.0,0.0,0.0,0.0,106496.0,11474.400,16676.600,0.742,3.163,95.494,0.030,0.0,0.571,1493161977.604,
0.930,3.166,95.587,0.065,0.0,0.251,0.0,109772.800,640599254.0,411273.800,0.0,0.0,12980.600,19549.400,2.200,0.0,0.0,5646753792.0,204398592.0,1.4731288576e+11,15616155648.0,0.0,0.0,0.0,109772.800,12983.0,19548.200,0.930,3.171,95.582,0.065,0.0,0.251,1493161982.604,
0.095,0.301,99.514,0.070,0.0,0.020,0.0,95846.400,45716174.200,24596.600,0.0,0.0,1649.600,7902.0,0.0,0.0,1.0,5470797824.0,204431360.0,1.47313000448e+11,15791964160.0,0.0,0.0,0.0,95846.400,1646.800,7902.0,0.095,0.296,99.524,0.070,0.0,0.015,1493161987.604,
