"Dstat 0.7.2 CSV output"
"Author:","Dag Wieers <dag@wieers.com>",,,,"URL:","http://dag.wieers.com/home-made/dstat/"
"Host:","osd1.skyhook-2osds.skyhook-pg0.wisc.cloudlab.us",,,,"User:","jlefevre"
"Cmdline:","dstat -av --epoch --integer --noheaders --output 2osds.dstat-osd1.log 5",,,,"Date:","25 Apr 2017 15:02:01 CDT"

"total cpu usage",,,,,,"dsk/total",,"net/total",,"paging",,"system",,"procs",,,"memory usage",,,,"paging",,"dsk/total",,"system",,"total cpu usage",,,,,,"epoch"
"usr","sys","idl","wai","hiq","siq","read","writ","recv","send","in","out","int","csw","run","blk","new","used","buff","cach","free","in","out","read","writ","int","csw","usr","sys","idl","wai","hiq","siq","epoch"


"Host:","osd1.skyhook-2osds.skyhook-pg0.wisc.cloudlab.us",,,,"User:","jlefevre"
"Cmdline:","dstat -av --epoch --integer --noheaders --output 2osds.dstat-osd1.log 5",,,,"Date:","25 Apr 2017 15:08:55 CDT"

"total cpu usage",,,,,,"dsk/total",,"net/total",,"paging",,"system",,"procs",,,"memory usage",,,,"paging",,"dsk/total",,"system",,"total cpu usage",,,,,,"epoch"
"usr","sys","idl","wai","hiq","siq","read","writ","recv","send","in","out","int","csw","run","blk","new","used","buff","cach","free","in","out","read","writ","int","csw","usr","sys","idl","wai","hiq","siq","epoch"
0.120,0.230,99.585,0.060,0.0,0.005,12288.0,10649.600,3506.600,22912.400,0.0,0.0,362.600,385.400,0.200,0.0,8.800,5186543616.0,1609728.0,65654226944.0,97937813504.0,0.0,0.0,12288.0,10649.600,363.200,385.800,0.120,0.230,99.585,0.060,0.0,0.005,1493155700.535,
0.135,1.962,96.762,1.141,0.0,0.0,66476441.600,17203.200,38697.400,38562177.200,0.0,0.0,1930.200,2091.200,0.800,1.200,4.800,5184708608.0,1626112.0,458452992.0,1.6313540608e+11,0.0,0.0,66686156.800,17203.200,1934.800,2093.800,0.140,1.962,96.752,1.146,0.0,0.0,1493155705.535,
0.502,1.546,93.215,4.702,0.0,0.035,446651596.800,0.0,379636.800,492083900.800,0.0,0.0,11878.800,7873.600,0.800,4.400,0.0,5053575168.0,1626112.0,2691198976.0,1.61033793536e+11,0.0,0.0,446704025.600,0.0,11892.800,7874.400,0.497,1.546,93.220,4.702,0.0,0.035,1493155710.535,
0.476,1.594,93.373,4.527,0.0,0.030,427502796.800,5734.400,317485.200,445427557.600,0.0,0.0,12458.600,7495.200,0.200,5.200,0.200,5062004736.0,1642496.0,4828434432.0,1.58888112128e+11,0.0,0.0,427476582.400,5734.400,12447.200,7494.0,0.476,1.594,93.378,4.522,0.0,0.030,1493155715.535,
0.532,1.725,91.275,6.424,0.0,0.045,467915571.200,0.0,366408.800,475405575.400,0.0,0.0,12854.0,8220.0,1.0,5.600,0.0,5140262912.0,1642496.0,7168557056.0,1.56469731328e+11,0.0,0.0,467915571.200,0.0,12850.600,8220.400,0.531,1.725,91.271,6.428,0.0,0.045,1493155720.535,
0.492,1.595,92.224,5.654,0.0,0.035,467764019.200,2457.600,365730.0,494052643.200,0.0,0.0,13606.0,8218.0,1.0,5.600,0.0,5131096064.0,1650688.0,9508048896.0,1.54139398144e+11,0.0,0.0,467790233.600,2457.600,13606.200,8218.800,0.497,1.595,92.214,5.659,0.0,0.035,1493155725.535,
0.587,1.670,90.134,7.573,0.0,0.035,490285465.600,0.0,373466.800,508292602.0,0.0,0.0,12115.600,8621.200,1.200,6.600,0.0,5152075776.0,1650688.0,11958906880.0,1.51667560448e+11,0.0,0.0,490285465.600,0.0,12118.200,8620.800,0.587,1.675,90.135,7.568,0.0,0.035,1493155730.535,
0.536,1.724,91.598,6.086,0.0,0.055,477388800.0,4096.0,360629.400,503520511.0,0.0,0.0,11168.0,8371.600,0.800,4.200,0.0,5123444736.0,1658880.0,14345809920.0,1.49309280256e+11,0.0,0.0,477362585.600,4096.0,11163.800,8371.800,0.531,1.725,91.603,6.086,0.0,0.055,1493155735.535,
0.481,1.539,92.600,5.360,0.0,0.020,445834035.200,1638.400,359934.400,469189252.600,0.0,0.0,10673.800,7815.0,1.0,4.200,0.0,5112840192.0,1658880.0,16575799296.0,1.47089895424e+11,0.0,0.0,445875814.400,1638.400,10672.800,7815.0,0.481,1.539,92.599,5.360,0.0,0.020,1493155740.535,
0.461,1.534,93.471,4.478,0.0,0.055,426787635.200,4915.200,288794.600,443960266.800,0.0,0.0,11551.600,7448.800,1.0,4.600,0.0,5144633344.0,1667072.0,18710302720.0,1.44923590656e+11,0.0,0.0,426745856.0,4915.200,11557.200,7448.800,0.461,1.534,93.472,4.478,0.0,0.055,1493155745.535,
0.542,1.742,88.554,9.116,0.0,0.045,499281920.0,0.0,354577.800,520679846.600,0.0,0.0,13629.400,8860.200,0.600,9.0,0.0,5151535104.0,1667072.0,21206224896.0,1.4242076672e+11,0.0,0.0,499308134.400,0.0,13628.400,8860.600,0.542,1.742,88.554,9.117,0.0,0.045,1493155750.535,
0.502,1.521,88.949,9.019,0.0,0.010,485315379.200,2457.600,339755.800,511759408.0,0.0,0.0,13757.0,8595.0,0.400,6.200,0.0,5136617472.0,1675264.0,23632433152.0,1.40009467904e+11,0.0,0.0,485289164.800,2457.600,13755.800,8594.0,0.507,1.516,88.945,9.023,0.0,0.010,1493155755.535,
0.492,1.540,89.377,8.562,0.0,0.030,481729740.800,0.0,296622.800,501170179.200,0.0,0.0,12877.600,8498.400,0.800,6.600,0.0,5151879168.0,1675264.0,26041098240.0,1.3758554112e+11,0.0,0.0,481755955.200,0.0,12878.400,8499.0,0.492,1.540,89.375,8.563,0.0,0.030,1493155760.535,
0.482,1.506,89.847,8.130,0.0,0.035,486574489.600,2457.600,314433.200,505325534.0,0.0,0.0,13316.600,8590.600,1.200,6.400,0.0,5169827840.0,1683456.0,28473806848.0,1.35134875648e+11,0.0,0.0,486574489.600,2457.600,13312.400,8590.800,0.482,1.506,89.842,8.135,0.0,0.035,1493155765.535,
0.491,1.675,87.834,9.969,0.0,0.030,498799411.200,0.0,372704.200,523855952.800,0.0,0.0,14347.600,8804.0,0.600,7.400,0.0,5175799808.0,1683456.0,30966874112.0,1.32635836416e+11,0.0,0.0,498799411.200,0.0,14356.0,8803.600,0.491,1.675,87.839,9.964,0.0,0.030,1493155770.535,
0.512,1.700,89.534,8.225,0.0,0.030,485498880.0,6553.600,431413.0,511399541.0,0.0,0.0,14273.400,8524.0,1.200,5.600,0.0,5147557888.0,1691648.0,33394552832.0,1.30236391424e+11,0.0,0.0,485498880.0,6553.600,14265.800,8525.200,0.507,1.700,89.547,8.216,0.0,0.030,1493155775.535,
0.522,1.857,87.742,9.834,0.0,0.045,496781721.600,2457.600,424771.400,507975355.200,0.0,0.0,14274.400,8705.800,1.400,8.400,0.0,5207826432.0,1699840.0,35880620032.0,1.27690047488e+11,0.0,0.0,496781721.600,2457.600,14278.800,8704.600,0.527,1.862,87.720,9.846,0.0,0.045,1493155780.535,
0.542,1.735,90.229,7.453,0.0,0.040,475569356.800,0.0,323239.400,506603075.200,0.0,0.0,11466.600,8317.200,1.200,5.800,0.0,5165088768.0,1699840.0,38257889280.0,1.25355515904e+11,0.0,0.0,475548057.600,0.0,11465.0,8317.600,0.537,1.736,90.243,7.444,0.0,0.040,1493155785.535,
0.562,1.682,88.648,9.043,0.0,0.065,490925260.800,2457.600,318738.600,510803974.600,0.0,0.0,11155.800,8667.600,1.200,7.200,0.200,5190279168.0,1708032.0,40710787072.0,1.2287741952e+11,0.0,0.0,490920345.600,2457.600,11156.400,8667.400,0.562,1.682,88.644,9.047,0.0,0.065,1493155790.535,
0.552,1.800,88.733,8.875,0.0,0.040,483386163.200,0.0,369743.800,509885777.800,0.0,0.0,11544.400,8440.0,1.200,6.0,0.0,5172985856.0,1708032.0,43128643584.0,1.2047685632e+11,0.0,0.0,483438592.0,0.0,11544.0,8439.400,0.552,1.800,88.738,8.870,0.0,0.040,1493155795.535,
0.531,1.840,88.038,9.535,0.0,0.055,490522214.400,2457.600,330215.200,506685294.600,0.0,0.0,11320.0,8622.0,0.800,8.0,0.0,5205381120.0,1716224.0,45582102528.0,1.1799099392e+11,0.0,0.0,490522214.400,2457.600,11316.200,8623.0,0.536,1.835,88.034,9.540,0.0,0.055,1493155800.535,
0.537,1.761,88.217,9.436,0.0,0.050,491528192.0,0.0,327228.800,513088298.600,0.0,0.0,11347.600,8613.400,1.200,7.200,0.0,5212872704.0,1716224.0,48040218624.0,1.1552538624e+11,0.0,0.0,491501977.600,0.0,11347.800,8613.600,0.537,1.761,88.212,9.441,0.0,0.050,1493155805.535,
0.516,1.695,90.618,7.125,0.0,0.045,468764262.400,3276.800,330308.800,494070642.800,0.0,0.0,11329.200,8204.400,1.200,4.0,0.0,5205585920.0,1724416.0,50384470016.0,1.1318841344e+11,0.0,0.0,468779827.200,3276.800,11334.600,8204.0,0.511,1.700,90.623,7.120,0.0,0.045,1493155810.535,
0.532,1.831,87.603,9.978,0.0,0.055,499145932.800,2457.600,397734.600,522649551.0,0.0,0.0,11769.600,8778.200,0.800,7.400,0.0,5215637504.0,1732608.0,52878643200.0,1.1068418048e+11,0.0,0.0,499104153.600,2457.600,11766.400,8777.400,0.532,1.826,87.608,9.979,0.0,0.055,1493155815.535,
0.577,1.830,87.674,9.854,0.0,0.065,499208192.0,0.0,363823.0,522495959.600,0.0,0.0,11613.600,8781.600,1.200,7.600,0.0,5204758528.0,1732608.0,55374503936.0,1.0819919872e+11,0.0,0.0,499208192.0,0.0,11616.600,8782.0,0.577,1.830,87.675,9.853,0.0,0.065,1493155820.535,
0.446,1.438,93.821,4.250,0.0,0.045,400894361.600,2457.600,314963.400,421130221.600,0.0,0.0,9638.400,6985.200,0.600,3.0,0.0,5209071616.0,1740800.0,57378598912.0,1.06190782464e+11,0.0,0.0,400920576.0,2457.600,9636.600,6985.200,0.446,1.438,93.821,4.250,0.0,0.045,1493155825.535,
0.492,1.541,92.031,5.902,0.0,0.035,449849753.600,0.0,354526.0,473106744.400,0.0,0.0,10785.200,7878.0,0.400,5.400,0.0,5190569984.0,1740800.0,59629678592.0,1.03958204416e+11,0.0,0.0,449849753.600,0.0,10787.0,7878.400,0.497,1.541,92.031,5.897,0.0,0.035,1493155830.535,
0.432,1.365,94.465,3.703,0.0,0.035,408957747.200,2457.600,274735.600,422203407.200,0.0,0.0,9615.0,7077.0,1.400,3.400,0.0,5229076480.0,1748992.0,61672984576.0,1.01876383744e+11,0.0,0.0,408931532.800,2457.600,9614.200,7076.800,0.427,1.365,94.465,3.709,0.0,0.035,1493155835.535,
0.512,1.590,92.660,5.167,0.0,0.070,455663616.0,0.0,349353.400,476640810.200,0.0,0.0,10958.800,7997.200,0.800,4.800,0.0,5229731840.0,1748992.0,63950069760.0,99598643200.0,0.0,0.0,455716044.800,0.0,10959.400,7997.0,0.512,1.595,92.662,5.162,0.0,0.070,1493155840.535,
0.512,1.821,89.558,8.080,0.0,0.030,486028902.400,4096.0,331027.200,504881241.600,0.0,0.0,11803.400,8500.0,1.0,6.600,0.0,5251936256.0,1757184.0,66381955072.0,97144545280.0,0.0,0.0,486002688.0,4096.0,11798.0,8500.200,0.512,1.816,89.556,8.087,0.0,0.030,1493155845.535,
0.542,1.545,91.636,6.222,0.0,0.055,452292608.0,4915.200,317299.400,476673002.800,0.0,0.0,11523.600,7905.800,1.0,4.400,0.0,5249982464.0,1765376.0,68643553280.0,94884892672.0,0.0,0.0,452292608.0,4915.200,11525.800,7906.200,0.542,1.545,91.631,6.226,0.0,0.055,1493155850.535,
0.381,1.293,92.776,5.520,0.0,0.030,349841817.600,0.0,267908.200,378157457.400,0.0,0.0,9527.200,6196.0,0.800,3.400,0.0,5173784576.0,1765376.0,70391898112.0,93212745728.0,0.0,0.0,349579673.600,0.0,9523.200,6192.0,0.386,1.293,92.786,5.505,0.0,0.030,1493155855.535,
