"Dstat 0.7.2 CSV output"
"Author:","Dag Wieers <dag@wieers.com>",,,,"URL:","http://dag.wieers.com/home-made/dstat/"
"Host:","osd0.skyhook-2osds.skyhook-pg0.wisc.cloudlab.us",,,,"User:","jlefevre"
"Cmdline:","dstat -av --epoch --integer --noheaders --output 2osds.dstat-osd0.log 5",,,,"Date:","25 Apr 2017 15:01:59 CDT"

"total cpu usage",,,,,,"dsk/total",,"net/total",,"paging",,"system",,"procs",,,"memory usage",,,,"paging",,"dsk/total",,"system",,"total cpu usage",,,,,,"epoch"
"usr","sys","idl","wai","hiq","siq","read","writ","recv","send","in","out","int","csw","run","blk","new","used","buff","cach","free","in","out","read","writ","int","csw","usr","sys","idl","wai","hiq","siq","epoch"


"Host:","osd0.skyhook-2osds.skyhook-pg0.wisc.cloudlab.us",,,,"User:","jlefevre"
"Cmdline:","dstat -av --epoch --integer --noheaders --output 2osds.dstat-osd0.log 5",,,,"Date:","25 Apr 2017 15:08:52 CDT"

"total cpu usage",,,,,,"dsk/total",,"net/total",,"paging",,"system",,"procs",,,"memory usage",,,,"paging",,"dsk/total",,"system",,"total cpu usage",,,,,,"epoch"
"usr","sys","idl","wai","hiq","siq","read","writ","recv","send","in","out","int","csw","run","blk","new","used","buff","cach","free","in","out","read","writ","int","csw","usr","sys","idl","wai","hiq","siq","epoch"
0.030,0.020,99.935,0.015,0.0,0.0,25395.200,5734.400,2219.200,31716.800,0.0,0.0,157.200,176.400,0.0,0.0,0.600,5114146816.0,1560576.0,70899335168.0,92765151232.0,0.0,0.0,25395.200,5734.400,157.400,176.400,0.025,0.020,99.940,0.015,0.0,0.0,1493157747.689,
0.010,0.005,99.980,0.005,0.0,0.0,0.0,2457.600,2131.800,21408.600,0.0,0.0,131.600,149.400,0.0,0.0,0.0,5114249216.0,1568768.0,70899343360.0,92765032448.0,0.0,0.0,0.0,2457.600,131.600,149.400,0.010,0.005,99.980,0.005,0.0,0.0,1493157752.689,
0.345,0.946,98.689,0.015,0.0,0.005,0.0,4915.200,199806.400,301369459.200,0.0,0.0,5556.600,1046.600,0.800,0.0,0.400,5371490304.0,1576960.0,70899343360.0,92507783168.0,0.0,0.0,0.0,4915.200,5556.400,1046.600,0.345,0.946,98.689,0.015,0.0,0.005,1493157757.689,
0.305,0.811,98.849,0.010,0.0,0.025,0.0,11468.800,163181.400,280049276.200,0.0,0.0,4840.800,933.200,1.200,0.0,0.0,5429190656.0,1593344.0,70899347456.0,92450062336.0,0.0,0.0,0.0,11468.800,4840.800,933.200,0.305,0.811,98.849,0.010,0.0,0.025,1493157762.689,
0.290,0.766,98.919,0.015,0.0,0.010,0.0,9830.400,190677.600,295115847.0,0.0,0.0,5233.600,928.0,0.600,0.0,0.400,5371953152.0,1609728.0,70899347456.0,92507283456.0,0.0,0.0,0.0,9830.400,5238.600,928.200,0.295,0.766,98.914,0.015,0.0,0.010,1493157767.689,
0.345,0.946,98.699,0.0,0.0,0.010,0.0,0.0,201559.400,334985228.200,0.0,0.0,5904.400,1010.600,0.600,0.0,0.400,5329395712.0,1609728.0,70899343360.0,92549844992.0,0.0,0.0,0.0,0.0,5904.400,1010.600,0.345,0.945,98.699,0.0,0.0,0.010,1493157772.689,
0.270,0.786,98.929,0.010,0.0,0.005,0.0,9830.400,158777.200,297103666.400,0.0,0.0,4864.600,909.800,1.0,0.0,0.0,5257207808.0,1626112.0,70899347456.0,92622012416.0,0.0,0.0,0.0,9830.400,4859.600,909.600,0.265,0.786,98.934,0.010,0.0,0.005,1493157777.689,
0.431,1.091,98.458,0.010,0.0,0.010,0.0,5734.400,296878.0,374012285.0,0.0,0.0,7807.800,1209.0,0.600,0.0,0.400,5392199680.0,1634304.0,70899351552.0,92487008256.0,0.0,0.0,0.0,5734.400,7817.800,1209.200,0.430,1.101,98.449,0.010,0.0,0.010,1493157782.689,
0.361,1.072,98.548,0.010,0.0,0.010,0.0,10649.600,371196.600,407666554.800,0.0,0.0,8466.0,1179.200,0.400,0.0,0.0,5215477760.0,1650688.0,70899351552.0,92663713792.0,0.0,0.0,0.0,10649.600,8463.200,1179.400,0.366,1.062,98.553,0.010,0.0,0.010,1493157787.689,
0.410,1.282,98.278,0.0,0.0,0.030,0.0,0.0,362418.800,449747953.200,0.0,0.0,9250.400,1333.600,0.400,0.0,0.400,5216231424.0,1650688.0,70899355648.0,92662956032.0,0.0,0.0,0.0,0.0,9249.600,1333.400,0.410,1.287,98.273,0.0,0.0,0.030,1493157792.689,
0.405,1.226,98.303,0.010,0.0,0.055,0.0,11468.800,331474.600,442038629.0,0.0,0.0,8983.0,1336.800,1.200,0.0,0.0,5174599680.0,1667072.0,70899355648.0,92704571392.0,0.0,0.0,0.0,11468.800,8981.200,1336.600,0.405,1.221,98.308,0.010,0.0,0.055,1493157797.689,
0.441,1.272,98.247,0.015,0.0,0.025,0.0,9830.400,324351.400,419073551.0,0.0,0.0,8599.400,1409.200,1.600,0.0,0.400,5442162688.0,1683456.0,70899355648.0,92436992000.0,0.0,0.0,0.0,9830.400,8600.600,1409.800,0.441,1.272,98.247,0.015,0.0,0.025,1493157802.689,
0.471,1.247,98.252,0.015,0.0,0.015,0.0,4915.200,359403.0,483446961.200,0.0,0.0,9608.800,1402.400,0.600,0.0,0.0,5316120576.0,1691648.0,70899355648.0,92563025920.0,0.0,0.0,0.0,4915.200,9607.0,1402.600,0.471,1.247,98.252,0.015,0.0,0.015,1493157807.689,
0.456,1.277,98.217,0.0,0.0,0.050,0.0,8192.0,415429.600,486296423.0,0.0,0.0,10952.600,1443.200,0.200,0.0,0.400,5216178176.0,1699840.0,70899355648.0,92662960128.0,0.0,0.0,0.0,8192.0,10954.800,1443.200,0.451,1.277,98.222,0.0,0.0,0.050,1493157812.689,
0.471,1.317,98.178,0.0,0.0,0.035,0.0,4915.200,365264.600,459583235.400,0.0,0.0,9765.200,1413.200,0.600,0.0,0.400,5287956480.0,1708032.0,70899355648.0,92591173632.0,0.0,0.0,0.0,4915.200,9759.0,1412.400,0.471,1.322,98.173,0.0,0.0,0.035,1493157817.689,
0.345,0.966,98.658,0.010,0.0,0.020,0.0,7372.800,329533.200,353136501.0,0.0,0.0,7504.600,1092.200,0.600,0.0,0.0,5229498368.0,1724416.0,70899359744.0,92649611264.0,0.0,0.0,0.0,7372.800,7512.0,1092.600,0.345,0.961,98.663,0.010,0.0,0.020,1493157822.689,
0.320,0.891,98.783,0.0,0.0,0.005,0.0,8192.0,238526.400,321818660.800,0.0,0.0,6141.0,1034.0,0.800,0.0,0.400,5261361152.0,1732608.0,70899359744.0,92617740288.0,0.0,0.0,0.0,8192.0,6142.600,1034.0,0.320,0.896,98.778,0.0,0.0,0.005,1493157827.689,
0.280,0.831,98.879,0.0,0.0,0.010,0.0,11468.800,217464.600,310267153.400,0.0,0.0,5714.400,953.0,0.600,0.0,0.0,5187162112.0,1748992.0,70899363840.0,92691918848.0,0.0,0.0,0.0,11468.800,5712.200,952.800,0.285,0.826,98.879,0.0,0.0,0.010,1493157832.689,
0.305,0.906,98.773,0.0,0.0,0.015,0.0,2457.600,282040.0,348855548.200,0.0,0.0,7387.0,1070.0,0.200,0.0,0.400,5159284736.0,1757184.0,70899367936.0,92719783936.0,0.0,0.0,0.0,2457.600,7385.600,1070.200,0.305,0.911,98.768,0.0,0.0,0.015,1493157837.689,
0.501,1.387,98.082,0.010,0.0,0.020,0.0,4915.200,474682.200,520294303.200,0.0,0.0,11520.200,1544.400,1.0,0.0,0.0,5216636928.0,1765376.0,70899367936.0,92662423552.0,0.0,0.0,0.0,4915.200,11522.200,1544.600,0.496,1.387,98.087,0.010,0.0,0.020,1493157842.689,
0.436,1.267,98.277,0.005,0.0,0.015,0.0,7372.800,407121.200,482856946.800,0.0,0.0,10712.0,1424.200,1.200,0.0,0.400,5156515840.0,1781760.0,70899367936.0,92722528256.0,0.0,0.0,0.0,7372.800,10710.200,1423.800,0.436,1.267,98.278,0.005,0.0,0.015,1493157847.689,
0.486,1.437,98.052,0.010,0.0,0.015,0.0,9830.400,434946.200,522141243.200,0.0,0.0,11825.200,1561.0,0.600,0.0,0.0,5301153792.0,1789952.0,70899367936.0,92577882112.0,0.0,0.0,0.0,9830.400,11828.600,1561.0,0.491,1.432,98.052,0.010,0.0,0.015,1493157852.689,
0.511,1.457,98.002,0.005,0.0,0.025,0.0,2457.600,473724.200,545602160.800,0.0,0.0,12244.0,1550.800,1.400,0.0,0.400,5170569216.0,1798144.0,70899372032.0,92708454400.0,0.0,0.0,0.0,2457.600,12242.600,1551.800,0.511,1.457,98.002,0.005,0.0,0.025,1493157857.689,
0.446,1.317,98.208,0.015,0.0,0.015,0.0,7372.800,383849.200,438246423.800,0.0,0.0,9331.0,1416.400,0.600,0.0,0.400,5287436288.0,1806336.0,70899372032.0,92591579136.0,0.0,0.0,0.0,7372.800,9323.400,1415.200,0.440,1.316,98.213,0.015,0.0,0.015,1493157862.689,
0.426,1.273,98.276,0.010,0.0,0.015,0.0,9011.200,403479.0,481822080.600,0.0,0.0,10684.400,1368.200,1.0,0.0,0.0,5174042624.0,1822720.0,70899372032.0,92704956416.0,0.0,0.0,0.0,9011.200,10692.0,1368.400,0.431,1.272,98.272,0.010,0.0,0.015,1493157867.689,
0.415,1.236,98.333,0.0,0.0,0.015,0.0,9830.400,324157.800,410959796.600,0.0,0.0,8519.0,1288.400,0.600,0.0,0.400,5254189056.0,1839104.0,70899372032.0,92624793600.0,0.0,0.0,0.0,9830.400,8511.600,1288.200,0.416,1.237,98.333,0.0,0.0,0.015,1493157872.689,
0.415,1.111,98.438,0.010,0.0,0.025,0.0,8192.0,303478.800,391035882.0,0.0,0.0,8211.400,1210.200,1.400,0.0,0.600,5287751680.0,1847296.0,70899384320.0,92591210496.0,0.0,0.0,0.0,8192.0,8219.200,1211.800,0.415,1.111,98.439,0.010,0.0,0.025,1493157877.689,
0.521,1.523,97.911,0.010,0.0,0.035,0.0,2457.600,459477.400,561383346.0,0.0,0.0,12304.600,1635.600,1.0,0.0,0.400,5183873024.0,1855488.0,70899384320.0,92695080960.0,0.0,0.0,0.0,2457.600,12305.600,1636.200,0.521,1.523,97.911,0.010,0.0,0.035,1493157882.689,
0.491,1.428,98.031,0.010,0.0,0.040,0.0,9830.400,446258.400,521965735.800,0.0,0.0,11829.200,1580.800,1.200,0.0,0.400,5184155648.0,1863680.0,70899384320.0,92694790144.0,0.0,0.0,0.0,9830.400,11825.400,1580.200,0.491,1.428,98.031,0.010,0.0,0.040,1493157887.689,
0.441,1.253,98.256,0.020,0.0,0.030,0.0,7372.800,398304.800,437115256.800,0.0,0.0,9587.600,1407.400,1.800,0.0,0.0,5393960960.0,1880064.0,70899384320.0,92484968448.0,0.0,0.0,0.0,7372.800,9587.400,1408.200,0.441,1.258,98.251,0.020,0.0,0.030,1493157892.689,
0.386,1.031,98.558,0.0,0.0,0.025,0.0,8192.0,244691.200,369285675.0,0.0,0.0,6661.600,1186.0,0.400,0.0,0.400,5436968960.0,1888256.0,70899384320.0,92441952256.0,0.0,0.0,0.0,8192.0,6662.0,1184.0,0.386,1.031,98.558,0.0,0.0,0.025,1493157897.689,
0.486,1.277,98.207,0.010,0.0,0.020,0.0,8192.0,331171.400,463785237.800,0.0,0.0,9308.0,1404.400,0.600,0.0,0.400,5438423040.0,1904640.0,70899384320.0,92440481792.0,0.0,0.0,0.0,8192.0,9308.200,1404.0,0.481,1.272,98.217,0.010,0.0,0.020,1493157902.689,
0.511,1.507,97.947,0.010,0.0,0.025,0.0,13107.200,403313.200,539256988.800,0.0,0.0,10841.800,1529.200,1.200,0.0,0.0,5398310912.0,1921024.0,70899384320.0,92480577536.0,0.0,0.0,0.0,13107.200,10840.800,1529.600,0.516,1.507,97.942,0.010,0.0,0.025,1493157907.689,
0.441,1.212,98.322,0.0,0.0,0.025,0.0,0.0,350903.400,454198148.800,0.0,0.0,7968.600,1335.400,0.200,0.0,0.0,5410058240.0,1921024.0,70899384320.0,92468830208.0,0.0,0.0,0.0,0.0,7968.400,1335.200,0.441,1.212,98.322,0.0,0.0,0.025,1493157912.689,
0.476,1.252,98.222,0.015,0.0,0.035,0.0,11468.800,384963.200,485283473.0,0.0,0.0,9313.200,1366.800,1.200,0.0,0.0,5327577088.0,1937408.0,70899388416.0,92551290880.0,0.0,0.0,0.0,11468.800,9311.600,1366.600,0.476,1.252,98.222,0.015,0.0,0.035,1493157917.689,
0.451,1.327,98.188,0.0,0.0,0.035,0.0,0.0,380191.400,465962402.0,0.0,0.0,9870.200,1370.0,0.600,0.0,0.0,5349965824.0,1937408.0,70899388416.0,92528902144.0,0.0,0.0,0.0,0.0,9872.600,1370.200,0.446,1.327,98.192,0.0,0.0,0.035,1493157922.689,
0.310,0.871,98.789,0.0,0.0,0.030,0.0,2457.600,305043.600,341743694.400,0.0,0.0,7289.600,941.400,0.200,0.0,0.0,5122629632.0,1945600.0,70899388416.0,92756230144.0,0.0,0.0,0.0,2457.600,7284.600,941.200,0.310,0.876,98.784,0.0,0.0,0.030,1493157927.689,
