"Dstat 0.7.2 CSV output"
"Author:","Dag Wieers <dag@wieers.com>",,,,"URL:","http://dag.wieers.com/home-made/dstat/"
"Host:","client0.skyhook-2osds.skyhook-pg0.wisc.cloudlab.us",,,,"User:","jlefevre"
"Cmdline:","dstat -av --epoch --integer --noheaders --output 2osds.dstat-client0.log 5",,,,"Date:","25 Apr 2017 15:01:58 CDT"

"total cpu usage",,,,,,"dsk/total",,"net/total",,"paging",,"system",,"procs",,,"memory usage",,,,"paging",,"dsk/total",,"system",,"total cpu usage",,,,,,"epoch"
"usr","sys","idl","wai","hiq","siq","read","writ","recv","send","in","out","int","csw","run","blk","new","used","buff","cach","free","in","out","read","writ","int","csw","usr","sys","idl","wai","hiq","siq","epoch"


"Host:","client0.skyhook-2osds.skyhook-pg0.wisc.cloudlab.us",,,,"User:","jlefevre"
"Cmdline:","dstat -av --epoch --integer --noheaders --output 2osds.dstat-client0.log 5",,,,"Date:","25 Apr 2017 15:08:47 CDT"

"total cpu usage",,,,,,"dsk/total",,"net/total",,"paging",,"system",,"procs",,,"memory usage",,,,"paging",,"dsk/total",,"system",,"total cpu usage",,,,,,"epoch"
"usr","sys","idl","wai","hiq","siq","read","writ","recv","send","in","out","int","csw","run","blk","new","used","buff","cach","free","in","out","read","writ","int","csw","usr","sys","idl","wai","hiq","siq","epoch"
0.045,0.050,99.890,0.015,0.0,0.0,0.0,107315.200,53706.600,3118.400,0.0,0.0,1162.800,7671.200,0.0,0.200,1.400,5484453888.0,189124608.0,1.47319881728e+11,15786733568.0,0.0,0.0,0.0,116326.400,1163.200,7673.800,0.045,0.050,99.890,0.015,0.0,0.0,1493157747.604,
0.055,0.060,99.880,0.005,0.0,0.0,0.0,46694.400,41910.800,1944.0,0.0,0.0,1081.0,7323.0,0.600,0.0,0.0,5483573248.0,189132800.0,1.47319922688e+11,15787565056.0,0.0,0.0,0.0,37683.200,1080.600,7315.0,0.055,0.055,99.885,0.005,0.0,0.0,1493157752.604,
0.739,3.356,95.619,0.015,0.0,0.271,0.0,124518.400,592911859.400,373522.0,0.0,0.0,13801.0,17774.600,1.800,0.200,5.400,5648482304.0,189140992.0,1.47320041472e+11,15622529024.0,0.0,0.0,0.0,124518.400,13810.400,17781.0,0.739,3.357,95.618,0.015,0.0,0.271,1493157757.604,
0.678,3.382,95.683,0.010,0.0,0.246,0.0,95846.400,536878019.600,308564.0,0.0,0.0,11490.200,15571.800,2.0,0.200,0.400,5663170560.0,189157376.0,1.4732023808e+11,15607627776.0,0.0,0.0,0.0,103219.200,11481.400,15570.400,0.678,3.386,95.679,0.010,0.0,0.246,1493157762.604,
0.754,3.105,95.825,0.030,0.0,0.286,0.0,122060.800,570246125.200,358619.200,0.0,0.0,12077.600,17501.800,1.800,0.200,0.0,5658824704.0,189173760.0,1.4732044288e+11,15611752448.0,0.0,0.0,0.0,114688.0,12078.800,17499.200,0.754,3.110,95.820,0.030,0.0,0.286,1493157767.604,
0.849,3.099,95.731,0.055,0.0,0.266,0.0,96665.600,618405224.0,381044.800,0.0,0.0,16517.0,17901.0,2.600,0.0,0.400,5688467456.0,189190144.0,1.47320639488e+11,15581896704.0,0.0,0.0,0.0,100761.600,16521.0,17907.600,0.849,3.089,95.740,0.055,0.0,0.266,1493157772.604,
0.653,3.384,95.633,0.010,0.0,0.321,0.0,128614.400,593505494.400,324507.0,0.0,0.0,12106.800,16863.800,2.0,0.200,0.0,5678641152.0,189210624.0,1.4732085248e+11,15591489536.0,0.0,0.0,0.0,124518.400,12103.800,16856.0,0.653,3.388,95.623,0.015,0.0,0.321,1493157777.604,
0.860,2.675,95.962,0.010,0.0,0.493,0.0,99123.200,744366807.600,627063.600,0.0,0.0,16136.200,24266.400,3.0,0.200,0.400,5662138368.0,189218816.0,1.4732105728e+11,15607779328.0,0.0,0.0,0.0,99123.200,16143.400,24285.200,0.860,2.680,95.962,0.005,0.0,0.493,1493157782.604,
1.019,2.594,95.993,0.086,0.0,0.308,0.0,131072.0,807924794.800,703792.400,0.0,0.0,17685.600,24902.800,1.200,0.200,0.0,5678616576.0,189255680.0,1.4732130304e+11,15591018496.0,0.0,0.0,0.0,131072.0,17676.800,24892.600,1.019,2.589,95.998,0.086,0.0,0.308,1493157787.604,
1.229,2.246,96.192,0.035,0.0,0.297,0.0,117964.800,893055450.800,722877.0,0.0,0.0,18049.600,27544.400,3.200,0.200,0.400,5654654976.0,189272064.0,1.47321540608e+11,15614726144.0,0.0,0.0,0.0,129433.600,18059.200,27556.600,1.234,2.251,96.182,0.035,0.0,0.297,1493157792.604,
1.195,2.264,96.097,0.030,0.0,0.414,0.0,1045299.200,894703723.400,699480.200,0.0,0.0,18407.400,25769.600,2.0,0.200,0.0,5665976320.0,189288448.0,1.473216512e+11,15603277824.0,0.0,0.0,0.0,1033830.400,18411.600,25766.400,1.195,2.259,96.101,0.030,0.0,0.414,1493157797.604,
1.094,2.404,96.155,0.060,0.0,0.287,0.0,149913.600,828935920.400,653062.200,0.0,0.0,16671.400,25255.0,1.800,0.200,0.400,5676650496.0,189321216.0,1.47321888768e+11,15592333312.0,0.0,0.0,0.0,149913.600,16666.600,25252.0,1.094,2.399,96.160,0.060,0.0,0.287,1493157802.604,
1.140,2.241,96.291,0.025,0.0,0.303,0.0,117964.800,892023690.200,725137.400,0.0,0.0,18129.0,26529.600,1.200,0.200,0.0,5688766464.0,189345792.0,1.4732214272e+11,15579938816.0,0.0,0.0,0.0,125337.600,18130.200,26529.400,1.140,2.240,96.291,0.025,0.0,0.303,1493157807.604,
1.301,1.875,96.406,0.020,0.0,0.398,0.0,135168.0,1014128256.400,839920.200,0.0,0.0,20013.600,31429.0,1.800,0.200,0.600,5683187712.0,189370368.0,1.47322413056e+11,15585222656.0,0.0,0.0,0.0,127795.200,20011.200,31423.400,1.296,1.875,96.410,0.020,0.0,0.398,1493157812.604,
1.236,2.421,95.995,0.040,0.0,0.308,0.0,109772.800,931052755.600,778973.400,0.0,0.0,20709.400,27718.800,1.600,0.200,0.400,5686333440.0,189390848.0,1.47322671104e+11,15581798400.0,0.0,0.0,0.0,116326.400,20702.800,27719.800,1.236,2.426,95.990,0.040,0.0,0.308,1493157817.604,
0.969,2.744,96.009,0.061,0.0,0.217,0.0,121241.600,708262795.600,612406.200,0.0,0.0,15594.400,22830.0,1.400,0.200,0.0,5692768256.0,189403136.0,1.47322912768e+11,15575109632.0,0.0,0.0,0.0,114688.0,15593.200,22825.400,0.969,2.740,96.014,0.061,0.0,0.217,1493157822.604,
0.841,3.003,95.869,0.050,0.0,0.237,0.0,105676.800,641332261.800,469219.600,0.0,0.0,14100.200,19685.600,2.0,0.200,0.400,5667459072.0,189407232.0,1.47323138048e+11,15600189440.0,0.0,0.0,0.0,105676.800,14110.600,19702.600,0.841,3.007,95.865,0.050,0.0,0.237,1493157827.604,
0.770,3.183,95.735,0.101,0.0,0.212,0.0,114688.0,614307940.0,413893.800,0.0,0.0,13107.800,18248.600,2.0,0.200,0.0,5675233280.0,189423616.0,1.47323363328e+11,15592173568.0,0.0,0.0,0.0,114688.0,13098.400,18232.600,0.770,3.183,95.735,0.101,0.0,0.212,1493157832.604,
0.962,2.588,96.057,0.050,0.0,0.342,0.0,106496.0,719997775.600,593911.0,0.0,0.0,15702.200,22448.0,3.600,0.200,0.400,5649539072.0,189440000.0,1.4732357632e+11,15617638400.0,0.0,0.0,0.0,117964.800,15714.800,22462.800,0.967,2.583,96.057,0.050,0.0,0.342,1493157837.604,
1.423,2.028,95.974,0.050,0.0,0.525,0.0,120422.400,1053540412.200,938002.800,0.0,0.0,24647.400,30975.600,2.400,0.200,0.0,5698019328.0,189476864.0,1.47323809792e+11,15568887808.0,0.0,0.0,0.0,108953.600,24638.200,30963.200,1.423,2.033,95.969,0.050,0.0,0.525,1493157842.604,
1.363,2.075,96.117,0.050,0.0,0.394,0.0,135168.0,1016220902.800,823794.400,0.0,0.0,20603.600,28945.400,1.600,0.200,0.400,5692710912.0,189476864.0,1.4732408832e+11,15573917696.0,0.0,0.0,0.0,135168.0,20602.600,28951.400,1.359,2.071,96.126,0.051,0.0,0.394,1493157847.604,
1.574,1.776,96.185,0.096,0.0,0.368,0.0,122060.800,1128890957.0,912655.600,0.0,0.0,21735.400,33134.200,2.0,0.200,0.400,5684940800.0,189497344.0,1.47324370944e+11,15581384704.0,0.0,0.0,0.0,122060.800,21741.0,33142.800,1.579,1.781,96.176,0.096,0.0,0.368,1493157852.604,
1.504,1.782,96.215,0.076,0.0,0.424,0.0,125337.600,1120357641.200,954214.200,0.0,0.0,22030.200,33719.600,2.600,0.200,0.0,5703811072.0,189505536.0,1.47324649472e+11,15562227712.0,0.0,0.0,0.0,125337.600,22024.0,33698.400,1.504,1.777,96.219,0.076,0.0,0.424,1493157857.604,
1.267,2.367,96.014,0.066,0.0,0.288,0.0,2904064.0,878835142.0,740320.400,0.0,0.0,18430.400,26760.400,2.0,0.0,0.0,5694771200.0,189550592.0,1.47322445824e+11,15573426176.0,0.0,0.0,0.0,2904064.0,18430.400,26765.0,1.261,2.371,96.009,0.066,0.0,0.293,1493157862.604,
1.301,2.033,96.303,0.040,0.0,0.323,0.0,107315.200,984132074.200,786010.0,0.0,0.0,19231.600,29386.600,2.200,0.200,0.0,5695471616.0,189566976.0,1.47322699776e+11,15572455424.0,0.0,0.0,0.0,107315.200,19228.800,29389.200,1.301,2.033,96.308,0.040,0.0,0.318,1493157867.604,
1.170,2.461,95.986,0.071,0.0,0.313,0.0,135168.0,851640139.600,657247.600,0.0,0.0,17330.400,24548.200,2.400,0.200,0.0,5702832128.0,189587456.0,1.47322957824e+11,15564816384.0,0.0,0.0,0.0,135168.0,17332.600,24545.800,1.175,2.460,95.982,0.071,0.0,0.313,1493157872.604,
0.983,2.509,96.181,0.076,0.0,0.252,0.0,104038.400,770570270.0,591730.400,0.0,0.0,15674.0,24373.0,1.400,0.200,0.0,5677457408.0,189599744.0,1.473231872e+11,15589949440.0,0.0,0.0,0.0,104038.400,15681.800,24383.0,0.983,2.505,96.185,0.076,0.0,0.252,1493157877.604,
1.487,1.804,96.160,0.010,0.0,0.539,0.0,113868.800,1126901702.800,930086.200,0.0,0.0,22800.600,33586.600,1.400,0.200,0.200,5694095360.0,189612032.0,1.47323449344e+11,15573037056.0,0.0,0.0,0.0,113868.800,22802.600,33588.0,1.486,1.809,96.155,0.010,0.0,0.539,1493157882.604,
1.378,1.736,96.442,0.056,0.0,0.389,0.0,120422.400,1103572248.600,904446.600,0.0,0.0,21770.200,33516.600,2.0,0.200,0.0,5716987904.0,189620224.0,1.47323731968e+11,15549853696.0,0.0,0.0,0.0,120422.400,21766.0,33513.600,1.373,1.731,96.452,0.056,0.0,0.389,1493157887.604,
1.125,2.441,96.056,0.050,0.0,0.328,0.0,104857.600,882099309.400,769347.0,0.0,0.0,19245.0,26819.800,1.400,0.200,0.0,5703761920.0,189628416.0,1.47323994112e+11,15562809344.0,0.0,0.0,0.0,104857.600,19249.800,26816.800,1.130,2.446,96.041,0.050,0.0,0.333,1493157892.604,
0.881,2.758,96.089,0.045,0.0,0.226,0.0,106496.0,655622984.200,456549.0,0.0,0.0,13658.0,19303.200,1.600,0.200,0.0,5676650496.0,189644800.0,1.47324215296e+11,15589683200.0,0.0,0.0,0.0,106496.0,13654.200,19312.800,0.881,2.753,96.099,0.045,0.0,0.221,1493157897.604,
1.178,2.206,96.208,0.045,0.0,0.363,0.0,103219.200,886764703.600,644431.0,0.0,0.0,17277.400,25655.600,1.800,0.200,0.0,5690830848.0,189657088.0,1.47324440576e+11,15575265280.0,0.0,0.0,0.0,103219.200,17268.600,25637.800,1.174,2.211,96.208,0.045,0.0,0.363,1493157902.604,
1.321,1.941,96.290,0.076,0.0,0.373,0.0,123699.200,986845663.600,770982.200,0.0,0.0,19385.0,28927.800,1.200,0.200,0.0,5684506624.0,189685760.0,1.47324694528e+11,15581306880.0,0.0,0.0,0.0,123699.200,19398.200,28937.0,1.320,1.940,96.291,0.076,0.0,0.373,1493157907.604,
1.231,2.442,95.908,0.050,0.0,0.368,0.0,112230.400,892967604.600,698881.400,0.0,0.0,18753.400,24443.0,1.800,0.200,0.0,5676032000.0,189698048.0,1.47324944384e+11,15589519360.0,0.0,0.0,0.0,112230.400,18753.600,24447.800,1.231,2.438,95.912,0.050,0.0,0.368,1493157912.604,
1.271,2.124,96.266,0.020,0.0,0.318,0.0,109772.800,969811336.0,786755.400,0.0,0.0,19210.0,29836.800,2.400,0.200,0.0,5694746624.0,189726720.0,1.47325206528e+11,15570513920.0,0.0,0.0,0.0,109772.800,19195.600,29819.400,1.272,2.129,96.261,0.020,0.0,0.318,1493157917.604,
1.135,2.138,96.349,0.045,0.0,0.333,0.0,109772.800,908370409.0,736641.400,0.0,0.0,18047.600,28252.800,1.400,0.200,0.0,5688233984.0,189759488.0,1.47325456384e+11,15576743936.0,0.0,0.0,0.0,109772.800,18055.600,28269.0,1.135,2.138,96.349,0.045,0.0,0.333,1493157922.604,
0.897,1.325,97.486,0.045,0.0,0.247,0.0,1540096.0,669466492.400,589188.600,0.0,0.0,14135.200,23244.0,1.0,0.200,1.400,5486559232.0,189784064.0,1.4732570624e+11,15778144256.0,0.0,0.0,0.0,1540096.0,14127.0,23225.800,0.897,1.325,97.486,0.045,0.0,0.247,1493157927.604,
