"Dstat 0.7.2 CSV output"
"Author:","Dag Wieers <dag@wieers.com>",,,,"URL:","http://dag.wieers.com/home-made/dstat/"
"Host:","client0.skyhook-2osds.skyhook-pg0.wisc.cloudlab.us",,,,"User:","jlefevre"
"Cmdline:","dstat -av --epoch --integer --noheaders --output 2osds.dstat-client0.log 5",,,,"Date:","25 Apr 2017 15:01:58 CDT"

"total cpu usage",,,,,,"dsk/total",,"net/total",,"paging",,"system",,"procs",,,"memory usage",,,,"paging",,"dsk/total",,"system",,"total cpu usage",,,,,,"epoch"
"usr","sys","idl","wai","hiq","siq","read","writ","recv","send","in","out","int","csw","run","blk","new","used","buff","cach","free","in","out","read","writ","int","csw","usr","sys","idl","wai","hiq","siq","epoch"


"Host:","client0.skyhook-2osds.skyhook-pg0.wisc.cloudlab.us",,,,"User:","jlefevre"
"Cmdline:","dstat -av --epoch --integer --noheaders --output 2osds.dstat-client0.log 5",,,,"Date:","25 Apr 2017 15:08:47 CDT"

"total cpu usage",,,,,,"dsk/total",,"net/total",,"paging",,"system",,"procs",,,"memory usage",,,,"paging",,"dsk/total",,"system",,"total cpu usage",,,,,,"epoch"
"usr","sys","idl","wai","hiq","siq","read","writ","recv","send","in","out","int","csw","run","blk","new","used","buff","cach","free","in","out","read","writ","int","csw","usr","sys","idl","wai","hiq","siq","epoch"
0.025,0.040,99.885,0.050,0.0,0.0,0.0,72089.600,47051.200,1858.0,0.0,0.0,1283.0,7204.0,0.0,0.0,0.0,5506080768.0,181567488.0,1.47328090112e+11,15764455424.0,0.0,0.0,0.0,72089.600,1283.0,7204.0,0.025,0.040,99.885,0.050,0.0,0.0,1493156202.604,
0.658,1.291,97.714,0.050,0.0,0.286,0.0,63078.400,465360511.600,391527.600,0.0,0.0,10738.800,17591.0,1.0,0.0,5.0,5653983232.0,181579776.0,1.47328172032e+11,15616458752.0,0.0,0.0,0.0,63078.400,10750.200,17608.600,0.658,1.291,97.714,0.050,0.0,0.286,1493156207.604,
1.002,2.518,96.026,0.091,0.0,0.363,0.0,102400.0,730736543.600,601707.600,0.0,0.0,15908.200,22122.600,1.600,0.0,0.0,5678006272.0,181592064.0,1.47328393216e+11,15592202240.0,0.0,0.0,0.0,102400.0,15896.800,22105.400,1.002,2.528,96.016,0.091,0.0,0.363,1493156212.604,
0.857,2.838,95.978,0.076,0.0,0.252,0.0,102400.0,679765058.800,534882.600,0.0,0.0,14680.800,21320.400,1.0,0.0,0.200,5674209280.0,181604352.0,1.47328618496e+11,15595761664.0,0.0,0.0,0.0,102400.0,14685.800,21326.800,0.857,2.828,95.988,0.076,0.0,0.252,1493156217.604,
0.770,3.075,95.833,0.091,0.0,0.231,0.0,102400.0,585535806.0,408523.0,0.0,0.0,13075.400,18026.200,2.200,0.0,0.0,5685747712.0,181624832.0,1.47328831488e+11,15583989760.0,0.0,0.0,0.0,102400.0,13073.200,18020.0,0.770,3.075,95.833,0.091,0.0,0.231,1493156222.604,
0.784,3.113,95.781,0.065,0.0,0.256,0.0,97484.800,614955053.600,408893.600,0.0,0.0,12926.200,19005.600,1.200,0.0,0.0,5683576832.0,181637120.0,1.47329032192e+11,15585947648.0,0.0,0.0,0.0,97484.800,12924.0,19005.400,0.784,3.112,95.782,0.065,0.0,0.256,1493156227.604,
0.912,2.520,96.261,0.086,0.0,0.222,0.0,102400.0,798117632.400,708882.400,0.0,0.0,17383.200,27032.600,1.600,0.0,0.0,5695496192.0,181661696.0,1.47329245184e+11,15573790720.0,0.0,0.0,0.0,102400.0,17387.800,27033.0,0.917,2.520,96.256,0.086,0.0,0.222,1493156232.604,
0.993,2.606,96.099,0.066,0.0,0.237,0.0,105676.800,750181880.800,590860.200,0.0,0.0,16291.800,23634.0,1.200,0.0,0.0,5675241472.0,181686272.0,1.4732947456e+11,15593791488.0,0.0,0.0,0.0,105676.800,16298.0,23646.400,0.988,2.601,96.108,0.066,0.0,0.237,1493156237.604,
1.241,1.675,96.796,0.015,0.0,0.272,0.0,116326.400,1135049227.0,1047989.400,0.0,0.0,22963.0,37304.200,0.200,0.0,0.0,5680689152.0,181702656.0,1.47329724416e+11,15588077568.0,0.0,0.0,0.0,116326.400,22961.600,37304.600,1.241,1.685,96.786,0.015,0.0,0.272,1493156242.604,
1.134,2.520,95.993,0.015,0.0,0.338,0.0,113868.800,880144834.400,760615.400,0.0,0.0,20123.0,26011.600,1.200,0.0,0.0,5690425344.0,181723136.0,1.47329998848e+11,15578046464.0,0.0,0.0,0.0,113868.800,20122.200,26002.600,1.134,2.511,96.002,0.015,0.0,0.338,1493156247.604,
0.846,2.890,96.023,0.020,0.0,0.221,0.0,106496.0,641700719.0,473104.400,0.0,0.0,13950.800,20400.200,1.400,0.0,0.200,5691117568.0,181735424.0,1.4733023232e+11,15577108480.0,0.0,0.0,0.0,106496.0,13943.400,20401.400,0.846,2.894,96.019,0.020,0.0,0.221,1493156252.604,
1.172,2.445,95.925,0.020,0.0,0.438,0.0,103219.200,834887918.800,671747.0,0.0,0.0,19028.0,24098.600,0.800,0.0,0.0,5690785792.0,181755904.0,1.47330449408e+11,15577202688.0,0.0,0.0,0.0,103219.200,19040.800,24108.400,1.172,2.445,95.925,0.020,0.0,0.438,1493156257.604,
1.644,1.978,95.994,0.010,0.0,0.374,0.0,111411.200,1184992325.600,1114454.0,0.0,0.0,26135.200,34296.600,2.200,0.0,0.0,5695844352.0,181768192.0,1.47330711552e+11,15571869696.0,0.0,0.0,0.0,111411.200,26132.800,34289.0,1.649,1.978,95.989,0.010,0.0,0.374,1493156262.604,
1.631,1.874,96.190,0.020,0.0,0.284,0.0,115507.200,1193305906.400,1160482.200,0.0,0.0,26459.0,35628.400,1.800,0.0,0.0,5713719296.0,181784576.0,1.47330977792e+11,15553712128.0,0.0,0.0,0.0,115507.200,26457.400,35638.200,1.631,1.874,96.186,0.020,0.0,0.289,1493156267.604,
1.542,1.866,96.177,0.020,0.0,0.394,0.0,119603.200,1202611769.200,1074051.400,0.0,0.0,25610.400,33759.400,1.600,0.0,0.0,5737619456.0,181813248.0,1.473312768e+11,15529484288.0,0.0,0.0,0.0,119603.200,25608.400,33759.0,1.537,1.861,96.192,0.020,0.0,0.389,1493156272.604,
1.358,1.550,96.708,0.061,0.0,0.323,0.0,131072.0,1194432474.800,1060039.0,0.0,0.0,23529.600,37628.800,1.0,0.0,0.0,5730705408.0,181841920.0,1.47331571712e+11,15536074752.0,0.0,0.0,0.0,131072.0,23528.800,37615.0,1.363,1.555,96.698,0.061,0.0,0.323,1493156277.604,
1.613,1.750,96.136,0.106,0.0,0.395,0.0,115507.200,1202675788.0,1124694.400,0.0,0.0,25599.400,36563.0,1.400,0.0,0.0,5713698816.0,181866496.0,1.4733182976e+11,15552798720.0,0.0,0.0,0.0,115507.200,25600.800,36572.0,1.609,1.745,96.145,0.106,0.0,0.395,1493156282.604,
1.473,1.762,96.350,0.081,0.0,0.334,0.0,115507.200,1140127068.400,1004666.0,0.0,0.0,22476.0,32030.600,2.400,0.0,0.0,5722566656.0,181886976.0,1.47332100096e+11,15543640064.0,0.0,0.0,0.0,115507.200,22472.800,32022.800,1.483,1.767,96.335,0.081,0.0,0.334,1493156287.604,
1.371,2.058,96.207,0.086,0.0,0.278,0.0,113049.600,1066793825.200,979872.200,0.0,0.0,23651.200,32430.200,1.800,0.0,0.0,5720883200.0,181911552.0,1.4733236224e+11,15545036800.0,0.0,0.0,0.0,113049.600,23658.800,32443.0,1.365,2.063,96.202,0.086,0.0,0.283,1493156292.604,
1.565,1.712,96.279,0.071,0.0,0.374,0.0,114688.0,1191206557.200,1022289.600,0.0,0.0,23690.200,35914.200,1.800,0.0,0.0,5717336064.0,181923840.0,1.47332657152e+11,15548276736.0,0.0,0.0,0.0,114688.0,23690.0,35917.400,1.561,1.702,96.298,0.071,0.0,0.369,1493156297.604,
1.330,1.779,96.316,0.071,0.0,0.504,0.0,118784.0,1115189914.600,986719.200,0.0,0.0,22373.400,34066.600,2.200,0.0,0.0,5720436736.0,181944320.0,1.47332931584e+11,15544881152.0,0.0,0.0,0.0,118784.0,22364.600,34052.800,1.335,1.784,96.296,0.071,0.0,0.514,1493156302.604,
1.550,1.812,96.174,0.056,0.0,0.409,0.0,113049.600,1186019335.800,1004149.0,0.0,0.0,23687.400,34067.0,1.200,0.0,0.0,5721616384.0,181956608.0,1.47333210112e+11,15543410688.0,0.0,0.0,0.0,113049.600,23689.200,34068.600,1.545,1.808,96.193,0.056,0.0,0.399,1493156307.604,
1.491,1.632,96.296,0.061,0.0,0.520,0.0,126156.800,1199501675.200,1190217.0,0.0,0.0,26186.0,37431.600,1.600,0.0,0.200,5716377600.0,181985280.0,1.47333472256e+11,15548358656.0,0.0,0.0,0.0,126156.800,26190.0,37445.800,1.496,1.632,96.291,0.061,0.0,0.520,1493156312.604,
1.516,1.789,96.275,0.056,0.0,0.364,0.0,117964.800,1152950276.400,1018314.0,0.0,0.0,23799.800,33358.200,1.600,0.0,0.0,5720662016.0,182009856.0,1.4733377536e+11,15543746560.0,0.0,0.0,0.0,117964.800,23801.800,33345.0,1.516,1.789,96.275,0.056,0.0,0.364,1493156317.604,
1.562,1.947,96.045,0.122,0.0,0.325,0.0,3280076.800,1180644817.200,1135442.400,0.0,0.0,25721.400,34379.800,1.0,0.200,0.0,5741129728.0,182054912.0,1.47349467136e+11,15507542016.0,0.0,0.0,0.0,3280076.800,25721.400,34378.0,1.562,1.952,96.040,0.122,0.0,0.325,1493156322.604,
1.526,1.759,95.754,0.485,0.0,0.475,0.0,7054950.400,1165648190.800,1051075.400,0.0,0.0,24036.400,34730.800,1.800,0.200,0.0,5706174464.0,182153216.0,1.47320143872e+11,15571722240.0,0.0,0.0,0.0,7054950.400,24030.0,34732.600,1.526,1.754,95.759,0.485,0.0,0.475,1493156327.604,
1.493,1.776,96.281,0.076,0.0,0.374,0.0,111411.200,1137820183.400,975931.200,0.0,0.0,23142.600,31453.400,0.600,0.0,0.0,5708709888.0,182169600.0,1.4732040192e+11,15568912384.0,0.0,0.0,0.0,111411.200,23145.600,31459.400,1.488,1.786,96.276,0.076,0.0,0.374,1493156332.604,
1.467,1.857,96.256,0.086,0.0,0.334,0.0,115507.200,1157998022.200,1016463.200,0.0,0.0,23687.200,33281.200,1.800,0.0,0.0,5740797952.0,182206464.0,1.4732068864e+11,15536500736.0,0.0,0.0,0.0,115507.200,23681.800,33269.600,1.472,1.857,96.252,0.086,0.0,0.334,1493156337.604,
1.491,1.971,96.138,0.056,0.0,0.344,0.0,144998.400,1174254704.0,1040366.800,0.0,0.0,24656.800,34208.400,0.800,0.0,0.0,5717245952.0,182235136.0,1.47320958976e+11,15559753728.0,0.0,0.0,0.0,144998.400,24664.200,34218.200,1.491,1.961,96.148,0.056,0.0,0.344,1493156342.604,
1.594,1.882,96.059,0.061,0.0,0.405,0.0,149913.600,1186309886.600,1012873.800,0.0,0.0,24343.400,32458.800,1.400,0.0,0.0,5703217152.0,182263808.0,1.4732126208e+11,15573450752.0,0.0,0.0,0.0,149913.600,24340.600,32453.800,1.593,1.887,96.054,0.061,0.0,0.405,1493156347.604,
0.452,0.462,98.930,0.065,0.0,0.090,0.0,112230.400,340732224.600,295773.400,0.0,0.0,7470.200,15804.400,0.200,0.0,1.0,5505503232.0,182300672.0,1.47321499648e+11,15770890240.0,0.0,0.0,0.0,112230.400,7462.0,15795.600,0.452,0.457,98.935,0.065,0.0,0.090,1493156352.604,
