"Dstat 0.7.2 CSV output"
"Author:","Dag Wieers <dag@wieers.com>",,,,"URL:","http://dag.wieers.com/home-made/dstat/"
"Host:","client0.skyhook-2osds.skyhook-pg0.wisc.cloudlab.us",,,,"User:","jlefevre"
"Cmdline:","dstat -av --epoch --integer --noheaders --output 2osds.dstat-client0.log 5",,,,"Date:","25 Apr 2017 15:01:58 CDT"

"total cpu usage",,,,,,"dsk/total",,"net/total",,"paging",,"system",,"procs",,,"memory usage",,,,"paging",,"dsk/total",,"system",,"total cpu usage",,,,,,"epoch"
"usr","sys","idl","wai","hiq","siq","read","writ","recv","send","in","out","int","csw","run","blk","new","used","buff","cach","free","in","out","read","writ","int","csw","usr","sys","idl","wai","hiq","siq","epoch"


"Host:","client0.skyhook-2osds.skyhook-pg0.wisc.cloudlab.us",,,,"User:","jlefevre"
"Cmdline:","dstat -av --epoch --integer --noheaders --output 2osds.dstat-client0.log 5",,,,"Date:","25 Apr 2017 15:08:47 CDT"

"total cpu usage",,,,,,"dsk/total",,"net/total",,"paging",,"system",,"procs",,,"memory usage",,,,"paging",,"dsk/total",,"system",,"total cpu usage",,,,,,"epoch"
"usr","sys","idl","wai","hiq","siq","read","writ","recv","send","in","out","int","csw","run","blk","new","used","buff","cach","free","in","out","read","writ","int","csw","usr","sys","idl","wai","hiq","siq","epoch"
0.080,0.050,99.845,0.020,0.0,0.005,0.0,12288.0,44535.0,4407.0,0.0,0.0,1187.800,7344.800,0.200,0.0,0.600,5489086464.0,183758848.0,1.47329327104e+11,15778021376.0,0.0,0.0,0.0,12288.0,1187.400,7342.800,0.080,0.050,99.845,0.020,0.0,0.005,1493156647.604,
0.060,0.040,99.885,0.015,0.0,0.0,0.0,11468.800,47724.400,10916.200,0.0,0.0,1209.400,7645.400,0.400,0.0,5.200,5490524160.0,183767040.0,1.47329327104e+11,15776575488.0,0.0,0.0,0.0,11468.800,1209.400,7645.400,0.060,0.040,99.885,0.015,0.0,0.0,1493156652.604,
0.080,0.065,99.824,0.025,0.0,0.005,0.0,100761.600,84375.600,39635.200,0.0,0.0,1594.800,8666.200,0.0,0.0,0.0,5490278400.0,183808000.0,1.47329490944e+11,15776616448.0,0.0,0.0,0.0,100761.600,1595.0,8667.400,0.080,0.060,99.829,0.025,0.0,0.005,1493156657.604,
0.125,0.070,99.734,0.070,0.0,0.0,0.0,4086988.800,91797.0,38962.800,0.0,0.0,1619.0,8619.400,0.600,0.200,0.0,5488644096.0,183877632.0,1.47318964224e+11,15788707840.0,0.0,0.0,0.0,4086988.800,1620.200,8621.600,0.125,0.075,99.729,0.070,0.0,0.0,1493156662.604,
0.070,0.065,99.845,0.015,0.0,0.005,0.0,108134.400,91776.200,40226.600,0.0,0.0,1571.400,8444.200,0.0,0.0,0.0,5488496640.0,183902208.0,1.47319218176e+11,15788576768.0,0.0,0.0,0.0,108134.400,1570.0,8440.800,0.070,0.065,99.845,0.015,0.0,0.005,1493156667.604,
0.055,0.045,99.880,0.015,0.0,0.005,0.0,144998.400,92578.0,41415.800,0.0,0.0,1572.0,8451.800,0.0,0.0,0.0,5487939584.0,183939072.0,1.47319484416e+11,15788830720.0,0.0,0.0,0.0,144998.400,1572.400,8456.200,0.055,0.045,99.880,0.015,0.0,0.005,1493156672.604,
0.090,0.070,99.804,0.030,0.0,0.005,0.0,122060.800,92719.800,40921.600,0.0,0.0,1619.800,8454.400,0.600,0.0,0.400,5488181248.0,183992320.0,1.47319742464e+11,15788277760.0,0.0,0.0,0.0,122060.800,1619.400,8450.0,0.090,0.070,99.804,0.030,0.0,0.005,1493156677.604,
0.060,0.040,99.870,0.015,0.0,0.015,0.0,124518.400,93153.600,40484.600,0.0,0.0,1587.0,8651.0,0.400,0.0,0.0,5488267264.0,184016896.0,1.47320025088e+11,15787884544.0,0.0,0.0,0.0,124518.400,1587.0,8651.0,0.060,0.035,99.875,0.015,0.0,0.015,1493156682.604,
0.080,0.060,99.845,0.015,0.0,0.0,0.0,117145.600,91492.800,40240.0,0.0,0.0,1607.800,8640.400,0.0,0.0,0.0,5487804416.0,184049664.0,1.47320262656e+11,15788077056.0,0.0,0.0,0.0,117145.600,1608.200,8642.200,0.080,0.060,99.845,0.015,0.0,0.0,1493156687.604,
0.070,0.060,99.850,0.015,0.0,0.005,0.0,123699.200,92169.400,39861.400,0.0,0.0,1585.400,8692.200,0.200,0.0,0.400,5487173632.0,184070144.0,1.47320537088e+11,15788412928.0,0.0,0.0,0.0,123699.200,1585.0,8690.400,0.070,0.065,99.845,0.015,0.0,0.005,1493156692.604,
0.060,0.070,99.845,0.020,0.0,0.005,0.0,126156.800,92591.800,39795.0,0.0,0.0,1572.400,8503.0,0.200,0.0,0.400,5487071232.0,184098816.0,1.47320803328e+11,15788220416.0,0.0,0.0,0.0,126156.800,1572.400,8503.0,0.060,0.065,99.850,0.020,0.0,0.005,1493156697.604,
0.075,0.065,99.824,0.025,0.0,0.010,0.0,126976.0,92156.400,41919.800,0.0,0.0,1590.800,8165.800,0.0,0.0,0.0,5487505408.0,184135680.0,1.4732105728e+11,15787495424.0,0.0,0.0,0.0,126976.0,1590.800,8166.600,0.075,0.070,99.819,0.025,0.0,0.010,1493156702.604,
0.090,0.080,99.809,0.015,0.0,0.005,0.0,130252.800,93349.600,41487.600,0.0,0.0,1618.0,8354.600,0.400,0.0,0.400,5481140224.0,184160256.0,1.47321327616e+11,15793565696.0,0.0,0.0,0.0,130252.800,1618.0,8353.800,0.090,0.080,99.809,0.015,0.0,0.005,1493156707.604,
0.065,0.050,99.819,0.060,0.0,0.005,0.0,123699.200,92487.0,41522.0,0.0,0.0,1576.400,8507.400,0.0,0.0,0.0,5481668608.0,184205312.0,1.47321581568e+11,15792738304.0,0.0,0.0,0.0,123699.200,1576.400,8507.400,0.065,0.050,99.819,0.060,0.0,0.005,1493156712.604,
0.060,0.070,99.834,0.025,0.0,0.010,0.0,132710.400,92610.600,40692.400,0.0,0.0,1665.400,8533.200,0.0,0.0,0.400,5481713664.0,184233984.0,1.47321851904e+11,15792394240.0,0.0,0.0,0.0,132710.400,1665.800,8535.600,0.060,0.070,99.834,0.025,0.0,0.010,1493156717.604,
0.080,0.070,99.814,0.025,0.0,0.010,0.0,1132134.400,92860.800,41725.200,0.0,0.0,2029.600,8297.200,0.200,0.0,0.0,5482164224.0,184270848.0,1.47321970688e+11,15791788032.0,0.0,0.0,0.0,1132134.400,2029.200,8294.800,0.080,0.070,99.814,0.025,0.0,0.010,1493156722.604,
0.070,0.045,99.855,0.025,0.0,0.005,0.0,121241.600,91509.400,38746.200,0.0,0.0,1561.800,8281.600,0.0,0.0,0.400,5476585472.0,184315904.0,1.4732224512e+11,15797047296.0,0.0,0.0,0.0,121241.600,1561.800,8281.600,0.070,0.045,99.855,0.025,0.0,0.005,1493156727.604,
0.070,0.080,99.840,0.005,0.0,0.005,0.0,141721.600,91949.200,40723.400,0.0,0.0,1605.200,8645.800,0.400,0.0,0.0,5476683776.0,184328192.0,1.47322507264e+11,15796674560.0,0.0,0.0,0.0,141721.600,1605.200,8646.200,0.070,0.080,99.840,0.005,0.0,0.005,1493156732.604,
0.075,0.080,99.835,0.010,0.0,0.0,0.0,129433.600,93478.0,41083.200,0.0,0.0,1658.600,8491.0,1.0,0.0,0.400,5476610048.0,184369152.0,1.47322769408e+11,15796445184.0,0.0,0.0,0.0,129433.600,1658.600,8490.600,0.075,0.080,99.835,0.010,0.0,0.0,1493156737.604,
0.070,0.060,99.855,0.010,0.0,0.005,0.0,131072.0,94390.800,41895.200,0.0,0.0,1584.400,8341.600,0.200,0.0,0.400,5476302848.0,184418304.0,1.4732304384e+11,15796428800.0,0.0,0.0,0.0,131072.0,1586.400,8348.400,0.070,0.060,99.855,0.010,0.0,0.005,1493156742.604,
0.090,0.050,99.835,0.020,0.0,0.005,0.0,115507.200,92314.400,40716.400,0.0,0.0,1582.600,8481.400,0.200,0.0,0.0,5476618240.0,184459264.0,1.47323301888e+11,15795814400.0,0.0,0.0,0.0,115507.200,1581.200,8476.400,0.090,0.045,99.840,0.020,0.0,0.005,1493156747.604,
0.075,0.055,99.855,0.015,0.0,0.0,0.0,125337.600,93226.600,41618.800,0.0,0.0,1591.200,8452.200,0.200,0.0,0.400,5477195776.0,184512512.0,1.47323584512e+11,15794900992.0,0.0,0.0,0.0,125337.600,1590.600,8450.400,0.075,0.060,99.850,0.015,0.0,0.0,1493156752.604,
0.070,0.065,99.850,0.005,0.0,0.010,0.0,117964.800,94294.0,41610.200,0.0,0.0,1627.0,8667.0,0.200,0.0,0.0,5477367808.0,184537088.0,1.47323846656e+11,15794442240.0,0.0,0.0,0.0,117964.800,1627.0,8667.200,0.070,0.060,99.855,0.005,0.0,0.010,1493156757.604,
0.080,0.055,99.850,0.015,0.0,0.0,0.0,124518.400,94146.600,40459.0,0.0,0.0,1688.800,8513.800,0.200,0.0,0.400,5477498880.0,184582144.0,1.4732412928e+11,15793983488.0,0.0,0.0,0.0,124518.400,1690.800,8519.600,0.080,0.065,99.840,0.015,0.0,0.0,1493156762.604,
0.085,0.045,99.855,0.010,0.0,0.005,0.0,128614.400,94137.800,41799.0,0.0,0.0,1829.800,8513.800,0.400,0.0,0.400,5477380096.0,184602624.0,1.4732439552e+11,15793815552.0,0.0,0.0,0.0,128614.400,1827.800,8508.200,0.085,0.040,99.860,0.010,0.0,0.005,1493156767.604,
0.090,0.060,99.819,0.025,0.0,0.005,0.0,120422.400,90576.200,38745.400,0.0,0.0,1539.400,8746.800,0.0,0.0,0.0,5477982208.0,184647680.0,1.47324653568e+11,15792910336.0,0.0,0.0,0.0,120422.400,1539.400,8746.400,0.090,0.060,99.819,0.025,0.0,0.005,1493156772.604,
0.085,0.090,99.825,0.0,0.0,0.0,0.0,126156.800,91167.200,40370.600,0.0,0.0,1598.200,8558.0,0.400,0.0,0.400,5478047744.0,184672256.0,1.47324919808e+11,15792553984.0,0.0,0.0,0.0,126156.800,1598.600,8559.800,0.085,0.090,99.825,0.0,0.0,0.0,1493156777.604,
0.060,0.045,99.865,0.025,0.0,0.005,0.0,126156.800,90779.0,38891.0,0.0,0.0,1574.400,8291.200,0.400,0.0,0.0,5478649856.0,184696832.0,1.47325181952e+11,15791665152.0,0.0,0.0,0.0,126156.800,1575.800,8293.800,0.060,0.045,99.865,0.025,0.0,0.005,1493156782.604,
0.080,0.055,99.860,0.0,0.0,0.005,0.0,122060.800,92644.200,41820.600,0.0,0.0,1563.200,8645.0,0.0,0.0,0.400,5478514688.0,184729600.0,1.4732544e+11,15791509504.0,0.0,0.0,0.0,122060.800,1561.400,8640.600,0.080,0.055,99.860,0.0,0.0,0.005,1493156787.604,
0.085,0.065,99.799,0.040,0.0,0.010,0.0,128614.400,93384.200,41172.0,0.0,0.0,1625.200,8680.400,0.400,0.0,0.600,5480927232.0,184778752.0,1.4732570624e+11,15788781568.0,0.0,0.0,0.0,128614.400,1625.800,8683.600,0.085,0.065,99.799,0.040,0.0,0.010,1493156792.604,
0.085,0.050,99.860,0.005,0.0,0.0,0.0,113049.600,92047.200,40781.600,0.0,0.0,1611.600,8406.800,1.0,0.0,0.0,5481553920.0,184832000.0,1.47325956096e+11,15787851776.0,0.0,0.0,0.0,113049.600,1611.0,8403.600,0.085,0.050,99.860,0.005,0.0,0.0,1493156797.604,
0.060,0.055,99.880,0.005,0.0,0.0,0.0,122880.0,71623.800,15081.400,0.0,0.0,1355.200,8008.200,0.0,0.0,1.400,5474103296.0,184889344.0,1.47326201856e+11,15794999296.0,0.0,0.0,0.0,122880.0,1355.200,8008.200,0.060,0.055,99.880,0.005,0.0,0.0,1493156802.604,
