"Dstat 0.7.2 CSV output"
"Author:","Dag Wieers <dag@wieers.com>",,,,"URL:","http://dag.wieers.com/home-made/dstat/"
"Host:","client0.skyhook-2osds.skyhook-pg0.wisc.cloudlab.us",,,,"User:","jlefevre"
"Cmdline:","dstat -av --epoch --integer --noheaders --output 2osds.dstat-client0.log 5",,,,"Date:","25 Apr 2017 15:01:58 CDT"

"total cpu usage",,,,,,"dsk/total",,"net/total",,"paging",,"system",,"procs",,,"memory usage",,,,"paging",,"dsk/total",,"system",,"total cpu usage",,,,,,"epoch"
"usr","sys","idl","wai","hiq","siq","read","writ","recv","send","in","out","int","csw","run","blk","new","used","buff","cach","free","in","out","read","writ","int","csw","usr","sys","idl","wai","hiq","siq","epoch"


"Host:","client0.skyhook-2osds.skyhook-pg0.wisc.cloudlab.us",,,,"User:","jlefevre"
"Cmdline:","dstat -av --epoch --integer --noheaders --output 2osds.dstat-client0.log 5",,,,"Date:","25 Apr 2017 15:08:47 CDT"

"total cpu usage",,,,,,"dsk/total",,"net/total",,"paging",,"system",,"procs",,,"memory usage",,,,"paging",,"dsk/total",,"system",,"total cpu usage",,,,,,"epoch"
"usr","sys","idl","wai","hiq","siq","read","writ","recv","send","in","out","int","csw","run","blk","new","used","buff","cach","free","in","out","read","writ","int","csw","usr","sys","idl","wai","hiq","siq","epoch"
0.085,0.055,99.850,0.010,0.0,0.0,0.0,15564.800,44797.800,4659.800,0.0,0.0,1044.400,7200.200,0.400,0.0,0.600,5490249728.0,193269760.0,1.47325775872e+11,15770898432.0,0.0,0.0,0.0,15564.800,1044.200,7190.200,0.085,0.055,99.850,0.010,0.0,0.0,1493158802.604,
0.095,0.055,99.835,0.010,0.0,0.005,0.0,14745.600,44114.800,5310.0,0.0,0.0,1059.200,7212.400,0.200,0.0,5.400,5494857728.0,193277952.0,1.47325775872e+11,15766282240.0,0.0,0.0,0.0,14745.600,1059.0,7212.400,0.095,0.055,99.835,0.010,0.0,0.005,1493158807.604,
0.623,4.092,95.009,0.035,0.0,0.241,0.0,75366.400,461515496.400,180488.200,0.0,0.0,9413.600,12047.200,1.600,0.0,0.0,5639217152.0,193220608.0,1.47320541184e+11,15627214848.0,0.0,0.0,0.0,75366.400,9419.0,12056.800,0.628,4.093,95.003,0.035,0.0,0.241,1493158812.604,
0.552,3.690,95.431,0.040,0.0,0.286,0.0,91750.400,459277202.600,155293.400,0.0,0.0,8941.800,11709.200,2.200,0.0,0.200,5641707520.0,193224704.0,1.473207296e+11,15624531968.0,0.0,0.0,0.0,91750.400,8936.800,11703.800,0.552,3.695,95.426,0.040,0.0,0.286,1493158817.604,
0.622,3.544,95.517,0.065,0.0,0.251,0.0,104857.600,505530868.0,206724.600,0.0,0.0,9827.200,13229.600,1.800,0.0,0.200,5655080960.0,193245184.0,1.47320918016e+11,15610949632.0,0.0,0.0,0.0,104857.600,9827.400,13225.600,0.618,3.540,95.527,0.065,0.0,0.251,1493158822.604,
0.648,3.485,95.601,0.050,0.0,0.216,0.0,106496.0,501313308.200,231192.600,0.0,0.0,10045.400,14215.600,1.600,0.0,0.200,5653487616.0,193277952.0,1.47321114624e+11,15612313600.0,0.0,0.0,0.0,106496.0,10047.600,14218.400,0.648,3.489,95.597,0.050,0.0,0.216,1493158827.604,
0.663,3.509,95.542,0.030,0.0,0.256,0.0,102400.0,508661051.400,229505.400,0.0,0.0,10520.800,13949.0,2.0,0.0,0.200,5658443776.0,193290240.0,1.4732130304e+11,15607156736.0,0.0,0.0,0.0,102400.0,10530.0,13956.0,0.668,3.504,95.542,0.030,0.0,0.256,1493158832.604,
0.748,3.575,95.405,0.030,0.0,0.241,0.0,104038.400,548585335.200,277548.600,0.0,0.0,11137.400,15064.400,2.400,0.0,0.0,5653745664.0,193306624.0,1.47321499648e+11,15611641856.0,0.0,0.0,0.0,104038.400,11127.400,15055.400,0.743,3.576,95.410,0.030,0.0,0.241,1493158837.604,
0.718,3.412,95.509,0.100,0.0,0.261,0.0,99942.400,557741398.800,309958.600,0.0,0.0,11414.400,16527.800,1.800,0.0,0.0,5657161728.0,193318912.0,1.47321688064e+11,15608025088.0,0.0,0.0,0.0,99942.400,11414.200,16544.600,0.718,3.412,95.509,0.100,0.0,0.261,1493158842.604,
0.728,3.255,95.655,0.050,0.0,0.311,0.0,99123.200,592994373.200,355457.800,0.0,0.0,12169.800,17963.0,2.0,0.0,0.0,5671288832.0,193327104.0,1.4732189696e+11,15593680896.0,0.0,0.0,0.0,99123.200,12173.400,17949.0,0.728,3.260,95.650,0.050,0.0,0.311,1493158847.604,
0.831,3.001,95.877,0.096,0.0,0.196,0.0,100761.600,655654046.400,485118.0,0.0,0.0,14107.200,20827.0,1.400,0.0,0.0,5676068864.0,193355776.0,1.4732210176e+11,15588667392.0,0.0,0.0,0.0,100761.600,14109.600,20829.800,0.841,2.996,95.872,0.096,0.0,0.196,1493158852.604,
0.754,3.572,95.302,0.075,0.0,0.296,0.0,100761.600,548673007.200,247306.0,0.0,0.0,11059.400,13954.600,2.0,0.0,0.0,5669576704.0,193372160.0,1.47322322944e+11,15594921984.0,0.0,0.0,0.0,100761.600,11057.200,13954.800,0.744,3.577,95.307,0.075,0.0,0.296,1493158857.604,
0.731,3.477,95.196,0.090,0.0,0.506,0.0,104038.400,585301620.0,312084.200,0.0,0.0,11900.600,16786.200,2.200,0.0,0.0,5651836928.0,193409024.0,1.47322519552e+11,15612428288.0,0.0,0.0,0.0,104038.400,11906.800,16794.400,0.741,3.467,95.195,0.090,0.0,0.506,1493158862.604,
0.839,3.343,95.461,0.080,0.0,0.276,0.0,108953.600,623404518.800,380453.800,0.0,0.0,29914.0,18315.400,2.400,0.0,0.0,5667831808.0,193425408.0,1.47322724352e+11,15596212224.0,0.0,0.0,0.0,108953.600,29905.600,18301.200,0.829,3.347,95.461,0.080,0.0,0.281,1493158867.604,
0.799,2.828,95.952,0.090,0.0,0.331,0.0,108134.400,577854438.400,381890.600,0.0,0.0,11738.800,17884.800,1.600,0.0,0.0,5667692544.0,193441792.0,1.4732294144e+11,15596118016.0,0.0,0.0,0.0,108134.400,11744.800,17911.400,0.804,2.823,95.956,0.090,0.0,0.327,1493158872.604,
1.010,2.457,96.026,0.090,0.0,0.417,0.0,100761.600,704343206.800,532416.0,0.0,0.0,14289.400,22846.400,1.600,0.0,0.0,5663846400.0,193462272.0,1.4732314624e+11,15599738880.0,0.0,0.0,0.0,100761.600,14286.800,22819.800,1.005,2.461,96.027,0.090,0.0,0.417,1493158877.604,
0.857,2.752,96.135,0.091,0.0,0.166,0.0,105676.800,723222317.0,602945.0,0.0,0.0,15672.400,23461.800,1.800,0.0,0.0,5667663872.0,193482752.0,1.47323387904e+11,15595659264.0,0.0,0.0,0.0,105676.800,15676.0,23475.600,0.857,2.747,96.139,0.091,0.0,0.166,1493158882.604,
0.820,2.938,95.910,0.086,0.0,0.246,0.0,102400.0,633154395.400,478099.800,0.0,0.0,13526.200,20122.800,1.800,0.0,0.0,5678256128.0,193499136.0,1.47323600896e+11,15584837632.0,0.0,0.0,0.0,102400.0,13524.200,20143.600,0.820,2.938,95.910,0.086,0.0,0.246,1493158887.604,
0.750,3.114,95.196,0.085,0.0,0.855,0.0,99942.400,626556539.200,398789.0,0.0,0.0,12985.200,18942.0,1.400,0.0,0.0,5660868608.0,193507328.0,1.47323813888e+11,15602003968.0,0.0,0.0,0.0,99942.400,12987.400,18927.800,0.750,3.119,95.191,0.085,0.0,0.855,1493158892.604,
0.714,3.287,95.010,0.090,0.0,0.899,0.0,102400.0,606629326.0,356533.0,0.0,0.0,12467.800,17778.800,1.400,0.0,0.0,5674582016.0,193540096.0,1.4732402688e+11,15588044800.0,0.0,0.0,0.0,102400.0,12458.400,17763.400,0.714,3.287,95.009,0.090,0.0,0.899,1493158897.604,
0.824,2.991,95.858,0.075,0.0,0.251,0.0,108134.400,631022710.0,419350.200,0.0,0.0,12817.400,19956.400,2.0,0.0,0.0,5671862272.0,193572864.0,1.47324239872e+11,15590518784.0,0.0,0.0,0.0,108134.400,12816.800,19967.400,0.829,2.995,95.849,0.075,0.0,0.251,1493158902.604,
0.910,2.624,96.154,0.096,0.0,0.216,0.0,111411.200,734469713.600,596172.800,0.0,0.0,15105.600,25733.800,1.800,0.0,0.0,5666627584.0,193601536.0,1.47324452864e+11,15595511808.0,0.0,0.0,0.0,111411.200,15105.400,25719.400,0.905,2.624,96.159,0.096,0.0,0.216,1493158907.604,
0.976,2.883,95.763,0.086,0.0,0.292,0.0,113049.600,663180610.800,486604.400,0.0,0.0,13878.0,20466.0,1.200,0.0,0.0,5678657536.0,193622016.0,1.47324690432e+11,15583223808.0,0.0,0.0,0.0,113049.600,13877.800,20464.0,0.976,2.878,95.768,0.086,0.0,0.292,1493158912.604,
0.851,3.164,95.678,0.101,0.0,0.207,0.0,109772.800,558890007.600,384948.800,0.0,0.0,13702.0,16724.800,1.400,0.0,0.0,5669400576.0,193642496.0,1.4732488704e+11,15592263680.0,0.0,0.0,0.0,109772.800,13703.200,16728.400,0.851,3.159,95.683,0.101,0.0,0.207,1493158917.604,
0.885,3.014,95.779,0.075,0.0,0.247,0.0,108134.400,637273550.0,422237.200,0.0,0.0,13053.400,19261.0,2.200,0.0,0.0,5668724736.0,193662976.0,1.4732509184e+11,15592714240.0,0.0,0.0,0.0,108134.400,13052.200,19257.0,0.885,3.023,95.769,0.075,0.0,0.246,1493158922.604,
0.733,3.293,95.542,0.095,0.0,0.336,0.0,113049.600,608064038.400,374290.800,0.0,0.0,12420.200,18007.400,2.0,0.0,0.0,5668884480.0,193679360.0,1.47325304832e+11,15592325120.0,0.0,0.0,0.0,113049.600,12420.200,18007.600,0.733,3.288,95.547,0.095,0.0,0.336,1493158927.604,
0.850,2.800,95.963,0.085,0.0,0.302,0.0,107315.200,654531023.400,447152.800,0.0,0.0,13182.0,19904.800,2.0,0.0,0.0,5680963584.0,193720320.0,1.47325513728e+11,15579996160.0,0.0,0.0,0.0,107315.200,13183.0,19910.200,0.850,2.805,95.958,0.085,0.0,0.302,1493158932.604,
0.937,2.613,96.103,0.101,0.0,0.247,0.0,111411.200,694585818.200,521678.0,0.0,0.0,14421.600,21813.200,3.0,0.0,0.0,5668028416.0,193740800.0,1.47325739008e+11,15592685568.0,0.0,0.0,0.0,111411.200,14422.800,21807.600,0.937,2.608,96.108,0.101,0.0,0.247,1493158937.604,
0.834,2.966,95.888,0.065,0.0,0.246,0.0,104038.400,648317753.600,443868.400,0.0,0.0,13274.400,20169.600,1.600,0.0,0.0,5660307456.0,193765376.0,1.47325943808e+11,15600177152.0,0.0,0.0,0.0,104038.400,13274.400,20174.600,0.839,2.966,95.883,0.065,0.0,0.246,1493158942.604,
0.743,2.847,95.927,0.065,0.0,0.417,0.0,117964.800,633216336.600,445953.400,0.0,0.0,13192.600,20433.0,2.400,0.0,0.0,5662834688.0,193794048.0,1.47326181376e+11,15597383680.0,0.0,0.0,0.0,117964.800,13194.600,20434.400,0.738,2.843,95.937,0.065,0.0,0.417,1493158947.604,
0.785,3.229,95.690,0.050,0.0,0.246,0.0,101580.800,596749965.800,373650.200,0.0,0.0,12645.200,17455.0,1.800,0.0,0.0,5675245568.0,193822720.0,1.47326373888e+11,15584751616.0,0.0,0.0,0.0,101580.800,12645.800,17459.0,0.785,3.239,95.680,0.050,0.0,0.246,1493158952.604,
0.935,3.088,95.624,0.091,0.0,0.262,0.0,105676.800,619364216.400,416691.600,0.0,0.0,13024.400,18421.600,1.800,0.0,0.200,5665054720.0,193851392.0,1.47326582784e+11,15594704896.0,0.0,0.0,0.0,105676.800,13029.600,18426.200,0.936,3.083,95.629,0.091,0.0,0.262,1493158957.604,
0.805,2.813,96.055,0.050,0.0,0.277,0.0,108953.600,603260343.400,409201.400,0.0,0.0,13159.200,18531.400,2.0,0.0,0.0,5677371392.0,193867776.0,1.4732679168e+11,15582162944.0,0.0,0.0,0.0,108953.600,13152.200,18522.600,0.810,2.813,96.050,0.050,0.0,0.277,1493158962.604,
0.946,2.652,96.070,0.045,0.0,0.287,0.0,104038.400,682699392.0,455345.200,0.0,0.0,13656.200,20313.200,1.400,0.0,0.0,5675724800.0,193900544.0,1.4732701696e+11,15583551488.0,0.0,0.0,0.0,104038.400,13663.0,20312.800,0.941,2.647,96.080,0.045,0.0,0.287,1493158967.604,
1.016,2.681,96.001,0.030,0.0,0.272,0.0,108134.400,721392479.200,529863.200,0.0,0.0,14702.400,22429.200,1.800,0.0,0.0,5661548544.0,193908736.0,1.47327238144e+11,15597498368.0,0.0,0.0,0.0,108134.400,14702.400,22437.400,1.021,2.686,95.992,0.030,0.0,0.272,1493158972.604,
1.340,2.272,96.005,0.015,0.0,0.368,0.0,113049.600,838141533.600,670759.0,0.0,0.0,16898.0,26146.600,1.400,0.0,0.0,5673394176.0,193929216.0,1.47327475712e+11,15585394688.0,0.0,0.0,0.0,113049.600,16897.200,26142.600,1.335,2.272,96.009,0.015,0.0,0.368,1493158977.604,
1.093,2.604,95.955,0.060,0.0,0.287,0.0,109772.800,763971779.600,626099.200,0.0,0.0,16169.600,24482.400,2.800,0.0,0.0,5688111104.0,193945600.0,1.47327725568e+11,15570411520.0,0.0,0.0,0.0,109772.800,16166.600,24472.400,1.098,2.604,95.951,0.060,0.0,0.287,1493158982.604,
1.144,2.621,95.902,0.071,0.0,0.262,0.0,108134.400,779157454.800,603285.400,0.0,0.0,15936.400,22956.800,1.600,0.0,0.0,5668769792.0,193953792.0,1.47327954944e+11,15589515264.0,0.0,0.0,0.0,108134.400,15940.400,22976.800,1.139,2.621,95.907,0.071,0.0,0.262,1493158987.604,
1.023,2.438,95.872,0.070,0.0,0.597,0.0,114688.0,791344968.800,603017.800,0.0,0.0,15724.400,24588.0,1.600,0.0,0.0,5687496704.0,193974272.0,1.47328200704e+11,15570522112.0,0.0,0.0,0.0,114688.0,15717.400,24577.800,1.023,2.438,95.872,0.070,0.0,0.597,1493158992.604,
1.006,2.595,96.022,0.086,0.0,0.292,0.0,115507.200,752344706.0,535381.0,0.0,0.0,14882.800,21983.400,2.200,0.0,0.0,5691195392.0,193994752.0,1.47328434176e+11,15566569472.0,0.0,0.0,0.0,115507.200,14888.600,21980.200,1.006,2.595,96.016,0.086,0.0,0.297,1493158997.604,
1.208,2.553,95.590,0.287,0.0,0.363,0.0,6791168.0,755598796.400,571023.400,0.0,0.0,16253.600,22199.400,1.800,0.200,0.0,5675941888.0,194027520.0,1.47331506176e+11,15578718208.0,0.0,0.0,0.0,6791168.0,16246.200,22193.400,1.208,2.553,95.594,0.287,0.0,0.357,1493159002.604,
0.754,3.042,95.831,0.091,0.0,0.282,0.0,118784.0,522015857.600,306911.400,0.0,0.0,11098.0,14897.800,1.400,0.0,0.0,5674463232.0,194060288.0,1.47314823168e+11,15596847104.0,0.0,0.0,0.0,118784.0,11108.0,14901.400,0.754,3.042,95.831,0.091,0.0,0.282,1493159007.604,
0.853,2.914,95.712,0.065,0.0,0.456,0.0,97484.800,631150366.400,411121.0,0.0,0.0,12602.0,19420.400,2.600,0.0,0.200,5671649280.0,194084864.0,1.47315023872e+11,15599435776.0,0.0,0.0,0.0,97484.800,12591.800,19418.200,0.853,2.914,95.712,0.065,0.0,0.456,1493159012.604,
0.835,2.762,96.036,0.075,0.0,0.292,0.0,104038.400,688917596.200,521636.600,0.0,0.0,14186.800,22261.0,2.0,0.0,0.200,5676089344.0,194101248.0,1.47315245056e+11,15594758144.0,0.0,0.0,0.0,104038.400,14186.400,22259.600,0.835,2.756,96.041,0.075,0.0,0.292,1493159017.604,
0.940,2.724,95.954,0.045,0.0,0.337,0.0,134348.800,675933145.600,478123.600,0.0,0.0,13769.200,20952.800,2.0,0.0,0.400,5670027264.0,194117632.0,1.4731546624e+11,15600582656.0,0.0,0.0,0.0,134348.800,13770.400,20954.0,0.945,2.729,95.944,0.045,0.0,0.337,1493159022.604,
0.955,2.689,95.879,0.060,0.0,0.417,0.0,104857.600,686986385.200,517565.600,0.0,0.0,14020.800,22417.200,2.0,0.0,0.200,5678350336.0,194142208.0,1.47315683328e+11,15592017920.0,0.0,0.0,0.0,104857.600,14019.400,22417.0,0.955,2.694,95.869,0.060,0.0,0.422,1493159027.604,
0.880,2.852,95.976,0.030,0.0,0.262,0.0,105676.800,671882698.400,485122.200,0.0,0.0,14037.0,20477.200,1.400,0.0,0.200,5673709568.0,194154496.0,1.47315908608e+11,15596421120.0,0.0,0.0,0.0,105676.800,14046.200,20484.600,0.875,2.847,95.991,0.030,0.0,0.257,1493159032.604,
1.160,2.430,96.138,0.025,0.0,0.247,0.0,108134.400,823919097.600,722824.800,0.0,0.0,17739.800,26364.400,2.200,0.0,0.0,5684658176.0,194183168.0,1.4731614208e+11,15585210368.0,0.0,0.0,0.0,108134.400,17730.600,26359.0,1.160,2.425,96.143,0.025,0.0,0.247,1493159037.604,
0.025,0.050,99.870,0.050,0.0,0.005,0.0,95027.200,51836.800,2568.200,0.0,0.0,1055.800,7639.0,0.0,0.0,1.0,5490700288.0,194199552.0,1.47316289536e+11,15779004416.0,0.0,0.0,0.0,95027.200,1055.200,7635.400,0.030,0.055,99.860,0.050,0.0,0.005,1493159042.604,
