"Dstat 0.7.2 CSV output"
"Author:","Dag Wieers <dag@wieers.com>",,,,"URL:","http://dag.wieers.com/home-made/dstat/"
"Host:","osd0.skyhook-2osds.skyhook-pg0.wisc.cloudlab.us",,,,"User:","jlefevre"
"Cmdline:","dstat -av --epoch --integer --noheaders --output 2osds.dstat-osd0.log 5",,,,"Date:","25 Apr 2017 15:01:59 CDT"

"total cpu usage",,,,,,"dsk/total",,"net/total",,"paging",,"system",,"procs",,,"memory usage",,,,"paging",,"dsk/total",,"system",,"total cpu usage",,,,,,"epoch"
"usr","sys","idl","wai","hiq","siq","read","writ","recv","send","in","out","int","csw","run","blk","new","used","buff","cach","free","in","out","read","writ","int","csw","usr","sys","idl","wai","hiq","siq","epoch"


"Host:","osd0.skyhook-2osds.skyhook-pg0.wisc.cloudlab.us",,,,"User:","jlefevre"
"Cmdline:","dstat -av --epoch --integer --noheaders --output 2osds.dstat-osd0.log 5",,,,"Date:","25 Apr 2017 15:08:52 CDT"

"total cpu usage",,,,,,"dsk/total",,"net/total",,"paging",,"system",,"procs",,,"memory usage",,,,"paging",,"dsk/total",,"system",,"total cpu usage",,,,,,"epoch"
"usr","sys","idl","wai","hiq","siq","read","writ","recv","send","in","out","int","csw","run","blk","new","used","buff","cach","free","in","out","read","writ","int","csw","usr","sys","idl","wai","hiq","siq","epoch"
0.010,0.005,99.985,0.0,0.0,0.0,0.0,819.200,1914.600,20627.600,0.0,0.0,110.200,103.400,0.0,0.0,0.0,5130481664.0,1818624.0,70899335168.0,92748558336.0,0.0,0.0,0.0,819.200,110.0,103.400,0.010,0.0,99.990,0.0,0.0,0.0,1493161712.689,
0.180,0.455,99.335,0.005,0.0,0.025,0.0,2457.600,61650.0,146108739.800,0.0,0.0,2023.800,591.400,0.200,0.0,0.0,5289086976.0,1826816.0,70899335168.0,92589944832.0,0.0,0.0,0.0,2457.600,2023.600,591.400,0.185,0.455,99.330,0.005,0.0,0.025,1493161717.689,
0.255,0.781,98.949,0.0,0.0,0.015,0.0,0.0,105616.600,269430313.600,0.0,0.0,3604.400,905.0,0.400,0.0,0.0,5389660160.0,1826816.0,70899335168.0,92489371648.0,0.0,0.0,0.0,0.0,3604.400,905.0,0.250,0.781,98.954,0.0,0.0,0.015,1493161722.689,
0.245,0.721,99.009,0.005,0.0,0.020,0.0,3276.800,103260.400,275614817.800,0.0,0.0,4080.200,841.200,1.0,0.0,0.0,5374070784.0,1835008.0,70899335168.0,92504952832.0,0.0,0.0,0.0,3276.800,4084.400,841.400,0.245,0.721,99.008,0.005,0.0,0.020,1493161727.689,
0.305,0.866,98.819,0.0,0.0,0.010,0.0,0.0,131962.200,295620590.0,0.0,0.0,4510.0,928.800,0.400,0.0,0.0,5460467712.0,1835008.0,70899335168.0,92418555904.0,0.0,0.0,0.0,0.0,4510.800,929.0,0.310,0.871,98.809,0.0,0.0,0.010,1493161732.689,
0.245,0.745,99.004,0.0,0.0,0.005,0.0,2457.600,128180.0,271658271.400,0.0,0.0,4144.200,801.0,0.0,0.0,0.0,5360246784.0,1843200.0,70899335168.0,92518768640.0,0.0,0.0,0.0,2457.600,4139.200,800.600,0.240,0.741,99.014,0.0,0.0,0.005,1493161737.689,
0.210,0.655,99.129,0.0,0.0,0.005,0.0,0.0,107005.400,238755606.800,0.0,0.0,3662.0,739.200,0.200,0.0,0.0,5289037824.0,1843200.0,70899335168.0,92589977600.0,0.0,0.0,0.0,0.0,3667.800,740.0,0.215,0.655,99.124,0.0,0.0,0.005,1493161742.689,
0.290,0.831,98.869,0.0,0.0,0.010,0.0,3276.800,140602.0,280899995.400,0.0,0.0,4372.200,927.800,0.400,0.0,0.0,5420187648.0,1851392.0,70899335168.0,92458819584.0,0.0,0.0,0.0,3276.800,4368.600,927.400,0.285,0.831,98.874,0.0,0.0,0.010,1493161747.689,
0.245,0.761,98.979,0.005,0.0,0.010,0.0,2457.600,170796.0,291264266.400,0.0,0.0,4652.400,856.200,0.400,0.0,0.0,5290733568.0,1859584.0,70899335168.0,92588265472.0,0.0,0.0,0.0,2457.600,4655.400,856.600,0.250,0.761,98.974,0.005,0.0,0.010,1493161752.689,
0.240,0.711,99.029,0.0,0.0,0.020,0.0,0.0,126239.400,268814630.600,0.0,0.0,4108.800,789.800,0.0,0.0,0.0,5218021376.0,1859584.0,70899339264.0,92660973568.0,0.0,0.0,0.0,0.0,4103.600,789.0,0.235,0.711,99.034,0.0,0.0,0.020,1493161757.689,
0.245,0.746,99.004,0.005,0.0,0.0,0.0,2457.600,105576.200,275027698.200,0.0,0.0,4046.800,836.600,0.600,0.0,0.0,5149462528.0,1867776.0,70899339264.0,92729524224.0,0.0,0.0,0.0,2457.600,4046.800,836.600,0.245,0.746,99.004,0.005,0.0,0.0,1493161762.689,
0.265,0.776,98.954,0.0,0.0,0.005,0.0,0.0,78370.0,263581699.600,0.0,0.0,3692.800,830.800,0.400,0.0,0.0,5276848128.0,1867776.0,70899339264.0,92602138624.0,0.0,0.0,0.0,0.0,3692.800,830.800,0.265,0.776,98.954,0.0,0.0,0.005,1493161767.689,
0.230,0.671,99.074,0.005,0.0,0.020,0.0,2457.600,106965.600,261350985.200,0.0,0.0,3940.200,794.0,0.0,0.0,0.0,5188419584.0,1875968.0,70899339264.0,92690558976.0,0.0,0.0,0.0,2457.600,3940.200,794.0,0.230,0.671,99.074,0.005,0.0,0.020,1493161772.689,
0.315,0.876,98.804,0.0,0.0,0.005,0.0,0.0,111679.600,276986779.800,0.0,0.0,4061.600,907.0,1.0,0.0,0.0,5400932352.0,1875968.0,70899339264.0,92478046208.0,0.0,0.0,0.0,0.0,4064.600,907.200,0.315,0.881,98.799,0.0,0.0,0.005,1493161777.689,
0.270,0.746,98.954,0.005,0.0,0.025,0.0,4096.0,99930.0,282810413.600,0.0,0.0,3845.200,884.200,0.600,0.0,0.0,5388300288.0,1884160.0,70899339264.0,92490670080.0,0.0,0.0,0.0,4096.0,3843.800,885.0,0.270,0.741,98.959,0.005,0.0,0.025,1493161782.689,
0.205,0.595,99.179,0.0,0.0,0.020,0.0,4915.200,75012.600,225461787.0,0.0,0.0,2939.800,717.200,0.400,0.0,0.0,5375549440.0,1892352.0,70899339264.0,92503412736.0,0.0,0.0,0.0,4915.200,2945.400,716.800,0.210,0.595,99.175,0.0,0.0,0.020,1493161787.689,
0.245,0.656,99.094,0.0,0.0,0.005,0.0,0.0,112705.400,267796045.200,0.0,0.0,3753.200,772.400,0.200,0.0,0.0,5223763968.0,1892352.0,70899339264.0,92655198208.0,0.0,0.0,0.0,0.0,3746.0,771.800,0.240,0.661,99.094,0.0,0.0,0.005,1493161792.689,
0.200,0.615,99.180,0.005,0.0,0.0,0.0,2457.600,91989.200,223334612.400,0.0,0.0,3436.200,700.600,0.200,0.0,0.0,5167132672.0,1900544.0,70899339264.0,92711821312.0,0.0,0.0,0.0,2457.600,3441.800,701.0,0.200,0.610,99.185,0.005,0.0,0.0,1493161797.689,
0.265,0.730,98.974,0.0,0.0,0.030,0.0,2457.600,93737.200,253193154.400,0.0,0.0,3600.800,819.600,0.400,0.0,0.200,5250498560.0,1900544.0,70899339264.0,92628455424.0,0.0,0.0,0.0,2457.600,3596.0,819.200,0.270,0.730,98.969,0.0,0.0,0.030,1493161802.689,
0.255,0.660,99.064,0.010,0.0,0.010,0.0,2457.600,99283.200,235004032.200,0.0,0.0,3495.400,766.800,0.600,0.0,0.0,5318758400.0,1908736.0,70899339264.0,92560187392.0,0.0,0.0,0.0,2457.600,3494.600,766.800,0.255,0.665,99.059,0.010,0.0,0.010,1493161807.689,
0.260,0.816,98.914,0.0,0.0,0.010,0.0,0.0,129308.600,279685850.800,0.0,0.0,4307.0,891.400,0.600,0.0,0.200,5342179328.0,1908736.0,70899339264.0,92536766464.0,0.0,0.0,0.0,0.0,4307.0,891.400,0.260,0.811,98.919,0.0,0.0,0.010,1493161812.689,
0.240,0.726,99.029,0.005,0.0,0.0,0.0,3276.800,144296.800,270645617.0,0.0,0.0,4364.0,837.800,0.200,0.0,0.0,5314994176.0,1916928.0,70899339264.0,92563943424.0,0.0,0.0,0.0,3276.800,4364.0,837.800,0.235,0.726,99.034,0.005,0.0,0.0,1493161817.689,
0.260,0.776,98.934,0.010,0.0,0.020,0.0,2457.600,145703.600,294282495.600,0.0,0.0,4603.800,927.600,0.400,0.0,0.0,5302460416.0,1925120.0,70899339264.0,92576468992.0,0.0,0.0,0.0,2457.600,4603.800,927.600,0.260,0.776,98.934,0.010,0.0,0.020,1493161822.689,
0.240,0.781,98.934,0.030,0.0,0.015,58163.200,0.0,141235.0,275780363.0,0.0,0.0,4445.600,869.800,0.200,0.0,0.0,5298028544.0,2199552.0,70899367936.0,92580597760.0,0.0,0.0,58163.200,0.0,4445.600,871.0,0.245,0.781,98.929,0.030,0.0,0.015,1493161827.689,
0.230,0.736,98.984,0.040,0.0,0.010,18022.400,17203.200,172648.0,269279267.200,0.0,0.0,4675.400,835.200,0.200,0.0,0.600,5205495808.0,2215936.0,70899449856.0,92673032192.0,0.0,0.0,18022.400,17203.200,4676.200,834.0,0.230,0.736,98.984,0.040,0.0,0.010,1493161832.689,
0.260,0.726,99.009,0.0,0.0,0.005,0.0,0.0,141379.800,258923144.800,0.0,0.0,4402.800,839.600,0.200,0.0,0.0,5222678528.0,2215936.0,70899462144.0,92655837184.0,0.0,0.0,0.0,0.0,4403.800,839.600,0.260,0.726,99.009,0.0,0.0,0.005,1493161837.689,
0.290,0.825,98.864,0.005,0.0,0.015,0.0,2457.600,166858.600,276225205.200,0.0,0.0,4853.200,907.600,0.400,0.0,0.0,5306974208.0,2224128.0,70899462144.0,92571533312.0,0.0,0.0,0.0,2457.600,4851.800,907.600,0.285,0.826,98.869,0.005,0.0,0.015,1493161842.689,
0.295,0.796,98.904,0.0,0.0,0.005,0.0,0.0,185963.0,294896474.600,0.0,0.0,5220.400,896.400,0.0,0.0,0.0,5251162112.0,2224128.0,70899462144.0,92627345408.0,0.0,0.0,0.0,0.0,5220.0,896.400,0.300,0.796,98.899,0.0,0.0,0.005,1493161847.689,
0.255,0.695,99.039,0.005,0.0,0.005,0.0,4096.0,145894.600,262421274.800,0.0,0.0,4268.0,794.400,0.400,0.0,0.0,5172940800.0,2232320.0,70899462144.0,92705558528.0,0.0,0.0,0.0,4096.0,4268.0,794.400,0.250,0.701,99.039,0.005,0.0,0.005,1493161852.689,
0.150,0.435,99.410,0.0,0.0,0.005,0.0,4915.200,89666.0,170732474.400,0.0,0.0,2914.800,576.600,0.200,0.0,0.0,5144702976.0,2240512.0,70899462144.0,92733788160.0,0.0,0.0,0.0,4915.200,2914.800,576.600,0.155,0.430,99.410,0.0,0.0,0.005,1493161857.689,
0.260,0.831,98.899,0.0,0.0,0.010,0.0,0.0,188010.200,273708813.800,0.0,0.0,5017.600,928.800,0.400,0.0,0.0,5307793408.0,2240512.0,70899462144.0,92570697728.0,0.0,0.0,0.0,0.0,5017.600,928.800,0.255,0.831,98.904,0.0,0.0,0.010,1493161862.689,
0.260,0.801,98.924,0.0,0.0,0.015,0.0,11468.800,181899.800,295746275.400,0.0,0.0,5215.600,896.800,0.0,0.0,0.0,5307875328.0,2248704.0,70899462144.0,92570607616.0,0.0,0.0,0.0,11468.800,5215.600,896.800,0.265,0.801,98.919,0.0,0.0,0.015,1493161867.689,
0.220,0.640,99.124,0.0,0.0,0.015,0.0,2457.600,131595.0,260347390.600,0.0,0.0,4141.0,760.800,0.200,0.0,0.0,5166247936.0,2248704.0,70899462144.0,92712235008.0,0.0,0.0,0.0,2457.600,4144.600,761.0,0.215,0.645,99.124,0.0,0.0,0.015,1493161872.689,
0.260,0.806,98.924,0.0,0.0,0.010,0.0,2457.600,137646.0,283121357.600,0.0,0.0,4508.600,913.400,0.600,0.0,0.0,5264560128.0,2256896.0,70899462144.0,92613914624.0,0.0,0.0,0.0,2457.600,4509.800,914.600,0.265,0.801,98.924,0.0,0.0,0.010,1493161877.689,
0.260,0.706,99.024,0.0,0.0,0.010,0.0,0.0,101848.0,265734361.600,0.0,0.0,3873.200,851.0,0.400,0.0,0.0,5342195712.0,2256896.0,70899462144.0,92536279040.0,0.0,0.0,0.0,0.0,3871.400,850.0,0.260,0.706,99.024,0.0,0.0,0.010,1493161882.689,
0.215,0.591,99.179,0.0,0.0,0.015,0.0,3276.800,114965.400,252412966.200,0.0,0.0,3879.400,754.800,0.200,0.0,0.0,5195878400.0,2265088.0,70899462144.0,92682588160.0,0.0,0.0,0.0,3276.800,3879.0,754.600,0.210,0.591,99.184,0.0,0.0,0.015,1493161887.689,
0.220,0.641,99.134,0.0,0.0,0.005,0.0,2457.600,116309.400,243843933.800,0.0,0.0,3949.200,788.200,0.200,0.0,0.0,5223444480.0,2273280.0,70899462144.0,92655013888.0,0.0,0.0,0.0,2457.600,3947.400,788.400,0.225,0.645,99.125,0.0,0.0,0.005,1493161892.689,
0.280,0.796,98.919,0.0,0.0,0.005,0.0,0.0,154915.800,288841150.0,0.0,0.0,4827.600,904.600,0.800,0.0,0.0,5274996736.0,2273280.0,70899462144.0,92603461632.0,0.0,0.0,0.0,0.0,4827.400,904.200,0.275,0.796,98.923,0.0,0.0,0.005,1493161897.689,
0.290,0.936,98.758,0.005,0.0,0.010,0.0,2457.600,225501.0,341105356.800,0.0,0.0,6041.200,1015.400,0.200,0.0,0.0,5264236544.0,2281472.0,70899462144.0,92614213632.0,0.0,0.0,0.0,2457.600,6040.600,1015.400,0.295,0.931,98.759,0.005,0.0,0.010,1493161902.689,
0.290,0.821,98.874,0.0,0.0,0.015,0.0,0.0,151819.400,308837747.400,0.0,0.0,4840.600,911.400,0.600,0.0,0.0,5178273792.0,2281472.0,70899462144.0,92700176384.0,0.0,0.0,0.0,0.0,4844.400,911.800,0.285,0.821,98.879,0.0,0.0,0.015,1493161907.689,
0.250,0.781,98.949,0.010,0.0,0.010,0.0,2457.600,179226.0,283087180.0,0.0,0.0,5059.600,876.400,0.0,0.0,0.0,5165711360.0,2289664.0,70899462144.0,92712730624.0,0.0,0.0,0.0,2457.600,5055.800,876.0,0.250,0.781,98.949,0.010,0.0,0.010,1493161912.689,
0.270,0.711,98.999,0.0,0.0,0.020,0.0,0.0,171979.200,273807309.600,0.0,0.0,4945.800,855.0,0.600,0.0,0.0,5162295296.0,2289664.0,70899462144.0,92716146688.0,0.0,0.0,0.0,0.0,4950.400,855.200,0.270,0.711,98.999,0.0,0.0,0.020,1493161917.689,
0.225,0.651,99.109,0.005,0.0,0.010,0.0,4096.0,134937.600,240906830.0,0.0,0.0,4241.800,787.600,0.600,0.0,0.0,5190328320.0,2297856.0,70899466240.0,92688101376.0,0.0,0.0,0.0,4096.0,4242.400,787.600,0.225,0.651,99.109,0.005,0.0,0.010,1493161922.689,
0.310,0.906,98.769,0.0,0.0,0.015,0.0,4915.200,169760.0,291828726.0,0.0,0.0,4956.200,969.400,0.0,0.0,0.0,5363273728.0,2306048.0,70899466240.0,92515147776.0,0.0,0.0,0.0,4915.200,4951.0,969.200,0.315,0.906,98.764,0.0,0.0,0.015,1493161927.689,
0.285,0.756,98.949,0.0,0.0,0.010,0.0,0.0,142555.600,262976872.0,0.0,0.0,4069.200,861.0,0.400,0.0,0.0,5463605248.0,2306048.0,70899466240.0,92414816256.0,0.0,0.0,0.0,0.0,4070.0,861.0,0.280,0.761,98.949,0.0,0.0,0.010,1493161932.689,
0.270,0.786,98.929,0.0,0.0,0.015,0.0,2457.600,171205.400,283304148.600,0.0,0.0,4860.0,877.600,0.200,0.0,0.0,5461778432.0,2314240.0,70899466240.0,92416634880.0,0.0,0.0,0.0,2457.600,4859.200,877.600,0.275,0.781,98.929,0.0,0.0,0.015,1493161937.689,
0.305,0.881,98.803,0.0,0.0,0.010,0.0,2457.600,199323.600,325871622.400,0.0,0.0,5787.800,996.200,0.600,0.0,0.0,5448097792.0,2314240.0,70899466240.0,92430315520.0,0.0,0.0,0.0,2457.600,5790.600,996.600,0.300,0.881,98.808,0.0,0.0,0.010,1493161942.689,
0.270,0.866,98.844,0.0,0.0,0.020,0.0,2457.600,158442.200,303509899.400,0.0,0.0,4970.200,947.400,0.600,0.0,0.200,5452455936.0,2322432.0,70899466240.0,92425949184.0,0.0,0.0,0.0,2457.600,4975.400,947.400,0.270,0.866,98.844,0.0,0.0,0.020,1493161947.689,
0.285,0.806,98.883,0.0,0.0,0.025,0.0,0.0,187347.800,307719145.200,0.0,0.0,5174.400,936.0,0.200,0.0,0.0,5419896832.0,2322432.0,70899466240.0,92458508288.0,0.0,0.0,0.0,0.0,5166.400,935.600,0.290,0.806,98.878,0.0,0.0,0.025,1493161952.689,
0.285,0.896,98.804,0.0,0.0,0.015,0.0,3276.800,197264.200,306988976.600,0.0,0.0,5280.600,950.200,0.800,0.0,0.0,5424349184.0,2330624.0,70899466240.0,92454047744.0,0.0,0.0,0.0,3276.800,5281.400,950.200,0.280,0.901,98.804,0.0,0.0,0.015,1493161957.689,
0.270,0.871,98.843,0.005,0.0,0.010,0.0,2457.600,194821.600,306073265.200,0.0,0.0,5411.400,945.600,0.400,0.0,0.0,5435027456.0,2338816.0,70899466240.0,92443361280.0,0.0,0.0,0.0,2457.600,5412.800,945.600,0.270,0.871,98.843,0.005,0.0,0.010,1493161962.689,
0.265,0.721,98.994,0.0,0.0,0.020,0.0,0.0,162598.600,282551331.800,0.0,0.0,4789.800,833.200,0.600,0.0,0.0,5324505088.0,2338816.0,70899466240.0,92553883648.0,0.0,0.0,0.0,0.0,4787.600,833.200,0.265,0.721,98.994,0.0,0.0,0.020,1493161967.689,
0.315,0.896,98.774,0.005,0.0,0.010,0.0,2457.600,182071.0,298676594.400,0.0,0.0,5197.800,925.400,0.400,0.0,0.0,5408739328.0,2347008.0,70899466240.0,92469641216.0,0.0,0.0,0.0,2457.600,5197.800,925.400,0.315,0.896,98.774,0.005,0.0,0.010,1493161972.689,
0.280,0.901,98.814,0.0,0.0,0.005,0.0,0.0,161008.600,307319110.600,0.0,0.0,5119.200,952.200,0.600,0.0,0.0,5386514432.0,2347008.0,70899466240.0,92491866112.0,0.0,0.0,0.0,0.0,5124.800,952.600,0.285,0.896,98.814,0.0,0.0,0.005,1493161977.689,
0.290,0.856,98.834,0.005,0.0,0.015,0.0,2457.600,201682.200,322233348.400,0.0,0.0,5629.200,983.800,0.800,0.0,0.0,5302812672.0,2355200.0,70899466240.0,92575559680.0,0.0,0.0,0.0,2457.600,5631.600,983.600,0.285,0.856,98.838,0.005,0.0,0.015,1493161982.689,
0.020,0.030,99.950,0.0,0.0,0.0,0.0,0.0,15409.200,32002118.400,0.0,0.0,549.200,139.800,0.0,0.0,0.0,5144666112.0,2355200.0,70899466240.0,92733706240.0,0.0,0.0,0.0,0.0,541.400,139.600,0.020,0.030,99.950,0.0,0.0,0.0,1493161987.689,
