"Dstat 0.7.2 CSV output"
"Author:","Dag Wieers <dag@wieers.com>",,,,"URL:","http://dag.wieers.com/home-made/dstat/"
"Host:","osd1.skyhook-2osds.skyhook-pg0.wisc.cloudlab.us",,,,"User:","jlefevre"
"Cmdline:","dstat -av --epoch --integer --noheaders --output 2osds.dstat-osd1.log 5",,,,"Date:","25 Apr 2017 15:02:01 CDT"

"total cpu usage",,,,,,"dsk/total",,"net/total",,"paging",,"system",,"procs",,,"memory usage",,,,"paging",,"dsk/total",,"system",,"total cpu usage",,,,,,"epoch"
"usr","sys","idl","wai","hiq","siq","read","writ","recv","send","in","out","int","csw","run","blk","new","used","buff","cach","free","in","out","read","writ","int","csw","usr","sys","idl","wai","hiq","siq","epoch"


"Host:","osd1.skyhook-2osds.skyhook-pg0.wisc.cloudlab.us",,,,"User:","jlefevre"
"Cmdline:","dstat -av --epoch --integer --noheaders --output 2osds.dstat-osd1.log 5",,,,"Date:","25 Apr 2017 15:08:55 CDT"

"total cpu usage",,,,,,"dsk/total",,"net/total",,"paging",,"system",,"procs",,,"memory usage",,,,"paging",,"dsk/total",,"system",,"total cpu usage",,,,,,"epoch"
"usr","sys","idl","wai","hiq","siq","read","writ","recv","send","in","out","int","csw","run","blk","new","used","buff","cach","free","in","out","read","writ","int","csw","usr","sys","idl","wai","hiq","siq","epoch"
0.105,1.330,98.499,0.060,0.0,0.005,11468.800,18841.600,3639.600,22846.200,0.0,0.0,632.400,656.200,0.800,0.0,8.600,5092421632.0,1552384.0,23681474560.0,1.40004745216e+11,0.0,0.0,11468.800,18841.600,632.800,656.600,0.110,1.330,98.494,0.060,0.0,0.005,1493158805.535,
0.210,1.142,97.061,1.582,0.0,0.005,159249203.200,17203.200,61937.0,128656229.400,0.0,0.0,3815.400,3295.0,1.0,1.800,4.800,5222055936.0,1568768.0,920522752.0,1.62636046336e+11,0.0,0.0,159485132.800,17203.200,3816.600,3298.400,0.210,1.141,97.056,1.587,0.0,0.005,1493158810.535,
0.205,0.551,98.402,0.832,0.0,0.010,186256588.800,3276.800,70349.600,225440009.400,0.0,0.0,4667.400,3353.200,0.400,0.400,0.200,5061451776.0,1576960.0,1852235776.0,1.6186492928e+11,0.0,0.0,186020659.200,3276.800,4670.600,3350.200,0.200,0.551,98.412,0.827,0.0,0.010,1493158815.535,
0.235,0.666,98.208,0.876,0.0,0.015,213032140.800,2457.600,90341.0,223310622.600,0.0,0.0,4589.400,3745.600,0.600,1.0,0.200,5058306048.0,1585152.0,2918285312.0,1.6080201728e+11,0.0,0.0,213241856.0,2457.600,4588.800,3747.0,0.235,0.666,98.208,0.876,0.0,0.015,1493158820.535,
0.255,0.817,97.726,1.182,0.0,0.020,257992294.400,3276.800,125618.400,266527150.800,0.0,0.0,5630.800,4499.800,0.200,0.600,0.200,5071462400.0,1593344.0,4207349760.0,1.59499788288e+11,0.0,0.0,257835008.0,3276.800,5632.600,4499.400,0.255,0.817,97.726,1.182,0.0,0.020,1493158825.535,
0.195,0.601,98.367,0.822,0.0,0.015,203810406.400,5734.400,98482.600,215954985.800,0.0,0.0,4507.0,3559.0,0.400,0.400,0.200,5063634944.0,1609728.0,5227560960.0,1.5848738816e+11,0.0,0.0,203915264.0,5734.400,4507.0,3560.200,0.195,0.606,98.362,0.822,0.0,0.015,1493158830.535,
0.291,0.917,97.445,1.323,0.0,0.025,289778073.600,0.0,135594.400,272894992.0,0.0,0.0,5909.600,4988.0,0.400,1.800,0.0,5201776640.0,1609728.0,6674653184.0,1.5690215424e+11,0.0,0.0,289620787.200,0.0,5903.800,4986.200,0.291,0.917,97.445,1.323,0.0,0.025,1493158835.535,
0.230,0.736,98.067,0.952,0.0,0.015,228460953.600,8192.0,152916.800,264942454.200,0.0,0.0,5354.600,4004.800,0.600,1.0,0.0,5090807808.0,1626112.0,7816781824.0,1.55870978048e+11,0.0,0.0,228460953.600,8192.0,5354.400,4003.600,0.235,0.731,98.067,0.952,0.0,0.015,1493158840.535,
0.321,0.847,97.193,1.609,0.0,0.030,300051660.800,819.200,157538.200,285821201.600,0.0,0.0,6207.400,5148.400,0.400,1.0,0.0,5226745856.0,1626112.0,9317433344.0,1.5423438848e+11,0.0,0.0,300182732.800,819.200,6212.200,5151.200,0.321,0.847,97.193,1.609,0.0,0.030,1493158845.535,
0.336,1.002,96.597,2.025,0.0,0.040,326287360.0,2457.600,233916.0,341779860.600,0.0,0.0,7385.400,5641.600,0.200,1.800,0.0,5228048384.0,1634304.0,10949623808.0,1.52600887296e+11,0.0,0.0,326313574.400,2457.600,7382.400,5641.0,0.336,1.002,96.592,2.030,0.0,0.040,1493158850.535,
0.315,0.961,96.965,1.718,0.0,0.040,293149081.600,0.0,171392.600,287211241.600,0.0,0.0,6275.400,5054.200,1.0,1.200,0.0,5312290816.0,1634304.0,12414570496.0,1.51051698176e+11,0.0,0.0,292991795.200,0.0,6279.0,5052.200,0.315,0.966,96.966,1.712,0.0,0.040,1493158855.535,
0.275,0.861,97.742,1.106,0.0,0.015,251024998.400,2457.600,129162.800,283629344.200,0.0,0.0,5616.200,4379.800,0.400,1.0,0.0,5216018432.0,1642496.0,13671071744.0,1.4989146112e+11,0.0,0.0,251024998.400,2457.600,5611.400,4380.800,0.270,0.856,97.752,1.107,0.0,0.015,1493158860.535,
0.326,1.027,97.085,1.507,0.0,0.055,306239897.600,0.0,197998.200,317999967.600,0.0,0.0,6813.400,5305.0,0.800,1.0,0.0,5227888640.0,1642496.0,15201726464.0,1.48348936192e+11,0.0,0.0,306449612.800,0.0,6819.600,5307.400,0.326,1.027,97.080,1.512,0.0,0.055,1493158865.535,
0.220,0.721,98.142,0.902,0.0,0.015,221021798.400,2457.600,150086.0,263270031.0,0.0,0.0,5552.0,3919.0,0.200,0.400,0.0,5080748032.0,1650688.0,16306798592.0,1.4739099648e+11,0.0,0.0,220984934.400,2457.600,5552.600,3917.600,0.220,0.726,98.142,0.897,0.0,0.015,1493158870.535,
0.315,1.006,97.066,1.577,0.0,0.035,292284006.400,0.0,236328.0,306914224.600,0.0,0.0,7070.400,5079.400,0.800,1.400,0.0,5079003136.0,1650688.0,17768460288.0,1.4593107968e+11,0.0,0.0,292294656.0,0.0,7069.200,5079.200,0.315,1.006,97.066,1.577,0.0,0.035,1493158875.535,
0.426,1.284,94.689,3.576,0.0,0.025,396506726.400,4096.0,342456.0,368002381.600,0.0,0.0,8841.600,6792.0,0.800,2.600,0.0,5304168448.0,1658880.0,19751444480.0,1.43722921984e+11,0.0,0.0,396585369.600,4096.0,8839.200,6794.600,0.426,1.279,94.689,3.581,0.0,0.025,1493158880.535,
0.366,1.032,96.321,2.255,0.0,0.025,326764134.400,4915.200,256072.600,347949784.400,0.0,0.0,7517.400,5662.600,0.600,1.0,0.0,5273911296.0,1667072.0,21383729152.0,1.42120886272e+11,0.0,0.0,326501990.400,4915.200,7513.600,5658.0,0.366,1.032,96.326,2.250,0.0,0.025,1493158885.535,
0.311,0.917,96.893,1.854,0.0,0.025,300441600.0,0.0,199279.400,314068523.800,0.0,0.0,6684.0,5211.400,0.400,1.400,0.0,5288693760.0,1667072.0,22886928384.0,1.40602904576e+11,0.0,0.0,300572672.0,0.0,6690.0,5215.600,0.316,0.917,96.888,1.854,0.0,0.025,1493158890.535,
0.306,0.867,97.459,1.348,0.0,0.020,275319193.600,2457.600,200749.200,312738536.800,0.0,0.0,6488.400,4785.200,0.800,1.200,0.0,5173846016.0,1675264.0,24265166848.0,1.39339505664e+11,0.0,0.0,275397836.800,2457.600,6485.400,4783.800,0.306,0.867,97.454,1.353,0.0,0.020,1493158895.535,
0.336,0.958,96.817,1.870,0.0,0.020,304236953.600,0.0,191602.400,308339177.400,0.0,0.0,7344.0,5263.200,0.600,1.600,0.0,5217112064.0,1675264.0,25782710272.0,1.37778696192e+11,0.0,0.0,304027238.400,0.0,7346.600,5260.800,0.331,0.963,96.821,1.865,0.0,0.020,1493158900.535,
0.361,1.137,96.314,2.133,0.0,0.055,336804249.600,2457.600,282353.800,358721961.600,0.0,0.0,8037.400,5862.200,0.600,2.200,0.0,5184315392.0,1683456.0,27469893632.0,1.36124301312e+11,0.0,0.0,337040179.200,2457.600,8040.200,5865.0,0.361,1.132,96.319,2.134,0.0,0.055,1493158905.535,
0.341,1.018,96.390,2.236,0.0,0.015,348578611.200,0.0,288018.800,356635182.200,0.0,0.0,9863.0,6049.200,0.400,1.600,0.0,5238603776.0,1683456.0,29212012544.0,1.34327894016e+11,0.0,0.0,348342681.600,0.0,9854.600,6046.0,0.341,1.018,96.391,2.236,0.0,0.015,1493158910.535,
0.301,0.882,97.000,1.793,0.0,0.025,302318387.200,3276.800,180553.200,285820727.600,0.0,0.0,6709.800,5211.400,0.400,1.0,0.0,5389578240.0,1691648.0,30723076096.0,1.32665847808e+11,0.0,0.0,302528102.400,3276.800,6715.200,5214.600,0.301,0.887,96.995,1.793,0.0,0.025,1493158915.535,
0.265,0.836,97.316,1.562,0.0,0.020,275633766.400,4915.200,207266.600,310039435.800,0.0,0.0,6524.200,4821.0,0.400,2.0,0.0,5275226112.0,1699840.0,32101494784.0,1.31401773056e+11,0.0,0.0,275633766.400,4915.200,6520.400,4820.200,0.265,0.831,97.321,1.562,0.0,0.020,1493158920.535,
0.276,0.837,97.218,1.644,0.0,0.025,296231731.200,0.0,196826.0,318686574.0,0.0,0.0,6793.600,5124.400,0.400,1.600,0.0,5239918592.0,1699840.0,33583079424.0,1.29955495936e+11,0.0,0.0,296257945.600,0.0,6799.0,5125.400,0.276,0.837,97.218,1.644,0.0,0.025,1493158925.535,
0.306,0.992,96.599,2.063,0.0,0.040,331273011.200,2457.600,197438.400,319546108.200,0.0,0.0,7076.600,5710.600,0.400,0.800,0.0,5372502016.0,1708032.0,35238105088.0,1.28167878656e+11,0.0,0.0,331246796.800,2457.600,7070.800,5709.600,0.306,0.992,96.594,2.068,0.0,0.040,1493158930.535,
0.401,1.117,95.761,2.696,0.0,0.025,371205734.400,0.0,272173.0,405001802.800,0.0,0.0,8534.0,6441.0,0.600,2.400,0.0,5296328704.0,1708032.0,37095284736.0,1.2638687232e+11,0.0,0.0,370996019.200,0.0,8538.800,6439.200,0.401,1.122,95.761,2.691,0.0,0.025,1493158935.535,
0.311,0.942,97.074,1.648,0.0,0.025,303943680.0,2457.600,238467.800,337604650.200,0.0,0.0,8107.400,5303.400,0.800,0.800,0.0,5199556608.0,1716224.0,38613426176.0,1.24965494784e+11,0.0,0.0,304153395.200,2457.600,8102.800,5304.400,0.311,0.937,97.079,1.648,0.0,0.025,1493158940.535,
0.366,1.188,95.710,2.706,0.0,0.030,351997132.800,0.0,250784.0,337324742.0,0.0,0.0,9294.600,6044.800,1.0,1.800,0.0,5360173056.0,1716224.0,40374075392.0,1.2304422912e+11,0.0,0.0,352023347.200,0.0,9295.200,6047.0,0.366,1.188,95.705,2.712,0.0,0.030,1493158945.535,
0.281,0.872,97.715,1.118,0.0,0.015,265718988.800,4096.0,178939.0,280324296.200,0.0,0.0,7011.600,4635.0,0.600,1.0,0.200,5347385344.0,1724416.0,41705852928.0,1.21725231104e+11,0.0,0.0,265692774.400,4096.0,7011.600,4634.600,0.281,0.877,97.710,1.118,0.0,0.015,1493158950.535,
0.311,0.892,97.706,1.067,0.0,0.025,260157440.0,4915.200,195529.800,290568265.200,0.0,0.0,7213.800,4520.200,0.800,0.600,0.0,5252255744.0,1732608.0,43003154432.0,1.20523051008e+11,0.0,0.0,259947724.800,4915.200,7217.800,4522.400,0.311,0.887,97.716,1.062,0.0,0.025,1493158955.535,
0.401,1.097,96.718,1.744,0.0,0.040,338429542.400,0.0,220655.400,322234313.800,0.0,0.0,8723.400,5777.200,0.400,2.0,0.0,5412220928.0,1732608.0,44697772032.0,1.18668468224e+11,0.0,0.0,338665472.0,0.0,8724.400,5775.0,0.401,1.097,96.713,1.749,0.0,0.040,1493158960.535,
0.381,1.097,96.603,1.899,0.0,0.020,321568768.0,2457.600,207790.600,339480452.400,0.0,0.0,8527.200,5543.0,0.400,1.0,0.0,5402656768.0,1740800.0,46301868032.0,1.17073928192e+11,0.0,0.0,321332838.400,2457.600,8527.800,5539.800,0.381,1.102,96.603,1.894,0.0,0.020,1493158965.535,
0.351,1.143,96.430,2.046,0.0,0.030,337858560.0,0.0,269532.0,369204895.800,0.0,0.0,9835.400,5848.400,0.400,2.600,0.0,5336977408.0,1740800.0,47993888768.0,1.15447586816e+11,0.0,0.0,338083840.0,0.0,9829.800,5851.800,0.356,1.143,96.426,2.045,0.0,0.030,1493158970.535,
0.416,1.188,95.664,2.672,0.0,0.060,353165312.0,2457.600,302775.800,393345497.600,0.0,0.0,10905.800,6086.800,0.400,1.400,0.0,5212278784.0,1748992.0,49759727616.0,1.138064384e+11,0.0,0.0,352940032.0,2457.600,10904.0,6083.200,0.411,1.188,95.669,2.672,0.0,0.060,1493158975.535,
0.497,1.439,94.122,3.907,0.0,0.035,420973772.800,0.0,360844.400,418772258.600,0.0,0.0,12189.800,7256.800,1.200,4.600,0.0,5327892480.0,1748992.0,51863859200.0,1.1158669312e+11,0.0,0.0,421235916.800,0.0,12192.0,7259.800,0.502,1.439,94.112,3.912,0.0,0.035,1493158980.535,
0.451,1.319,93.750,4.439,0.0,0.040,398562099.200,3276.800,328168.400,414786371.600,0.0,0.0,11076.0,6911.0,1.200,4.800,0.0,5346787328.0,1757184.0,53859454976.0,1.09572194304e+11,0.0,0.0,398588313.600,3276.800,11080.600,6913.200,0.451,1.314,93.750,4.444,0.0,0.040,1493158985.535,
0.451,1.293,94.928,3.293,0.0,0.035,367645491.200,4915.200,307069.800,407089900.200,0.0,0.0,11073.600,6383.800,0.600,3.0,0.0,5227450368.0,1765376.0,55694290944.0,1.07856687104e+11,0.0,0.0,367593062.400,4915.200,11068.0,6380.800,0.446,1.293,94.942,3.283,0.0,0.035,1493158990.535,
0.331,0.988,96.987,1.674,0.0,0.020,302119321.600,0.0,237081.200,322489803.400,0.0,0.0,9055.0,5228.200,0.400,2.600,0.0,5202042880.0,1765376.0,57206829056.0,1.0636955648e+11,0.0,0.0,302145536.0,0.0,9057.800,5229.0,0.331,0.992,96.973,1.684,0.0,0.020,1493158995.535,
0.346,1.092,96.497,2.045,0.0,0.020,320326860.800,2457.600,249533.0,330480381.600,0.0,0.0,9276.800,5549.0,0.400,3.0,0.0,5231415296.0,1773568.0,58807791616.0,1.04739213312e+11,0.0,0.0,320331776.0,2457.600,9280.400,5549.800,0.346,1.088,96.507,2.040,0.0,0.020,1493159000.535,
0.326,0.968,96.846,1.845,0.0,0.015,296435712.0,0.0,234084.200,323712376.600,0.0,0.0,8803.600,5177.800,0.200,1.0,0.0,5160058880.0,1773568.0,60289941504.0,1.0332841984e+11,0.0,0.0,296325939.200,0.0,8796.800,5176.0,0.326,0.968,96.851,1.840,0.0,0.015,1493159005.535,
0.275,0.791,97.756,1.152,0.0,0.025,247234560.0,2457.600,153563.200,255393180.0,0.0,0.0,6524.800,4305.800,1.0,1.200,0.0,5186908160.0,1781760.0,61527040000.0,1.02064463872e+11,0.0,0.0,247286988.800,2457.600,6533.0,4306.400,0.275,0.791,97.756,1.152,0.0,0.025,1493159010.535,
0.346,1.093,96.692,1.839,0.0,0.030,321391001.600,0.0,252900.200,329563015.600,0.0,0.0,9232.0,5546.800,0.800,2.0,0.400,5219930112.0,1781760.0,63131619328.0,1.00426862592e+11,0.0,0.0,321380352.0,0.0,9232.200,5546.800,0.346,1.098,96.682,1.844,0.0,0.030,1493159015.535,
0.326,1.027,97.110,1.498,0.0,0.040,301243596.800,6553.600,218701.400,316570259.200,0.0,0.0,8418.200,5212.0,0.800,1.0,0.200,5221638144.0,1798144.0,64638148608.0,98918608896.0,0.0,0.0,301254246.400,6553.600,8413.400,5211.600,0.326,1.027,97.110,1.498,0.0,0.040,1493159020.535,
0.401,1.229,95.253,3.086,0.0,0.030,382262476.800,5734.400,289831.200,366817960.600,0.0,0.0,9973.0,6558.0,0.400,2.400,0.0,5371072512.0,1814528.0,66551783424.0,96855523328.0,0.0,0.0,382288691.200,5734.400,9975.200,6558.600,0.401,1.229,95.254,3.086,0.0,0.030,1493159025.535,
0.311,0.943,97.243,1.469,0.0,0.035,287639142.400,3276.800,240223.600,333177351.800,0.0,0.0,7778.800,5042.800,0.200,2.200,0.200,5223796736.0,1822720.0,67988946944.0,95565627392.0,0.0,0.0,287612928.0,3276.800,7773.600,5042.800,0.311,0.938,97.252,1.464,0.0,0.035,1493159030.535,
0.386,1.198,95.749,2.647,0.0,0.020,347221196.800,2457.600,294319.0,355353914.400,0.0,0.0,10400.800,6019.200,0.600,2.0,0.0,5272150016.0,1830912.0,69725642752.0,93780570112.0,0.0,0.0,347247411.200,2457.600,10409.400,6020.200,0.386,1.203,95.739,2.652,0.0,0.020,1493159035.535,
0.160,0.496,98.388,0.941,0.0,0.015,133344460.800,3276.800,125879.0,157481661.0,0.0,0.0,4344.0,2381.400,0.200,0.600,0.0,5173547008.0,1839104.0,70392070144.0,93212737536.0,0.0,0.0,133108531.200,3276.800,4333.800,2377.600,0.160,0.491,98.398,0.936,0.0,0.015,1493159040.535,
