"Dstat 0.7.2 CSV output"
"Author:","Dag Wieers <dag@wieers.com>",,,,"URL:","http://dag.wieers.com/home-made/dstat/"
"Host:","client0.skyhook-2osds.skyhook-pg0.wisc.cloudlab.us",,,,"User:","jlefevre"
"Cmdline:","dstat -av --epoch --integer --noheaders --output 2osds.dstat-client0.log 5",,,,"Date:","25 Apr 2017 15:01:58 CDT"

"total cpu usage",,,,,,"dsk/total",,"net/total",,"paging",,"system",,"procs",,,"memory usage",,,,"paging",,"dsk/total",,"system",,"total cpu usage",,,,,,"epoch"
"usr","sys","idl","wai","hiq","siq","read","writ","recv","send","in","out","int","csw","run","blk","new","used","buff","cach","free","in","out","read","writ","int","csw","usr","sys","idl","wai","hiq","siq","epoch"


"Host:","client0.skyhook-2osds.skyhook-pg0.wisc.cloudlab.us",,,,"User:","jlefevre"
"Cmdline:","dstat -av --epoch --integer --noheaders --output 2osds.dstat-client0.log 5",,,,"Date:","25 Apr 2017 15:08:47 CDT"

"total cpu usage",,,,,,"dsk/total",,"net/total",,"paging",,"system",,"procs",,,"memory usage",,,,"paging",,"dsk/total",,"system",,"total cpu usage",,,,,,"epoch"
"usr","sys","idl","wai","hiq","siq","read","writ","recv","send","in","out","int","csw","run","blk","new","used","buff","cach","free","in","out","read","writ","int","csw","usr","sys","idl","wai","hiq","siq","epoch"
0.035,0.080,99.865,0.010,0.0,0.010,0.0,85196.800,48791.600,864.0,0.0,0.0,594.600,6934.400,0.0,0.0,0.200,5481603072.0,219860992.0,1.4727913472e+11,15799595008.0,0.0,0.0,0.0,85196.800,594.800,6946.800,0.035,0.075,99.870,0.010,0.0,0.010,1493170272.604,
1.544,0.837,97.493,0.030,0.0,0.095,0.0,52428.800,175664628.0,130339.200,0.0,0.0,4215.600,10601.0,2.0,0.0,5.200,5630627840.0,219877376.0,1.47279159296e+11,15650529280.0,0.0,0.0,0.0,52428.800,4220.200,10591.0,1.554,0.847,97.474,0.030,0.0,0.095,1493170277.604,
6.915,2.607,90.035,0.111,0.0,0.332,0.0,104857.600,775898932.400,632485.400,0.0,0.0,19759.600,24486.600,4.200,0.0,0.0,5629509632.0,219881472.0,1.4727936e+11,15651442688.0,0.0,0.0,0.0,104857.600,19757.200,24486.0,6.915,2.602,90.040,0.111,0.0,0.332,1493170282.604,
6.442,2.726,90.445,0.080,0.0,0.307,0.0,106496.0,719236823.600,526704.800,0.0,0.0,16067.0,21858.600,4.400,0.0,0.0,5648080896.0,219893760.0,1.47279593472e+11,15632625664.0,0.0,0.0,0.0,106496.0,16067.400,21869.600,6.442,2.731,90.441,0.080,0.0,0.307,1493170287.604,
5.698,2.949,90.732,0.065,0.0,0.556,0.0,104038.400,661140371.800,386953.600,0.0,0.0,14044.200,18908.600,3.400,0.0,0.0,5639323648.0,219897856.0,1.47279826944e+11,15641145344.0,0.0,0.0,0.0,104038.400,14042.0,18896.400,5.694,2.945,90.741,0.065,0.0,0.556,1493170292.604,
5.823,3.289,90.023,0.080,0.0,0.785,0.0,100761.600,687868754.800,373197.400,0.0,0.0,14204.600,17578.600,4.200,0.0,0.0,5630988288.0,219910144.0,1.47280031744e+11,15649263616.0,0.0,0.0,0.0,100761.600,14214.800,17588.800,5.823,3.289,90.023,0.080,0.0,0.785,1493170297.604,
7.332,2.555,89.671,0.080,0.0,0.362,0.0,102400.0,830133557.600,703028.800,0.0,0.0,18034.400,26802.600,5.800,0.0,0.0,5645606912.0,219922432.0,1.47280257024e+11,15634407424.0,0.0,0.0,0.0,102400.0,18031.400,26806.200,7.342,2.555,89.656,0.080,0.0,0.367,1493170302.604,
8.134,2.152,89.321,0.076,0.0,0.317,0.0,108134.400,943283465.600,877863.200,0.0,0.0,20670.800,31449.0,4.200,0.0,0.0,5646303232.0,219934720.0,1.47280494592e+11,15633461248.0,0.0,0.0,0.0,108134.400,20672.600,31443.800,8.135,2.147,89.330,0.076,0.0,0.312,1493170307.604,
6.424,2.900,90.349,0.075,0.0,0.251,0.0,124518.400,761330144.800,542254.0,0.0,0.0,16337.400,22430.600,3.600,0.0,0.0,5654065152.0,219947008.0,1.4728075264e+11,15625428992.0,0.0,0.0,0.0,124518.400,16330.200,22421.800,6.413,2.905,90.355,0.075,0.0,0.251,1493170312.604,
6.504,2.860,90.087,0.070,0.0,0.478,0.0,102400.0,720289809.200,536643.600,0.0,0.0,16665.0,21218.600,4.400,0.0,0.0,5647511552.0,219955200.0,1.4728097792e+11,15631749120.0,0.0,0.0,0.0,102400.0,16673.0,21244.200,6.514,2.860,90.078,0.070,0.0,0.478,1493170317.604,
6.110,2.794,90.645,0.030,0.0,0.422,0.0,105676.800,713577719.200,524249.400,0.0,0.0,16152.800,21183.800,3.200,0.0,0.0,5645672448.0,219967488.0,1.47281207296e+11,15633346560.0,0.0,0.0,0.0,105676.800,16157.200,21177.200,6.110,2.794,90.645,0.030,0.0,0.422,1493170322.604,
6.518,2.257,90.884,0.045,0.0,0.297,0.0,103219.200,770725709.400,629044.200,0.0,0.0,16575.600,25542.200,3.200,0.0,0.0,5666029568.0,219971584.0,1.47281436672e+11,15612755968.0,0.0,0.0,0.0,103219.200,16572.400,25539.0,6.513,2.251,90.894,0.045,0.0,0.297,1493170327.604,
7.853,2.156,89.583,0.086,0.0,0.322,0.0,114688.0,898206589.600,803488.800,0.0,0.0,19703.400,28846.400,4.600,0.0,0.0,5663830016.0,219979776.0,1.47281686528e+11,15614697472.0,0.0,0.0,0.0,114688.0,19697.400,28847.800,7.848,2.161,89.578,0.086,0.0,0.327,1493170332.604,
7.568,2.308,89.400,0.201,0.0,0.523,0.0,2519040.0,880916086.600,739538.0,0.0,0.0,19244.0,27131.800,4.400,0.200,0.0,5663748096.0,220028928.0,1.4728681472e+11,15609602048.0,0.0,0.0,0.0,2519040.0,19245.800,27115.400,7.574,2.308,89.399,0.201,0.0,0.518,1493170337.604,
7.205,2.502,89.610,0.181,0.0,0.502,0.0,1529446.400,856137621.200,736300.600,0.0,0.0,18998.200,26993.600,5.200,0.0,0.0,5650292736.0,220049408.0,1.47277017088e+11,15632834560.0,0.0,0.0,0.0,1529446.400,19001.0,27010.800,7.204,2.507,89.601,0.181,0.0,0.507,1493170342.604,
8.420,2.013,88.958,0.065,0.0,0.544,0.0,143360.0,985374352.200,897037.0,0.0,0.0,21327.400,32100.800,4.400,0.0,0.0,5670187008.0,220069888.0,1.4727727104e+11,15612665856.0,0.0,0.0,0.0,143360.0,21327.600,32100.200,8.416,2.008,88.972,0.065,0.0,0.539,1493170347.604,
7.280,2.395,89.667,0.060,0.0,0.597,0.0,108134.400,814902696.0,654346.0,0.0,0.0,18406.200,25705.0,3.200,0.0,0.0,5657182208.0,220073984.0,1.47277524992e+11,15625412608.0,0.0,0.0,0.0,108134.400,18405.400,25700.200,7.281,2.390,89.672,0.060,0.0,0.598,1493170352.604,
8.375,1.832,89.001,0.065,0.0,0.728,0.0,108134.400,937334130.0,801493.400,0.0,0.0,19229.0,30547.600,3.800,0.0,0.0,5652004864.0,220090368.0,1.47277766656e+11,15630331904.0,0.0,0.0,0.0,108134.400,19229.800,30553.600,8.380,1.832,88.996,0.065,0.0,0.728,1493170357.604,
8.436,1.923,89.183,0.065,0.0,0.393,0.0,108953.600,991405769.200,934608.800,0.0,0.0,21386.0,32702.200,4.200,0.0,0.0,5640818688.0,220106752.0,1.47278024704e+11,15641243648.0,0.0,0.0,0.0,108953.600,21385.0,32711.800,8.436,1.928,89.179,0.065,0.0,0.393,1493170362.604,
9.073,1.585,88.792,0.086,0.0,0.464,0.0,114688.0,1059864343.800,939321.400,0.0,0.0,22718.0,31784.400,5.0,0.0,0.0,5673734144.0,220119040.0,1.47278299136e+11,15608041472.0,0.0,0.0,0.0,114688.0,22710.400,31755.800,9.068,1.585,88.797,0.086,0.0,0.464,1493170367.604,
8.017,2.086,89.449,0.091,0.0,0.358,0.0,108953.600,967179469.600,845890.400,0.0,0.0,22250.200,30667.200,3.600,0.0,0.0,5643489280.0,220123136.0,1.47278557184e+11,15638024192.0,0.0,0.0,0.0,108953.600,22250.0,30669.400,8.014,2.082,89.456,0.091,0.0,0.358,1493170372.604,
6.565,2.654,90.313,0.060,0.0,0.407,0.0,112230.400,760351093.200,564375.200,0.0,0.0,17471.600,22425.400,4.0,0.0,0.0,5662851072.0,220131328.0,1.47278815232e+11,15618396160.0,0.0,0.0,0.0,112230.400,17471.400,22433.600,6.574,2.654,90.306,0.060,0.0,0.407,1493170377.604,
6.450,2.875,90.327,0.060,0.0,0.287,0.0,116326.400,728708816.800,525021.200,0.0,0.0,17092.200,20632.600,4.0,0.0,0.0,5667422208.0,220147712.0,1.47279044608e+11,15613579264.0,0.0,0.0,0.0,116326.400,17093.800,20622.400,6.445,2.880,90.327,0.060,0.0,0.287,1493170382.604,
6.646,2.893,90.049,0.116,0.0,0.297,0.0,1410662.400,722672250.0,535087.0,0.0,0.0,16404.600,21136.0,4.200,0.0,0.0,5671182336.0,220151808.0,1.47279130624e+11,15609729024.0,0.0,0.0,0.0,1410662.400,16411.0,21140.600,6.650,2.892,90.040,0.116,0.0,0.302,1493170387.604,
5.807,2.966,90.845,0.045,0.0,0.337,0.0,107315.200,678597974.0,485491.0,0.0,0.0,15307.400,20105.800,3.600,0.0,0.0,5659574272.0,220160000.0,1.47279364096e+11,15621095424.0,0.0,0.0,0.0,107315.200,15303.0,20114.0,5.807,2.966,90.845,0.045,0.0,0.337,1493170392.604,
7.242,2.535,89.861,0.060,0.0,0.302,0.0,128614.400,822283016.800,653375.600,0.0,0.0,18010.600,25691.600,4.600,0.0,0.0,5650415616.0,220176384.0,1.47279601664e+11,15630000128.0,0.0,0.0,0.0,128614.400,18013.200,25691.200,7.246,2.539,89.857,0.060,0.0,0.297,1493170397.604,
6.755,2.763,89.799,0.080,0.0,0.602,0.0,108953.600,781462641.600,578204.600,0.0,0.0,17360.0,23172.400,3.600,0.0,0.0,5667901440.0,220200960.0,1.47279847424e+11,15612243968.0,0.0,0.0,0.0,108953.600,17355.0,23161.200,6.751,2.759,89.808,0.080,0.0,0.602,1493170402.604,
6.418,2.858,89.928,0.055,0.0,0.741,0.0,102400.0,746419086.0,545766.200,0.0,0.0,16423.200,22358.600,4.0,0.0,0.0,5668958208.0,220205056.0,1.47280072704e+11,15610957824.0,0.0,0.0,0.0,102400.0,16421.0,22361.400,6.417,2.868,89.919,0.055,0.0,0.741,1493170407.604,
5.490,2.966,91.181,0.075,0.0,0.287,0.0,107315.200,643466240.400,384578.600,0.0,0.0,14453.600,17701.0,3.400,0.0,0.200,5673533440.0,220213248.0,1.47280310272e+11,15606136832.0,0.0,0.0,0.0,107315.200,14454.600,17696.800,5.481,2.962,91.195,0.075,0.0,0.287,1493170412.604,
6.143,2.732,90.712,0.050,0.0,0.362,0.0,97484.800,701080612.600,567784.800,0.0,0.0,15982.200,21284.400,3.400,0.0,0.0,5669687296.0,220213248.0,1.47280515072e+11,15609778176.0,0.0,0.0,0.0,97484.800,15981.600,21285.0,6.148,2.727,90.712,0.050,0.0,0.362,1493170417.604,
7.270,2.454,89.808,0.086,0.0,0.383,0.0,108953.600,808828062.400,747236.800,0.0,0.0,18986.600,26518.0,4.600,0.0,0.0,5674147840.0,220221440.0,1.47280760832e+11,15605063680.0,0.0,0.0,0.0,108953.600,18992.0,26538.0,7.271,2.459,89.802,0.086,0.0,0.383,1493170422.604,
6.142,2.550,90.931,0.091,0.0,0.287,0.0,112230.400,710173337.200,486465.400,0.0,0.0,14306.200,21273.200,3.600,0.0,0.0,5664731136.0,220237824.0,1.47280990208e+11,15614234624.0,0.0,0.0,0.0,112230.400,14308.400,21267.200,6.142,2.545,90.936,0.091,0.0,0.287,1493170427.604,
5.726,3.042,90.870,0.080,0.0,0.282,0.0,101580.800,685793976.0,424374.800,0.0,0.0,14556.800,18916.800,2.600,0.0,0.0,5705527296.0,220237824.0,1.472812032e+11,15573225472.0,0.0,0.0,0.0,101580.800,14554.400,18906.600,5.735,3.041,90.857,0.080,0.0,0.287,1493170432.604,
6.364,2.933,90.371,0.080,0.0,0.252,0.0,105676.800,716355253.600,479355.400,0.0,0.0,16425.200,19673.600,3.800,0.0,0.0,5673369600.0,220250112.0,1.47281420288e+11,15605153792.0,0.0,0.0,0.0,105676.800,16420.0,19678.800,6.349,2.938,90.385,0.080,0.0,0.247,1493170437.604,
5.881,2.998,90.160,0.175,0.0,0.786,0.0,1798144.0,672912511.0,431907.600,0.0,0.0,15195.600,18352.0,3.800,0.200,0.0,5664698368.0,220254208.0,1.47284922368e+11,15610318848.0,0.0,0.0,0.0,1798963.200,15200.600,18345.400,5.889,2.994,90.156,0.175,0.0,0.786,1493170442.604,
7.056,2.567,89.834,0.181,0.0,0.362,0.0,1005158.400,790713781.0,594772.0,0.0,0.0,17691.200,23411.200,4.400,0.0,0.0,5668786176.0,220262400.0,1.47279511552e+11,15611633664.0,0.0,0.0,0.0,1004339.200,17693.400,23420.600,7.058,2.566,89.833,0.181,0.0,0.362,1493170447.604,
7.860,1.961,89.696,0.091,0.0,0.392,0.0,109772.800,962001783.600,847838.400,0.0,0.0,20078.200,32599.400,3.600,0.0,0.200,5662306304.0,220266496.0,1.47279757312e+11,15617863680.0,0.0,0.0,0.0,109772.800,20073.200,32593.0,7.855,1.956,89.701,0.091,0.0,0.397,1493170452.604,
6.512,2.539,90.318,0.090,0.0,0.542,0.0,110592.0,755010074.0,577978.800,0.0,0.0,16828.200,23652.400,4.400,0.0,0.0,5667520512.0,220282880.0,1.47280011264e+11,15612379136.0,0.0,0.0,0.0,110592.0,16836.400,23665.0,6.512,2.539,90.322,0.090,0.0,0.537,1493170457.604,
5.707,2.240,91.495,0.065,0.0,0.492,0.0,123699.200,652410933.200,571084.400,0.0,0.0,15398.400,21634.0,3.0,0.0,1.0,5477949440.0,220299264.0,1.4728024064e+11,15801704448.0,0.0,0.0,0.0,123699.200,15388.0,21615.800,5.700,2.240,91.503,0.065,0.0,0.492,1493170462.604,
