"Dstat 0.7.2 CSV output"
"Author:","Dag Wieers <dag@wieers.com>",,,,"URL:","http://dag.wieers.com/home-made/dstat/"
"Host:","osd1.skyhook-2osds.skyhook-pg0.wisc.cloudlab.us",,,,"User:","jlefevre"
"Cmdline:","dstat -av --epoch --integer --noheaders --output 2osds.dstat-osd1.log 5",,,,"Date:","25 Apr 2017 15:02:01 CDT"

"total cpu usage",,,,,,"dsk/total",,"net/total",,"paging",,"system",,"procs",,,"memory usage",,,,"paging",,"dsk/total",,"system",,"total cpu usage",,,,,,"epoch"
"usr","sys","idl","wai","hiq","siq","read","writ","recv","send","in","out","int","csw","run","blk","new","used","buff","cach","free","in","out","read","writ","int","csw","usr","sys","idl","wai","hiq","siq","epoch"


"Host:","osd1.skyhook-2osds.skyhook-pg0.wisc.cloudlab.us",,,,"User:","jlefevre"
"Cmdline:","dstat -av --epoch --integer --noheaders --output 2osds.dstat-osd1.log 5",,,,"Date:","25 Apr 2017 15:08:55 CDT"

"total cpu usage",,,,,,"dsk/total",,"net/total",,"paging",,"system",,"procs",,,"memory usage",,,,"paging",,"dsk/total",,"system",,"total cpu usage",,,,,,"epoch"
"usr","sys","idl","wai","hiq","siq","read","writ","recv","send","in","out","int","csw","run","blk","new","used","buff","cach","free","in","out","read","writ","int","csw","usr","sys","idl","wai","hiq","siq","epoch"
0.105,1.671,98.194,0.030,0.0,0.0,10649.600,18841.600,3643.200,22284.400,0.0,0.0,680.400,809.800,0.800,0.0,8.800,5073334272.0,1212416.0,9620996096.0,1.54084651008e+11,0.0,0.0,10649.600,18841.600,680.800,810.200,0.110,1.671,98.189,0.030,0.0,0.0,1493170815.535,
2.616,1.413,91.817,4.114,0.0,0.040,289534771.200,17203.200,227628.0,291852425.200,0.0,0.0,7889.600,5370.0,1.800,2.200,5.0,5107531776.0,1228800.0,1600724992.0,1.62070708224e+11,0.0,0.0,289770700.800,17203.200,7892.0,5372.600,2.615,1.413,91.808,4.124,0.0,0.040,1493170820.535,
3.484,1.474,89.848,5.129,0.0,0.065,372542668.800,3276.800,334573.400,377670418.600,0.0,0.0,12445.800,6483.400,2.0,2.600,0.0,5182095360.0,1236992.0,3466117120.0,1.6013074432e+11,0.0,0.0,372595097.600,3276.800,12445.600,6483.800,3.485,1.474,89.847,5.129,0.0,0.065,1493170825.535,
3.771,1.605,88.331,6.193,0.0,0.100,411737292.800,46694.400,403927.0,433083749.0,0.0,0.0,12085.400,7333.400,3.0,3.0,2.200,5195878400.0,1822720.0,5522030592.0,1.5806046208e+11,0.0,0.0,411658649.600,46694.400,12091.200,7334.200,3.771,1.610,88.336,6.183,0.0,0.100,1493170830.535,
4.254,1.846,86.360,7.475,0.0,0.065,448489062.400,0.0,408077.800,471947211.600,0.0,0.0,14961.600,7853.600,2.0,4.200,0.0,5173100544.0,1826816.0,7765590016.0,1.55839676416e+11,0.0,0.0,448541491.200,0.0,14961.0,7853.600,4.254,1.841,86.356,7.484,0.0,0.065,1493170835.535,
4.330,1.985,83.587,9.943,0.0,0.155,477405184.0,10649.600,437659.200,494838827.800,0.0,0.0,15693.600,8410.0,3.800,4.800,0.0,5183500288.0,1843200.0,10152771584.0,1.5344207872e+11,0.0,0.0,477431398.400,10649.600,15688.600,8409.400,4.325,1.985,83.592,9.943,0.0,0.155,1493170840.535,
4.330,1.954,84.590,9.020,0.0,0.105,463275622.400,0.0,404143.600,489335666.600,0.0,0.0,15097.800,8125.0,2.200,4.800,0.0,5173080064.0,1843200.0,12469579776.0,1.51135690752e+11,0.0,0.0,463238758.400,0.0,15097.400,8124.800,4.340,1.954,84.586,9.015,0.0,0.105,1493170845.535,
4.120,1.815,85.343,8.642,0.0,0.080,453246976.0,14745.600,408875.600,468702450.600,0.0,0.0,13691.400,7926.200,3.200,4.0,0.0,5211545600.0,1851392.0,14736048128.0,1.48830748672e+11,0.0,0.0,453283840.0,14745.600,13692.600,7926.600,4.110,1.825,85.343,8.642,0.0,0.080,1493170850.535,
3.842,1.668,88.876,5.480,0.0,0.135,406996582.400,819.200,389472.200,433332285.400,0.0,0.0,12345.600,7081.200,1.200,3.400,0.0,5172039680.0,1851392.0,16768823296.0,1.46837479424e+11,0.0,0.0,406933504.0,819.200,12344.400,7080.200,3.847,1.663,88.881,5.474,0.0,0.135,1493170855.535,
3.691,1.673,88.758,5.744,0.0,0.135,409717964.800,2457.600,333765.800,427436665.600,0.0,0.0,12267.0,7140.600,2.800,3.800,0.0,5159182336.0,1859584.0,18819076096.0,1.44800075776e+11,0.0,0.0,409781043.200,2457.600,12266.600,7141.0,3.691,1.668,88.758,5.749,0.0,0.135,1493170860.535,
4.532,1.995,82.946,10.362,0.0,0.165,481294745.600,0.0,389585.400,496122849.200,0.0,0.0,13612.400,8474.400,3.600,6.0,0.0,5205286912.0,1859584.0,21225832448.0,1.42347214848e+11,0.0,0.0,481268531.200,0.0,13618.800,8475.0,4.527,1.995,82.945,10.367,0.0,0.165,1493170865.535,
4.171,1.865,85.778,8.096,0.0,0.090,462064844.800,2457.600,396270.600,488447495.600,0.0,0.0,13638.200,8090.0,1.400,6.0,0.0,5186424832.0,1867776.0,23536193536.0,1.40055707648e+11,0.0,0.0,462091059.200,2457.600,13633.200,8090.0,4.175,1.870,85.769,8.095,0.0,0.090,1493170870.535,
4.203,1.916,85.625,8.171,0.0,0.085,455037747.200,0.0,363132.600,471548293.600,0.0,0.0,14886.200,7903.200,2.800,5.0,0.0,5220761600.0,1867776.0,25812574208.0,1.37744990208e+11,0.0,0.0,455037747.200,0.0,14889.800,7903.400,4.198,1.916,85.620,8.180,0.0,0.085,1493170875.535,
4.256,1.810,85.202,8.587,0.0,0.145,457419980.800,2457.600,424658.400,480893273.800,0.0,0.0,14069.800,7953.800,1.400,5.800,0.0,5213175808.0,1875968.0,28098293760.0,1.35466848256e+11,0.0,0.0,457393766.400,2457.600,14070.400,7952.0,4.261,1.805,85.216,8.573,0.0,0.145,1493170880.535,
4.451,1.827,82.777,10.819,0.0,0.125,477976166.400,0.0,427449.400,494768697.0,0.0,0.0,13619.0,8396.400,3.600,4.600,0.0,5237485568.0,1875968.0,30487859200.0,1.33052973056e+11,0.0,0.0,478002380.800,0.0,13620.400,8398.200,4.456,1.827,82.763,10.829,0.0,0.125,1493170885.535,
4.218,1.913,85.048,8.671,0.0,0.150,463721267.200,4096.0,352126.600,489774838.600,0.0,0.0,13363.800,8112.400,2.600,4.800,0.0,5218004992.0,1884160.0,32805842944.0,1.30754461696e+11,0.0,0.0,463695052.800,4096.0,13363.0,8113.0,4.208,1.914,85.061,8.667,0.0,0.150,1493170890.535,
4.193,1.929,85.005,8.783,0.0,0.090,460570624.0,4915.200,379093.0,474359921.200,0.0,0.0,13018.400,8061.0,3.0,3.400,0.0,5271920640.0,1892352.0,35108990976.0,1.28397389824e+11,0.0,0.0,460518195.200,4915.200,13015.600,8059.200,4.203,1.934,85.001,8.772,0.0,0.090,1493170895.535,
4.231,1.970,83.674,9.990,0.0,0.135,468308787.200,0.0,345453.600,492368388.600,0.0,0.0,12683.800,8207.400,4.200,3.600,0.0,5264846848.0,1892352.0,37451161600.0,1.26062292992e+11,0.0,0.0,468308787.200,0.0,12680.800,8207.600,4.230,1.965,83.676,9.994,0.0,0.135,1493170900.535,
4.080,1.902,86.339,7.509,0.0,0.170,441136742.400,2457.600,447735.600,464718277.400,0.0,0.0,13201.0,7697.200,2.0,3.800,0.0,5260648448.0,1900544.0,39655821312.0,1.23861823488e+11,0.0,0.0,441162956.800,2457.600,13207.600,7697.600,4.075,1.902,86.334,7.514,0.0,0.175,1493170905.535,
4.036,1.773,85.998,7.988,0.0,0.205,461063782.400,0.0,338175.400,478390686.200,0.0,0.0,12343.600,8096.0,2.800,4.800,0.0,5247668224.0,1900544.0,41962885120.0,1.21567739904e+11,0.0,0.0,461089996.800,0.0,12343.400,8096.0,4.036,1.773,86.008,7.982,0.0,0.200,1493170910.535,
3.974,1.639,87.802,6.460,0.0,0.125,424438988.800,2457.600,351745.200,441332806.400,0.0,0.0,13306.0,7373.600,2.0,4.600,0.0,5275701248.0,1908736.0,44086403072.0,1.19416180736e+11,0.0,0.0,424465203.200,2457.600,13308.600,7374.400,3.974,1.644,87.792,6.465,0.0,0.125,1493170915.535,
4.617,2.035,82.832,10.386,0.0,0.130,484791091.200,0.0,404587.600,508282105.400,0.0,0.0,16500.200,8531.600,3.200,6.0,0.0,5270532096.0,1908736.0,46509293568.0,1.16998459392e+11,0.0,0.0,484764876.800,0.0,16500.400,8531.200,4.617,2.035,82.832,10.386,0.0,0.130,1493170920.535,
4.089,1.839,86.033,7.948,0.0,0.090,453629542.400,3276.800,410398.0,478316642.800,0.0,0.0,15993.200,7952.800,3.200,4.400,0.0,5259431936.0,1916928.0,48776753152.0,1.14742091776e+11,0.0,0.0,453618892.800,3276.800,15992.400,7951.800,4.094,1.839,86.034,7.943,0.0,0.090,1493170925.535,
4.248,1.740,85.620,8.276,0.0,0.115,459648204.800,4915.200,420509.600,475910245.400,0.0,0.0,15545.800,8060.400,3.0,5.800,0.0,5327544320.0,1925120.0,51075592192.0,1.1237513216e+11,0.0,0.0,459700633.600,4915.200,15544.200,8061.800,4.249,1.736,85.619,8.282,0.0,0.115,1493170930.535,
4.560,1.836,84.363,9.175,0.0,0.065,481530675.200,0.0,400692.400,503974207.800,0.0,0.0,15844.0,8495.0,2.600,6.200,0.0,5286391808.0,1925120.0,53482364928.0,1.10009511936e+11,0.0,0.0,481515110.400,0.0,15846.600,8494.600,4.550,1.841,84.368,9.175,0.0,0.065,1493170935.535,
4.426,1.769,84.848,8.847,0.0,0.110,464040755.200,2457.600,459005.200,496236501.800,0.0,0.0,16032.800,8141.200,1.600,5.200,0.0,5224611840.0,1933312.0,55801298944.0,1.07752349696e+11,0.0,0.0,463935897.600,2457.600,16023.0,8139.800,4.431,1.764,84.857,8.837,0.0,0.110,1493170940.535,
3.275,1.382,90.671,4.527,0.0,0.145,376632115.200,0.0,366649.200,383836041.600,0.0,0.0,12994.400,6610.0,1.400,2.800,0.0,5287231488.0,1933312.0,57685237760.0,1.05805791232e+11,0.0,0.0,376632115.200,0.0,12996.0,6610.800,3.270,1.387,90.671,4.527,0.0,0.145,1493170945.535,
3.790,1.564,88.424,6.106,0.0,0.115,426472243.200,2457.600,446596.800,450560465.0,0.0,0.0,14008.200,7506.600,2.600,3.0,0.200,5268987904.0,1941504.0,59818369024.0,1.0369089536e+11,0.0,0.0,426603315.200,2457.600,14007.600,7507.0,3.795,1.559,88.420,6.111,0.0,0.115,1493170950.535,
3.577,1.515,90.363,4.480,0.0,0.065,396800000.0,0.0,415798.0,418954010.0,0.0,0.0,13854.400,6923.200,1.600,3.0,0.0,5248622592.0,1941504.0,61801058304.0,1.01728571392e+11,0.0,0.0,396747571.200,0.0,13859.200,6922.800,3.572,1.520,90.363,4.480,0.0,0.065,1493170955.535,
3.860,1.777,87.713,6.509,0.0,0.140,439500800.0,3276.800,382391.0,451980389.400,0.0,0.0,15263.0,7682.800,3.400,3.800,0.0,5319970816.0,1949696.0,64000552960.0,99457720320.0,0.0,0.0,439500800.0,3276.800,15264.0,7683.400,3.866,1.773,87.712,6.510,0.0,0.140,1493170960.535,
4.144,1.854,85.419,8.443,0.0,0.140,459700633.600,2457.600,417474.0,480648418.200,0.0,0.0,16616.200,8057.400,2.600,5.200,0.0,5307486208.0,1957888.0,66298503168.0,97172246528.0,0.0,0.0,459726848.0,2457.600,16616.400,8057.200,4.143,1.859,85.410,8.447,0.0,0.140,1493170965.535,
3.978,1.829,87.734,6.373,0.0,0.085,430504345.600,0.0,402521.0,458467727.600,0.0,0.0,13116.400,7517.0,1.800,3.400,0.0,5261553664.0,1957888.0,68449370112.0,95067312128.0,0.0,0.0,430425702.400,0.0,13109.200,7516.200,3.973,1.824,87.750,6.368,0.0,0.085,1493170970.535,
3.632,1.643,87.802,6.823,0.0,0.100,394362060.800,2457.600,406077.600,418594873.200,0.0,0.0,11847.600,7000.600,1.400,4.200,0.0,5223477248.0,1966080.0,70421651456.0,93133099008.0,0.0,0.0,394152345.600,2457.600,11845.800,6997.800,3.632,1.643,87.806,6.819,0.0,0.100,1493170975.535,
