"Dstat 0.7.2 CSV output"
"Author:","Dag Wieers <dag@wieers.com>",,,,"URL:","http://dag.wieers.com/home-made/dstat/"
"Host:","osd1.skyhook-2osds.skyhook-pg0.wisc.cloudlab.us",,,,"User:","jlefevre"
"Cmdline:","dstat -av --epoch --integer --noheaders --output 2osds.dstat-osd1.log 5",,,,"Date:","25 Apr 2017 15:02:01 CDT"

"total cpu usage",,,,,,"dsk/total",,"net/total",,"paging",,"system",,"procs",,,"memory usage",,,,"paging",,"dsk/total",,"system",,"total cpu usage",,,,,,"epoch"
"usr","sys","idl","wai","hiq","siq","read","writ","recv","send","in","out","int","csw","run","blk","new","used","buff","cach","free","in","out","read","writ","int","csw","usr","sys","idl","wai","hiq","siq","epoch"


"Host:","osd1.skyhook-2osds.skyhook-pg0.wisc.cloudlab.us",,,,"User:","jlefevre"
"Cmdline:","dstat -av --epoch --integer --noheaders --output 2osds.dstat-osd1.log 5",,,,"Date:","25 Apr 2017 15:08:55 CDT"

"total cpu usage",,,,,,"dsk/total",,"net/total",,"paging",,"system",,"procs",,,"memory usage",,,,"paging",,"dsk/total",,"system",,"total cpu usage",,,,,,"epoch"
"usr","sys","idl","wai","hiq","siq","read","writ","recv","send","in","out","int","csw","run","blk","new","used","buff","cach","free","in","out","read","writ","int","csw","usr","sys","idl","wai","hiq","siq","epoch"
0.015,0.005,99.980,0.0,0.0,0.0,0.0,0.0,2098.800,22112.400,0.0,0.0,119.200,122.800,0.0,0.0,0.0,5172183040.0,1884160.0,70392061952.0,93214064640.0,0.0,0.0,0.0,0.0,119.200,122.800,0.015,0.0,99.985,0.0,0.0,0.0,1493163485.535,
0.305,0.415,99.265,0.005,0.0,0.010,0.0,2457.600,44488.800,82057985.0,0.0,0.0,1420.400,416.400,0.200,0.0,0.0,5378781184.0,1892352.0,70392061952.0,93007458304.0,0.0,0.0,0.0,2457.600,1420.400,416.400,0.305,0.420,99.260,0.005,0.0,0.010,1493163490.535,
0.505,0.866,98.619,0.0,0.0,0.010,0.0,0.0,99357.200,251188478.0,0.0,0.0,3790.400,753.200,0.0,0.0,0.0,5193842688.0,1892352.0,70392061952.0,93192396800.0,0.0,0.0,0.0,0.0,3793.800,753.600,0.505,0.861,98.624,0.0,0.0,0.010,1493163495.535,
0.540,0.895,98.539,0.0,0.0,0.025,0.0,3276.800,88539.400,235906820.0,0.0,0.0,3609.0,768.0,0.400,0.0,0.0,5181345792.0,1900544.0,70392061952.0,93204885504.0,0.0,0.0,0.0,3276.800,3605.600,767.600,0.540,0.895,98.539,0.0,0.0,0.025,1493163500.535,
0.656,1.046,98.273,0.005,0.0,0.020,0.0,2457.600,137067.600,271848690.600,0.0,0.0,4437.0,881.400,0.400,0.0,0.0,5210099712.0,1908736.0,70392061952.0,93176123392.0,0.0,0.0,0.0,2457.600,4437.0,881.400,0.661,1.046,98.268,0.005,0.0,0.020,1493163505.535,
0.536,0.826,98.629,0.0,0.0,0.010,0.0,0.0,94085.600,229168632.800,0.0,0.0,3650.600,785.0,0.400,0.0,0.0,5195751424.0,1908736.0,70392066048.0,93190467584.0,0.0,0.0,0.0,0.0,3659.0,785.600,0.530,0.831,98.629,0.0,0.0,0.010,1493163510.535,
0.736,1.131,98.119,0.005,0.0,0.010,0.0,2457.600,125236.0,274478767.600,0.0,0.0,4492.800,926.200,1.600,0.0,0.0,5323890688.0,1916928.0,70392066048.0,93062320128.0,0.0,0.0,0.0,2457.600,4489.800,925.800,0.736,1.126,98.123,0.005,0.0,0.010,1493163515.535,
0.556,0.926,98.508,0.0,0.0,0.010,0.0,0.0,119943.800,269006033.0,0.0,0.0,4308.600,811.600,0.400,0.0,0.0,5196918784.0,1916928.0,70392066048.0,93189292032.0,0.0,0.0,0.0,0.0,4303.400,811.800,0.561,0.926,98.503,0.0,0.0,0.010,1493163520.535,
0.715,1.171,98.089,0.010,0.0,0.015,0.0,2457.600,121010.0,270368746.200,0.0,0.0,4420.400,954.200,0.400,0.0,0.0,5365583872.0,1925120.0,70392066048.0,93020618752.0,0.0,0.0,0.0,2457.600,4420.600,954.200,0.715,1.171,98.089,0.010,0.0,0.015,1493163525.535,
0.651,1.081,98.263,0.0,0.0,0.005,0.0,0.0,123944.400,273197193.0,0.0,0.0,4463.200,919.600,0.600,0.0,0.0,5436006400.0,1925120.0,70392066048.0,92950196224.0,0.0,0.0,0.0,0.0,4464.200,919.600,0.646,1.081,98.268,0.0,0.0,0.005,1493163530.535,
0.645,1.156,98.189,0.0,0.0,0.010,0.0,4096.0,129295.800,281588735.600,0.0,0.0,4519.600,894.400,0.200,0.0,0.0,5435699200.0,1933312.0,70392066048.0,92950495232.0,0.0,0.0,0.0,4096.0,4518.400,894.400,0.645,1.156,98.189,0.0,0.0,0.010,1493163535.535,
0.561,0.891,98.533,0.005,0.0,0.010,0.0,4915.200,121419.600,246667689.800,0.0,0.0,4032.800,803.0,0.200,0.0,0.0,5406588928.0,1941504.0,70392066048.0,92979597312.0,0.0,0.0,0.0,4915.200,4033.400,803.0,0.566,0.891,98.528,0.005,0.0,0.010,1493163540.535,
0.595,0.911,98.479,0.0,0.0,0.015,0.0,0.0,94309.800,228033977.600,0.0,0.0,3574.800,782.600,0.800,0.0,0.0,5423132672.0,1941504.0,70392066048.0,92963053568.0,0.0,0.0,0.0,0.0,3574.200,782.600,0.595,0.911,98.479,0.0,0.0,0.015,1493163545.535,
0.585,0.995,98.399,0.005,0.0,0.015,0.0,2457.600,114165.200,271955418.200,0.0,0.0,4145.200,825.600,1.400,0.0,0.0,5287620608.0,1949696.0,70392066048.0,93098557440.0,0.0,0.0,0.0,2457.600,4150.800,825.800,0.580,1.001,98.399,0.005,0.0,0.015,1493163550.535,
0.620,1.050,98.309,0.0,0.0,0.020,0.0,0.0,101221.400,278011359.800,0.0,0.0,4178.400,824.400,0.400,0.0,0.0,5194326016.0,1949696.0,70392066048.0,93191852032.0,0.0,0.0,0.0,0.0,4172.600,823.800,0.620,1.045,98.315,0.0,0.0,0.020,1493163555.535,
0.515,0.820,98.650,0.005,0.0,0.010,0.0,2457.600,87199.400,211161629.400,0.0,0.0,3270.600,702.600,0.800,0.0,0.0,5178294272.0,1957888.0,70392066048.0,93207875584.0,0.0,0.0,0.0,2457.600,3270.600,702.600,0.520,0.820,98.645,0.005,0.0,0.010,1493163560.535,
0.655,1.046,98.289,0.0,0.0,0.010,0.0,0.0,127092.600,238654105.200,0.0,0.0,4039.200,871.400,1.0,0.0,0.0,5353017344.0,1957888.0,70392066048.0,93033152512.0,0.0,0.0,0.0,0.0,4040.0,871.400,0.655,1.051,98.284,0.0,0.0,0.010,1493163565.535,
0.701,1.101,98.178,0.010,0.0,0.010,0.0,3276.800,122133.600,270408951.800,0.0,0.0,4248.400,918.200,1.0,0.0,0.0,5463920640.0,1966080.0,70392066048.0,92922241024.0,0.0,0.0,0.0,3276.800,4248.200,918.600,0.696,1.096,98.188,0.010,0.0,0.010,1493163570.535,
0.590,0.951,98.449,0.0,0.0,0.010,0.0,4915.200,113108.800,258884666.800,0.0,0.0,3883.600,801.400,0.600,0.0,0.0,5357326336.0,1974272.0,70392066048.0,93028827136.0,0.0,0.0,0.0,4915.200,3883.600,801.400,0.590,0.955,98.444,0.0,0.0,0.010,1493163575.535,
0.756,1.181,98.044,0.0,0.0,0.020,0.0,0.0,138087.200,298602330.200,0.0,0.0,4729.400,965.800,0.800,0.0,0.0,5408854016.0,1974272.0,70392066048.0,92977299456.0,0.0,0.0,0.0,0.0,4731.400,966.200,0.760,1.176,98.044,0.0,0.0,0.020,1493163580.535,
0.585,0.996,98.414,0.0,0.0,0.005,0.0,2457.600,109440.600,280440073.600,0.0,0.0,4315.800,841.800,0.200,0.0,0.0,5266038784.0,1982464.0,70392066048.0,93120106496.0,0.0,0.0,0.0,2457.600,4314.600,841.600,0.581,0.996,98.419,0.0,0.0,0.005,1493163585.535,
0.650,1.021,98.309,0.0,0.0,0.020,0.0,0.0,107900.0,255468571.400,0.0,0.0,3967.400,866.200,0.600,0.0,0.0,5330804736.0,1982464.0,70392066048.0,93055340544.0,0.0,0.0,0.0,0.0,3966.800,866.0,0.651,1.021,98.309,0.0,0.0,0.020,1493163590.535,
0.520,0.966,98.499,0.0,0.0,0.015,0.0,2457.600,115129.0,260637662.200,0.0,0.0,4008.400,799.600,1.200,0.0,0.0,5223256064.0,1990656.0,70392070144.0,93162876928.0,0.0,0.0,0.0,2457.600,4012.400,800.0,0.520,0.966,98.499,0.0,0.0,0.015,1493163595.535,
0.675,1.081,98.234,0.0,0.0,0.010,0.0,0.0,106719.600,264007748.200,0.0,0.0,4075.400,877.600,0.800,0.0,0.0,5294952448.0,1990656.0,70392070144.0,93091180544.0,0.0,0.0,0.0,0.0,4077.800,877.800,0.680,1.085,98.224,0.0,0.0,0.010,1493163600.535,
0.685,1.065,98.224,0.0,0.0,0.025,0.0,4096.0,119929.400,277648047.200,0.0,0.0,4102.0,900.0,0.400,0.0,0.0,5309562880.0,1998848.0,70392070144.0,93076561920.0,0.0,0.0,0.0,4096.0,4095.0,899.400,0.680,1.061,98.234,0.0,0.0,0.025,1493163605.535,
0.681,1.066,98.218,0.010,0.0,0.025,0.0,4915.200,109689.200,260523110.600,0.0,0.0,3650.400,920.600,0.200,0.0,0.200,5465423872.0,2007040.0,70392070144.0,92920692736.0,0.0,0.0,0.0,4915.200,3653.600,920.400,0.681,1.066,98.219,0.010,0.0,0.025,1493163610.535,
0.660,1.045,98.254,0.0,0.0,0.040,0.0,0.0,143405.800,291420254.800,0.0,0.0,4045.800,909.200,1.200,0.0,0.0,5433069568.0,2007040.0,70392070144.0,92953047040.0,0.0,0.0,0.0,0.0,4043.0,909.400,0.665,1.046,98.249,0.0,0.0,0.040,1493163615.535,
0.620,1.101,98.264,0.005,0.0,0.010,0.0,2457.600,154699.0,278680745.800,0.0,0.0,4714.200,923.600,0.200,0.0,0.0,5408661504.0,2015232.0,70392070144.0,92977446912.0,0.0,0.0,0.0,2457.600,4713.600,923.200,0.620,1.100,98.264,0.005,0.0,0.010,1493163620.535,
0.575,0.866,98.549,0.0,0.0,0.010,0.0,0.0,88058.400,224136908.800,0.0,0.0,3517.600,789.400,0.400,0.0,0.0,5449515008.0,2015232.0,70392070144.0,92936593408.0,0.0,0.0,0.0,0.0,3517.600,789.400,0.570,0.866,98.554,0.0,0.0,0.010,1493163625.535,
0.606,0.951,98.313,0.120,0.0,0.010,359628.800,48332.800,112993.200,250640027.600,0.0,0.0,4123.600,966.800,0.600,0.200,1.800,5472079872.0,2465792.0,70393470976.0,92912177152.0,0.0,0.0,359628.800,48332.800,4123.600,966.800,0.611,0.951,98.308,0.120,0.0,0.010,1493163630.535,
0.676,1.151,98.158,0.010,0.0,0.005,18022.400,9011.200,133000.200,301897606.800,0.0,0.0,4821.0,999.600,0.600,0.0,0.600,5442052096.0,2473984.0,70393565184.0,92942102528.0,0.0,0.0,18022.400,9011.200,4824.600,1000.0,0.676,1.151,98.159,0.010,0.0,0.005,1493163635.535,
0.560,0.945,98.474,0.010,0.0,0.010,0.0,3276.800,113706.400,272601410.200,0.0,0.0,4100.0,815.400,0.200,0.0,0.0,5259333632.0,2482176.0,70393573376.0,93124804608.0,0.0,0.0,0.0,3276.800,4096.600,815.0,0.555,0.946,98.479,0.010,0.0,0.010,1493163640.535,
0.655,1.030,98.280,0.005,0.0,0.030,0.0,4915.200,124281.0,271289330.400,0.0,0.0,4095.800,878.400,1.400,0.0,0.0,5244661760.0,2490368.0,70393573376.0,93139468288.0,0.0,0.0,0.0,4915.200,4095.800,878.800,0.655,1.030,98.280,0.005,0.0,0.030,1493163645.535,
0.706,1.172,98.108,0.0,0.0,0.015,0.0,0.0,136511.800,284352518.600,0.0,0.0,4467.400,965.0,0.200,0.0,0.0,5428232192.0,2490368.0,70393573376.0,92955897856.0,0.0,0.0,0.0,0.0,4467.200,964.600,0.706,1.172,98.107,0.0,0.0,0.015,1493163650.535,
0.605,1.040,98.334,0.010,0.0,0.010,0.0,2457.600,109154.600,274189119.200,0.0,0.0,4154.800,859.800,1.400,0.0,0.0,5366120448.0,2498560.0,70393573376.0,93018001408.0,0.0,0.0,0.0,2457.600,4155.800,860.200,0.605,1.040,98.335,0.010,0.0,0.010,1493163655.535,
0.590,0.986,98.414,0.0,0.0,0.010,0.0,0.0,113364.600,260261756.600,0.0,0.0,4107.600,832.800,0.600,0.0,0.0,5339672576.0,2498560.0,70393573376.0,93044449280.0,0.0,0.0,0.0,0.0,4110.800,832.800,0.590,0.986,98.414,0.0,0.0,0.010,1493163660.535,
0.801,1.216,97.968,0.0,0.0,0.015,0.0,14745.600,177587.200,302862560.400,0.0,0.0,5306.400,1021.600,1.200,0.0,0.0,5478686720.0,2506752.0,70393573376.0,92905426944.0,0.0,0.0,0.0,14745.600,5308.400,1021.800,0.801,1.221,97.963,0.0,0.0,0.015,1493163665.535,
0.700,1.281,98.009,0.0,0.0,0.010,0.0,0.0,175797.200,314971999.800,0.0,0.0,5400.200,998.400,0.600,0.0,0.0,5424525312.0,2506752.0,70393573376.0,92959588352.0,0.0,0.0,0.0,0.0,5398.200,998.200,0.700,1.276,98.014,0.0,0.0,0.010,1493163670.535,
0.625,1.036,98.319,0.005,0.0,0.015,0.0,3276.800,117895.800,272052222.800,0.0,0.0,4339.800,873.200,0.200,0.0,0.0,5367197696.0,2514944.0,70393573376.0,93016907776.0,0.0,0.0,0.0,3276.800,4345.400,875.200,0.625,1.036,98.319,0.005,0.0,0.015,1493163675.535,
0.585,1.005,98.399,0.0,0.0,0.010,0.0,2457.600,70346.600,241723402.200,0.0,0.0,3571.800,794.200,0.0,0.0,0.0,5381545984.0,2523136.0,70393577472.0,93002547200.0,0.0,0.0,0.0,2457.600,3563.0,791.800,0.590,1.005,98.395,0.0,0.0,0.010,1493163680.535,
0.620,1.125,98.229,0.0,0.0,0.025,0.0,0.0,88322.0,266003883.600,0.0,0.0,4038.600,866.600,0.200,0.0,0.0,5409275904.0,2523136.0,70393577472.0,92974817280.0,0.0,0.0,0.0,0.0,4040.800,866.600,0.620,1.125,98.229,0.0,0.0,0.025,1493163685.535,
0.626,1.121,98.218,0.010,0.0,0.025,0.0,2457.600,103324.400,270625105.0,0.0,0.0,4142.200,885.0,1.0,0.0,0.0,5480005632.0,2531328.0,70393577472.0,92904079360.0,0.0,0.0,0.0,2457.600,4144.0,886.0,0.625,1.126,98.214,0.010,0.0,0.025,1493163690.535,
0.741,1.081,98.163,0.0,0.0,0.015,0.0,0.0,148954.0,292217038.800,0.0,0.0,4838.0,947.600,0.400,0.0,0.0,5505830912.0,2531328.0,70393577472.0,92878254080.0,0.0,0.0,0.0,0.0,4834.600,946.600,0.736,1.081,98.168,0.0,0.0,0.015,1493163695.535,
0.675,1.115,98.179,0.010,0.0,0.020,0.0,2457.600,114132.200,288991370.600,0.0,0.0,4461.600,901.400,1.0,0.0,0.0,5459927040.0,2539520.0,70393577472.0,92924149760.0,0.0,0.0,0.0,2457.600,4460.800,901.800,0.675,1.116,98.179,0.010,0.0,0.020,1493163700.535,
0.546,0.966,98.474,0.0,0.0,0.015,0.0,0.0,100877.400,259456075.600,0.0,0.0,3811.0,792.0,1.0,0.0,0.0,5370023936.0,2539520.0,70393577472.0,93014052864.0,0.0,0.0,0.0,0.0,3810.600,792.0,0.551,0.961,98.474,0.0,0.0,0.015,1493163705.535,
0.555,0.951,98.469,0.005,0.0,0.020,0.0,4096.0,94737.0,258904714.600,0.0,0.0,3827.600,797.600,1.0,0.0,0.0,5266644992.0,2547712.0,70393577472.0,93117423616.0,0.0,0.0,0.0,4096.0,3827.800,797.800,0.550,0.956,98.469,0.005,0.0,0.020,1493163710.535,
0.360,0.580,99.050,0.0,0.0,0.010,0.0,4915.200,51806.600,154867250.200,0.0,0.0,2333.200,538.800,0.200,0.0,0.0,5251895296.0,2555904.0,70393577472.0,93132165120.0,0.0,0.0,0.0,4915.200,2333.400,538.600,0.360,0.575,99.055,0.0,0.0,0.010,1493163715.535,
0.490,0.826,98.674,0.0,0.0,0.010,0.0,0.0,77684.400,206075918.0,0.0,0.0,3227.400,722.0,0.400,0.0,0.0,5304094720.0,2555904.0,70393577472.0,93079965696.0,0.0,0.0,0.0,0.0,3228.0,722.200,0.490,0.826,98.674,0.0,0.0,0.010,1493163720.535,
0.551,0.921,98.518,0.010,0.0,0.0,0.0,2457.600,106326.400,254326655.200,0.0,0.0,3985.600,794.400,0.400,0.0,0.0,5231419392.0,2564096.0,70393577472.0,93152632832.0,0.0,0.0,0.0,2457.600,3984.800,794.200,0.551,0.926,98.514,0.010,0.0,0.0,1493163725.535,
0.475,0.791,98.729,0.0,0.0,0.005,0.0,0.0,98735.600,208475742.600,0.0,0.0,3490.600,721.200,0.400,0.0,0.0,5224812544.0,2564096.0,70393577472.0,93159239680.0,0.0,0.0,0.0,0.0,3490.0,720.800,0.475,0.786,98.734,0.0,0.0,0.005,1493163730.535,
0.560,0.930,98.465,0.005,0.0,0.040,0.0,2457.600,109321.800,236014089.600,0.0,0.0,3888.800,796.800,0.600,0.0,0.0,5251383296.0,2572288.0,70393577472.0,93132660736.0,0.0,0.0,0.0,2457.600,3895.400,797.400,0.565,0.935,98.455,0.005,0.0,0.040,1493163735.535,
0.600,0.841,98.539,0.0,0.0,0.020,0.0,0.0,102403.600,221753686.800,0.0,0.0,3672.200,773.800,0.200,0.0,0.0,5311033344.0,2572288.0,70393577472.0,93073010688.0,0.0,0.0,0.0,0.0,3669.200,773.200,0.600,0.836,98.544,0.0,0.0,0.020,1493163740.535,
0.565,1.010,98.380,0.010,0.0,0.035,0.0,3276.800,89374.200,250982455.200,0.0,0.0,3787.400,836.0,0.200,0.0,0.0,5297020928.0,2580480.0,70393577472.0,93087014912.0,0.0,0.0,0.0,3276.800,3784.0,836.0,0.560,1.010,98.384,0.010,0.0,0.035,1493163745.535,
0.630,1.100,98.250,0.005,0.0,0.015,0.0,4915.200,104279.200,255568841.0,0.0,0.0,4089.0,878.400,0.800,0.0,0.200,5364142080.0,2588672.0,70393577472.0,93019885568.0,0.0,0.0,0.0,4915.200,4092.200,879.200,0.630,1.100,98.249,0.005,0.0,0.015,1493163750.535,
0.721,1.096,98.174,0.0,0.0,0.010,0.0,0.0,105458.400,263265166.800,0.0,0.0,4216.0,902.200,0.800,0.0,0.0,5461172224.0,2588672.0,70393577472.0,92922855424.0,0.0,0.0,0.0,0.0,4218.400,901.800,0.720,1.096,98.174,0.0,0.0,0.010,1493163755.535,
0.560,0.926,98.509,0.0,0.0,0.005,0.0,2457.600,116020.600,257674423.800,0.0,0.0,4070.200,785.800,0.400,0.0,0.0,5319241728.0,2596864.0,70393577472.0,93064777728.0,0.0,0.0,0.0,2457.600,4064.400,785.400,0.565,0.926,98.504,0.0,0.0,0.005,1493163760.535,
0.621,1.061,98.309,0.0,0.0,0.010,0.0,0.0,125817.200,262741097.600,0.0,0.0,4261.0,885.200,0.800,0.0,0.0,5347680256.0,2596864.0,70393581568.0,93036335104.0,0.0,0.0,0.0,0.0,4261.0,885.200,0.616,1.061,98.313,0.0,0.0,0.010,1493163765.535,
0.620,0.971,98.394,0.005,0.0,0.010,0.0,2457.600,103658.200,257812711.800,0.0,0.0,3975.0,842.400,0.600,0.0,0.0,5319987200.0,2605056.0,70393581568.0,93064019968.0,0.0,0.0,0.0,2457.600,3975.0,842.400,0.620,0.971,98.394,0.005,0.0,0.010,1493163770.535,
0.050,0.110,99.835,0.0,0.0,0.005,0.0,0.0,18587.800,45343938.400,0.0,0.0,766.600,196.0,0.0,0.0,0.0,5187018752.0,2605056.0,70393581568.0,93196988416.0,0.0,0.0,0.0,0.0,766.600,196.0,0.050,0.110,99.835,0.0,0.0,0.005,1493163775.535,
