"Dstat 0.7.2 CSV output"
"Author:","Dag Wieers <dag@wieers.com>",,,,"URL:","http://dag.wieers.com/home-made/dstat/"
"Host:","client0.skyhook-2osds.skyhook-pg0.wisc.cloudlab.us",,,,"User:","jlefevre"
"Cmdline:","dstat -av --epoch --integer --noheaders --output 2osds.dstat-client0.log 5",,,,"Date:","25 Apr 2017 15:01:58 CDT"

"total cpu usage",,,,,,"dsk/total",,"net/total",,"paging",,"system",,"procs",,,"memory usage",,,,"paging",,"dsk/total",,"system",,"total cpu usage",,,,,,"epoch"
"usr","sys","idl","wai","hiq","siq","read","writ","recv","send","in","out","int","csw","run","blk","new","used","buff","cach","free","in","out","read","writ","int","csw","usr","sys","idl","wai","hiq","siq","epoch"


"Host:","client0.skyhook-2osds.skyhook-pg0.wisc.cloudlab.us",,,,"User:","jlefevre"
"Cmdline:","dstat -av --epoch --integer --noheaders --output 2osds.dstat-client0.log 5",,,,"Date:","25 Apr 2017 15:08:47 CDT"

"total cpu usage",,,,,,"dsk/total",,"net/total",,"paging",,"system",,"procs",,,"memory usage",,,,"paging",,"dsk/total",,"system",,"total cpu usage",,,,,,"epoch"
"usr","sys","idl","wai","hiq","siq","read","writ","recv","send","in","out","int","csw","run","blk","new","used","buff","cach","free","in","out","read","writ","int","csw","usr","sys","idl","wai","hiq","siq","epoch"
0.075,0.050,99.870,0.0,0.0,0.005,0.0,6553.600,44496.600,4351.800,0.0,0.0,937.0,7079.800,0.800,0.0,0.600,5469421568.0,200912896.0,1.47323461632e+11,15786397696.0,0.0,0.0,0.0,6553.600,937.0,7094.400,0.075,0.050,99.870,0.0,0.0,0.005,1493160862.604,
0.421,2.287,97.102,0.020,0.0,0.170,0.0,27852.800,224516834.600,90530.200,0.0,0.0,13275.800,9316.200,1.200,0.0,5.200,5631692800.0,200921088.0,1.47323506688e+11,15624073216.0,0.0,0.0,0.0,27852.800,13275.800,9302.0,0.421,2.287,97.102,0.020,0.0,0.170,1493160867.604,
0.758,3.955,94.986,0.020,0.0,0.281,0.0,89292.800,464013652.400,158690.600,0.0,0.0,9165.0,10892.800,2.600,0.0,0.0,5648035840.0,200921088.0,1.4732363776e+11,15607599104.0,0.0,0.0,0.0,89292.800,9169.600,10896.200,0.758,3.959,94.982,0.020,0.0,0.281,1493160872.604,
0.767,3.893,94.195,0.080,0.0,1.065,0.0,97484.800,480722271.0,167781.800,0.0,0.0,9453.200,11385.0,2.200,0.0,0.0,5641166848.0,200929280.0,1.47323850752e+11,15614246912.0,0.0,0.0,0.0,97484.800,9453.0,11402.400,0.767,3.893,94.190,0.080,0.0,1.070,1493160877.604,
0.750,3.811,94.708,0.090,0.0,0.640,0.0,107315.200,497580155.200,162683.0,0.0,0.0,9669.600,11370.400,2.400,0.0,0.0,5640077312.0,200949760.0,1.47324035072e+11,15615131648.0,0.0,0.0,0.0,107315.200,9678.400,11355.200,0.755,3.806,94.713,0.090,0.0,0.635,1493160882.604,
0.731,3.747,95.006,0.075,0.0,0.441,0.0,93388.800,460737725.0,167286.600,0.0,0.0,9132.0,11757.600,2.600,0.0,0.0,5642944512.0,200953856.0,1.47324215296e+11,15612080128.0,0.0,0.0,0.0,93388.800,9119.200,11752.0,0.726,3.751,95.007,0.075,0.0,0.441,1493160887.604,
0.757,3.953,94.939,0.085,0.0,0.266,0.0,96665.600,477190724.200,151877.800,0.0,0.0,9227.200,11101.400,2.600,0.0,0.0,5639593984.0,200962048.0,1.47324399616e+11,15615238144.0,0.0,0.0,0.0,96665.600,9231.400,11142.600,0.763,3.943,94.943,0.085,0.0,0.266,1493160892.604,
0.757,3.900,94.892,0.070,0.0,0.381,0.0,95846.400,490182357.200,157117.800,0.0,0.0,9420.400,11640.0,1.800,0.0,0.0,5629702144.0,200978432.0,1.4732457984e+11,15624933376.0,0.0,0.0,0.0,95846.400,9417.800,11604.800,0.752,3.905,94.887,0.070,0.0,0.386,1493160897.604,
0.742,3.871,94.950,0.090,0.0,0.346,0.0,95846.400,469753795.400,148631.400,0.0,0.0,9083.600,11280.400,2.0,0.0,0.0,5643112448.0,200986624.0,1.4732476416e+11,15611330560.0,0.0,0.0,0.0,95846.400,9081.400,11274.400,0.742,3.872,94.955,0.090,0.0,0.341,1493160902.604,
0.653,3.957,95.063,0.075,0.0,0.251,0.0,96665.600,461370877.600,166851.600,0.0,0.0,8978.600,11459.0,2.800,0.0,0.0,5649395712.0,200986624.0,1.47324940288e+11,15604871168.0,0.0,0.0,0.0,96665.600,8981.400,11520.800,0.653,3.962,95.059,0.075,0.0,0.251,1493160907.604,
0.758,3.875,95.001,0.090,0.0,0.276,0.0,98304.0,525226366.0,181289.0,0.0,0.0,9905.0,13080.0,1.600,0.0,0.200,5643489280.0,200998912.0,1.47325128704e+11,15610576896.0,0.0,0.0,0.0,98304.0,9908.200,13019.0,0.758,3.875,95.001,0.090,0.0,0.276,1493160912.604,
0.738,3.831,95.095,0.075,0.0,0.261,0.0,113868.800,511137635.400,174104.0,0.0,0.0,9836.800,12578.400,2.400,0.0,0.0,5652267008.0,201007104.0,1.473253376e+11,15601582080.0,0.0,0.0,0.0,113868.800,9830.800,12578.200,0.738,3.830,95.095,0.075,0.0,0.261,1493160917.604,
0.723,3.875,95.091,0.065,0.0,0.246,0.0,94208.0,484191592.0,174748.800,0.0,0.0,9214.400,12068.600,2.400,0.0,0.0,5645262848.0,201027584.0,1.47325513728e+11,15608389632.0,0.0,0.0,0.0,94208.0,9215.400,12094.0,0.723,3.870,95.095,0.065,0.0,0.246,1493160922.604,
0.753,3.837,95.074,0.065,0.0,0.271,0.0,98304.0,507128896.800,168806.800,0.0,0.0,9859.400,11818.0,2.0,0.0,0.0,5655216128.0,201048064.0,1.4732570624e+11,15598223360.0,0.0,0.0,0.0,98304.0,9860.200,11794.0,0.753,3.831,95.079,0.065,0.0,0.271,1493160927.604,
0.758,3.734,95.228,0.020,0.0,0.261,0.0,93388.800,466276467.400,183229.0,0.0,0.0,8943.400,12300.200,2.0,0.0,0.0,5640908800.0,201048064.0,1.47325886464e+11,15612350464.0,0.0,0.0,0.0,93388.800,8946.800,12298.800,0.763,3.738,95.218,0.020,0.0,0.261,1493160932.604,
0.752,3.732,95.174,0.030,0.0,0.311,0.0,99123.200,489196764.400,184236.800,0.0,0.0,9297.400,12449.0,2.0,0.0,0.0,5651554304.0,201060352.0,1.47326083072e+11,15601496064.0,0.0,0.0,0.0,99123.200,9299.800,12498.400,0.748,3.728,95.183,0.030,0.0,0.311,1493160937.604,
0.693,3.598,95.358,0.030,0.0,0.321,0.0,94208.0,443582634.200,163276.0,0.0,0.0,8959.800,11685.400,2.200,0.0,0.0,5642571776.0,201068544.0,1.47326267392e+11,15610286080.0,0.0,0.0,0.0,94208.0,8961.800,11636.0,0.692,3.607,95.339,0.030,0.0,0.331,1493160942.604,
0.682,3.649,95.268,0.040,0.0,0.361,0.0,95027.200,404954823.0,165666.600,0.0,0.0,8511.200,11330.0,2.200,0.0,0.0,5638516736.0,201084928.0,1.47326439424e+11,15614152704.0,0.0,0.0,0.0,95027.200,8503.400,11329.400,0.687,3.644,95.278,0.040,0.0,0.351,1493160947.604,
0.738,3.756,95.149,0.050,0.0,0.306,0.0,108134.400,494400188.200,196019.0,0.0,0.0,9949.400,12428.600,2.0,0.0,0.0,5635964928.0,201121792.0,1.47326631936e+11,15616475136.0,0.0,0.0,0.0,108134.400,9949.400,12442.800,0.733,3.752,95.158,0.050,0.0,0.306,1493160952.604,
0.738,3.564,95.372,0.055,0.0,0.271,0.0,96665.600,463854670.800,178183.800,0.0,0.0,9089.800,12297.800,1.400,0.0,0.0,5643055104.0,201146368.0,1.47326816256e+11,15609176064.0,0.0,0.0,0.0,96665.600,9089.800,12284.800,0.743,3.568,95.363,0.055,0.0,0.271,1493160957.604,
0.784,3.627,95.279,0.060,0.0,0.251,0.0,97484.800,498494349.200,197253.0,0.0,0.0,10051.400,12853.600,1.800,0.0,0.0,5653626880.0,201158656.0,1.47327004672e+11,15598403584.0,0.0,0.0,0.0,97484.800,10049.600,12852.400,0.779,3.632,95.278,0.060,0.0,0.251,1493160962.604,
0.753,3.751,95.115,0.055,0.0,0.326,0.0,95846.400,527190542.800,210916.0,0.0,0.0,10738.800,13124.600,2.400,0.0,0.0,5650550784.0,201158656.0,1.4732720128e+11,15601283072.0,0.0,0.0,0.0,95846.400,10742.0,13166.0,0.753,3.755,95.110,0.055,0.0,0.326,1493160967.604,
0.834,3.629,94.798,0.487,0.0,0.251,0.0,9737830.400,525651261.600,262393.0,0.0,0.0,11036.800,14593.0,1.800,0.200,0.0,5636636672.0,201244672.0,1.47315068928e+11,15627243520.0,0.0,0.0,0.0,9737830.400,11045.800,14569.600,0.839,3.619,94.803,0.488,0.0,0.251,1493160972.604,
0.890,3.514,95.354,0.040,0.0,0.201,0.0,94208.0,573593289.200,326929.0,0.0,0.0,12186.800,16554.200,2.200,0.0,0.0,5646516224.0,201252864.0,1.47315269632e+11,15617155072.0,0.0,0.0,0.0,94208.0,12180.200,16542.800,0.885,3.519,95.354,0.040,0.0,0.201,1493160977.604,
0.859,3.341,95.468,0.085,0.0,0.246,0.0,104038.400,601406316.0,328607.0,0.0,0.0,12259.400,17499.800,1.800,0.0,0.0,5640110080.0,201269248.0,1.4731546624e+11,15623348224.0,0.0,0.0,0.0,104038.400,12266.0,17523.800,0.864,3.337,95.468,0.085,0.0,0.246,1493160982.604,
0.828,3.484,95.331,0.080,0.0,0.276,0.0,142540.800,574845773.200,299885.800,0.0,0.0,11707.600,16060.200,2.0,0.0,0.0,5650382848.0,201289728.0,1.47315634176e+11,15612887040.0,0.0,0.0,0.0,142540.800,11705.200,16036.200,0.828,3.484,95.331,0.080,0.0,0.276,1493160987.604,
0.813,3.419,95.497,0.075,0.0,0.196,0.0,94208.0,552155197.400,296625.600,0.0,0.0,10954.600,15975.0,1.200,0.0,0.0,5639270400.0,201297920.0,1.47315879936e+11,15623745536.0,0.0,0.0,0.0,94208.0,10946.0,15976.200,0.808,3.424,95.497,0.075,0.0,0.196,1493160992.604,
0.892,3.262,95.235,0.060,0.0,0.551,0.0,98304.0,588881603.400,349102.600,0.0,0.0,12013.200,17295.400,1.600,0.0,0.0,5645643776.0,201306112.0,1.47316072448e+11,15617171456.0,0.0,0.0,0.0,98304.0,12012.0,17288.400,0.892,3.257,95.240,0.060,0.0,0.551,1493160997.604,
0.834,3.580,95.285,0.075,0.0,0.226,0.0,99123.200,565910594.0,270020.0,0.0,0.0,11338.200,15377.600,2.0,0.0,0.0,5652402176.0,201306112.0,1.47316281344e+11,15610204160.0,0.0,0.0,0.0,99123.200,11341.0,15379.200,0.834,3.585,95.280,0.075,0.0,0.226,1493161002.604,
0.864,3.596,95.234,0.060,0.0,0.246,0.0,99942.400,514144476.800,236672.400,0.0,0.0,10453.400,13977.400,1.800,0.0,0.0,5655855104.0,201322496.0,1.47316482048e+11,15606534144.0,0.0,0.0,0.0,99942.400,10452.400,13991.0,0.864,3.591,95.238,0.060,0.0,0.246,1493161007.604,
0.748,3.573,95.378,0.040,0.0,0.261,0.0,94208.0,478682748.800,225853.600,0.0,0.0,9629.200,13076.800,2.0,0.0,0.0,5648134144.0,201338880.0,1.47316625408e+11,15614095360.0,0.0,0.0,0.0,94208.0,9627.400,13060.800,0.748,3.578,95.373,0.040,0.0,0.261,1493161012.604,
0.657,3.312,95.735,0.030,0.0,0.266,0.0,98304.0,458233778.200,175517.800,0.0,0.0,8689.600,12409.800,2.0,0.0,0.0,5637074944.0,201371648.0,1.47316854784e+11,15624892416.0,0.0,0.0,0.0,98304.0,8690.800,12409.800,0.662,3.307,95.735,0.030,0.0,0.266,1493161017.604,
0.835,3.645,95.178,0.060,0.0,0.282,0.0,108134.400,526655516.400,267952.0,0.0,0.0,11332.200,14163.0,2.0,0.0,0.0,5645967360.0,201396224.0,1.47317026816e+11,15615803392.0,0.0,0.0,0.0,108134.400,11331.600,14170.400,0.830,3.650,95.178,0.060,0.0,0.282,1493161022.604,
0.840,3.638,94.733,0.040,0.0,0.750,0.0,97484.800,548340449.600,257033.800,0.0,0.0,11341.400,14278.800,2.0,0.0,0.0,5647654912.0,201404416.0,1.4731722752e+11,15613906944.0,0.0,0.0,0.0,97484.800,11341.200,14272.0,0.839,3.638,94.733,0.040,0.0,0.750,1493161027.604,
0.782,3.280,95.486,0.045,0.0,0.406,0.0,101580.800,587209095.600,332241.800,0.0,0.0,11512.200,17439.0,1.400,0.0,0.0,5647769600.0,201416704.0,1.47317440512e+11,15613566976.0,0.0,0.0,0.0,101580.800,11513.800,17439.0,0.782,3.285,95.481,0.045,0.0,0.406,1493161032.604,
0.853,3.659,95.206,0.045,0.0,0.236,0.0,95027.200,555334852.0,249845.200,0.0,0.0,11056.600,14901.0,1.600,0.0,0.0,5642653696.0,201420800.0,1.47317628928e+11,15618490368.0,0.0,0.0,0.0,95027.200,11064.400,14917.800,0.853,3.650,95.216,0.045,0.0,0.236,1493161037.604,
0.813,3.683,95.108,0.050,0.0,0.346,0.0,98304.0,516498022.800,221606.800,0.0,0.0,10286.0,13144.800,1.600,0.0,0.0,5636513792.0,201437184.0,1.4731782144e+11,15624421376.0,0.0,0.0,0.0,98304.0,10285.600,13140.200,0.818,3.678,95.108,0.050,0.0,0.346,1493161042.604,
0.792,3.474,95.358,0.020,0.0,0.356,0.0,98304.0,535984582.200,250740.800,0.0,0.0,10429.600,14873.600,1.600,0.0,0.0,5650157568.0,201437184.0,1.47318018048e+11,15610580992.0,0.0,0.0,0.0,98304.0,10425.600,14865.0,0.787,3.479,95.358,0.020,0.0,0.356,1493161047.604,
0.803,3.385,95.561,0.030,0.0,0.221,0.0,101580.800,521460509.400,263431.0,0.0,0.0,10308.800,14900.200,2.0,0.0,0.0,5643948032.0,201469952.0,1.47318218752e+11,15616557056.0,0.0,0.0,0.0,101580.800,10307.600,14909.400,0.803,3.385,95.561,0.030,0.0,0.221,1493161052.604,
0.868,3.419,95.377,0.095,0.0,0.241,0.0,2665676.800,585438291.0,334596.800,0.0,0.0,11887.0,17125.400,2.0,0.200,0.0,5641900032.0,201502720.0,1.47314802688e+11,15621988352.0,0.0,0.0,0.0,2665676.800,11885.800,17111.800,0.868,3.423,95.372,0.095,0.0,0.241,1493161057.604,
0.849,3.225,95.690,0.015,0.0,0.221,0.0,95846.400,620570317.600,357755.800,0.0,0.0,12462.800,18685.600,1.600,0.0,0.0,5648809984.0,201515008.0,1.47315007488e+11,15614861312.0,0.0,0.0,0.0,95846.400,12460.0,18687.400,0.849,3.220,95.695,0.015,0.0,0.221,1493161062.604,
0.944,3.475,95.285,0.030,0.0,0.266,0.0,103219.200,573712424.0,290562.0,0.0,0.0,11458.200,15989.0,2.0,0.0,0.0,5637242880.0,201531392.0,1.4731526144e+11,15626158080.0,0.0,0.0,0.0,103219.200,11463.400,15987.400,0.944,3.475,95.284,0.030,0.0,0.266,1493161067.604,
0.844,3.290,95.002,0.030,0.0,0.834,0.0,99942.400,617826295.600,383502.400,0.0,0.0,12585.800,18271.800,2.0,0.0,0.0,5646217216.0,201555968.0,1.47315474432e+11,15616946176.0,0.0,0.0,0.0,99942.400,12582.400,18271.800,0.844,3.285,95.007,0.030,0.0,0.834,1493161072.604,
0.838,3.060,95.621,0.035,0.0,0.446,0.0,101580.800,583174510.600,344337.200,0.0,0.0,11573.600,17324.800,2.400,0.0,0.200,5640830976.0,201568256.0,1.47315679232e+11,15622115328.0,0.0,0.0,0.0,101580.800,11572.0,17326.0,0.837,3.069,95.612,0.035,0.0,0.446,1493161077.604,
0.814,3.280,95.641,0.050,0.0,0.216,0.0,101580.800,537008993.800,295980.400,0.0,0.0,11018.600,15752.400,2.0,0.0,0.400,5631561728.0,201568256.0,1.47315884032e+11,15631179776.0,0.0,0.0,0.0,101580.800,11023.200,15767.400,0.814,3.275,95.645,0.050,0.0,0.216,1493161082.604,
0.789,3.496,95.358,0.075,0.0,0.281,0.0,107315.200,528031061.400,265635.200,0.0,0.0,10724.0,14493.200,1.800,0.0,0.0,5657169920.0,201584640.0,1.4731608064e+11,15605358592.0,0.0,0.0,0.0,107315.200,10720.400,14477.200,0.794,3.496,95.353,0.075,0.0,0.281,1493161087.604,
0.789,3.400,95.530,0.075,0.0,0.206,0.0,136806.400,522625520.400,299796.200,0.0,0.0,10787.400,15102.800,1.200,0.0,0.600,5638782976.0,201596928.0,1.47316269056e+11,15623544832.0,0.0,0.0,0.0,136806.400,10795.800,15115.600,0.783,3.405,95.530,0.075,0.0,0.206,1493161092.604,
0.844,3.345,95.475,0.090,0.0,0.246,0.0,105676.800,494986961.400,244626.200,0.0,0.0,10505.400,13221.200,1.600,0.0,0.0,5657313280.0,201601024.0,1.47316461568e+11,15604817920.0,0.0,0.0,0.0,105676.800,10496.600,13212.200,0.844,3.340,95.480,0.090,0.0,0.246,1493161097.604,
0.842,3.146,95.361,0.095,0.0,0.556,0.0,98304.0,605152971.0,387181.400,0.0,0.0,12402.800,18394.200,1.200,0.0,0.400,5644705792.0,201617408.0,1.47316645888e+11,15617224704.0,0.0,0.0,0.0,98304.0,12410.200,18397.400,0.841,3.151,95.357,0.095,0.0,0.556,1493161102.604,
0.778,3.078,95.817,0.110,0.0,0.216,0.0,901939.200,565910333.200,315349.400,0.0,0.0,11067.800,17125.800,2.0,0.0,0.0,5646127104.0,201633792.0,1.47316707328e+11,15615725568.0,0.0,0.0,0.0,901939.200,11060.200,17120.400,0.783,3.073,95.817,0.110,0.0,0.216,1493161107.604,
0.797,3.118,95.474,0.070,0.0,0.541,0.0,105676.800,606959588.400,349310.400,0.0,0.0,13055.200,17768.200,2.200,0.0,0.600,5651476480.0,201654272.0,1.47316916224e+11,15610146816.0,0.0,0.0,0.0,105676.800,13063.0,17777.200,0.797,3.122,95.464,0.070,0.0,0.546,1493161112.604,
0.919,2.988,95.676,0.040,0.0,0.377,0.0,106496.0,613657881.0,396893.400,0.0,0.0,12478.200,19024.600,2.0,0.0,0.0,5658415104.0,201674752.0,1.4731712512e+11,15602978816.0,0.0,0.0,0.0,106496.0,12470.200,19016.400,0.919,2.989,95.680,0.040,0.0,0.372,1493161117.604,
0.957,3.083,95.744,0.010,0.0,0.207,0.0,109772.800,621382629.200,462779.600,0.0,0.0,13998.400,19093.800,2.400,0.0,0.400,5645467648.0,201678848.0,1.47317297152e+11,15615750144.0,0.0,0.0,0.0,109772.800,13998.600,19093.400,0.952,3.083,95.749,0.010,0.0,0.207,1493161122.604,
0.946,3.070,95.682,0.060,0.0,0.242,0.0,131072.0,632051191.600,465491.400,0.0,0.0,13594.600,20029.200,1.200,0.0,0.200,5646000128.0,201695232.0,1.473175552e+11,15614943232.0,0.0,0.0,0.0,131072.0,13593.800,20026.800,0.946,3.065,95.687,0.060,0.0,0.242,1493161127.604,
0.914,3.150,95.660,0.010,0.0,0.266,0.0,108953.600,570409821.600,374744.200,0.0,0.0,12007.600,17260.200,1.800,0.0,0.400,5641822208.0,201707520.0,1.47317772288e+11,15618891776.0,0.0,0.0,0.0,108953.600,12013.800,17261.600,0.914,3.154,95.655,0.010,0.0,0.266,1493161132.604,
0.854,3.260,95.621,0.030,0.0,0.236,0.0,106496.0,576877726.200,311031.400,0.0,0.0,11588.400,16451.400,1.400,0.0,0.400,5654609920.0,201736192.0,1.473179648e+11,15605882880.0,0.0,0.0,0.0,106496.0,11584.400,16451.600,0.859,3.255,95.620,0.030,0.0,0.236,1493161137.604,
0.850,3.567,95.361,0.025,0.0,0.196,0.0,104857.600,541237575.600,301905.400,0.0,0.0,11787.600,14933.400,2.400,0.0,0.0,5644525568.0,201752576.0,1.473181696e+11,15615746048.0,0.0,0.0,0.0,104857.600,11788.600,14937.0,0.850,3.562,95.367,0.025,0.0,0.196,1493161142.604,
0.080,0.271,99.614,0.025,0.0,0.010,0.0,92569.600,25625185.200,13160.800,0.0,0.0,1377.800,7222.400,0.200,0.0,1.400,5468086272.0,201764864.0,1.47318276096e+11,15792066560.0,0.0,0.0,0.0,92569.600,1374.600,7217.0,0.075,0.276,99.614,0.025,0.0,0.010,1493161147.604,
