"Dstat 0.7.2 CSV output"
"Author:","Dag Wieers <dag@wieers.com>",,,,"URL:","http://dag.wieers.com/home-made/dstat/"
"Host:","client0.skyhook-2osds.skyhook-pg0.wisc.cloudlab.us",,,,"User:","jlefevre"
"Cmdline:","dstat -av --epoch --integer --noheaders --output 2osds.dstat-client0.log 5",,,,"Date:","25 Apr 2017 15:01:58 CDT"

"total cpu usage",,,,,,"dsk/total",,"net/total",,"paging",,"system",,"procs",,,"memory usage",,,,"paging",,"dsk/total",,"system",,"total cpu usage",,,,,,"epoch"
"usr","sys","idl","wai","hiq","siq","read","writ","recv","send","in","out","int","csw","run","blk","new","used","buff","cach","free","in","out","read","writ","int","csw","usr","sys","idl","wai","hiq","siq","epoch"


"Host:","client0.skyhook-2osds.skyhook-pg0.wisc.cloudlab.us",,,,"User:","jlefevre"
"Cmdline:","dstat -av --epoch --integer --noheaders --output 2osds.dstat-client0.log 5",,,,"Date:","25 Apr 2017 15:08:47 CDT"

"total cpu usage",,,,,,"dsk/total",,"net/total",,"paging",,"system",,"procs",,,"memory usage",,,,"paging",,"dsk/total",,"system",,"total cpu usage",,,,,,"epoch"
"usr","sys","idl","wai","hiq","siq","read","writ","recv","send","in","out","int","csw","run","blk","new","used","buff","cach","free","in","out","read","writ","int","csw","usr","sys","idl","wai","hiq","siq","epoch"
0.070,0.055,99.865,0.005,0.0,0.005,0.0,24576.0,43901.0,4333.400,0.0,0.0,1206.0,7216.600,1.400,0.0,0.600,5467004928.0,199020544.0,1.47312607232e+11,15801561088.0,0.0,0.0,0.0,24576.0,1206.400,7231.800,0.070,0.055,99.865,0.005,0.0,0.005,1493160297.604,
0.070,0.045,99.875,0.005,0.0,0.005,0.0,8192.0,44171.600,3811.200,0.0,0.0,1019.0,7248.800,0.600,0.0,3.400,5475172352.0,199020544.0,1.47312607232e+11,15793393664.0,0.0,0.0,0.0,8192.0,1018.800,7233.600,0.075,0.045,99.870,0.005,0.0,0.005,1493160302.604,
0.070,0.065,99.830,0.030,0.0,0.005,0.0,80281.600,82569.200,40543.0,0.0,0.0,1394.600,8102.600,0.400,0.0,2.0,5476184064.0,199041024.0,1.4731276288e+11,15792205824.0,0.0,0.0,0.0,80281.600,1394.600,8103.0,0.065,0.065,99.835,0.030,0.0,0.005,1493160307.604,
0.060,0.065,99.860,0.010,0.0,0.005,0.0,113049.600,91331.400,39559.200,0.0,0.0,1387.0,8065.800,0.200,0.0,0.0,5475692544.0,199053312.0,1.4731302912e+11,15792418816.0,0.0,0.0,0.0,113049.600,1386.800,8065.400,0.060,0.065,99.860,0.010,0.0,0.005,1493160312.604,
0.080,0.065,99.830,0.020,0.0,0.005,0.0,112230.400,91321.0,39585.0,0.0,0.0,1409.400,8120.800,0.0,0.0,0.0,5475532800.0,199061504.0,1.47313283072e+11,15792316416.0,0.0,0.0,0.0,112230.400,1409.400,8120.800,0.080,0.065,99.830,0.020,0.0,0.005,1493160317.604,
0.070,0.060,99.835,0.025,0.0,0.010,0.0,145817.600,92303.200,40700.200,0.0,0.0,1411.0,8049.0,0.0,0.0,0.0,5475192832.0,199069696.0,1.47313537024e+11,15792394240.0,0.0,0.0,0.0,145817.600,1411.400,8052.0,0.070,0.060,99.835,0.025,0.0,0.010,1493160322.604,
0.065,0.050,99.860,0.015,0.0,0.010,0.0,113868.800,93521.0,40915.0,0.0,0.0,1414.800,8340.400,0.200,0.0,0.0,5475176448.0,199077888.0,1.47313799168e+11,15792140288.0,0.0,0.0,0.0,113868.800,1414.800,8348.600,0.065,0.045,99.865,0.015,0.0,0.010,1493160327.604,
0.080,0.045,99.835,0.040,0.0,0.0,0.0,114688.0,93866.800,40502.200,0.0,0.0,1437.600,8579.0,0.0,0.0,0.0,5475008512.0,199098368.0,1.473140736e+11,15792013312.0,0.0,0.0,0.0,114688.0,1437.200,8567.800,0.080,0.050,99.830,0.040,0.0,0.0,1493160332.604,
0.085,0.060,99.840,0.005,0.0,0.010,0.0,107315.200,91535.0,40417.800,0.0,0.0,1463.200,8196.400,0.0,0.0,0.0,5474570240.0,199114752.0,1.47314323456e+11,15792185344.0,0.0,0.0,0.0,107315.200,1463.200,8196.400,0.085,0.060,99.840,0.005,0.0,0.010,1493160337.604,
0.070,0.075,99.845,0.010,0.0,0.0,0.0,113868.800,91584.200,39057.200,0.0,0.0,1369.200,8231.0,1.0,0.0,0.200,5474430976.0,199122944.0,1.47314597888e+11,15792041984.0,0.0,0.0,0.0,113868.800,1370.600,8244.800,0.070,0.075,99.845,0.010,0.0,0.0,1493160342.604,
0.080,0.060,99.845,0.015,0.0,0.0,0.0,111411.200,92828.0,39215.800,0.0,0.0,1435.200,8342.200,0.0,0.0,0.0,5474271232.0,199122944.0,1.47314868224e+11,15791931392.0,0.0,0.0,0.0,111411.200,1433.800,8328.400,0.080,0.060,99.845,0.015,0.0,0.0,1493160347.604,
0.085,0.070,99.820,0.015,0.0,0.010,0.0,111411.200,92687.400,41324.400,0.0,0.0,1387.800,8329.400,0.400,0.0,0.0,5474136064.0,199131136.0,1.47315122176e+11,15791804416.0,0.0,0.0,0.0,111411.200,1388.0,8329.400,0.085,0.070,99.820,0.015,0.0,0.010,1493160352.604,
0.095,0.085,99.765,0.035,0.0,0.020,0.0,122880.0,93719.400,41623.200,0.0,0.0,1426.600,8207.200,0.400,0.0,0.0,5474234368.0,199147520.0,1.47315388416e+11,15791423488.0,0.0,0.0,0.0,122880.0,1426.800,8221.600,0.095,0.080,99.770,0.035,0.0,0.020,1493160357.604,
0.075,0.075,99.830,0.010,0.0,0.010,0.0,108953.600,92816.0,40912.200,0.0,0.0,1425.200,8574.200,0.400,0.0,0.0,5472124928.0,199151616.0,1.47315646464e+11,15793270784.0,0.0,0.0,0.0,108953.600,1424.800,8559.800,0.075,0.080,99.825,0.010,0.0,0.010,1493160362.604,
0.085,0.065,99.840,0.005,0.0,0.005,0.0,113868.800,93072.0,39738.0,0.0,0.0,1395.200,8326.0,0.200,0.0,0.0,5472309248.0,199184384.0,1.47315920896e+11,15792779264.0,0.0,0.0,0.0,113868.800,1395.200,8326.0,0.085,0.065,99.840,0.005,0.0,0.005,1493160367.604,
0.065,0.070,99.855,0.005,0.0,0.005,0.0,116326.400,92898.200,41129.600,0.0,0.0,1387.600,8283.800,0.200,0.0,0.200,5476597760.0,199196672.0,1.47316178944e+11,15788220416.0,0.0,0.0,0.0,116326.400,1387.800,8296.200,0.065,0.070,99.855,0.005,0.0,0.005,1493160372.604,
0.065,0.055,99.860,0.015,0.0,0.005,0.0,108953.600,92548.800,40167.200,0.0,0.0,1459.600,8253.0,0.0,0.0,0.0,5476552704.0,199221248.0,1.47316441088e+11,15787978752.0,0.0,0.0,0.0,108953.600,1459.400,8240.600,0.065,0.055,99.860,0.015,0.0,0.005,1493160377.604,
0.110,0.095,99.694,0.095,0.0,0.005,0.0,5899059.200,90931.0,38775.400,0.0,0.0,1839.200,8332.800,0.0,0.200,0.0,5475704832.0,199282688.0,1.47312623616e+11,15792582656.0,0.0,0.0,0.0,5899059.200,1839.200,8332.800,0.110,0.090,99.699,0.095,0.0,0.005,1493160382.604,
0.085,0.075,99.820,0.015,0.0,0.005,0.0,110592.0,92396.200,40400.600,0.0,0.0,1410.600,8272.400,0.200,0.0,0.0,5475835904.0,199311360.0,1.47312898048e+11,15792148480.0,0.0,0.0,0.0,110592.0,1410.800,8278.200,0.085,0.080,99.815,0.015,0.0,0.005,1493160387.604,
0.080,0.065,99.749,0.095,0.0,0.010,0.0,151552.0,94447.200,42031.200,0.0,0.0,1450.600,8375.0,0.200,0.0,0.0,5475819520.0,199327744.0,1.47313168384e+11,15791878144.0,0.0,0.0,0.0,151552.0,1450.400,8369.200,0.080,0.065,99.749,0.095,0.0,0.010,1493160392.604,
0.085,0.070,99.825,0.005,0.0,0.015,0.0,108953.600,92318.800,39946.200,0.0,0.0,1386.0,8283.600,0.0,0.0,0.0,5475807232.0,199331840.0,1.4731343872e+11,15791616000.0,0.0,0.0,0.0,108953.600,1386.0,8283.600,0.085,0.065,99.830,0.005,0.0,0.015,1493160397.604,
0.060,0.060,99.870,0.010,0.0,0.0,0.0,113049.600,92986.0,41257.400,0.0,0.0,1383.600,8147.0,0.0,0.0,0.0,5476167680.0,199348224.0,1.4731370496e+11,15790972928.0,0.0,0.0,0.0,113049.600,1383.800,8154.0,0.060,0.060,99.870,0.010,0.0,0.0,1493160402.604,
0.080,0.080,99.820,0.015,0.0,0.005,0.0,109772.800,93309.400,41166.400,0.0,0.0,1439.800,8336.400,0.0,0.0,0.0,5466398720.0,199385088.0,1.47313967104e+11,15800442880.0,0.0,0.0,0.0,109772.800,1439.600,8329.400,0.080,0.085,99.815,0.015,0.0,0.005,1493160407.604,
0.065,0.065,99.840,0.025,0.0,0.005,0.0,113868.800,93662.0,41026.800,0.0,0.0,1386.800,8425.800,0.400,0.0,0.0,5467238400.0,199417856.0,1.4731423744e+11,15799300096.0,0.0,0.0,0.0,113868.800,1388.0,8429.400,0.065,0.065,99.840,0.025,0.0,0.005,1493160412.604,
0.060,0.070,99.850,0.010,0.0,0.010,0.0,112230.400,91063.0,39135.800,0.0,0.0,1384.0,8393.0,1.200,0.0,0.0,5467291648.0,199430144.0,1.47314495488e+11,15798976512.0,0.0,0.0,0.0,112230.400,1384.0,8402.600,0.060,0.070,99.850,0.010,0.0,0.010,1493160417.604,
0.065,0.050,99.845,0.040,0.0,0.0,0.0,111411.200,91442.600,39537.400,0.0,0.0,1520.600,8430.200,0.200,0.0,0.0,5467131904.0,199450624.0,1.47314757632e+11,15798853632.0,0.0,0.0,0.0,111411.200,1519.400,8417.0,0.065,0.050,99.845,0.040,0.0,0.0,1493160422.604,
0.080,0.065,99.794,0.045,0.0,0.015,0.0,126976.0,90839.600,40615.0,0.0,0.0,1572.0,8186.600,0.400,0.0,0.0,5467713536.0,199475200.0,1.47315011584e+11,15797993472.0,0.0,0.0,0.0,126976.0,1572.0,8186.600,0.080,0.065,99.794,0.045,0.0,0.015,1493160427.604,
0.090,0.060,99.835,0.010,0.0,0.005,0.0,106496.0,90269.600,38472.200,0.0,0.0,1338.800,8703.200,0.400,0.0,0.0,5467586560.0,199487488.0,1.47315273728e+11,15797846016.0,0.0,0.0,0.0,106496.0,1339.800,8712.800,0.090,0.055,99.840,0.010,0.0,0.005,1493160432.604,
0.055,0.075,99.825,0.035,0.0,0.010,0.0,111411.200,92347.800,41275.200,0.0,0.0,1433.0,8602.400,0.400,0.0,0.0,5467447296.0,199516160.0,1.47315531776e+11,15797698560.0,0.0,0.0,0.0,111411.200,1432.400,8592.800,0.055,0.080,99.820,0.035,0.0,0.010,1493160437.604,
0.095,0.065,99.830,0.005,0.0,0.005,0.0,113049.600,92176.600,40275.600,0.0,0.0,1391.0,8475.200,0.0,0.0,0.0,5467631616.0,199524352.0,1.47315798016e+11,15797239808.0,0.0,0.0,0.0,113049.600,1390.600,8475.200,0.095,0.060,99.835,0.005,0.0,0.005,1493160442.604,
0.075,0.080,99.820,0.025,0.0,0.0,0.0,110592.0,92355.400,40880.0,0.0,0.0,1396.400,8494.200,0.600,0.0,0.0,5467488256.0,199540736.0,1.47316056064e+11,15797108736.0,0.0,0.0,0.0,110592.0,1396.600,8502.400,0.075,0.085,99.815,0.025,0.0,0.0,1493160447.604,
0.040,0.050,99.895,0.005,0.0,0.010,0.0,111411.200,77733.600,21733.800,0.0,0.0,1241.600,8152.800,0.400,0.0,1.0,5463101440.0,199557120.0,1.4731630592e+11,15801229312.0,0.0,0.0,0.0,111411.200,1241.400,8144.600,0.040,0.050,99.895,0.005,0.0,0.010,1493160452.604,
