"Dstat 0.7.2 CSV output"
"Author:","Dag Wieers <dag@wieers.com>",,,,"URL:","http://dag.wieers.com/home-made/dstat/"
"Host:","client0.skyhook-2osds.skyhook-pg0.wisc.cloudlab.us",,,,"User:","jlefevre"
"Cmdline:","dstat -av --epoch --integer --noheaders --output 2osds.dstat-client0.log 5",,,,"Date:","25 Apr 2017 15:01:58 CDT"

"total cpu usage",,,,,,"dsk/total",,"net/total",,"paging",,"system",,"procs",,,"memory usage",,,,"paging",,"dsk/total",,"system",,"total cpu usage",,,,,,"epoch"
"usr","sys","idl","wai","hiq","siq","read","writ","recv","send","in","out","int","csw","run","blk","new","used","buff","cach","free","in","out","read","writ","int","csw","usr","sys","idl","wai","hiq","siq","epoch"


"Host:","client0.skyhook-2osds.skyhook-pg0.wisc.cloudlab.us",,,,"User:","jlefevre"
"Cmdline:","dstat -av --epoch --integer --noheaders --output 2osds.dstat-client0.log 5",,,,"Date:","25 Apr 2017 15:08:47 CDT"

"total cpu usage",,,,,,"dsk/total",,"net/total",,"paging",,"system",,"procs",,,"memory usage",,,,"paging",,"dsk/total",,"system",,"total cpu usage",,,,,,"epoch"
"usr","sys","idl","wai","hiq","siq","read","writ","recv","send","in","out","int","csw","run","blk","new","used","buff","cach","free","in","out","read","writ","int","csw","usr","sys","idl","wai","hiq","siq","epoch"
0.070,0.060,99.850,0.015,0.0,0.005,0.0,6553.600,44299.0,4488.400,0.0,0.0,1157.400,7534.800,0.0,0.0,0.800,5467877376.0,186814464.0,1.47323768832e+11,15801733120.0,0.0,0.0,0.0,6553.600,1156.600,7529.600,0.070,0.055,99.855,0.015,0.0,0.005,1493157212.604,
0.538,2.382,96.914,0.015,0.0,0.151,0.0,49152.0,374179869.800,241934.400,0.0,0.0,8647.400,13458.400,2.200,0.0,5.200,5648703488.0,186826752.0,1.47323813888e+11,15620849664.0,0.0,0.0,0.0,49152.0,8649.0,13461.0,0.538,2.382,96.914,0.015,0.0,0.151,1493157217.604,
0.708,3.270,95.761,0.025,0.0,0.236,0.0,95027.200,583422506.600,342781.0,0.0,0.0,11970.200,17362.400,3.200,0.200,0.0,5646434304.0,186830848.0,1.47324002304e+11,15622926336.0,0.0,0.0,0.0,95027.200,11972.200,17373.200,0.708,3.275,95.756,0.025,0.0,0.236,1493157222.604,
0.648,3.084,95.856,0.070,0.0,0.342,0.0,100761.600,607293851.800,383315.200,0.0,0.0,12486.600,18374.400,1.200,0.200,0.0,5631004672.0,186851328.0,1.47324203008e+11,15638134784.0,0.0,0.0,0.0,100761.600,12495.400,18380.400,0.653,3.084,95.851,0.070,0.0,0.342,1493157227.604,
0.653,3.008,96.027,0.075,0.0,0.236,0.0,104857.600,511560618.400,317636.400,0.0,0.0,10853.400,15087.600,2.600,0.200,0.0,5634899968.0,186875904.0,1.47324411904e+11,15634006016.0,0.0,0.0,0.0,104857.600,10847.800,15069.600,0.653,3.013,96.022,0.075,0.0,0.236,1493157232.604,
0.683,3.505,95.510,0.070,0.0,0.231,0.0,104857.600,575957138.0,297131.600,0.0,0.0,11722.200,15545.400,1.800,0.200,0.0,5638729728.0,186908672.0,1.473246208e+11,15629934592.0,0.0,0.0,0.0,104857.600,11724.200,15553.400,0.678,3.506,95.515,0.070,0.0,0.231,1493157237.604,
0.552,3.816,95.186,0.025,0.0,0.421,0.0,98304.0,506643866.400,192231.400,0.0,0.0,10293.0,12556.600,2.0,0.200,0.0,5633056768.0,186916864.0,1.47324809216e+11,15635410944.0,0.0,0.0,0.0,98304.0,10288.0,12547.400,0.552,3.816,95.186,0.025,0.0,0.421,1493157242.604,
0.718,3.275,95.665,0.035,0.0,0.306,0.0,96665.600,626913418.200,431789.400,0.0,0.0,13811.600,18734.600,2.200,0.200,0.0,5636931584.0,186933248.0,1.47325005824e+11,15631323136.0,0.0,0.0,0.0,96665.600,13808.800,18734.400,0.723,3.270,95.665,0.035,0.0,0.306,1493157247.604,
0.906,2.883,95.905,0.040,0.0,0.267,0.0,103219.200,651938658.400,474906.800,0.0,0.0,13687.400,20716.800,1.800,0.200,0.0,5634424832.0,186941440.0,1.47325222912e+11,15633604608.0,0.0,0.0,0.0,103219.200,13692.0,20723.600,0.901,2.883,95.909,0.040,0.0,0.267,1493157252.604,
0.886,2.788,95.964,0.045,0.0,0.317,0.0,99123.200,685460827.400,566912.600,0.0,0.0,15204.400,22792.800,1.600,0.200,0.0,5641203712.0,186949632.0,1.47325427712e+11,15626612736.0,0.0,0.0,0.0,99123.200,15211.0,22793.400,0.886,2.783,95.969,0.045,0.0,0.317,1493157257.604,
0.777,3.058,95.649,0.040,0.0,0.476,0.0,111411.200,601276518.600,404245.400,0.0,0.0,12625.400,18865.200,2.200,0.200,0.200,5637320704.0,186961920.0,1.47325640704e+11,15630270464.0,0.0,0.0,0.0,111411.200,12615.400,18857.800,0.782,3.057,95.644,0.040,0.0,0.476,1493157262.604,
0.901,2.622,96.154,0.055,0.0,0.267,0.0,804454.400,714525938.0,527395.600,0.0,0.0,14621.0,22279.600,1.200,0.400,0.0,5640552448.0,186966016.0,1.47329695744e+11,15622979584.0,0.0,0.0,0.0,818380.800,14631.0,22291.200,0.901,2.622,96.150,0.055,0.0,0.272,1493157267.604,
0.729,3.368,95.536,0.156,0.0,0.211,0.0,833126.400,572783004.0,347040.200,0.0,0.0,12543.600,16507.400,1.400,0.200,0.0,5647912960.0,186994688.0,1.47326058496e+11,15619227648.0,0.0,0.0,0.0,819200.0,12531.400,16498.200,0.724,3.373,95.541,0.156,0.0,0.206,1493157272.604,
0.805,2.808,96.136,0.050,0.0,0.201,0.0,101580.800,584009584.200,389618.0,0.0,0.0,12648.400,17478.600,1.600,0.200,0.0,5649817600.0,187019264.0,1.47326275584e+11,15617081344.0,0.0,0.0,0.0,101580.800,12650.600,17476.200,0.810,2.812,96.126,0.050,0.0,0.201,1493157277.604,
0.937,2.866,95.890,0.071,0.0,0.237,0.0,101580.800,648436389.200,501284.200,0.0,0.0,14954.200,20201.800,1.600,0.200,0.0,5653999616.0,187031552.0,1.47326492672e+11,15612669952.0,0.0,0.0,0.0,101580.800,14952.600,20213.800,0.932,2.866,95.895,0.071,0.0,0.237,1493157282.604,
0.917,2.704,96.067,0.055,0.0,0.257,0.0,128614.400,687563139.0,519934.0,0.0,0.0,14309.400,20820.0,1.400,0.200,0.0,5654208512.0,187056128.0,1.4732670976e+11,15612219392.0,0.0,0.0,0.0,128614.400,14314.400,20817.200,0.922,2.694,96.072,0.055,0.0,0.257,1493157287.604,
1.487,1.805,96.253,0.081,0.0,0.374,0.0,117145.600,1020592803.800,799705.600,0.0,0.0,20501.600,25449.800,1.0,0.200,0.0,5649371136.0,187080704.0,1.4732695552e+11,15616786432.0,0.0,0.0,0.0,117145.600,20501.0,25440.600,1.482,1.805,96.258,0.081,0.0,0.374,1493157292.604,
1.491,1.935,96.035,0.065,0.0,0.474,0.0,117145.600,1002387368.400,623729.800,0.0,0.0,18584.400,23560.800,1.600,0.200,0.0,5665935360.0,187101184.0,1.47327213568e+11,15599943680.0,0.0,0.0,0.0,117145.600,18591.400,23575.0,1.491,1.940,96.030,0.065,0.0,0.474,1493157297.604,
1.253,2.321,96.018,0.060,0.0,0.347,0.0,113868.800,899928441.0,658957.400,0.0,0.0,17951.400,25152.800,2.200,0.0,0.0,5673033728.0,187121664.0,1.47327475712e+11,15592562688.0,0.0,0.0,0.0,113868.800,17955.600,25156.0,1.259,2.316,96.018,0.060,0.0,0.347,1493157302.604,
1.448,1.731,96.285,0.066,0.0,0.469,0.0,123699.200,1011110168.400,741585.200,0.0,0.0,19203.400,25702.800,1.0,0.200,0.0,5678886912.0,187138048.0,1.47327737856e+11,15586430976.0,0.0,0.0,0.0,123699.200,19191.400,25685.400,1.443,1.741,96.281,0.066,0.0,0.469,1493157307.604,
1.510,1.990,95.989,0.076,0.0,0.434,0.0,117145.600,1030655971.600,742227.800,0.0,0.0,20356.400,24949.0,2.400,0.200,0.0,5683806208.0,187166720.0,1.47327987712e+11,15581233152.0,0.0,0.0,0.0,117145.600,20360.400,24954.800,1.516,1.980,95.989,0.076,0.0,0.440,1493157312.604,
1.453,1.937,96.100,0.066,0.0,0.444,0.0,117145.600,968007521.800,707085.400,0.0,0.0,19171.0,23573.600,2.0,0.200,0.0,5667565568.0,187183104.0,1.47328253952e+11,15597191168.0,0.0,0.0,0.0,117145.600,19173.600,23594.400,1.448,1.947,96.095,0.066,0.0,0.444,1493157317.604,
1.256,1.548,96.362,0.065,0.0,0.769,0.0,120422.400,939397315.200,633343.200,0.0,0.0,17316.0,23733.800,1.400,0.200,0.0,5675630592.0,187215872.0,1.47328528384e+11,15588818944.0,0.0,0.0,0.0,120422.400,17312.600,23708.800,1.261,1.543,96.367,0.065,0.0,0.764,1493157322.604,
1.378,1.981,95.892,0.080,0.0,0.669,0.0,113868.800,991318628.600,682445.800,0.0,0.0,19259.200,25744.400,1.600,0.0,0.0,5670510592.0,187232256.0,1.47328786432e+11,15593664512.0,0.0,0.0,0.0,113868.800,19258.0,25747.200,1.373,1.982,95.896,0.080,0.0,0.669,1493157327.603,
1.478,2.094,95.888,0.055,0.0,0.484,0.0,108134.400,995522149.0,674372.200,0.0,0.0,19236.800,23403.800,2.600,0.200,0.200,5678346240.0,187252736.0,1.47329036288e+11,15585558528.0,0.0,0.0,0.0,108134.400,19242.0,23418.800,1.478,2.089,95.893,0.055,0.0,0.484,1493157332.604,
1.423,1.831,95.725,0.267,0.0,0.754,0.0,3679846.400,976283356.800,733678.200,0.0,0.0,18654.200,25876.200,1.600,0.400,0.0,5667430400.0,187289600.0,1.4731874304e+11,15606730752.0,0.0,0.0,0.0,3679846.400,18642.800,25858.600,1.428,1.835,95.716,0.267,0.0,0.754,1493157337.604,
1.483,1.796,96.156,0.071,0.0,0.494,0.0,117145.600,1015098090.200,701461.0,0.0,0.0,19237.600,24579.800,1.600,0.200,0.200,5690834944.0,187297792.0,1.47319021568e+11,15583039488.0,0.0,0.0,0.0,117145.600,19241.800,24578.600,1.483,1.791,96.161,0.071,0.0,0.494,1493157342.604,
1.377,1.689,96.309,0.081,0.0,0.545,0.0,141721.600,1007003882.600,711543.400,0.0,0.0,19379.0,24867.0,2.400,0.200,0.0,5679480832.0,187330560.0,1.47319271424e+11,15594110976.0,0.0,0.0,0.0,141721.600,19386.600,24879.800,1.376,1.689,96.304,0.086,0.0,0.545,1493157347.604,
1.427,2.047,95.997,0.071,0.0,0.459,0.0,125337.600,976958899.600,650134.400,0.0,0.0,18696.0,22585.0,1.800,0.200,0.0,5689819136.0,187346944.0,1.47319554048e+11,15583473664.0,0.0,0.0,0.0,125337.600,18695.200,22587.400,1.422,2.047,96.007,0.066,0.0,0.459,1493157352.604,
1.363,2.298,95.975,0.035,0.0,0.328,0.0,116326.400,933126579.0,681939.400,0.0,0.0,19110.400,23534.800,1.800,0.200,0.0,5698306048.0,187355136.0,1.47319808e+11,15574724608.0,0.0,0.0,0.0,116326.400,19105.200,23522.800,1.369,2.298,95.970,0.035,0.0,0.328,1493157357.604,
1.407,1.780,96.298,0.055,0.0,0.459,0.0,114688.0,948015045.0,648093.0,0.0,0.0,18224.600,22494.400,2.0,0.200,0.0,5702463488.0,187375616.0,1.47320057856e+11,15570296832.0,0.0,0.0,0.0,114688.0,18228.600,22502.200,1.402,1.780,96.303,0.055,0.0,0.459,1493157362.604,
1.437,1.558,96.405,0.060,0.0,0.539,0.0,108134.400,985543260.0,686708.600,0.0,0.0,18952.800,24013.0,2.0,0.200,0.0,5726855168.0,187392000.0,1.47320311808e+11,15545634816.0,0.0,0.0,0.0,108134.400,18954.800,24007.200,1.437,1.563,96.396,0.060,0.0,0.544,1493157367.604,
1.362,1.851,96.263,0.055,0.0,0.469,0.0,111411.200,952187398.200,645669.400,0.0,0.0,18150.600,23284.800,2.0,0.200,0.0,5672640512.0,187420672.0,1.4732056576e+11,15599566848.0,0.0,0.0,0.0,111411.200,18151.200,23290.0,1.367,1.856,96.258,0.055,0.0,0.464,1493157372.604,
1.469,1.676,96.370,0.035,0.0,0.449,0.0,108953.600,992148366.400,749224.600,0.0,0.0,19294.400,24903.200,2.0,0.200,0.0,5704736768.0,187424768.0,1.47320836096e+11,15567196160.0,0.0,0.0,0.0,108953.600,19293.600,24919.400,1.464,1.666,96.385,0.035,0.0,0.449,1493157377.604,
1.419,1.630,96.272,0.0,0.0,0.679,0.0,113868.800,1008815427.400,665683.400,0.0,0.0,17852.800,25078.0,1.0,0.200,0.0,5709737984.0,187461632.0,1.47321102336e+11,15561891840.0,0.0,0.0,0.0,113868.800,17849.600,25058.400,1.419,1.630,96.272,0.0,0.0,0.679,1493157382.604,
1.442,1.588,96.415,0.010,0.0,0.545,0.0,109772.800,985542429.600,606499.600,0.0,0.0,17574.0,23343.600,1.0,0.200,0.0,5687984128.0,187498496.0,1.47321360384e+11,15583350784.0,0.0,0.0,0.0,109772.800,17575.800,23354.200,1.442,1.593,96.410,0.010,0.0,0.545,1493157387.604,
1.317,1.661,96.553,0.030,0.0,0.439,0.0,115507.200,917321052.400,676990.0,0.0,0.0,18496.200,23499.0,1.800,0.200,0.0,5684297728.0,187518976.0,1.47321626624e+11,15586750464.0,0.0,0.0,0.0,122880.0,18487.0,23485.600,1.317,1.656,96.557,0.030,0.0,0.439,1493157392.604,
