"Dstat 0.7.2 CSV output"
"Author:","Dag Wieers <dag@wieers.com>",,,,"URL:","http://dag.wieers.com/home-made/dstat/"
"Host:","client0.skyhook-2osds.skyhook-pg0.wisc.cloudlab.us",,,,"User:","jlefevre"
"Cmdline:","dstat -av --epoch --integer --noheaders --output 2osds.dstat-client0.log 5",,,,"Date:","25 Apr 2017 15:01:58 CDT"

"total cpu usage",,,,,,"dsk/total",,"net/total",,"paging",,"system",,"procs",,,"memory usage",,,,"paging",,"dsk/total",,"system",,"total cpu usage",,,,,,"epoch"
"usr","sys","idl","wai","hiq","siq","read","writ","recv","send","in","out","int","csw","run","blk","new","used","buff","cach","free","in","out","read","writ","int","csw","usr","sys","idl","wai","hiq","siq","epoch"


"Host:","client0.skyhook-2osds.skyhook-pg0.wisc.cloudlab.us",,,,"User:","jlefevre"
"Cmdline:","dstat -av --epoch --integer --noheaders --output 2osds.dstat-client0.log 5",,,,"Date:","25 Apr 2017 15:08:47 CDT"

"total cpu usage",,,,,,"dsk/total",,"net/total",,"paging",,"system",,"procs",,,"memory usage",,,,"paging",,"dsk/total",,"system",,"total cpu usage",,,,,,"epoch"
"usr","sys","idl","wai","hiq","siq","read","writ","recv","send","in","out","int","csw","run","blk","new","used","buff","cach","free","in","out","read","writ","int","csw","usr","sys","idl","wai","hiq","siq","epoch"
0.070,0.070,99.810,0.045,0.0,0.005,0.0,78643.200,42197.600,2203.0,0.0,0.0,739.800,6838.800,0.0,0.0,0.800,5486346240.0,221995008.0,1.472436224e+11,15828230144.0,0.0,0.0,0.0,78643.200,739.600,6838.400,0.070,0.070,99.810,0.045,0.0,0.005,1493171342.604,
4.858,2.426,92.165,0.090,0.0,0.461,0.0,104038.400,568972341.800,366507.800,0.0,0.0,13013.600,16548.0,4.200,0.0,5.800,5669294080.0,222003200.0,1.47243732992e+11,15645163520.0,0.0,0.0,0.0,104038.400,13015.400,16548.0,4.863,2.422,92.164,0.090,0.0,0.461,1493171347.604,
9.136,1.938,88.251,0.086,0.0,0.589,0.0,135987.200,1052279337.800,933854.800,0.0,0.0,22331.400,32346.0,5.0,0.0,0.600,5699153920.0,222011392.0,1.4724399104e+11,15615037440.0,0.0,0.0,0.0,135987.200,22340.400,32351.600,9.141,1.938,88.246,0.086,0.0,0.589,1493171352.604,
9.890,1.726,87.588,0.065,0.0,0.730,0.0,140902.400,1169397644.200,1158481.400,0.0,0.0,27033.800,37617.200,6.0,0.0,0.800,5688971264.0,222011392.0,1.47244269568e+11,15624941568.0,0.0,0.0,0.0,140902.400,27045.0,37633.200,9.895,1.726,87.583,0.065,0.0,0.730,1493171357.604,
10.750,1.757,86.952,0.040,0.0,0.500,0.0,136806.400,1168832513.200,1109473.200,0.0,0.0,27254.800,35315.0,4.800,0.0,0.800,5702819840.0,222023680.0,1.47244548096e+11,15610802176.0,0.0,0.0,0.0,136806.400,27243.600,35307.800,10.746,1.762,86.951,0.040,0.0,0.500,1493171362.604,
10.515,1.746,87.164,0.081,0.0,0.494,0.0,128614.400,1204872530.200,1147350.800,0.0,0.0,25328.200,37642.800,4.600,0.0,0.400,5703864320.0,222035968.0,1.47244826624e+11,15609466880.0,0.0,0.0,0.0,128614.400,25327.800,37649.600,10.519,1.746,87.160,0.081,0.0,0.494,1493171367.604,
9.998,1.809,87.583,0.076,0.0,0.534,0.0,135168.0,1149854542.800,1106763.600,0.0,0.0,23958.200,37225.400,6.0,0.0,0.400,5711933440.0,222044160.0,1.4724511744e+11,15601098752.0,0.0,0.0,0.0,135168.0,23955.400,37208.600,9.997,1.814,87.579,0.076,0.0,0.534,1493171372.604,
9.796,1.683,88.012,0.055,0.0,0.454,0.0,137625.600,1172241849.400,1094406.0,0.0,0.0,23483.0,37910.400,5.400,0.0,0.400,5713051648.0,222052352.0,1.4724538368e+11,15599706112.0,0.0,0.0,0.0,137625.600,23486.400,37920.0,9.787,1.673,88.031,0.055,0.0,0.454,1493171377.604,
9.276,1.907,88.333,0.081,0.0,0.404,0.0,135168.0,1111896801.600,1028329.200,0.0,0.0,23846.0,34844.800,5.400,0.0,0.800,5699776512.0,222064640.0,1.47245666304e+11,15612686336.0,0.0,0.0,0.0,135168.0,23845.400,34833.800,9.276,1.907,88.333,0.081,0.0,0.404,1493171382.604,
9.579,1.926,87.885,0.141,0.0,0.469,0.0,128614.400,1106868435.200,989353.0,0.0,0.0,22428.600,34433.600,4.800,0.0,0.400,5695619072.0,222072832.0,1.47245932544e+11,15616569344.0,0.0,0.0,0.0,128614.400,22429.400,34449.0,9.580,1.926,87.884,0.141,0.0,0.469,1493171387.604,
9.751,1.612,87.977,0.086,0.0,0.574,0.0,136806.400,1173445190.400,1117986.600,0.0,0.0,23938.400,37996.200,4.600,0.0,0.400,5678997504.0,222076928.0,1.47246215168e+11,15632904192.0,0.0,0.0,0.0,136806.400,23938.800,37997.400,9.755,1.612,87.972,0.086,0.0,0.574,1493171392.604,
9.740,1.485,88.355,0.101,0.0,0.318,0.0,134348.800,1200163951.800,1242601.200,0.0,0.0,27226.800,41586.400,3.600,0.0,0.0,5676982272.0,222093312.0,1.47246497792e+11,15634620416.0,0.0,0.0,0.0,134348.800,27225.200,41585.400,9.740,1.490,88.351,0.101,0.0,0.318,1493171397.604,
9.588,1.606,88.147,0.106,0.0,0.554,0.0,134348.800,1177699121.800,1145437.600,0.0,0.0,25428.600,39139.800,5.0,0.0,0.800,5695516672.0,222109696.0,1.4724677632e+11,15615791104.0,0.0,0.0,0.0,134348.800,25428.800,39136.400,9.588,1.601,88.152,0.106,0.0,0.554,1493171402.604,
10.510,1.529,87.361,0.076,0.0,0.525,0.0,133529.600,1203132169.600,1192918.800,0.0,0.0,25993.400,39168.400,5.400,0.0,0.0,5709373440.0,222109696.0,1.47247067136e+11,15601643520.0,0.0,0.0,0.0,133529.600,25993.200,39160.0,10.514,1.534,87.352,0.076,0.0,0.525,1493171407.604,
10.014,1.794,87.567,0.091,0.0,0.534,0.0,135987.200,1133661144.600,1039500.600,0.0,0.0,23391.400,35131.600,5.400,0.0,0.400,5709213696.0,222126080.0,1.4724734976e+11,15601504256.0,0.0,0.0,0.0,135987.200,23392.400,35132.600,10.010,1.794,87.571,0.091,0.0,0.534,1493171412.604,
10.251,1.720,87.489,0.061,0.0,0.479,0.0,138444.800,1180818766.400,1090446.800,0.0,0.0,25919.600,36862.200,5.200,0.0,0.400,5706657792.0,222138368.0,1.4724763648e+11,15603761152.0,0.0,0.0,0.0,138444.800,25917.200,36863.400,10.260,1.720,87.480,0.061,0.0,0.479,1493171417.604,
10.034,1.752,87.855,0.030,0.0,0.328,0.0,126976.0,1174749280.200,1137369.800,0.0,0.0,26744.200,37632.200,5.0,0.0,0.0,5701300224.0,222142464.0,1.47247915008e+11,15608836096.0,0.0,0.0,0.0,126976.0,26748.600,37636.200,10.024,1.752,87.865,0.030,0.0,0.328,1493171422.604,
10.719,1.687,87.175,0.030,0.0,0.389,0.0,135168.0,1186442693.400,1128582.600,0.0,0.0,26780.200,37580.0,5.600,0.0,0.0,5709623296.0,222154752.0,1.47248197632e+11,15600218112.0,0.0,0.0,0.0,135168.0,26772.800,37572.200,10.723,1.688,87.170,0.030,0.0,0.389,1493171427.604,
9.923,1.627,87.521,0.070,0.0,0.859,0.0,133529.600,1207706987.600,1238294.600,0.0,0.0,25920.400,40336.400,4.800,0.0,0.0,5698572288.0,222167040.0,1.47248484352e+11,15610970112.0,0.0,0.0,0.0,133529.600,25923.600,40345.800,9.920,1.627,87.520,0.070,0.0,0.863,1493171432.604,
9.392,1.547,88.051,0.095,0.0,0.914,0.0,129433.600,1171753550.600,1196339.400,0.0,0.0,25114.800,38897.400,4.400,0.0,0.400,5701038080.0,222187520.0,1.47248771072e+11,15608197120.0,0.0,0.0,0.0,129433.600,25120.0,38902.0,9.392,1.547,88.056,0.095,0.0,0.909,1493171437.604,
8.118,1.979,89.424,0.091,0.0,0.388,0.0,123699.200,968479698.600,808337.800,0.0,0.0,19035.0,30055.600,4.0,0.0,0.0,5680984064.0,222187520.0,1.47249041408e+11,15627980800.0,0.0,0.0,0.0,123699.200,19034.400,30055.800,8.114,1.974,89.433,0.091,0.0,0.388,1493171442.604,
8.905,2.430,87.802,0.095,0.0,0.768,0.0,126156.800,992111659.600,854645.400,0.0,0.0,20907.0,28960.400,3.800,0.0,0.0,5685035008.0,222195712.0,1.47249307648e+11,15623655424.0,0.0,0.0,0.0,126156.800,20903.0,28948.600,8.905,2.429,87.797,0.095,0.0,0.773,1493171447.604,
10.275,1.824,87.387,0.060,0.0,0.454,0.0,117964.800,1132564069.600,1007857.600,0.0,0.0,22270.200,35548.800,4.800,0.0,0.0,5680332800.0,222203904.0,1.47249565696e+11,15628091392.0,0.0,0.0,0.0,117964.800,22273.0,35555.400,10.283,1.824,87.384,0.060,0.0,0.448,1493171452.604,
9.798,1.759,87.995,0.066,0.0,0.383,0.0,125337.600,1109802105.400,1071702.0,0.0,0.0,22185.400,35213.400,4.600,0.0,0.400,5679099904.0,222203904.0,1.4724984832e+11,15629041664.0,0.0,0.0,0.0,125337.600,22182.600,35210.600,9.794,1.764,87.993,0.066,0.0,0.383,1493171457.604,
8.784,2.204,88.548,0.066,0.0,0.398,0.0,130252.800,1043223758.0,976806.200,0.0,0.0,22431.800,32545.0,4.200,0.0,0.0,5685559296.0,222220288.0,1.47250130944e+11,15622283264.0,0.0,0.0,0.0,130252.800,22437.400,32552.600,8.789,2.204,88.544,0.066,0.0,0.398,1493171462.604,
8.402,2.371,88.713,0.081,0.0,0.433,0.0,125337.600,964043021.0,788548.600,0.0,0.0,19685.600,28107.400,5.400,0.0,0.0,5709434880.0,222240768.0,1.47250397184e+11,15598120960.0,0.0,0.0,0.0,125337.600,19677.200,28092.200,8.395,2.372,88.719,0.081,0.0,0.433,1493171467.604,
9.120,2.123,88.349,0.086,0.0,0.323,0.0,122880.0,1044318354.200,885793.600,0.0,0.0,20597.800,32463.800,4.0,0.0,0.0,5687721984.0,222248960.0,1.47250655232e+11,15619567616.0,0.0,0.0,0.0,122880.0,20599.400,32469.400,9.131,2.122,88.334,0.086,0.0,0.328,1493171472.604,
6.219,1.032,92.412,0.065,0.0,0.272,0.0,128614.400,710549657.200,716088.400,0.0,0.0,15310.0,26843.800,3.0,0.0,1.400,5473517568.0,222253056.0,1.47250929664e+11,15833493504.0,0.0,0.0,0.0,128614.400,15301.800,26834.400,6.200,1.032,92.436,0.065,0.0,0.267,1493171477.604,
