"Dstat 0.7.2 CSV output"
"Author:","Dag Wieers <dag@wieers.com>",,,,"URL:","http://dag.wieers.com/home-made/dstat/"
"Host:","osd1.skyhook-2osds.skyhook-pg0.wisc.cloudlab.us",,,,"User:","jlefevre"
"Cmdline:","dstat -av --epoch --integer --noheaders --output 2osds.dstat-osd1.log 5",,,,"Date:","25 Apr 2017 15:02:01 CDT"

"total cpu usage",,,,,,"dsk/total",,"net/total",,"paging",,"system",,"procs",,,"memory usage",,,,"paging",,"dsk/total",,"system",,"total cpu usage",,,,,,"epoch"
"usr","sys","idl","wai","hiq","siq","read","writ","recv","send","in","out","int","csw","run","blk","new","used","buff","cach","free","in","out","read","writ","int","csw","usr","sys","idl","wai","hiq","siq","epoch"


"Host:","osd1.skyhook-2osds.skyhook-pg0.wisc.cloudlab.us",,,,"User:","jlefevre"
"Cmdline:","dstat -av --epoch --integer --noheaders --output 2osds.dstat-osd1.log 5",,,,"Date:","25 Apr 2017 15:08:55 CDT"

"total cpu usage",,,,,,"dsk/total",,"net/total",,"paging",,"system",,"procs",,,"memory usage",,,,"paging",,"dsk/total",,"system",,"total cpu usage",,,,,,"epoch"
"usr","sys","idl","wai","hiq","siq","read","writ","recv","send","in","out","int","csw","run","blk","new","used","buff","cach","free","in","out","read","writ","int","csw","usr","sys","idl","wai","hiq","siq","epoch"
0.120,1.800,98.015,0.065,0.0,0.0,17203.200,13107.200,3293.400,22650.800,0.0,0.0,709.0,775.800,0.800,0.0,8.600,5036544000.0,1482752.0,5029421056.0,1.58712745984e+11,0.0,0.0,17203.200,13107.200,709.400,776.200,0.115,1.801,98.019,0.065,0.0,0.0,1493156650.535,
0.441,1.077,92.499,5.959,0.0,0.025,361787392.0,11468.800,16774.400,32498.200,0.0,0.0,3664.600,6386.200,0.600,4.200,5.0,5051707392.0,1503232.0,1935286272.0,1.61791696896e+11,0.0,0.0,362023321.600,11468.800,3665.600,6388.400,0.441,1.077,92.489,5.969,0.0,0.025,1493156655.535,
0.481,1.117,91.555,6.822,0.0,0.025,449996390.400,3276.800,20339.800,45140.800,0.0,0.0,4234.800,7526.200,0.200,5.600,0.0,5043662848.0,1511424.0,4184420352.0,1.59550599168e+11,0.0,0.0,450022604.800,3276.800,4235.200,7526.400,0.481,1.117,91.561,6.817,0.0,0.025,1493156660.535,
0.441,1.072,91.722,6.745,0.0,0.020,443028275.200,2457.600,20531.800,44999.800,0.0,0.0,4149.600,7406.600,0.400,5.200,0.0,5078310912.0,1519616.0,6401429504.0,1.5729893376e+11,0.0,0.0,443054489.600,2457.600,4149.800,7407.200,0.446,1.077,91.712,6.745,0.0,0.020,1493156665.535,
0.526,1.291,89.548,8.615,0.0,0.020,483171532.800,0.0,21387.600,45882.400,0.0,0.0,4642.400,8086.600,1.800,4.200,0.0,5090754560.0,1519616.0,8817639424.0,1.54870280192e+11,0.0,0.0,483171532.800,0.0,4642.400,8086.600,0.526,1.291,89.540,8.624,0.0,0.020,1493156670.535,
0.526,1.262,86.046,12.141,0.0,0.025,496440115.200,2457.600,21616.800,46272.600,0.0,0.0,4881.600,8320.600,0.800,7.0,0.0,5064130560.0,1527808.0,11298091008.0,1.52416444416e+11,0.0,0.0,496361472.0,2457.600,4881.0,8319.200,0.521,1.257,86.064,12.132,0.0,0.025,1493156675.535,
0.526,1.302,88.592,9.550,0.0,0.030,483633561.600,0.0,20868.0,45802.0,0.0,0.0,4544.200,8058.0,0.400,6.600,0.0,5147979776.0,1527808.0,13717811200.0,1.49912875008e+11,0.0,0.0,483685990.400,0.0,4547.600,8062.600,0.531,1.302,88.581,9.556,0.0,0.030,1493156680.535,
0.521,1.113,89.215,9.115,0.0,0.035,471416832.0,4096.0,20202.600,47072.400,0.0,0.0,4421.600,7851.600,1.0,5.400,0.0,5066301440.0,1536000.0,16073850880.0,1.47638505472e+11,0.0,0.0,471390617.600,4096.0,4418.600,7847.200,0.521,1.113,89.225,9.105,0.0,0.035,1493156685.535,
0.406,1.012,92.887,5.675,0.0,0.020,414971494.400,1638.400,19056.600,43417.200,0.0,0.0,3850.0,6914.200,0.400,4.600,0.0,5134446592.0,1536000.0,18149044224.0,1.45495166976e+11,0.0,0.0,414997708.800,1638.400,3850.400,6915.200,0.401,1.012,92.882,5.686,0.0,0.020,1493156690.535,
0.592,1.219,87.181,10.989,0.0,0.020,496623616.0,4915.200,22508.200,46731.800,0.0,0.0,4689.600,8311.600,0.800,8.600,0.0,5108555776.0,1544192.0,20633554944.0,1.4303653888e+11,0.0,0.0,496649830.400,4915.200,4690.0,8312.0,0.592,1.219,87.182,10.988,0.0,0.020,1493156695.535,
0.511,1.227,86.805,11.432,0.0,0.025,494872985.600,0.0,20879.800,47410.0,0.0,0.0,4634.600,8281.800,1.200,6.200,0.0,5120389120.0,1544192.0,23106895872.0,1.40551364608e+11,0.0,0.0,494846771.200,0.0,4634.200,8282.0,0.516,1.227,86.801,11.431,0.0,0.025,1493156700.535,
0.486,1.127,88.702,9.660,0.0,0.025,483622092.800,2457.600,21258.800,46537.200,0.0,0.0,4494.400,8111.200,0.800,5.800,0.0,5135998976.0,1552384.0,25522638848.0,1.38120003584e+11,0.0,0.0,483595878.400,2457.600,4494.600,8110.200,0.486,1.127,88.707,9.655,0.0,0.025,1493156705.535,
0.511,1.128,87.357,10.985,0.0,0.020,491486412.800,0.0,21247.600,46463.400,0.0,0.0,4609.400,8268.800,1.200,6.200,0.0,5129289728.0,1552384.0,27982233600.0,1.3566711808e+11,0.0,0.0,491512627.200,0.0,4609.400,8269.800,0.511,1.127,87.353,10.989,0.0,0.020,1493156710.535,
0.641,1.218,84.467,13.654,0.0,0.020,497960550.400,2457.600,22788.800,46782.200,0.0,0.0,5024.800,8331.800,0.800,7.0,0.0,5115748352.0,1560576.0,30472798208.0,1.33190086656e+11,0.0,0.0,497986764.800,2457.600,5024.600,8331.400,0.641,1.218,84.467,13.654,0.0,0.020,1493156715.535,
0.561,1.178,85.578,12.658,0.0,0.025,498390630.400,0.0,21328.800,47291.600,0.0,0.0,4686.200,8363.0,0.600,7.400,0.0,5115543552.0,1560576.0,32964349952.0,1.30698739712e+11,0.0,0.0,498390630.400,0.0,4686.0,8362.800,0.556,1.183,85.578,12.658,0.0,0.025,1493156720.535,
0.531,1.288,85.349,12.807,0.0,0.025,492053299.200,6553.600,21680.0,46000.0,0.0,0.0,4639.0,8164.200,0.400,8.800,0.0,5198032896.0,1568768.0,35424247808.0,1.2815634432e+11,0.0,0.0,492053299.200,6553.600,4638.800,8164.0,0.531,1.283,85.354,12.808,0.0,0.025,1493156725.535,
0.561,1.228,88.135,10.046,0.0,0.030,490532044.800,2457.600,21427.200,47794.800,0.0,0.0,4660.400,8215.800,1.0,6.600,0.400,5131345920.0,1576960.0,37875490816.0,1.25771780096e+11,0.0,0.0,490453401.600,2457.600,4660.0,8215.200,0.561,1.228,88.140,10.040,0.0,0.030,1493156730.535,
0.581,1.223,87.117,11.024,0.0,0.055,491402854.400,4915.200,23482.400,47837.200,0.0,0.0,4670.600,8262.800,0.800,7.600,0.400,5187567616.0,1585152.0,40332623872.0,1.23258417152e+11,0.0,0.0,491486412.800,4915.200,4672.200,8263.600,0.586,1.228,87.104,11.028,0.0,0.055,1493156735.535,
0.562,1.174,88.222,10.028,0.0,0.015,495942041.600,10649.600,20586.0,46870.200,0.0,0.0,4666.800,8326.200,0.600,7.600,0.0,5162598400.0,1601536.0,42812637184.0,1.20803356672e+11,0.0,0.0,495884697.600,10649.600,4665.600,8326.200,0.562,1.169,88.231,10.024,0.0,0.015,1493156740.535,
0.567,1.208,88.679,9.531,0.0,0.015,488550400.0,0.0,23010.400,48087.0,0.0,0.0,4660.200,8184.200,0.800,7.400,0.400,5165314048.0,1601536.0,45257453568.0,1.1835582464e+11,0.0,0.0,488592179.200,0.0,4660.600,8183.800,0.562,1.208,88.684,9.531,0.0,0.015,1493156745.535,
0.571,1.318,85.989,12.092,0.0,0.030,496555622.400,10649.600,21039.0,46919.600,0.0,0.0,4727.600,8337.800,0.800,6.800,0.400,5162688512.0,1617920.0,47739383808.0,1.15876503552e+11,0.0,0.0,496540057.600,10649.600,4727.200,8337.600,0.571,1.323,85.984,12.092,0.0,0.030,1493156750.535,
0.546,1.272,89.075,9.086,0.0,0.020,480938393.600,4915.200,21093.400,46561.800,0.0,0.0,4534.0,8024.800,0.200,6.400,0.0,5195907072.0,1626112.0,50142769152.0,1.13439891456e+11,0.0,0.0,480938393.600,4915.200,4534.0,8025.400,0.546,1.272,89.076,9.085,0.0,0.020,1493156755.535,
0.576,1.313,87.179,10.912,0.0,0.020,500330496.0,8192.0,23307.200,48118.0,0.0,0.0,4860.0,8403.400,1.600,7.0,0.400,5211095040.0,1642496.0,52645359616.0,1.1092209664e+11,0.0,0.0,500330496.0,8192.0,4860.200,8403.800,0.581,1.308,87.173,10.917,0.0,0.020,1493156760.535,
0.582,1.264,85.630,12.500,0.0,0.025,500686848.0,3276.800,22549.200,47590.0,0.0,0.0,4751.600,8396.600,0.600,7.400,0.0,5200662528.0,1650688.0,55149662208.0,1.08428218368e+11,0.0,0.0,500686848.0,3276.800,4752.0,8397.600,0.582,1.263,85.635,12.494,0.0,0.025,1493156765.535,
0.451,0.942,92.507,6.075,0.0,0.025,416821248.0,9011.200,18205.400,45991.800,0.0,0.0,3918.600,6965.400,0.600,3.600,0.400,5185961984.0,1658880.0,57233244160.0,1.06359328768e+11,0.0,0.0,416795033.600,9011.200,3918.0,6964.200,0.446,0.942,92.511,6.075,0.0,0.025,1493156770.535,
0.511,1.092,91.270,7.087,0.0,0.040,453529600.0,7372.800,20080.200,45434.0,0.0,0.0,4269.400,7569.400,0.800,2.800,0.400,5186936832.0,1675264.0,59498885120.0,1.04092696576e+11,0.0,0.0,453503385.600,7372.800,4271.600,7573.600,0.516,1.092,91.270,7.082,0.0,0.040,1493156775.535,
0.471,0.932,93.235,5.347,0.0,0.015,412344320.0,8192.0,18270.0,43536.600,0.0,0.0,3825.0,6790.0,0.200,2.400,0.0,5162987520.0,1683456.0,61562540032.0,1.02052982784e+11,0.0,0.0,412396748.800,8192.0,3823.200,6785.600,0.466,0.932,93.235,5.352,0.0,0.015,1493156780.535,
0.521,1.093,90.792,7.579,0.0,0.015,454741196.800,10649.600,20487.200,45462.600,0.0,0.0,4292.600,7541.600,0.800,4.400,0.400,5188407296.0,1699840.0,63835598848.0,99754487808.0,0.0,0.0,454741196.800,10649.600,4292.0,7541.600,0.521,1.098,90.788,7.578,0.0,0.015,1493156785.535,
0.536,1.307,88.420,9.717,0.0,0.020,485384192.0,4915.200,22608.800,46882.400,0.0,0.0,4608.0,8157.0,0.800,6.400,0.400,5240262656.0,1708032.0,66262024192.0,97276198912.0,0.0,0.0,485373542.400,4915.200,4609.0,8157.600,0.541,1.302,88.419,9.717,0.0,0.020,1493156790.535,
0.526,1.113,90.853,7.488,0.0,0.020,460122521.600,10649.600,19787.800,46132.400,0.0,0.0,4346.0,7657.600,0.600,5.200,0.200,5206093824.0,1724416.0,68562915328.0,95009460224.0,0.0,0.0,460133171.200,10649.600,4344.800,7656.600,0.521,1.113,90.858,7.488,0.0,0.020,1493156795.535,
0.411,0.956,92.334,6.279,0.0,0.020,365831782.400,5734.400,16460.600,44022.800,0.0,0.0,3666.600,6199.600,0.0,4.200,0.400,5173587968.0,1732608.0,70391939072.0,93212934144.0,0.0,0.0,365569638.400,5734.400,3665.200,6196.800,0.411,0.956,92.339,6.274,0.0,0.020,1493156800.535,
