"Dstat 0.7.2 CSV output"
"Author:","Dag Wieers <dag@wieers.com>",,,,"URL:","http://dag.wieers.com/home-made/dstat/"
"Host:","client0.skyhook-2osds.skyhook-pg0.wisc.cloudlab.us",,,,"User:","jlefevre"
"Cmdline:","dstat -av --epoch --integer --noheaders --output 2osds.dstat-client0.log 5",,,,"Date:","25 Apr 2017 15:01:58 CDT"

"total cpu usage",,,,,,"dsk/total",,"net/total",,"paging",,"system",,"procs",,,"memory usage",,,,"paging",,"dsk/total",,"system",,"total cpu usage",,,,,,"epoch"
"usr","sys","idl","wai","hiq","siq","read","writ","recv","send","in","out","int","csw","run","blk","new","used","buff","cach","free","in","out","read","writ","int","csw","usr","sys","idl","wai","hiq","siq","epoch"


"Host:","client0.skyhook-2osds.skyhook-pg0.wisc.cloudlab.us",,,,"User:","jlefevre"
"Cmdline:","dstat -av --epoch --integer --noheaders --output 2osds.dstat-client0.log 5",,,,"Date:","25 Apr 2017 15:08:47 CDT"

"total cpu usage",,,,,,"dsk/total",,"net/total",,"paging",,"system",,"procs",,,"memory usage",,,,"paging",,"dsk/total",,"system",,"total cpu usage",,,,,,"epoch"
"usr","sys","idl","wai","hiq","siq","read","writ","recv","send","in","out","int","csw","run","blk","new","used","buff","cach","free","in","out","read","writ","int","csw","usr","sys","idl","wai","hiq","siq","epoch"
0.030,0.065,99.830,0.070,0.0,0.005,0.0,54067.200,41841.800,1676.800,0.0,0.0,875.0,6611.200,0.0,0.0,0.0,5471006720.0,208977920.0,1.47319947264e+11,15780261888.0,0.0,0.0,0.0,54067.200,875.0,6611.200,0.025,0.065,99.840,0.065,0.0,0.005,1493163487.604,
0.632,2.794,96.348,0.020,0.0,0.206,0.0,65536.0,369459034.0,178898.200,0.0,0.0,9722.200,11888.400,1.800,0.0,5.0,5641850880.0,208986112.0,1.47319980032e+11,15609376768.0,0.0,0.0,0.0,65536.0,9724.600,11891.600,0.632,2.794,96.348,0.020,0.0,0.206,1493163492.604,
0.812,3.726,95.006,0.030,0.0,0.426,0.0,95846.400,518537801.600,200995.400,0.0,0.0,10279.400,12708.800,2.400,0.200,0.0,5651779584.0,209002496.0,1.47320160256e+11,15599251456.0,0.0,0.0,0.0,96665.600,10282.800,12713.800,0.812,3.730,95.006,0.025,0.0,0.426,1493163497.604,
0.812,3.512,95.200,0.035,0.0,0.441,0.0,96665.600,501611964.600,202700.400,0.0,0.0,9689.200,12708.200,1.800,0.400,0.0,5645496320.0,209018880.0,1.47320352768e+11,15605325824.0,0.0,0.0,0.0,95846.400,9686.400,12706.600,0.812,3.507,95.196,0.045,0.0,0.441,1493163502.604,
0.743,3.412,95.504,0.070,0.0,0.271,0.0,98304.0,531058990.600,250692.0,0.0,0.0,10350.600,14887.200,2.0,0.200,0.0,5640065024.0,209039360.0,1.4732054528e+11,15610544128.0,0.0,0.0,0.0,99123.200,10350.200,14881.600,0.748,3.422,95.489,0.070,0.0,0.271,1493163507.604,
0.818,3.703,95.128,0.075,0.0,0.276,0.0,95846.400,514127864.400,210391.200,0.0,0.0,9993.800,12844.0,1.600,0.200,0.200,5643710464.0,209043456.0,1.47320737792e+11,15606702080.0,0.0,0.0,0.0,95027.200,9991.600,12844.0,0.818,3.698,95.133,0.075,0.0,0.276,1493163512.604,
0.822,3.686,95.010,0.085,0.0,0.396,0.0,105676.800,557328145.600,235767.200,0.0,0.0,11348.600,13735.800,2.200,0.200,0.0,5646835712.0,209055744.0,1.47320922112e+11,15603380224.0,0.0,0.0,0.0,105676.800,11349.400,13735.400,0.822,3.681,95.015,0.085,0.0,0.396,1493163517.604,
0.793,3.420,95.476,0.080,0.0,0.231,0.0,99942.400,566876627.400,276899.800,0.0,0.0,11251.400,15844.600,1.800,0.0,0.0,5634998272.0,209076224.0,1.47321126912e+11,15614992384.0,0.0,0.0,0.0,99942.400,11259.0,15857.200,0.793,3.425,95.476,0.075,0.0,0.231,1493163522.604,
0.808,3.654,95.251,0.055,0.0,0.231,0.0,95846.400,540689956.400,255052.0,0.0,0.0,10853.200,14775.200,1.800,0.400,0.0,5645262848.0,209080320.0,1.47321319424e+11,15604531200.0,0.0,0.0,0.0,96665.600,10845.200,14764.0,0.803,3.650,95.270,0.045,0.0,0.231,1493163527.604,
0.793,3.741,95.174,0.060,0.0,0.231,0.0,85196.800,543790298.400,204616.600,0.0,0.0,10620.0,13121.600,1.600,0.200,0.0,5638828032.0,209096704.0,1.47321511936e+11,15610757120.0,0.0,0.0,0.0,84377.600,10628.200,13124.0,0.803,3.750,95.145,0.070,0.0,0.231,1493163532.604,
0.853,3.502,95.243,0.060,0.0,0.341,0.0,113049.600,542798703.200,263011.800,0.0,0.0,10808.0,15237.800,1.800,0.200,0.0,5648113664.0,209108992.0,1.47321716736e+11,15601254400.0,0.0,0.0,0.0,113049.600,10802.0,15233.800,0.848,3.502,95.244,0.065,0.0,0.341,1493163537.604,
0.758,3.631,95.234,0.075,0.0,0.301,0.0,109772.800,473905408.800,236371.0,0.0,0.0,10015.800,13519.0,1.400,0.200,0.0,5640351744.0,209137664.0,1.47321925632e+11,15608778752.0,0.0,0.0,0.0,109772.800,10015.200,13520.600,0.753,3.626,95.249,0.070,0.0,0.301,1493163542.604,
0.772,3.751,95.071,0.055,0.0,0.351,0.0,93388.800,470029560.200,166251.0,0.0,0.0,9555.0,11379.400,1.800,0.200,0.0,5637500928.0,209149952.0,1.47322097664e+11,15611445248.0,0.0,0.0,0.0,93388.800,9554.0,11378.0,0.777,3.745,95.066,0.060,0.0,0.351,1493163547.604,
0.854,3.551,94.913,0.392,0.0,0.291,0.0,6471680.0,552830868.800,255037.400,0.0,0.0,10907.600,14842.200,1.800,0.0,0.0,5653803008.0,209182720.0,1.4731200512e+11,15605202944.0,0.0,0.0,0.0,6471680.0,10907.0,14843.400,0.854,3.556,94.912,0.387,0.0,0.291,1493163552.604,
0.828,3.627,95.219,0.055,0.0,0.271,0.0,103219.200,549735932.400,195162.600,0.0,0.0,10542.400,13398.600,1.800,0.400,0.0,5634555904.0,209195008.0,1.47312201728e+11,15624241152.0,0.0,0.0,0.0,103219.200,10542.200,13397.200,0.823,3.627,95.224,0.055,0.0,0.271,1493163557.604,
0.668,3.384,95.636,0.045,0.0,0.266,0.0,93388.800,461617885.800,194189.0,0.0,0.0,9014.400,11945.400,2.200,0.200,0.0,5636358144.0,209199104.0,1.4731239424e+11,15622242304.0,0.0,0.0,0.0,93388.800,9016.0,11947.800,0.668,3.380,95.641,0.045,0.0,0.266,1493163562.604,
0.793,3.595,95.251,0.060,0.0,0.301,0.0,99123.200,542771898.800,282450.200,0.0,0.0,11256.0,14804.800,1.800,0.200,0.0,5639380992.0,209207296.0,1.47312566272e+11,15619039232.0,0.0,0.0,0.0,99123.200,11256.0,14805.400,0.798,3.599,95.241,0.060,0.0,0.301,1493163567.604,
0.827,3.594,95.083,0.070,0.0,0.426,0.0,98304.0,502315467.600,222590.0,0.0,0.0,10402.800,12841.200,1.800,0.200,0.0,5642625024.0,209219584.0,1.47312754688e+11,15615594496.0,0.0,0.0,0.0,98304.0,10400.600,12840.200,0.822,3.594,95.078,0.075,0.0,0.431,1493163572.604,
0.827,3.564,94.517,0.030,0.0,1.062,0.0,96665.600,526094688.0,253902.0,0.0,0.0,10692.0,13816.0,2.400,0.200,0.0,5633658880.0,209248256.0,1.47312943104e+11,15624343552.0,0.0,0.0,0.0,96665.600,10699.400,13828.800,0.833,3.569,94.511,0.025,0.0,1.062,1493163577.604,
0.861,3.557,94.971,0.020,0.0,0.590,0.0,131072.0,570346656.0,301938.600,0.0,0.0,11571.800,16182.800,2.0,0.200,0.0,5646737408.0,209281024.0,1.47313147904e+11,15611027456.0,0.0,0.0,0.0,131072.0,11568.0,16173.200,0.856,3.553,94.986,0.020,0.0,0.585,1493163582.604,
0.768,3.743,94.538,0.030,0.0,0.922,0.0,88473.600,537115098.400,219479.400,0.0,0.0,10845.0,13337.0,2.0,0.200,0.0,5640437760.0,209317888.0,1.47313352704e+11,15617085440.0,0.0,0.0,0.0,88473.600,10846.200,13333.200,0.767,3.742,94.539,0.030,0.0,0.922,1493163587.604,
0.773,3.640,95.180,0.055,0.0,0.351,0.0,100761.600,489917045.200,209185.200,0.0,0.0,10280.200,12482.400,1.600,0.200,0.0,5626945536.0,209334272.0,1.4731354112e+11,15630372864.0,0.0,0.0,0.0,101580.800,10284.600,12488.200,0.773,3.641,95.179,0.055,0.0,0.352,1493163592.604,
0.794,3.712,95.223,0.050,0.0,0.221,0.0,108953.600,502293563.800,246824.400,0.0,0.0,10329.0,13874.200,2.800,0.200,0.0,5632598016.0,209362944.0,1.47313729536e+11,15624503296.0,0.0,0.0,0.0,108134.400,10327.0,13870.0,0.794,3.712,95.218,0.055,0.0,0.221,1493163597.604,
0.813,3.625,95.270,0.045,0.0,0.246,0.0,101580.800,549809293.600,236648.200,0.0,0.0,10864.800,14541.200,1.600,0.200,0.0,5638127616.0,209371136.0,1.47313938432e+11,15618756608.0,0.0,0.0,0.0,101580.800,10859.800,14538.200,0.813,3.625,95.275,0.040,0.0,0.246,1493163602.604,
0.876,3.704,94.884,0.025,0.0,0.511,0.0,97484.800,552382152.0,219031.800,0.0,0.0,10719.600,13675.800,1.400,0.200,0.0,5629485056.0,209371136.0,1.47314130944e+11,15627206656.0,0.0,0.0,0.0,97484.800,10724.200,13681.200,0.881,3.709,94.874,0.025,0.0,0.511,1493163607.604,
0.819,3.631,95.325,0.020,0.0,0.206,0.0,85196.800,542338030.0,270061.0,0.0,0.0,11096.400,14938.200,1.800,0.200,0.200,5632188416.0,209383424.0,1.47314323456e+11,15624298496.0,0.0,0.0,0.0,98304.0,11099.200,14936.400,0.814,3.621,95.349,0.010,0.0,0.206,1493163612.604,
0.813,3.495,95.416,0.015,0.0,0.261,0.0,107315.200,591122441.200,278800.200,0.0,0.0,11659.0,16060.400,2.400,0.0,0.0,5637496832.0,209403904.0,1.47314532352e+11,15618760704.0,0.0,0.0,0.0,107315.200,11652.400,16064.400,0.813,3.504,95.397,0.025,0.0,0.261,1493163617.604,
0.823,3.649,95.187,0.075,0.0,0.266,0.0,101580.800,542612751.400,258341.800,0.0,0.0,10749.0,14537.400,1.400,0.200,0.0,5639696384.0,209424384.0,1.47314737152e+11,15616335872.0,0.0,0.0,0.0,88473.600,10750.200,14530.600,0.823,3.644,95.187,0.080,0.0,0.266,1493163622.604,
0.628,3.335,95.766,0.075,0.0,0.196,0.0,103219.200,393808862.200,156343.800,0.0,0.0,7945.400,11327.400,1.400,0.200,0.0,5633093632.0,209432576.0,1.47314925568e+11,15622742016.0,0.0,0.0,0.0,103219.200,7953.800,11338.600,0.628,3.331,95.775,0.070,0.0,0.196,1493163627.604,
0.747,3.363,95.410,0.080,0.0,0.401,0.0,140902.400,502663781.200,219436.200,0.0,0.0,9864.600,13963.400,1.600,0.200,2.400,5640073216.0,209440768.0,1.473150976e+11,15615582208.0,0.0,0.0,0.0,140902.400,9861.800,13955.600,0.747,3.363,95.409,0.080,0.0,0.401,1493163632.604,
0.763,3.418,95.458,0.090,0.0,0.271,0.0,95846.400,504837540.0,230859.400,0.0,0.0,9939.0,13608.400,1.600,0.200,0.0,5646888960.0,209457152.0,1.47315273728e+11,15608573952.0,0.0,0.0,0.0,108953.600,9929.800,13606.400,0.763,3.432,95.454,0.080,0.0,0.271,1493163637.604,
0.839,3.798,95.097,0.050,0.0,0.216,0.0,95846.400,520512472.400,225334.0,0.0,0.0,10872.600,13172.600,2.600,0.200,0.0,5652946944.0,209465344.0,1.47315470336e+11,15602311168.0,0.0,0.0,0.0,82739.200,10873.200,13173.800,0.839,3.789,95.096,0.060,0.0,0.216,1493163642.604,
0.879,3.622,95.027,0.176,0.0,0.296,0.0,4908646.400,548865621.200,268967.600,0.0,0.0,11264.400,14803.400,1.800,0.200,0.0,5638914048.0,209494016.0,1.47311816704e+11,15619969024.0,0.0,0.0,0.0,4908646.400,11263.200,14800.0,0.879,3.621,95.027,0.176,0.0,0.296,1493163647.604,
0.801,3.700,95.013,0.015,0.0,0.471,0.0,153190.400,560267484.0,243049.400,0.0,0.0,11726.400,13803.800,1.400,0.200,0.0,5644341248.0,209518592.0,1.47311996928e+11,15614337024.0,0.0,0.0,0.0,153190.400,11732.200,13806.0,0.801,3.705,95.009,0.015,0.0,0.471,1493163652.604,
0.811,3.822,94.861,0.020,0.0,0.486,0.0,100761.600,539855916.0,199789.200,0.0,0.0,10806.800,12893.600,2.200,0.200,0.0,5645922304.0,209539072.0,1.47312214016e+11,15612518400.0,0.0,0.0,0.0,100761.600,10808.200,12895.400,0.812,3.812,94.866,0.020,0.0,0.491,1493163657.604,
0.835,3.444,94.956,0.070,0.0,0.695,0.0,104857.600,570408326.0,290674.800,0.0,0.0,11318.800,15857.0,2.200,0.200,0.0,5645238272.0,209547264.0,1.47312406528e+11,15613001728.0,0.0,0.0,0.0,104857.600,11315.400,15853.200,0.840,3.454,94.947,0.070,0.0,0.690,1493163662.604,
0.833,3.233,95.642,0.070,0.0,0.221,0.0,97484.800,586922250.0,349506.0,0.0,0.0,11679.200,17621.800,2.0,0.200,0.0,5647319040.0,209551360.0,1.47312607232e+11,15610716160.0,0.0,0.0,0.0,97484.800,11679.400,17624.600,0.834,3.224,95.652,0.070,0.0,0.221,1493163667.604,
0.878,3.362,95.408,0.050,0.0,0.301,0.0,102400.0,571536626.200,299864.200,0.0,0.0,11122.0,16200.0,1.800,0.200,0.0,5664550912.0,209563648.0,1.4731282432e+11,15593254912.0,0.0,0.0,0.0,102400.0,11118.600,16197.200,0.873,3.367,95.404,0.055,0.0,0.301,1493163672.604,
0.808,3.828,95.098,0.030,0.0,0.236,0.0,98304.0,529805029.600,194105.0,0.0,0.0,10136.0,13145.600,2.0,0.200,0.0,5645987840.0,209567744.0,1.4731302912e+11,15611609088.0,0.0,0.0,0.0,98304.0,10144.600,13148.400,0.808,3.828,95.098,0.030,0.0,0.236,1493163677.604,
0.778,3.857,95.018,0.090,0.0,0.256,0.0,99942.400,504077704.400,171893.400,0.0,0.0,9515.200,11913.400,1.800,0.200,0.0,5644599296.0,209575936.0,1.47313229824e+11,15612788736.0,0.0,0.0,0.0,99942.400,9511.400,11912.800,0.783,3.862,95.009,0.090,0.0,0.256,1493163682.604,
0.858,3.873,94.933,0.070,0.0,0.266,0.0,102400.0,548015669.200,157236.400,0.0,0.0,10121.600,12506.0,2.200,0.200,0.0,5656842240.0,209575936.0,1.4731341824e+11,15600357376.0,0.0,0.0,0.0,102400.0,10120.200,12505.0,0.858,3.869,94.942,0.065,0.0,0.266,1493163687.604,
0.793,3.644,95.246,0.080,0.0,0.236,0.0,101580.800,552368239.200,255354.800,0.0,0.0,10758.600,15176.200,2.0,0.200,0.0,5643849728.0,209588224.0,1.47313618944e+11,15613136896.0,0.0,0.0,0.0,101580.800,10764.600,15185.200,0.788,3.644,95.252,0.080,0.0,0.236,1493163692.604,
0.713,3.439,95.577,0.075,0.0,0.196,0.0,102400.0,535665905.400,266250.800,0.0,0.0,11060.200,15102.200,1.600,0.200,0.0,5640544256.0,209596416.0,1.47313819648e+11,15616233472.0,0.0,0.0,0.0,102400.0,11060.600,15101.600,0.718,3.449,95.557,0.080,0.0,0.196,1493163697.604,
0.788,3.781,95.069,0.075,0.0,0.286,0.0,99942.400,505726345.800,177823.600,0.0,0.0,10136.0,11936.200,2.0,0.200,0.0,5644615680.0,209608704.0,1.47314020352e+11,15611949056.0,0.0,0.0,0.0,99942.400,10127.600,11928.0,0.789,3.772,95.083,0.070,0.0,0.286,1493163702.604,
0.779,3.772,95.143,0.070,0.0,0.236,0.0,97484.800,525695230.400,220192.600,0.0,0.0,10300.0,13877.400,1.800,0.200,0.200,5648093184.0,209641472.0,1.47314212864e+11,15608246272.0,0.0,0.0,0.0,97484.800,10307.200,13875.800,0.774,3.768,95.152,0.070,0.0,0.236,1493163707.604,
0.713,3.641,95.405,0.020,0.0,0.221,0.0,95027.200,454437666.0,142235.0,0.0,0.0,8899.800,11013.400,3.0,0.200,0.0,5652119552.0,209657856.0,1.47314405376e+11,15604011008.0,0.0,0.0,0.0,95027.200,8892.0,11013.400,0.713,3.645,95.396,0.025,0.0,0.221,1493163712.604,
0.658,3.667,95.343,0.070,0.0,0.261,0.0,94208.0,403780839.400,144735.200,0.0,0.0,8114.0,10959.0,1.800,0.200,0.0,5648162816.0,209682432.0,1.47314573312e+11,15607775232.0,0.0,0.0,0.0,94208.0,8117.200,10961.600,0.658,3.667,95.343,0.070,0.0,0.261,1493163717.604,
0.718,3.559,95.382,0.060,0.0,0.281,0.0,99942.400,484119359.800,164213.400,0.0,0.0,9486.600,12003.0,1.400,0.200,0.0,5650456576.0,209682432.0,1.4731474944e+11,15605305344.0,0.0,0.0,0.0,99942.400,9482.0,12000.400,0.718,3.558,95.388,0.055,0.0,0.281,1493163722.604,
0.687,3.392,95.614,0.080,0.0,0.226,0.0,97484.800,475540865.400,199404.400,0.0,0.0,9333.800,12604.800,1.800,0.200,0.0,5642391552.0,209694720.0,1.47314925568e+11,15613181952.0,0.0,0.0,0.0,97484.800,9341.400,12621.0,0.688,3.387,95.614,0.085,0.0,0.226,1493163727.604,
0.737,3.369,95.503,0.065,0.0,0.326,0.0,99123.200,479033637.400,231703.0,0.0,0.0,9551.400,13706.600,2.0,0.200,0.0,5642637312.0,209707008.0,1.47315105792e+11,15612743680.0,0.0,0.0,0.0,99123.200,9549.600,13690.400,0.737,3.374,95.498,0.065,0.0,0.326,1493163732.604,
0.713,3.328,95.703,0.055,0.0,0.201,0.0,94208.0,520140265.400,239457.800,0.0,0.0,10232.200,14229.800,1.400,0.200,0.0,5634973696.0,209719296.0,1.47315290112e+11,15620210688.0,0.0,0.0,0.0,94208.0,10232.200,14238.0,0.718,3.328,95.698,0.055,0.0,0.201,1493163737.604,
0.763,3.814,95.083,0.100,0.0,0.241,0.0,97484.800,498324933.200,195408.200,0.0,0.0,10110.600,12189.200,2.200,0.200,0.0,5648687104.0,209739776.0,1.47315478528e+11,15606288384.0,0.0,0.0,0.0,97484.800,10106.600,12183.200,0.763,3.814,95.087,0.095,0.0,0.241,1493163742.604,
0.784,3.868,94.987,0.105,0.0,0.256,0.0,99123.200,506811870.0,168904.800,0.0,0.0,10033.400,11725.600,2.800,0.200,0.0,5651628032.0,209764352.0,1.47315675136e+11,15603126272.0,0.0,0.0,0.0,99123.200,10032.200,11724.0,0.779,3.868,94.987,0.111,0.0,0.256,1493163747.604,
0.843,3.828,95.013,0.055,0.0,0.261,0.0,97484.800,528746782.0,177169.800,0.0,0.0,10108.400,12775.600,2.0,0.200,0.0,5649145856.0,209764352.0,1.47315863552e+11,15605420032.0,0.0,0.0,0.0,97484.800,10107.800,12774.800,0.848,3.833,95.008,0.050,0.0,0.261,1493163752.604,
0.818,3.683,95.147,0.110,0.0,0.241,0.0,97484.800,541458786.400,238492.600,0.0,0.0,10635.200,14378.800,2.200,0.200,0.0,5643841536.0,209772544.0,1.47316051968e+11,15610527744.0,0.0,0.0,0.0,104857.600,10638.400,14381.200,0.818,3.674,95.156,0.110,0.0,0.241,1493163757.604,
0.789,3.683,95.237,0.060,0.0,0.231,0.0,90931.200,521091595.200,242058.400,0.0,0.0,10536.600,13934.400,2.0,0.200,0.0,5646938112.0,209805312.0,1.47316240384e+11,15607209984.0,0.0,0.0,0.0,99123.200,10539.600,13933.400,0.789,3.687,95.233,0.060,0.0,0.231,1493163762.604,
0.811,3.640,94.849,0.090,0.0,0.611,0.0,106496.0,532875890.0,222240.400,0.0,0.0,10640.600,12998.600,2.200,0.200,0.0,5647134720.0,209825792.0,1.47316445184e+11,15606788096.0,0.0,0.0,0.0,105676.800,10640.0,12999.200,0.806,3.640,94.848,0.095,0.0,0.611,1493163767.604,
0.657,3.006,95.951,0.186,0.0,0.201,0.0,5672140.800,398194415.800,165984.200,0.0,0.0,8175.0,11645.0,0.800,0.200,1.0,5471932416.0,209838080.0,1.47314987008e+11,15783436288.0,0.0,0.0,0.0,5657395.200,8169.400,11643.200,0.657,3.006,95.956,0.181,0.0,0.201,1493163772.604,
