"Dstat 0.7.2 CSV output"
"Author:","Dag Wieers <dag@wieers.com>",,,,"URL:","http://dag.wieers.com/home-made/dstat/"
"Host:","osd0.skyhook-2osds.skyhook-pg0.wisc.cloudlab.us",,,,"User:","jlefevre"
"Cmdline:","dstat -av --epoch --integer --noheaders --output 2osds.dstat-osd0.log 5",,,,"Date:","25 Apr 2017 15:01:59 CDT"

"total cpu usage",,,,,,"dsk/total",,"net/total",,"paging",,"system",,"procs",,,"memory usage",,,,"paging",,"dsk/total",,"system",,"total cpu usage",,,,,,"epoch"
"usr","sys","idl","wai","hiq","siq","read","writ","recv","send","in","out","int","csw","run","blk","new","used","buff","cach","free","in","out","read","writ","int","csw","usr","sys","idl","wai","hiq","siq","epoch"


"Host:","osd0.skyhook-2osds.skyhook-pg0.wisc.cloudlab.us",,,,"User:","jlefevre"
"Cmdline:","dstat -av --epoch --integer --noheaders --output 2osds.dstat-osd0.log 5",,,,"Date:","25 Apr 2017 15:08:52 CDT"

"total cpu usage",,,,,,"dsk/total",,"net/total",,"paging",,"system",,"procs",,,"memory usage",,,,"paging",,"dsk/total",,"system",,"total cpu usage",,,,,,"epoch"
"usr","sys","idl","wai","hiq","siq","read","writ","recv","send","in","out","int","csw","run","blk","new","used","buff","cach","free","in","out","read","writ","int","csw","usr","sys","idl","wai","hiq","siq","epoch"
0.070,1.756,98.024,0.150,0.0,0.0,1414758.400,11468.800,2977.600,21384.600,0.0,0.0,750.600,870.600,0.600,0.400,4.400,4990087168.0,1273856.0,163983360.0,1.63624849408e+11,0.0,0.0,1414758.400,11468.800,750.200,870.200,0.070,1.751,98.029,0.150,0.0,0.0,1493170812.689,
0.826,0.345,97.082,1.732,0.0,0.015,90431488.0,3276.800,56666.800,72752393.800,0.0,0.0,2426.600,1671.400,0.800,1.600,0.200,5141204992.0,1282048.0,614154240.0,1.63023552512e+11,0.0,0.0,90641203.200,3276.800,2427.600,1673.800,0.831,0.350,97.068,1.736,0.0,0.015,1493170817.689,
3.763,1.799,87.284,7.075,0.0,0.080,420816486.400,2457.600,271654.400,425213665.600,0.0,0.0,11263.0,7336.400,2.200,3.800,0.0,5191311360.0,1290240.0,2719121408.0,1.60868470784e+11,0.0,0.0,420868915.200,2457.600,11263.800,7336.800,3.758,1.799,87.284,7.080,0.0,0.080,1493170822.689,
3.820,1.739,87.463,6.883,0.0,0.095,419483648.0,0.0,340486.0,454553354.800,0.0,0.0,13298.600,7322.600,2.0,3.0,0.0,5102112768.0,1294336.0,4816621568.0,1.5886016512e+11,0.0,0.0,419483648.0,0.0,13306.800,7322.600,3.821,1.735,87.471,6.879,0.0,0.095,1493170827.689,
4.231,1.950,84.526,9.178,0.0,0.115,455139328.0,16384.0,387201.0,481407369.400,0.0,0.0,15226.800,7931.0,1.800,4.800,0.0,5085757440.0,1310720.0,7093846016.0,1.56599279616e+11,0.0,0.0,455113113.600,16384.0,15224.800,7931.600,4.235,1.950,84.523,9.177,0.0,0.115,1493170832.689,
4.355,1.872,83.707,9.960,0.0,0.105,465616896.0,41779.200,447882.600,480585912.400,0.0,0.0,15483.200,8305.600,2.200,6.600,2.200,5135708160.0,1753088.0,9423421440.0,1.54219311104e+11,0.0,0.0,465669324.800,41779.200,15482.0,8305.600,4.350,1.877,83.703,9.965,0.0,0.105,1493170837.689,
3.786,1.615,86.952,7.557,0.0,0.090,429844070.400,28672.0,344347.600,452403033.400,0.0,0.0,13315.400,7507.0,1.800,4.0,0.0,5119946752.0,1769472.0,11571740672.0,1.52086736896e+11,0.0,0.0,429765427.200,28672.0,13320.400,7506.400,3.791,1.610,86.951,7.558,0.0,0.090,1493170842.689,
3.892,1.695,86.841,7.497,0.0,0.075,443249459.200,819.200,384781.0,461651238.0,0.0,0.0,13808.0,7768.200,1.200,6.200,0.0,5169504256.0,1769472.0,13788672000.0,1.49820248064e+11,0.0,0.0,443301888.0,819.200,13803.600,7768.600,3.892,1.695,86.839,7.498,0.0,0.075,1493170847.689,
4.114,1.934,85.875,7.987,0.0,0.090,454615040.0,2457.600,426093.200,470460610.0,0.0,0.0,15302.800,7976.800,3.0,3.800,0.0,5194219520.0,1777664.0,16058679296.0,1.47525517312e+11,0.0,0.0,454588825.600,2457.600,15303.0,7977.0,4.118,1.939,85.871,7.981,0.0,0.090,1493170852.689,
4.431,1.987,83.475,10.032,0.0,0.075,475490713.600,0.0,394912.0,505063895.400,0.0,0.0,15816.600,8355.0,2.800,5.400,0.0,5159280640.0,1777664.0,18435993600.0,1.45183141888e+11,0.0,0.0,475543142.400,0.0,15817.0,8355.200,4.431,1.982,83.476,10.036,0.0,0.075,1493170857.689,
3.936,1.800,86.221,7.982,0.0,0.060,427154636.800,2457.600,384242.800,452578820.600,0.0,0.0,13417.200,7495.400,3.0,3.800,0.0,5120135168.0,1785856.0,20571848704.0,1.43086424064e+11,0.0,0.0,427075993.600,2457.600,13412.200,7495.400,3.936,1.800,86.226,7.978,0.0,0.060,1493170862.689,
3.771,1.953,87.224,6.936,0.0,0.115,431480012.800,0.0,473353.400,446064126.200,0.0,0.0,15316.0,7559.400,1.400,5.800,0.0,5141798912.0,1785856.0,22730690560.0,1.40905918464e+11,0.0,0.0,431532441.600,0.0,15322.600,7559.600,3.761,1.958,87.228,6.937,0.0,0.115,1493170867.689,
4.403,2.016,83.562,9.924,0.0,0.095,476088729.600,2457.600,402300.0,491633175.800,0.0,0.0,16046.0,8401.200,1.600,6.800,0.0,5186383872.0,1794048.0,25111355392.0,1.3848066048e+11,0.0,0.0,476114944.0,2457.600,16039.200,8401.200,4.407,2.011,83.559,9.928,0.0,0.095,1493170872.689,
4.218,1.866,85.150,8.691,0.0,0.075,449829273.600,0.0,395621.800,474300799.600,0.0,0.0,15288.600,7865.400,2.800,4.400,0.0,5161660416.0,1794048.0,27361050624.0,1.36255688704e+11,0.0,0.0,449829273.600,0.0,15288.200,7864.600,4.212,1.871,85.151,8.691,0.0,0.075,1493170877.689,
4.198,1.839,84.845,9.008,0.0,0.110,450164326.400,4096.0,367514.800,474702163.200,0.0,0.0,13653.0,7865.600,1.400,4.200,0.0,5137731584.0,1802240.0,29611622400.0,1.34029037568e+11,0.0,0.0,450127462.400,4096.0,13658.200,7867.200,4.203,1.839,84.840,9.008,0.0,0.110,1493170882.689,
3.928,1.844,86.223,7.870,0.0,0.135,438185164.800,4915.200,417671.200,454005974.600,0.0,0.0,13182.400,7697.0,3.0,4.0,0.0,5168775168.0,1810432.0,31803990016.0,1.31805618176e+11,0.0,0.0,438222028.800,4915.200,13176.800,7695.800,3.923,1.844,86.227,7.871,0.0,0.135,1493170887.689,
4.264,1.889,84.952,8.774,0.0,0.120,451427532.800,0.0,324508.0,473229527.0,0.0,0.0,12967.0,7879.200,2.0,4.200,0.0,5163057152.0,1810432.0,34060566528.0,1.2955475968e+11,0.0,0.0,451427532.800,0.0,12972.200,7879.800,4.265,1.884,84.956,8.775,0.0,0.120,1493170892.689,
3.892,1.633,87.612,6.747,0.0,0.115,410514227.200,2457.600,344640.800,436043864.200,0.0,0.0,12877.800,7157.400,1.0,4.200,0.0,5161435136.0,1818624.0,36110602240.0,1.27506337792e+11,0.0,0.0,410435584.0,2457.600,12880.400,7156.800,3.897,1.633,87.606,6.748,0.0,0.115,1493170897.689,
3.788,1.804,87.006,7.326,0.0,0.075,418504704.0,0.0,359813.0,423482562.0,0.0,0.0,14255.0,7367.200,2.800,4.800,0.0,5247680512.0,1818624.0,38202859520.0,1.25327835136e+11,0.0,0.0,418530918.400,0.0,14247.600,7366.800,3.789,1.809,87.001,7.326,0.0,0.075,1493170902.689,
3.521,1.570,89.066,5.763,0.0,0.080,395363123.200,2457.600,366050.400,427094283.800,0.0,0.0,13565.0,6913.800,2.600,1.800,0.0,5147287552.0,1826816.0,40179134464.0,1.2345194496e+11,0.0,0.0,395363123.200,2457.600,13563.600,6913.0,3.521,1.570,89.072,5.757,0.0,0.080,1493170907.689,
4.011,1.890,85.837,8.182,0.0,0.080,453619712.0,0.0,441857.400,459639175.200,0.0,0.0,16354.800,7988.800,1.600,5.200,0.0,5227315200.0,1826816.0,42450223104.0,1.21100828672e+11,0.0,0.0,453672140.800,0.0,16362.400,7990.0,4.006,1.885,85.837,8.192,0.0,0.080,1493170912.689,
3.894,1.804,86.894,7.322,0.0,0.085,428197478.400,3276.800,353305.200,454548695.200,0.0,0.0,13852.200,7467.400,2.800,3.400,0.0,5202669568.0,1835008.0,44588974080.0,1.18986715136e+11,0.0,0.0,428171264.0,3276.800,13852.800,7467.600,3.899,1.809,86.885,7.322,0.0,0.085,1493170917.689,
4.008,1.756,86.321,7.845,0.0,0.070,458457907.200,4915.200,379075.800,474614246.800,0.0,0.0,15253.800,8073.600,3.800,3.0,0.0,5262491648.0,1843200.0,46883012608.0,1.16632846336e+11,0.0,0.0,458431692.800,4915.200,15250.400,8073.600,4.013,1.751,86.326,7.840,0.0,0.070,1493170922.689,
4.111,1.855,84.974,8.964,0.0,0.095,471596236.800,0.0,411951.0,495306289.200,0.0,0.0,15664.200,8280.600,2.600,4.400,0.0,5235163136.0,1843200.0,49239998464.0,1.14303188992e+11,0.0,0.0,471648665.600,0.0,15662.200,8280.400,4.106,1.855,84.979,8.965,0.0,0.095,1493170927.689,
3.970,1.779,86.677,7.478,0.0,0.095,445985587.200,2457.600,395834.0,474447060.800,0.0,0.0,15362.0,7782.600,1.400,4.400,0.200,5179310080.0,1851392.0,51468693504.0,1.12130338816e+11,0.0,0.0,445906944.0,2457.600,15359.800,7782.200,3.964,1.784,86.684,7.473,0.0,0.095,1493170932.689,
3.596,1.668,88.254,6.361,0.0,0.120,416333824.0,0.0,389503.800,431934055.400,0.0,0.0,14210.200,7285.400,1.600,4.200,0.0,5206208512.0,1851392.0,53553053696.0,1.10019080192e+11,0.0,0.0,416386252.800,0.0,14213.0,7285.800,3.597,1.663,88.258,6.362,0.0,0.120,1493170937.689,
3.975,1.795,86.259,7.870,0.0,0.100,457771417.600,2457.600,397376.800,478645164.0,0.0,0.0,15228.400,8051.400,1.800,5.600,0.0,5218181120.0,1859584.0,55840088064.0,1.07720065024e+11,0.0,0.0,457745203.200,2457.600,15225.600,8051.0,3.980,1.800,86.244,7.875,0.0,0.100,1493170942.689,
4.358,1.956,83.505,10.106,0.0,0.075,482651340.800,0.0,341512.800,498178040.400,0.0,0.0,15344.600,8484.200,3.400,5.600,0.200,5259542528.0,1859584.0,58254934016.0,1.05263857664e+11,0.0,0.0,482651340.800,0.0,15346.200,8486.200,4.363,1.951,83.515,10.096,0.0,0.075,1493170947.689,
4.216,1.875,83.247,10.582,0.0,0.080,481918976.0,4096.0,352466.800,504069261.400,0.0,0.0,15621.600,8508.800,2.600,6.200,0.0,5252591616.0,1867776.0,60665868288.0,1.02859866112e+11,0.0,0.0,481971404.800,4096.0,15620.400,8507.400,4.211,1.875,83.243,10.591,0.0,0.080,1493170952.689,
4.404,1.816,84.792,8.898,0.0,0.090,479595724.800,4915.200,365483.0,501499987.600,0.0,0.0,15300.800,8479.200,2.200,6.400,0.0,5247836160.0,1875968.0,63060250624.0,1.0047023104e+11,0.0,0.0,479595724.800,4915.200,15300.200,8479.0,4.404,1.816,84.793,8.898,0.0,0.090,1493170957.689,
4.175,1.754,84.860,9.111,0.0,0.100,471789568.0,0.0,450017.200,498608707.400,0.0,0.0,15380.600,8377.0,2.0,5.600,0.0,5262114816.0,1875968.0,65420496896.0,98095706112.0,0.0,0.0,471684710.400,0.0,15385.400,8376.0,4.175,1.759,84.865,9.101,0.0,0.100,1493170962.689,
3.823,1.563,87.244,7.225,0.0,0.145,430510080.0,2457.600,364932.0,447646246.400,0.0,0.0,12192.800,7532.600,1.800,4.400,0.0,5250404352.0,1884160.0,67573424128.0,95954481152.0,0.0,0.0,430536294.400,2457.600,12189.200,7532.800,3.824,1.564,87.236,7.231,0.0,0.145,1493170967.689,
4.322,1.840,84.613,9.130,0.0,0.095,477388800.0,0.0,413760.0,494897416.0,0.0,0.0,15151.200,8431.200,4.200,4.400,0.0,5293203456.0,1884160.0,69959045120.0,93526061056.0,0.0,0.0,477415014.400,0.0,15161.0,8431.400,4.326,1.835,84.615,9.129,0.0,0.095,1493170972.689,
1.907,0.866,93.483,3.674,0.0,0.070,194473164.800,2457.600,195031.200,221052130.0,0.0,0.0,6904.200,3511.400,0.600,1.600,0.0,5169152000.0,1892352.0,70932049920.0,92677099520.0,0.0,0.0,194237235.200,2457.600,6891.800,3508.600,1.897,0.866,93.498,3.669,0.0,0.070,1493170977.689,
