"Dstat 0.7.2 CSV output"
"Author:","Dag Wieers <dag@wieers.com>",,,,"URL:","http://dag.wieers.com/home-made/dstat/"
"Host:","osd0.skyhook-2osds.skyhook-pg0.wisc.cloudlab.us",,,,"User:","jlefevre"
"Cmdline:","dstat -av --epoch --integer --noheaders --output 2osds.dstat-osd0.log 5",,,,"Date:","25 Apr 2017 15:01:59 CDT"

"total cpu usage",,,,,,"dsk/total",,"net/total",,"paging",,"system",,"procs",,,"memory usage",,,,"paging",,"dsk/total",,"system",,"total cpu usage",,,,,,"epoch"
"usr","sys","idl","wai","hiq","siq","read","writ","recv","send","in","out","int","csw","run","blk","new","used","buff","cach","free","in","out","read","writ","int","csw","usr","sys","idl","wai","hiq","siq","epoch"


"Host:","osd0.skyhook-2osds.skyhook-pg0.wisc.cloudlab.us",,,,"User:","jlefevre"
"Cmdline:","dstat -av --epoch --integer --noheaders --output 2osds.dstat-osd0.log 5",,,,"Date:","25 Apr 2017 15:08:52 CDT"

"total cpu usage",,,,,,"dsk/total",,"net/total",,"paging",,"system",,"procs",,,"memory usage",,,,"paging",,"dsk/total",,"system",,"total cpu usage",,,,,,"epoch"
"usr","sys","idl","wai","hiq","siq","read","writ","recv","send","in","out","int","csw","run","blk","new","used","buff","cach","free","in","out","read","writ","int","csw","usr","sys","idl","wai","hiq","siq","epoch"
0.015,0.005,99.980,0.0,0.0,0.0,0.0,0.0,1747.200,21696.400,0.0,0.0,105.200,103.800,0.0,0.0,0.0,5129412608.0,1458176.0,70930386944.0,92718936064.0,0.0,0.0,0.0,0.0,105.200,103.800,0.015,0.0,99.985,0.0,0.0,0.0,1493170272.689,
0.125,0.340,99.515,0.015,0.0,0.005,8192.0,2457.600,72268.600,94089652.200,0.0,0.0,1968.800,424.600,0.0,0.0,0.200,5273088000.0,1466368.0,70930427904.0,92575211520.0,0.0,0.0,8192.0,2457.600,1979.200,425.0,0.125,0.340,99.515,0.015,0.0,0.005,1493170277.689,
0.406,1.102,98.477,0.010,0.0,0.005,0.0,3276.800,318312.400,389954406.800,0.0,0.0,8055.0,1194.600,0.400,0.0,0.0,5399437312.0,1474560.0,70930427904.0,92448854016.0,0.0,0.0,0.0,3276.800,8045.0,1194.200,0.406,1.102,98.477,0.010,0.0,0.005,1493170282.689,
0.376,1.056,98.553,0.010,0.0,0.005,0.0,4096.0,261400.0,379023522.600,0.0,0.0,7160.800,1133.600,1.0,0.0,0.0,5405556736.0,1482752.0,70930432000.0,92442722304.0,0.0,0.0,0.0,4096.0,7167.400,1134.0,0.375,1.061,98.548,0.010,0.0,0.005,1493170287.689,
0.335,0.961,98.693,0.005,0.0,0.005,0.0,4915.200,200431.400,353671268.0,0.0,0.0,5956.400,1042.200,0.800,0.0,0.0,5360107520.0,1490944.0,70930432000.0,92488163328.0,0.0,0.0,0.0,4915.200,5949.800,1041.800,0.335,0.961,98.693,0.005,0.0,0.005,1493170292.689,
0.350,0.971,98.664,0.005,0.0,0.010,5734.400,0.0,187384.600,351657566.200,0.0,0.0,5647.600,1065.600,0.400,0.0,0.400,5342724096.0,1490944.0,70930464768.0,92505513984.0,0.0,0.0,5734.400,0.0,5647.600,1065.600,0.350,0.971,98.664,0.005,0.0,0.010,1493170297.689,
0.370,1.196,98.393,0.025,0.0,0.015,0.0,10649.600,351566.200,411645551.200,0.0,0.0,9351.600,1253.800,0.600,0.0,0.0,5293125632.0,1507328.0,70930477056.0,92555083776.0,0.0,0.0,0.0,10649.600,9360.0,1254.0,0.370,1.196,98.393,0.025,0.0,0.015,1493170302.689,
0.451,1.297,98.233,0.0,0.0,0.020,0.0,0.0,414183.800,470461478.200,0.0,0.0,9521.0,1400.800,0.600,0.0,0.0,5249507328.0,1507328.0,70930477056.0,92598702080.0,0.0,0.0,0.0,0.0,9512.0,1400.600,0.451,1.297,98.233,0.0,0.0,0.020,1493170307.689,
0.350,1.016,98.593,0.010,0.0,0.030,0.0,5734.400,282312.0,369517624.200,0.0,0.0,5399.200,1167.400,0.200,0.0,0.0,5351550976.0,1523712.0,70930472960.0,92496646144.0,0.0,0.0,0.0,5734.400,5402.600,1167.600,0.350,1.016,98.593,0.010,0.0,0.030,1493170312.689,
0.315,0.921,98.749,0.0,0.0,0.015,0.0,8192.0,292960.200,356522628.200,0.0,0.0,5217.200,1035.600,0.400,0.0,0.0,5262184448.0,1531904.0,70930472960.0,92586004480.0,0.0,0.0,0.0,8192.0,5218.400,1039.400,0.315,0.916,98.754,0.0,0.0,0.015,1493170317.689,
0.400,1.121,98.449,0.010,0.0,0.020,0.0,3276.800,279184.400,370451426.400,0.0,0.0,6795.200,1177.400,0.600,0.0,0.0,5445173248.0,1540096.0,70930472960.0,92403007488.0,0.0,0.0,0.0,3276.800,6791.800,1173.600,0.405,1.126,98.439,0.010,0.0,0.020,1493170322.689,
0.421,1.162,98.393,0.005,0.0,0.020,0.0,4915.200,328084.600,422804747.400,0.0,0.0,8631.800,1238.800,0.200,0.0,0.0,5402546176.0,1548288.0,70930472960.0,92445626368.0,0.0,0.0,0.0,4915.200,8631.0,1238.600,0.416,1.157,98.402,0.005,0.0,0.020,1493170327.689,
0.376,1.092,98.517,0.0,0.0,0.015,0.0,0.0,394527.0,435763233.0,0.0,0.0,9225.800,1191.600,1.400,0.0,0.0,5170671616.0,1548288.0,70930472960.0,92677500928.0,0.0,0.0,0.0,0.0,9227.400,1192.0,0.376,1.097,98.512,0.0,0.0,0.015,1493170332.689,
0.421,1.222,98.342,0.010,0.0,0.005,0.0,2457.600,353263.600,441656362.200,0.0,0.0,8646.800,1279.400,0.800,0.0,0.0,5216604160.0,1556480.0,70930472960.0,92631560192.0,0.0,0.0,0.0,2457.600,8651.400,1279.400,0.421,1.222,98.342,0.010,0.0,0.005,1493170337.689,
0.436,1.202,98.347,0.0,0.0,0.015,0.0,0.0,374114.0,431709231.200,0.0,0.0,8894.600,1276.400,0.600,0.0,0.0,5292576768.0,1556480.0,70930472960.0,92555587584.0,0.0,0.0,0.0,0.0,8893.400,1276.400,0.436,1.197,98.352,0.0,0.0,0.015,1493170342.689,
0.461,1.337,98.162,0.010,0.0,0.030,25395.200,2457.600,455822.400,499947209.200,0.0,0.0,11258.200,1421.200,0.600,0.0,0.200,5222670336.0,1564672.0,70930599936.0,92625358848.0,0.0,0.0,25395.200,2457.600,11254.600,1422.0,0.466,1.342,98.152,0.010,0.0,0.030,1493170347.689,
0.391,1.117,98.463,0.0,0.0,0.030,0.0,1638.400,327827.800,398882063.200,0.0,0.0,8499.0,1189.0,0.600,0.0,0.0,5213179904.0,1564672.0,70930599936.0,92634849280.0,0.0,0.0,0.0,1638.400,8497.800,1187.800,0.386,1.117,98.468,0.0,0.0,0.030,1493170352.689,
0.440,1.241,98.273,0.010,0.0,0.035,0.0,3276.800,390744.200,448646789.400,0.0,0.0,9508.200,1328.800,0.400,0.0,0.0,5209677824.0,1572864.0,70930599936.0,92638343168.0,0.0,0.0,0.0,3276.800,9510.0,1328.800,0.440,1.236,98.278,0.010,0.0,0.035,1493170357.689,
0.486,1.353,98.136,0.005,0.0,0.020,0.0,2457.600,446550.200,500515068.400,0.0,0.0,11323.600,1504.600,0.800,0.0,0.0,5192785920.0,1581056.0,70930599936.0,92655226880.0,0.0,0.0,0.0,2457.600,11330.400,1504.800,0.486,1.358,98.131,0.005,0.0,0.020,1493170362.689,
0.411,1.212,98.353,0.0,0.0,0.025,0.0,0.0,425636.800,452892200.0,0.0,0.0,10356.400,1320.0,0.600,0.0,0.0,5175377920.0,1581056.0,70930599936.0,92672634880.0,0.0,0.0,0.0,0.0,10350.200,1320.200,0.411,1.212,98.353,0.0,0.0,0.025,1493170367.689,
0.486,1.388,98.106,0.005,0.0,0.015,0.0,2457.600,402735.600,482940398.400,0.0,0.0,10675.200,1447.0,0.400,0.0,0.0,5335789568.0,1589248.0,70930604032.0,92512210944.0,0.0,0.0,0.0,2457.600,10678.0,1446.600,0.486,1.383,98.110,0.005,0.0,0.015,1493170372.689,
0.325,0.916,98.743,0.0,0.0,0.015,0.0,0.0,296342.400,366223966.600,0.0,0.0,7352.200,1033.600,1.0,0.0,0.0,5173854208.0,1589248.0,70930604032.0,92674146304.0,0.0,0.0,0.0,0.0,7357.0,1034.200,0.325,0.921,98.738,0.0,0.0,0.015,1493170377.689,
0.355,1.051,98.568,0.010,0.0,0.015,0.0,2457.600,258749.200,361056797.600,0.0,0.0,6925.0,1136.600,0.800,0.0,0.0,5249929216.0,1597440.0,70930604032.0,92598063104.0,0.0,0.0,0.0,2457.600,6916.200,1136.200,0.355,1.046,98.573,0.010,0.0,0.015,1493170382.689,
0.341,0.957,98.693,0.0,0.0,0.010,0.0,0.0,265275.800,363654205.800,0.0,0.0,7069.200,1082.400,0.0,0.0,0.0,5238173696.0,1597440.0,70930604032.0,92609818624.0,0.0,0.0,0.0,0.0,7067.600,1082.200,0.341,0.957,98.693,0.0,0.0,0.010,1493170387.689,
0.290,0.866,98.819,0.005,0.0,0.020,0.0,4096.0,257616.0,324126082.0,0.0,0.0,6274.200,948.400,0.200,0.0,0.0,5146464256.0,1605632.0,70930604032.0,92701519872.0,0.0,0.0,0.0,4096.0,6274.200,948.400,0.290,0.866,98.819,0.005,0.0,0.020,1493170392.689,
0.360,1.187,98.428,0.010,0.0,0.015,0.0,4915.200,342483.0,407260472.600,0.0,0.0,8606.800,1209.800,0.400,0.0,0.0,5180035072.0,1613824.0,70930604032.0,92667940864.0,0.0,0.0,0.0,4915.200,8606.800,1209.800,0.360,1.186,98.428,0.010,0.0,0.015,1493170397.689,
0.386,1.137,98.463,0.0,0.0,0.015,0.0,0.0,286513.400,381363736.0,0.0,0.0,7372.600,1212.600,1.0,0.0,0.0,5404483584.0,1613824.0,70930604032.0,92443492352.0,0.0,0.0,0.0,0.0,7373.0,1212.800,0.386,1.137,98.463,0.0,0.0,0.015,1493170402.689,
0.335,0.916,98.723,0.005,0.0,0.020,0.0,2457.600,272352.800,377576202.200,0.0,0.0,7174.0,1065.0,0.600,0.0,0.0,5235724288.0,1622016.0,70930604032.0,92612243456.0,0.0,0.0,0.0,2457.600,7175.400,1065.400,0.335,0.916,98.723,0.005,0.0,0.020,1493170407.689,
0.240,0.786,98.964,0.0,0.0,0.010,0.0,0.0,181274.600,311170423.200,0.0,0.0,5467.400,913.400,0.200,0.0,0.0,5141098496.0,1622016.0,70930604032.0,92706869248.0,0.0,0.0,0.0,0.0,5466.200,912.800,0.240,0.786,98.964,0.0,0.0,0.010,1493170412.689,
0.310,0.901,98.779,0.005,0.0,0.005,0.0,2457.600,263927.800,331963721.600,0.0,0.0,6836.200,1002.600,0.600,0.0,0.0,5160009728.0,1630208.0,70930604032.0,92687949824.0,0.0,0.0,0.0,2457.600,6835.600,1002.600,0.310,0.906,98.774,0.005,0.0,0.005,1493170417.689,
0.396,1.192,98.402,0.0,0.0,0.010,0.0,0.0,403068.800,402048876.400,0.0,0.0,9242.0,1311.400,0.400,0.0,0.0,5462081536.0,1630208.0,70930604032.0,92385878016.0,0.0,0.0,0.0,0.0,9253.600,1312.600,0.401,1.192,98.397,0.0,0.0,0.010,1493170422.689,
0.360,1.016,98.588,0.010,0.0,0.025,0.0,3276.800,269523.600,392951231.400,0.0,0.0,7443.200,1152.200,0.600,0.0,0.0,5364678656.0,1638400.0,70930604032.0,92483272704.0,0.0,0.0,0.0,3276.800,7431.600,1151.0,0.355,1.016,98.594,0.010,0.0,0.025,1493170427.689,
0.335,1.076,98.574,0.010,0.0,0.005,0.0,4915.200,213296.400,358970285.200,0.0,0.0,6113.0,1123.800,0.400,0.0,0.0,5475627008.0,1646592.0,70930604032.0,92372316160.0,0.0,0.0,0.0,4915.200,6114.0,1124.200,0.335,1.076,98.573,0.010,0.0,0.005,1493170432.689,
0.396,1.087,98.513,0.0,0.0,0.005,0.0,0.0,249588.600,396198460.600,0.0,0.0,7052.0,1167.600,0.800,0.0,0.0,5447897088.0,1646592.0,70930604032.0,92400046080.0,0.0,0.0,0.0,0.0,7051.600,1168.400,0.396,1.082,98.518,0.0,0.0,0.005,1493170437.689,
0.340,0.976,98.659,0.005,0.0,0.020,0.0,2457.600,227833.200,348409472.800,0.0,0.0,6286.400,1064.200,0.600,0.0,0.0,5445603328.0,1654784.0,70930604032.0,92402331648.0,0.0,0.0,0.0,2457.600,6294.0,1063.200,0.340,0.981,98.654,0.005,0.0,0.020,1493170442.689,
0.370,1.146,98.473,0.0,0.0,0.010,0.0,0.0,291895.200,405936774.600,0.0,0.0,8016.600,1175.400,0.400,0.0,0.0,5378371584.0,1654784.0,70930604032.0,92469563392.0,0.0,0.0,0.0,0.0,8015.400,1175.800,0.370,1.146,98.473,0.0,0.0,0.010,1493170447.689,
0.466,1.307,98.192,0.010,0.0,0.025,0.0,2457.600,418540.400,481594028.800,0.0,0.0,11069.400,1373.0,1.200,0.0,0.0,5365972992.0,1662976.0,70930604032.0,92481953792.0,0.0,0.0,0.0,2457.600,11070.600,1372.800,0.466,1.308,98.191,0.010,0.0,0.025,1493170452.689,
0.371,1.077,98.533,0.0,0.0,0.020,0.0,0.0,298068.400,391685126.600,0.0,0.0,7845.200,1150.200,0.600,0.0,0.200,5349761024.0,1662976.0,70930608128.0,92498161664.0,0.0,0.0,0.0,0.0,7843.200,1150.400,0.371,1.072,98.538,0.0,0.0,0.020,1493170457.689,
0.270,0.851,98.864,0.005,0.0,0.010,0.0,4096.0,276627.800,332780693.200,0.0,0.0,6741.800,938.200,0.400,0.0,0.0,5147746304.0,1671168.0,70930608128.0,92700168192.0,0.0,0.0,0.0,4096.0,6735.600,937.600,0.270,0.851,98.864,0.005,0.0,0.010,1493170462.689,
