"Dstat 0.7.2 CSV output"
"Author:","Dag Wieers <dag@wieers.com>",,,,"URL:","http://dag.wieers.com/home-made/dstat/"
"Host:","client0.skyhook-2osds.skyhook-pg0.wisc.cloudlab.us",,,,"User:","jlefevre"
"Cmdline:","dstat -av --epoch --integer --noheaders --output 2osds.dstat-client0.log 5",,,,"Date:","25 Apr 2017 15:01:58 CDT"

"total cpu usage",,,,,,"dsk/total",,"net/total",,"paging",,"system",,"procs",,,"memory usage",,,,"paging",,"dsk/total",,"system",,"total cpu usage",,,,,,"epoch"
"usr","sys","idl","wai","hiq","siq","read","writ","recv","send","in","out","int","csw","run","blk","new","used","buff","cach","free","in","out","read","writ","int","csw","usr","sys","idl","wai","hiq","siq","epoch"


"Host:","client0.skyhook-2osds.skyhook-pg0.wisc.cloudlab.us",,,,"User:","jlefevre"
"Cmdline:","dstat -av --epoch --integer --noheaders --output 2osds.dstat-client0.log 5",,,,"Date:","25 Apr 2017 15:08:47 CDT"

"total cpu usage",,,,,,"dsk/total",,"net/total",,"paging",,"system",,"procs",,,"memory usage",,,,"paging",,"dsk/total",,"system",,"total cpu usage",,,,,,"epoch"
"usr","sys","idl","wai","hiq","siq","read","writ","recv","send","in","out","int","csw","run","blk","new","used","buff","cach","free","in","out","read","writ","int","csw","usr","sys","idl","wai","hiq","siq","epoch"
0.040,0.065,99.870,0.015,0.0,0.010,0.0,26214.400,41132.0,408.400,0.0,0.0,680.800,6741.0,0.0,0.0,0.0,5492285440.0,216621056.0,1.47276578816e+11,15794708480.0,0.0,0.0,0.0,26214.400,680.400,6740.600,0.040,0.060,99.875,0.015,0.0,0.010,1493168597.604,
4.824,2.663,92.146,0.035,0.0,0.332,0.0,46694.400,573775360.400,439812.800,0.0,0.0,14087.0,17221.200,3.600,0.0,5.0,5653155840.0,216629248.0,1.47276644352e+11,15633764352.0,0.0,0.0,0.0,46694.400,14095.0,17221.200,4.834,2.673,92.126,0.035,0.0,0.332,1493168602.604,
5.885,2.885,90.853,0.060,0.0,0.317,0.0,109772.800,717249927.400,540894.600,0.0,0.0,15820.800,21007.600,3.600,0.0,0.0,5646151680.0,216629248.0,1.47276869632e+11,15640543232.0,0.0,0.0,0.0,109772.800,15817.400,21019.0,5.885,2.880,90.858,0.060,0.0,0.317,1493168607.604,
5.236,3.467,90.885,0.085,0.0,0.327,0.0,109772.800,633362516.600,370082.400,0.0,0.0,13423.600,15696.400,3.0,0.200,0.200,5669646336.0,216641536.0,1.47277099008e+11,15616806912.0,0.0,0.0,0.0,109772.800,13421.400,15688.800,5.236,3.462,90.889,0.085,0.0,0.327,1493168612.604,
6.433,2.562,90.637,0.086,0.0,0.282,0.0,108953.600,806753826.600,704433.0,0.0,0.0,18303.200,25290.800,3.600,0.200,0.0,5667237888.0,216649728.0,1.47277324288e+11,15618981888.0,0.0,0.0,0.0,108953.600,18306.400,25287.0,6.432,2.572,90.629,0.086,0.0,0.282,1493168617.604,
6.382,2.703,90.548,0.081,0.0,0.287,0.0,115507.200,772597245.800,723701.400,0.0,0.0,17568.400,24737.0,3.800,0.200,0.0,5659516928.0,216653824.0,1.4727755776e+11,15626465280.0,0.0,0.0,0.0,115507.200,17578.200,24757.200,6.388,2.693,90.552,0.081,0.0,0.287,1493168622.604,
6.751,2.601,90.180,0.091,0.0,0.377,0.0,113049.600,824924902.0,804002.400,0.0,0.0,20148.600,26060.800,4.400,0.200,0.0,5657645056.0,216666112.0,1.47277787136e+11,15628095488.0,0.0,0.0,0.0,113049.600,20138.600,26051.0,6.746,2.606,90.180,0.091,0.0,0.377,1493168627.604,
6.776,2.477,89.696,0.085,0.0,0.966,0.0,117964.800,849475694.800,815589.200,0.0,0.0,21272.600,26671.800,3.800,0.200,0.0,5670223872.0,216678400.0,1.47278036992e+11,15615254528.0,0.0,0.0,0.0,117964.800,21277.200,26671.600,6.771,2.477,89.701,0.085,0.0,0.966,1493168632.604,
7.400,2.242,89.941,0.071,0.0,0.348,0.0,114688.0,904910069.200,880996.400,0.0,0.0,20719.400,29462.800,3.800,0.200,0.0,5675065344.0,216678400.0,1.47278282752e+11,15610167296.0,0.0,0.0,0.0,114688.0,20724.600,29473.800,7.404,2.241,89.937,0.071,0.0,0.348,1493168637.604,
7.914,1.942,89.555,0.106,0.0,0.483,0.0,120422.400,964932471.800,982603.800,0.0,0.0,21235.800,31046.600,3.800,0.200,0.0,5684146176.0,216686592.0,1.472785408e+11,15600820224.0,0.0,0.0,0.0,120422.400,21221.200,31026.600,7.910,1.937,89.564,0.106,0.0,0.483,1493168642.604,
7.937,1.823,89.706,0.131,0.0,0.403,0.0,113868.800,999747613.200,975777.600,0.0,0.0,22835.200,31777.800,4.600,0.400,0.0,5673234432.0,216702976.0,1.47278794752e+11,15611461632.0,0.0,0.0,0.0,113868.800,22849.800,31796.400,7.941,1.828,89.697,0.131,0.0,0.403,1493168647.604,
7.071,2.251,90.260,0.076,0.0,0.342,0.0,114688.0,855162127.0,830850.800,0.0,0.0,19856.200,27763.600,3.800,0.200,0.200,5667508224.0,216707072.0,1.472790528e+11,15616925696.0,0.0,0.0,0.0,114688.0,19853.200,27760.200,7.080,2.251,90.251,0.076,0.0,0.342,1493168652.604,
7.394,2.364,89.714,0.080,0.0,0.448,0.0,115507.200,903670170.200,911014.800,0.0,0.0,20950.400,29249.800,4.600,0.200,0.0,5666463744.0,216715264.0,1.47279294464e+11,15617720320.0,0.0,0.0,0.0,115507.200,20947.600,29250.400,7.394,2.364,89.714,0.080,0.0,0.448,1493168657.604,
9.791,1.614,87.990,0.055,0.0,0.550,0.0,118784.0,1200365504.200,1167085.0,0.0,0.0,25287.0,35216.200,4.600,0.200,0.0,5678952448.0,216723456.0,1.47279552512e+11,15604965376.0,0.0,0.0,0.0,118784.0,25286.800,35204.200,9.776,1.614,88.004,0.055,0.0,0.550,1493168662.604,
9.240,1.947,88.339,0.055,0.0,0.419,0.0,119603.200,1112490638.600,1005805.400,0.0,0.0,23904.200,30926.400,4.400,0.200,0.0,5689364480.0,216723456.0,1.47279843328e+11,15594262528.0,0.0,0.0,0.0,119603.200,23896.200,30925.800,9.241,1.942,88.342,0.055,0.0,0.419,1493168667.604,
7.775,2.167,89.594,0.081,0.0,0.383,0.0,117964.800,986383501.800,924904.400,0.0,0.0,22737.400,27642.600,4.0,0.200,0.0,5688311808.0,216735744.0,1.47280101376e+11,15595044864.0,0.0,0.0,0.0,117964.800,22737.800,27640.800,7.780,2.172,89.580,0.081,0.0,0.388,1493168672.604,
8.123,2.105,89.069,0.065,0.0,0.638,0.0,120422.400,1010085254.800,967939.600,0.0,0.0,22331.600,30358.0,4.200,0.200,0.0,5705867264.0,216748032.0,1.47280367616e+11,15577210880.0,0.0,0.0,0.0,120422.400,22334.800,30355.600,8.119,2.105,89.078,0.065,0.0,0.633,1493168677.604,
6.505,2.671,90.411,0.060,0.0,0.352,0.0,113868.800,775659701.600,638411.0,0.0,0.0,18184.600,22182.800,3.600,0.200,0.0,5705101312.0,216760320.0,1.47280617472e+11,15577714688.0,0.0,0.0,0.0,113868.800,18180.400,22187.400,6.504,2.676,90.407,0.060,0.0,0.352,1493168682.604,
7.305,2.291,89.931,0.050,0.0,0.423,0.0,104038.400,884474347.600,814574.200,0.0,0.0,20686.0,24777.400,4.800,0.0,0.0,5680238592.0,216768512.0,1.47280842752e+11,15602343936.0,0.0,0.0,0.0,104038.400,20691.400,24776.400,7.306,2.281,89.935,0.050,0.0,0.428,1493168687.604,
9.022,1.725,88.724,0.030,0.0,0.499,0.0,115507.200,1133717325.800,1108746.200,0.0,0.0,24897.0,33643.800,4.800,0.200,0.0,5682253824.0,216768512.0,1.472811008e+11,15600070656.0,0.0,0.0,0.0,115507.200,24897.800,33650.800,9.036,1.730,88.710,0.030,0.0,0.494,1493168692.604,
7.888,2.201,89.208,0.070,0.0,0.633,0.0,123699.200,975281397.600,966555.800,0.0,0.0,21667.400,30243.600,3.400,0.200,0.0,5683593216.0,216776704.0,1.47281383424e+11,15598440448.0,0.0,0.0,0.0,123699.200,21673.600,30243.600,7.878,2.206,89.213,0.070,0.0,0.633,1493168697.604,
8.841,1.610,89.014,0.101,0.0,0.434,0.0,119603.200,1141371853.0,1190613.400,0.0,0.0,24740.800,36073.400,5.200,0.200,0.0,5692727296.0,216788992.0,1.47281637376e+11,15589040128.0,0.0,0.0,0.0,119603.200,24737.600,36070.800,8.851,1.610,89.004,0.101,0.0,0.434,1493168702.604,
9.577,1.525,88.500,0.056,0.0,0.343,0.0,125337.600,1198913026.200,1288436.600,0.0,0.0,26023.0,38637.800,4.400,0.0,0.0,5707063296.0,216788992.0,1.47281932288e+11,15574409216.0,0.0,0.0,0.0,125337.600,26026.800,38637.800,9.572,1.525,88.504,0.056,0.0,0.343,1493168707.604,
10.041,1.609,87.851,0.076,0.0,0.424,0.0,124518.400,1201147953.400,1367640.800,0.0,0.0,28529.0,39111.400,4.800,0.200,0.0,5698277376.0,216805376.0,1.47282214912e+11,15582896128.0,0.0,0.0,0.0,124518.400,28527.400,39124.600,10.037,1.604,87.859,0.076,0.0,0.424,1493168712.604,
9.065,1.475,88.725,0.081,0.0,0.654,0.0,116326.400,1205438550.400,1333645.200,0.0,0.0,28907.200,39221.200,4.800,0.200,0.0,5696376832.0,216821760.0,1.47282489344e+11,15584505856.0,0.0,0.0,0.0,116326.400,28903.400,39210.600,9.069,1.475,88.721,0.081,0.0,0.654,1493168717.604,
8.210,1.730,89.356,0.060,0.0,0.644,0.0,122060.800,1107467663.400,1176333.600,0.0,0.0,26602.400,34889.200,4.400,0.200,0.0,5668790272.0,216829952.0,1.47282784256e+11,15611789312.0,0.0,0.0,0.0,122060.800,26599.800,34882.600,8.214,1.735,89.347,0.060,0.0,0.644,1493168722.604,
9.521,1.580,88.094,0.091,0.0,0.715,0.0,120422.400,1186550013.400,1279539.200,0.0,0.0,26806.400,36473.400,4.0,0.200,0.0,5677281280.0,216838144.0,1.47283054592e+11,15603019776.0,0.0,0.0,0.0,120422.400,26805.800,36470.0,9.517,1.570,88.107,0.091,0.0,0.715,1493168727.604,
8.784,1.572,88.983,0.096,0.0,0.564,0.0,122060.800,1115308797.400,1190042.600,0.0,0.0,25949.400,35177.600,3.600,0.400,0.0,5676593152.0,216850432.0,1.47283329024e+11,15603421184.0,0.0,0.0,0.0,122060.800,25961.400,35197.600,8.779,1.577,88.983,0.096,0.0,0.564,1493168732.604,
9.437,1.583,88.456,0.076,0.0,0.449,0.0,121241.600,1179325126.800,1272713.800,0.0,0.0,25750.600,37937.600,4.800,0.200,0.0,5689782272.0,216854528.0,1.47283615744e+11,15589941248.0,0.0,0.0,0.0,121241.600,25742.800,37923.600,9.441,1.578,88.456,0.076,0.0,0.449,1493168737.604,
9.340,1.513,88.728,0.081,0.0,0.338,0.0,120422.400,1192666500.400,1303940.0,0.0,0.0,25547.600,39713.200,4.600,0.200,0.0,5681143808.0,216862720.0,1.47283894272e+11,15598292992.0,0.0,0.0,0.0,120422.400,25547.200,39719.800,9.340,1.513,88.728,0.081,0.0,0.338,1493168742.604,
8.138,2.014,89.375,0.091,0.0,0.383,0.0,120422.400,1040815690.0,977362.400,0.0,0.0,21404.400,31124.600,5.800,0.200,0.0,5697175552.0,216875008.0,1.47284176896e+11,15581966336.0,0.0,0.0,0.0,120422.400,21397.0,31112.200,8.133,2.014,89.379,0.091,0.0,0.383,1493168747.604,
0.361,0.145,99.409,0.070,0.0,0.015,0.0,110592.0,35112631.200,27757.200,0.0,0.0,1263.200,7537.400,0.0,0.200,1.0,5498744832.0,216875008.0,1.47284389888e+11,15780184064.0,0.0,0.0,0.0,110592.0,1261.800,7536.400,0.351,0.150,99.414,0.070,0.0,0.015,1493168752.604,
