"Dstat 0.7.2 CSV output"
"Author:","Dag Wieers <dag@wieers.com>",,,,"URL:","http://dag.wieers.com/home-made/dstat/"
"Host:","osd1.skyhook-2osds.skyhook-pg0.wisc.cloudlab.us",,,,"User:","jlefevre"
"Cmdline:","dstat -av --epoch --integer --noheaders --output 2osds.dstat-osd1.log 5",,,,"Date:","25 Apr 2017 15:02:01 CDT"

"total cpu usage",,,,,,"dsk/total",,"net/total",,"paging",,"system",,"procs",,,"memory usage",,,,"paging",,"dsk/total",,"system",,"total cpu usage",,,,,,"epoch"
"usr","sys","idl","wai","hiq","siq","read","writ","recv","send","in","out","int","csw","run","blk","new","used","buff","cach","free","in","out","read","writ","int","csw","usr","sys","idl","wai","hiq","siq","epoch"


"Host:","osd1.skyhook-2osds.skyhook-pg0.wisc.cloudlab.us",,,,"User:","jlefevre"
"Cmdline:","dstat -av --epoch --integer --noheaders --output 2osds.dstat-osd1.log 5",,,,"Date:","25 Apr 2017 15:08:55 CDT"

"total cpu usage",,,,,,"dsk/total",,"net/total",,"paging",,"system",,"procs",,,"memory usage",,,,"paging",,"dsk/total",,"system",,"total cpu usage",,,,,,"epoch"
"usr","sys","idl","wai","hiq","siq","read","writ","recv","send","in","out","int","csw","run","blk","new","used","buff","cach","free","in","out","read","writ","int","csw","usr","sys","idl","wai","hiq","siq","epoch"
0.010,0.0,99.980,0.010,0.0,0.0,0.0,2457.600,2044.600,20268.800,0.0,0.0,120.600,106.600,0.0,0.0,0.0,5169602560.0,1466368.0,70420639744.0,93188485120.0,0.0,0.0,0.0,2457.600,120.600,106.600,0.010,0.0,99.980,0.010,0.0,0.0,1493168595.535,
0.180,0.480,99.320,0.0,0.0,0.020,0.0,0.0,130169.400,136378801.400,0.0,0.0,2099.600,563.0,0.600,0.0,0.0,5397364736.0,1466368.0,70420639744.0,92960722944.0,0.0,0.0,0.0,0.0,2105.400,563.600,0.180,0.480,99.320,0.0,0.0,0.020,1493168600.535,
0.330,0.856,98.798,0.005,0.0,0.010,0.0,2457.600,319315.200,358068650.0,0.0,0.0,6426.800,1019.600,0.400,0.0,0.0,5242572800.0,1474560.0,70420639744.0,93115506688.0,0.0,0.0,0.0,2457.600,6423.600,1019.200,0.330,0.856,98.798,0.005,0.0,0.010,1493168605.535,
0.315,0.856,98.819,0.0,0.0,0.010,0.0,0.0,279780.0,318488364.400,0.0,0.0,5941.800,997.0,0.0,0.0,0.0,5257576448.0,1474560.0,70420639744.0,93100503040.0,0.0,0.0,0.0,0.0,5942.0,997.0,0.315,0.856,98.819,0.0,0.0,0.010,1493168610.535,
0.345,0.921,98.718,0.005,0.0,0.010,0.0,3276.800,300341.0,336244371.600,0.0,0.0,6562.800,1037.200,0.200,0.0,0.0,5312274432.0,1482752.0,70420639744.0,93045796864.0,0.0,0.0,0.0,3276.800,6561.0,1037.400,0.345,0.921,98.718,0.005,0.0,0.010,1493168615.535,
0.330,0.951,98.698,0.010,0.0,0.010,0.0,4915.200,354932.0,364913327.800,0.0,0.0,7299.0,1061.0,1.0,0.0,0.0,5260595200.0,1490944.0,70420639744.0,93097467904.0,0.0,0.0,0.0,4915.200,7298.200,1061.0,0.330,0.951,98.698,0.010,0.0,0.010,1493168620.535,
0.425,1.216,98.313,0.0,0.0,0.045,0.0,0.0,481776.800,434140528.200,0.0,0.0,9627.0,1270.800,1.0,0.0,0.0,5301477376.0,1490944.0,70420639744.0,93056585728.0,0.0,0.0,0.0,0.0,9632.0,1270.400,0.425,1.216,98.313,0.0,0.0,0.045,1493168625.535,
0.441,1.147,98.387,0.010,0.0,0.015,0.0,2457.600,442142.600,415679980.600,0.0,0.0,8820.800,1248.0,1.0,0.0,0.0,5401780224.0,1499136.0,70420639744.0,92956274688.0,0.0,0.0,0.0,2457.600,8821.400,1250.800,0.446,1.147,98.382,0.010,0.0,0.015,1493168630.535,
0.391,1.162,98.423,0.0,0.0,0.025,0.0,0.0,426421.800,434200431.600,0.0,0.0,9014.200,1246.200,0.400,0.0,0.0,5323722752.0,1499136.0,70420639744.0,93034332160.0,0.0,0.0,0.0,0.0,9008.600,1243.800,0.391,1.162,98.423,0.0,0.0,0.025,1493168635.535,
0.436,1.317,98.222,0.005,0.0,0.020,0.0,2457.600,590638.0,498450885.200,0.0,0.0,11984.200,1408.600,1.0,0.0,0.0,5205794816.0,1507328.0,70420639744.0,93152251904.0,0.0,0.0,0.0,2457.600,11991.200,1408.800,0.436,1.317,98.222,0.005,0.0,0.020,1493168640.535,
0.386,1.087,98.508,0.0,0.0,0.020,0.0,0.0,467609.0,417848036.800,0.0,0.0,9978.600,1224.200,0.800,0.0,0.0,5204373504.0,1507328.0,70420639744.0,93153673216.0,0.0,0.0,0.0,0.0,9975.600,1223.800,0.381,1.092,98.508,0.0,0.0,0.020,1493168645.535,
0.506,1.402,98.062,0.010,0.0,0.020,0.0,3276.800,546149.0,469409772.200,0.0,0.0,11008.400,1436.600,1.200,0.0,0.200,5454712832.0,1515520.0,70420639744.0,92903325696.0,0.0,0.0,0.0,3276.800,11005.0,1436.800,0.511,1.397,98.062,0.010,0.0,0.020,1493168650.535,
0.371,1.147,98.457,0.010,0.0,0.015,0.0,2457.600,428938.0,418462801.600,0.0,0.0,8434.200,1222.200,0.800,0.0,0.0,5420339200.0,1523712.0,70420639744.0,92937691136.0,0.0,0.0,0.0,2457.600,8443.200,1222.200,0.366,1.147,98.462,0.010,0.0,0.015,1493168655.535,
0.576,1.608,97.786,0.0,0.0,0.030,0.0,0.0,727131.0,573649058.600,0.0,0.0,14731.600,1768.600,0.600,0.0,0.0,5490679808.0,1523712.0,70420643840.0,92867346432.0,0.0,0.0,0.0,0.0,14722.200,1768.200,0.581,1.608,97.781,0.0,0.0,0.030,1493168660.535,
0.561,1.628,97.776,0.005,0.0,0.030,0.0,2457.600,617567.600,601532905.600,0.0,0.0,12927.0,1632.400,1.0,0.0,0.0,5429248000.0,1531904.0,70420643840.0,92928770048.0,0.0,0.0,0.0,2457.600,12927.200,1633.200,0.556,1.633,97.776,0.005,0.0,0.030,1493168665.535,
0.501,1.307,98.178,0.0,0.0,0.015,0.0,0.0,465628.600,481409151.400,0.0,0.0,9734.200,1375.800,1.600,0.0,0.0,5473316864.0,1531904.0,70420643840.0,92884701184.0,0.0,0.0,0.0,0.0,9740.800,1377.600,0.506,1.307,98.173,0.0,0.0,0.015,1493168670.535,
0.536,1.543,97.896,0.005,0.0,0.020,0.0,2457.600,638140.0,591273305.200,0.0,0.0,13150.0,1609.400,0.800,0.0,0.0,5363359744.0,1540096.0,70420643840.0,92994650112.0,0.0,0.0,0.0,2457.600,13153.0,1607.600,0.536,1.538,97.901,0.005,0.0,0.020,1493168675.535,
0.406,1.122,98.448,0.0,0.0,0.025,0.0,0.0,384842.0,395869347.800,0.0,0.0,7803.0,1184.200,0.0,0.0,0.0,5476524032.0,1540096.0,70420643840.0,92881485824.0,0.0,0.0,0.0,0.0,7793.600,1184.0,0.406,1.122,98.448,0.0,0.0,0.025,1493168680.535,
0.401,1.212,98.363,0.010,0.0,0.015,0.0,4096.0,419569.200,450087814.0,0.0,0.0,8170.200,1264.0,0.800,0.0,0.0,5390049280.0,1548288.0,70420643840.0,92967952384.0,0.0,0.0,0.0,4096.0,8170.800,1263.400,0.401,1.212,98.363,0.010,0.0,0.015,1493168685.535,
0.456,1.323,98.176,0.005,0.0,0.040,0.0,4915.200,570425.600,537458644.600,0.0,0.0,11584.400,1483.800,0.600,0.0,0.0,5278486528.0,1556480.0,70420643840.0,93079506944.0,0.0,0.0,0.0,4915.200,11586.600,1484.200,0.451,1.323,98.181,0.005,0.0,0.040,1493168690.535,
0.556,1.563,97.856,0.0,0.0,0.025,0.0,0.0,713053.800,593679449.600,0.0,0.0,14699.200,1676.800,0.600,0.0,0.0,5407866880.0,1556480.0,70420643840.0,92950126592.0,0.0,0.0,0.0,0.0,14700.600,1676.600,0.561,1.563,97.851,0.0,0.0,0.025,1493168695.535,
0.441,1.212,98.307,0.005,0.0,0.035,0.0,2457.600,495619.200,476694350.600,0.0,0.0,10398.800,1381.200,0.800,0.0,0.0,5466112000.0,1564672.0,70420643840.0,92891873280.0,0.0,0.0,0.0,2457.600,10402.400,1381.600,0.436,1.212,98.312,0.005,0.0,0.035,1493168700.535,
0.526,1.553,97.891,0.0,0.0,0.030,0.0,0.0,756783.200,629935639.600,0.0,0.0,14922.800,1683.400,1.200,0.0,0.0,5297381376.0,1564672.0,70420643840.0,93060603904.0,0.0,0.0,0.0,0.0,14921.0,1683.200,0.526,1.553,97.891,0.0,0.0,0.030,1493168705.535,
0.526,1.598,97.836,0.005,0.0,0.035,0.0,2457.600,728776.400,592745366.400,0.0,0.0,12037.400,1662.200,0.800,0.0,0.0,5279543296.0,1572864.0,70420643840.0,93078433792.0,0.0,0.0,0.0,2457.600,12037.800,1662.600,0.531,1.598,97.831,0.005,0.0,0.035,1493168710.535,
0.551,1.753,97.635,0.0,0.0,0.060,0.0,0.0,770422.400,616626210.0,0.0,0.0,14859.800,1780.800,0.600,0.0,0.0,5503422464.0,1572864.0,70420643840.0,92854554624.0,0.0,0.0,0.0,0.0,14858.400,1782.800,0.551,1.753,97.635,0.0,0.0,0.060,1493168715.535,
0.536,1.472,97.942,0.010,0.0,0.040,0.0,3276.800,682913.600,591552285.0,0.0,0.0,11758.400,1594.400,1.0,0.0,0.0,5234978816.0,1581056.0,70420643840.0,93122990080.0,0.0,0.0,0.0,3276.800,11761.400,1592.0,0.531,1.472,97.947,0.010,0.0,0.040,1493168720.535,
0.506,1.378,98.076,0.005,0.0,0.035,0.0,4915.200,673962.200,531335534.200,0.0,0.0,10882.600,1538.0,1.200,0.0,0.0,5280133120.0,1589248.0,70420643840.0,93077827584.0,0.0,0.0,0.0,4915.200,10880.0,1538.200,0.506,1.383,98.071,0.005,0.0,0.035,1493168725.535,
0.456,1.343,98.161,0.0,0.0,0.040,0.0,0.0,594707.200,507230998.400,0.0,0.0,12412.600,1428.200,0.600,0.0,0.0,5244395520.0,1589248.0,70420643840.0,93113565184.0,0.0,0.0,0.0,0.0,12414.600,1428.400,0.456,1.343,98.162,0.0,0.0,0.040,1493168730.535,
0.521,1.443,97.996,0.010,0.0,0.030,0.0,2457.600,670287.800,550076773.200,0.0,0.0,10933.800,1635.200,1.200,0.0,0.0,5273133056.0,1597440.0,70420643840.0,93084819456.0,0.0,0.0,0.0,2457.600,10925.600,1634.400,0.521,1.438,98.001,0.010,0.0,0.030,1493168735.535,
0.541,1.634,97.810,0.0,0.0,0.015,0.0,0.0,733254.400,610157106.200,0.0,0.0,12572.0,1744.800,1.0,0.0,0.0,5323423744.0,1597440.0,70420643840.0,93034528768.0,0.0,0.0,0.0,0.0,12578.600,1744.800,0.541,1.634,97.810,0.0,0.0,0.015,1493168740.535,
0.486,1.437,98.037,0.005,0.0,0.035,0.0,2457.600,589042.800,522147993.600,0.0,0.0,11844.0,1477.600,0.800,0.0,0.0,5294796800.0,1605632.0,70420647936.0,93063143424.0,0.0,0.0,0.0,2457.600,11844.200,1478.0,0.486,1.437,98.037,0.005,0.0,0.035,1493168745.535,
0.205,0.605,99.184,0.0,0.0,0.005,0.0,0.0,246656.0,235855925.0,0.0,0.0,5058.600,701.800,0.200,0.0,0.0,5182713856.0,1605632.0,70420647936.0,93175226368.0,0.0,0.0,0.0,0.0,5051.800,701.400,0.205,0.605,99.184,0.0,0.0,0.005,1493168750.535,
