"Dstat 0.7.2 CSV output"
"Author:","Dag Wieers <dag@wieers.com>",,,,"URL:","http://dag.wieers.com/home-made/dstat/"
"Host:","client0.skyhook-2osds.skyhook-pg0.wisc.cloudlab.us",,,,"User:","jlefevre"
"Cmdline:","dstat -av --epoch --integer --noheaders --output 2osds.dstat-client0.log 5",,,,"Date:","25 Apr 2017 15:01:58 CDT"

"total cpu usage",,,,,,"dsk/total",,"net/total",,"paging",,"system",,"procs",,,"memory usage",,,,"paging",,"dsk/total",,"system",,"total cpu usage",,,,,,"epoch"
"usr","sys","idl","wai","hiq","siq","read","writ","recv","send","in","out","int","csw","run","blk","new","used","buff","cach","free","in","out","read","writ","int","csw","usr","sys","idl","wai","hiq","siq","epoch"


"Host:","client0.skyhook-2osds.skyhook-pg0.wisc.cloudlab.us",,,,"User:","jlefevre"
"Cmdline:","dstat -av --epoch --integer --noheaders --output 2osds.dstat-client0.log 5",,,,"Date:","25 Apr 2017 15:08:47 CDT"

"total cpu usage",,,,,,"dsk/total",,"net/total",,"paging",,"system",,"procs",,,"memory usage",,,,"paging",,"dsk/total",,"system",,"total cpu usage",,,,,,"epoch"
"usr","sys","idl","wai","hiq","siq","read","writ","recv","send","in","out","int","csw","run","blk","new","used","buff","cach","free","in","out","read","writ","int","csw","usr","sys","idl","wai","hiq","siq","epoch"
0.075,0.025,99.895,0.0,0.0,0.005,0.0,7372.800,44297.0,4341.800,0.0,0.0,1232.600,7090.800,0.0,0.0,0.600,5470162944.0,179175424.0,1.47355312128e+11,15775543296.0,0.0,0.0,0.0,7372.800,1232.600,7090.800,0.075,0.025,99.895,0.0,0.0,0.005,1493155702.604,
0.800,1.097,97.831,0.050,0.0,0.221,0.0,50790.400,524992977.600,416913.200,0.0,0.0,11947.200,17140.0,1.0,0.0,5.200,5696819200.0,179200000.0,1.47355373568e+11,15548801024.0,0.0,0.0,0.0,50790.400,11949.200,17146.800,0.805,1.097,97.826,0.050,0.0,0.221,1493155707.604,
1.362,1.771,96.363,0.055,0.0,0.449,0.0,101580.800,968095109.400,758420.600,0.0,0.0,19079.200,26127.200,1.800,0.0,0.400,5677719552.0,179232768.0,1.47344932864e+11,15578308608.0,0.0,0.0,0.0,101580.800,19088.800,26135.0,1.357,1.766,96.373,0.055,0.0,0.449,1493155712.604,
1.269,1.783,96.348,0.040,0.0,0.559,0.0,126156.800,943991410.0,676121.600,0.0,0.0,18709.800,23231.400,1.400,0.0,0.0,5678964736.0,179269632.0,1.473452032e+11,15576756224.0,0.0,0.0,0.0,126156.800,18708.400,23234.200,1.270,1.783,96.348,0.040,0.0,0.559,1493155717.604,
1.420,2.152,96.019,0.030,0.0,0.379,0.0,113868.800,984427432.800,752859.600,0.0,0.0,20198.400,26140.0,1.200,0.0,0.0,5687959552.0,179314688.0,1.4734544896e+11,15567470592.0,0.0,0.0,0.0,113868.800,20203.200,26138.600,1.420,2.152,96.019,0.030,0.0,0.379,1493155722.604,
1.398,2.004,95.993,0.172,0.0,0.434,0.0,2458419.200,994702773.200,757316.0,0.0,0.0,20089.200,25554.600,1.200,0.0,0.0,5678440448.0,179372032.0,1.4734225408e+11,15580127232.0,0.0,0.0,0.0,2458419.200,20087.200,25545.200,1.403,2.003,95.983,0.172,0.0,0.439,1493155727.604,
1.379,1.792,96.120,0.075,0.0,0.634,0.0,127795.200,982663393.400,706779.800,0.0,0.0,19258.400,24894.200,2.0,0.0,0.0,5702373376.0,179412992.0,1.47342512128e+11,15555895296.0,0.0,0.0,0.0,127795.200,19246.400,24890.0,1.379,1.797,96.120,0.075,0.0,0.629,1493155732.604,
1.371,1.855,96.239,0.050,0.0,0.484,0.0,114688.0,1015751355.400,768734.0,0.0,0.0,20389.0,26609.0,1.200,0.0,0.0,5665452032.0,179437568.0,1.47342794752e+11,15592509440.0,0.0,0.0,0.0,114688.0,20399.400,26625.0,1.366,1.851,96.248,0.050,0.0,0.484,1493155737.604,
1.271,1.554,96.696,0.055,0.0,0.424,0.0,117145.600,964463852.200,673646.600,0.0,0.0,17916.400,25060.200,1.200,0.0,0.0,5677461504.0,179474432.0,1.47343056896e+11,15580200960.0,0.0,0.0,0.0,117145.600,17910.600,25044.600,1.271,1.559,96.691,0.055,0.0,0.424,1493155742.604,
1.291,1.609,96.480,0.055,0.0,0.565,0.0,109772.800,959995639.200,599096.600,0.0,0.0,17055.200,22692.200,1.800,0.0,0.0,5698494464.0,179490816.0,1.47343310848e+11,15558897664.0,0.0,0.0,0.0,109772.800,17057.200,22690.400,1.296,1.608,96.476,0.055,0.0,0.565,1493155747.604,
1.412,1.629,96.444,0.071,0.0,0.444,0.0,144179.200,978730439.800,728028.200,0.0,0.0,18637.600,25312.600,1.600,0.0,0.0,5695135744.0,179535872.0,1.4734358528e+11,15561936896.0,0.0,0.0,0.0,144179.200,18639.400,25318.0,1.412,1.629,96.444,0.071,0.0,0.444,1493155752.604,
1.457,1.775,96.183,0.066,0.0,0.519,0.0,109772.800,1020975107.600,660925.0,0.0,0.0,18651.400,24405.800,1.400,0.0,0.0,5710766080.0,179572736.0,1.47343826944e+11,15546028032.0,0.0,0.0,0.0,109772.800,18652.200,24414.0,1.452,1.775,96.188,0.066,0.0,0.519,1493155757.604,
1.478,1.872,96.125,0.045,0.0,0.479,0.0,111411.200,1006871826.200,671309.200,0.0,0.0,19240.800,22788.600,1.0,0.0,0.0,5695750144.0,179605504.0,1.47344105472e+11,15560732672.0,0.0,0.0,0.0,111411.200,19236.600,22775.800,1.478,1.872,96.126,0.045,0.0,0.479,1493155762.604,
1.492,1.840,96.068,0.086,0.0,0.514,0.0,1031372.800,1016674457.600,630186.200,0.0,0.0,18708.600,23062.400,2.200,0.0,0.0,5702582272.0,179654656.0,1.47344224256e+11,15553732608.0,0.0,0.0,0.0,1031372.800,18713.400,23074.400,1.492,1.840,96.068,0.086,0.0,0.514,1493155767.604,
1.379,1.697,96.399,0.010,0.0,0.515,0.0,109772.800,997820156.200,714897.200,0.0,0.0,19091.0,24385.0,1.600,0.0,0.0,5747613696.0,179683328.0,1.47344490496e+11,15508406272.0,0.0,0.0,0.0,109772.800,19088.0,24382.400,1.384,1.702,96.389,0.010,0.0,0.515,1493155772.604,
1.469,1.858,96.214,0.035,0.0,0.424,0.0,111411.200,1003196669.800,730640.0,0.0,0.0,19697.800,24108.800,1.400,0.0,0.0,5734465536.0,179728384.0,1.47344748544e+11,15521251328.0,0.0,0.0,0.0,111411.200,19700.200,24106.600,1.464,1.853,96.224,0.035,0.0,0.424,1493155777.604,
1.332,1.569,96.595,0.061,0.0,0.444,0.0,110592.0,928871545.200,674982.200,0.0,0.0,17688.800,23137.800,1.200,0.0,0.0,5714288640.0,179748864.0,1.47345006592e+11,15541149696.0,0.0,0.0,0.0,110592.0,17688.0,23140.0,1.337,1.569,96.589,0.061,0.0,0.444,1493155782.604,
1.438,1.827,96.175,0.035,0.0,0.525,0.0,132710.400,1001582003.400,651236.200,0.0,0.0,19257.400,23011.600,1.600,0.0,0.0,5715599360.0,179789824.0,1.47345256448e+11,15539548160.0,0.0,0.0,0.0,132710.400,19258.200,23005.0,1.438,1.827,96.175,0.035,0.0,0.525,1493155787.604,
1.398,1.746,96.336,0.010,0.0,0.510,0.0,116326.400,981402204.400,656801.600,0.0,0.0,18491.600,22596.200,1.200,0.0,0.0,5724585984.0,179818496.0,1.47345522688e+11,15530266624.0,0.0,0.0,0.0,116326.400,18484.600,22591.600,1.393,1.741,96.345,0.010,0.0,0.510,1493155792.604,
1.476,1.748,96.191,0.015,0.0,0.569,0.0,109772.800,1013663659.400,665539.800,0.0,0.0,19037.0,24468.200,1.800,0.0,0.0,5707038720.0,179822592.0,1.47345793024e+11,15547539456.0,0.0,0.0,0.0,109772.800,19044.200,24477.400,1.476,1.753,96.186,0.015,0.0,0.569,1493155797.604,
1.381,1.537,96.493,0.015,0.0,0.574,0.0,113868.800,988393912.0,688747.400,0.0,0.0,18061.0,26196.800,1.400,0.0,0.0,5688152064.0,179859456.0,1.47346051072e+11,15566131200.0,0.0,0.0,0.0,113868.800,18062.400,26207.400,1.381,1.537,96.493,0.015,0.0,0.574,1493155802.604,
1.407,1.609,96.484,0.030,0.0,0.469,0.0,113049.600,1017315517.400,725880.200,0.0,0.0,18758.0,27117.800,1.800,0.0,0.0,5704908800.0,179871744.0,1.47346325504e+11,15549087744.0,0.0,0.0,0.0,113049.600,18757.200,27114.0,1.408,1.604,96.489,0.030,0.0,0.469,1493155807.604,
1.433,1.610,96.433,0.015,0.0,0.510,0.0,113049.600,1011540481.600,735736.200,0.0,0.0,19134.200,26377.200,1.600,0.0,0.0,5704720384.0,179892224.0,1.4734657536e+11,15549005824.0,0.0,0.0,0.0,113049.600,19133.600,26382.600,1.433,1.619,96.423,0.015,0.0,0.510,1493155812.604,
1.429,1.509,96.486,0.030,0.0,0.545,0.0,112230.400,965976698.400,684726.400,0.0,0.0,19580.600,24326.400,2.0,0.0,0.0,5684469760.0,179920896.0,1.47346866176e+11,15568936960.0,0.0,0.0,0.0,112230.400,19575.600,24311.600,1.429,1.505,96.491,0.030,0.0,0.545,1493155817.604,
1.398,1.671,96.309,0.056,0.0,0.565,0.0,124518.400,998838852.800,806189.800,0.0,0.0,19711.0,25527.800,1.800,0.0,0.0,5685104640.0,179945472.0,1.47347132416e+11,15568011264.0,0.0,0.0,0.0,124518.400,19713.800,25531.400,1.403,1.676,96.300,0.056,0.0,0.565,1493155822.604,
1.361,1.593,96.446,0.030,0.0,0.570,0.0,113049.600,938003430.800,631070.200,0.0,0.0,17930.800,22061.0,1.600,0.0,0.0,5686882304.0,179961856.0,1.4734739456e+11,15565955072.0,0.0,0.0,0.0,113049.600,17927.0,22052.0,1.356,1.583,96.455,0.030,0.0,0.575,1493155827.604,
1.383,1.686,96.447,0.035,0.0,0.449,0.0,108953.600,971939346.0,693004.600,0.0,0.0,18587.800,24327.200,1.400,0.0,0.0,5693624320.0,179974144.0,1.47347652608e+11,15558942720.0,0.0,0.0,0.0,108953.600,18584.600,24326.600,1.388,1.686,96.447,0.035,0.0,0.444,1493155832.604,
1.417,1.740,96.339,0.030,0.0,0.474,0.0,111411.200,976391121.200,612761.600,0.0,0.0,18140.200,22658.400,2.0,0.0,0.0,5687250944.0,180006912.0,1.47347910656e+11,15565025280.0,0.0,0.0,0.0,111411.200,18140.0,22661.200,1.417,1.745,96.334,0.030,0.0,0.474,1493155837.604,
1.369,1.758,96.414,0.045,0.0,0.414,0.0,112230.400,1012509291.800,727189.800,0.0,0.0,19419.0,24891.800,1.400,0.0,0.0,5693231104.0,180015104.0,1.47348164608e+11,15558782976.0,0.0,0.0,0.0,112230.400,19428.600,24906.0,1.364,1.753,96.424,0.045,0.0,0.414,1493155842.604,
1.487,1.745,96.037,0.222,0.0,0.509,0.0,3305472.0,988354110.400,632684.400,0.0,0.0,18669.800,22692.0,1.800,0.0,0.0,5710364672.0,180072448.0,1.47345661952e+11,15544094720.0,0.0,0.0,0.0,3305472.0,18667.400,22683.400,1.487,1.750,96.032,0.222,0.0,0.509,1493155847.604,
1.410,1.733,96.331,0.086,0.0,0.440,0.0,127795.200,996736544.200,731548.400,0.0,0.0,19108.0,24825.400,1.400,0.0,0.0,5715025920.0,180105216.0,1.47345932288e+11,15539130368.0,0.0,0.0,0.0,127795.200,19104.0,24819.600,1.415,1.733,96.326,0.086,0.0,0.440,1493155852.604,
0.498,0.583,98.728,0.070,0.0,0.121,0.0,136806.400,334459805.400,263094.0,0.0,0.0,7282.0,13578.800,0.400,0.0,1.0,5505208320.0,180137984.0,1.47346173952e+11,15748673536.0,0.0,0.0,0.0,136806.400,7278.200,13579.200,0.493,0.583,98.733,0.070,0.0,0.121,1493155857.604,
