"Dstat 0.7.2 CSV output"
"Author:","Dag Wieers <dag@wieers.com>",,,,"URL:","http://dag.wieers.com/home-made/dstat/"
"Host:","osd0.skyhook-2osds.skyhook-pg0.wisc.cloudlab.us",,,,"User:","jlefevre"
"Cmdline:","dstat -av --epoch --integer --noheaders --output 2osds.dstat-osd0.log 5",,,,"Date:","25 Apr 2017 15:01:59 CDT"

"total cpu usage",,,,,,"dsk/total",,"net/total",,"paging",,"system",,"procs",,,"memory usage",,,,"paging",,"dsk/total",,"system",,"total cpu usage",,,,,,"epoch"
"usr","sys","idl","wai","hiq","siq","read","writ","recv","send","in","out","int","csw","run","blk","new","used","buff","cach","free","in","out","read","writ","int","csw","usr","sys","idl","wai","hiq","siq","epoch"


"Host:","osd0.skyhook-2osds.skyhook-pg0.wisc.cloudlab.us",,,,"User:","jlefevre"
"Cmdline:","dstat -av --epoch --integer --noheaders --output 2osds.dstat-osd0.log 5",,,,"Date:","25 Apr 2017 15:08:52 CDT"

"total cpu usage",,,,,,"dsk/total",,"net/total",,"paging",,"system",,"procs",,,"memory usage",,,,"paging",,"dsk/total",,"system",,"total cpu usage",,,,,,"epoch"
"usr","sys","idl","wai","hiq","siq","read","writ","recv","send","in","out","int","csw","run","blk","new","used","buff","cach","free","in","out","read","writ","int","csw","usr","sys","idl","wai","hiq","siq","epoch"
0.070,1.621,98.124,0.185,0.0,0.0,1467187.200,11468.800,1993.400,21557.0,0.0,0.0,710.200,838.400,0.600,0.0,4.400,4965527552.0,1769472.0,132620288.0,1.6368027648e+11,0.0,0.0,1467187.200,11468.800,709.800,838.400,0.070,1.616,98.129,0.185,0.0,0.0,1493158227.689,
0.130,0.290,98.249,1.326,0.0,0.005,102424576.0,15564.800,11744.400,10028188.200,0.0,0.0,1297.800,1857.400,0.0,2.800,0.600,5021884416.0,1777664.0,645083136.0,1.63111448576e+11,0.0,0.0,102686720.0,15564.800,1299.800,1860.800,0.130,0.295,98.234,1.336,0.0,0.005,1493158232.689,
0.591,1.343,88.221,9.815,0.0,0.030,493452492.800,2457.600,42815.600,51034413.800,0.0,0.0,5758.400,8280.800,1.400,7.200,0.0,5047853056.0,1785856.0,3115225088.0,1.60615329792e+11,0.0,0.0,493478707.200,2457.600,5757.800,8280.400,0.592,1.338,88.225,9.815,0.0,0.030,1493158237.689,
0.637,1.378,86.055,11.895,0.0,0.035,494107852.800,0.0,45569.800,52475463.600,0.0,0.0,5707.200,8300.600,0.0,7.800,0.200,5014638592.0,1785856.0,5584195584.0,1.5817957376e+11,0.0,0.0,494055424.0,0.0,5707.600,8300.0,0.637,1.378,86.055,11.895,0.0,0.035,1493158242.689,
0.606,1.377,88.431,9.551,0.0,0.035,486463897.600,5734.400,40281.400,50759880.600,0.0,0.0,5560.600,8114.200,0.600,7.0,0.200,5030539264.0,1802240.0,8015659008.0,1.5573219328e+11,0.0,0.0,486490112.0,5734.400,5561.0,8115.800,0.606,1.382,88.426,9.550,0.0,0.035,1493158247.689,
0.576,1.313,90.578,7.498,0.0,0.035,487428915.200,2457.600,42386.800,50150755.0,0.0,0.0,5700.0,8160.400,0.600,6.400,0.0,5064499200.0,1810432.0,10450821120.0,1.5326306304e+11,0.0,0.0,487402700.800,2457.600,5699.200,8159.200,0.576,1.313,90.583,7.493,0.0,0.035,1493158252.689,
0.571,1.217,91.624,6.574,0.0,0.015,457320038.400,9830.400,38580.200,48400071.400,0.0,0.0,5161.200,7653.600,0.400,4.0,0.0,5042360320.0,1810432.0,12739497984.0,1.50996525056e+11,0.0,0.0,457372467.200,9830.400,5161.400,7654.0,0.571,1.217,91.624,6.574,0.0,0.015,1493158257.689,
0.642,1.273,91.139,6.921,0.0,0.025,478909235.200,4096.0,41449.0,50086224.0,0.0,0.0,5493.200,7995.400,0.0,6.800,0.0,5046206464.0,1818624.0,15132434432.0,1.48599734272e+11,0.0,0.0,478856806.400,4096.0,5493.0,7995.0,0.642,1.268,91.144,6.922,0.0,0.025,1493158262.689,
0.652,1.383,90.071,7.869,0.0,0.025,494509260.800,4915.200,43099.0,51652177.0,0.0,0.0,5637.600,8287.400,0.800,7.200,0.0,5055307776.0,1826816.0,17604550656.0,1.46118508544e+11,0.0,0.0,494483046.400,4915.200,5637.600,8287.400,0.652,1.383,90.071,7.869,0.0,0.025,1493158267.689,
0.617,1.408,90.146,7.809,0.0,0.020,490589388.800,0.0,42206.800,51925365.600,0.0,0.0,5565.600,8223.400,1.400,6.200,0.0,5032083456.0,1826816.0,20060209152.0,1.43686074368e+11,0.0,0.0,490615603.200,0.0,5567.0,8223.400,0.616,1.413,90.131,7.819,0.0,0.020,1493158272.689,
0.541,1.163,91.279,6.992,0.0,0.025,434819891.200,2457.600,36375.0,44224624.800,0.0,0.0,4846.400,7265.600,1.200,4.600,0.0,5098315776.0,1835008.0,22232911872.0,1.41447131136e+11,0.0,0.0,434872320.0,2457.600,4845.800,7266.200,0.541,1.158,91.289,6.987,0.0,0.025,1493158277.689,
0.651,1.378,89.481,8.454,0.0,0.035,491402035.200,0.0,42803.600,51977075.600,0.0,0.0,5635.800,8217.600,1.0,7.400,0.0,5084270592.0,1835008.0,24688947200.0,1.39005140992e+11,0.0,0.0,491402035.200,0.0,5635.600,8217.600,0.652,1.383,89.485,8.445,0.0,0.035,1493158282.689,
0.596,1.348,89.663,8.373,0.0,0.020,486972620.800,2457.600,40030.600,50116783.800,0.0,0.0,5470.400,8108.800,1.200,6.600,0.0,5115400192.0,1843200.0,27126173696.0,1.36536776704e+11,0.0,0.0,486961971.200,2457.600,5470.200,8108.400,0.601,1.343,89.658,8.378,0.0,0.020,1493158287.689,
0.591,1.373,89.716,8.300,0.0,0.020,486694092.800,2457.600,42448.800,51867838.400,0.0,0.0,5530.800,8114.600,0.600,5.200,0.0,5075668992.0,1843200.0,29556998144.0,1.34145683456e+11,0.0,0.0,486704742.400,2457.600,5531.600,8116.400,0.586,1.373,89.721,8.300,0.0,0.020,1493158292.689,
0.511,1.211,91.295,6.958,0.0,0.025,457226649.600,3276.800,39153.0,46606576.200,0.0,0.0,5219.400,7587.600,0.400,6.400,0.0,5139636224.0,1851392.0,31844290560.0,1.31794415616e+11,0.0,0.0,457200435.200,3276.800,5218.800,7586.200,0.511,1.216,91.285,6.963,0.0,0.025,1493158297.689,
0.596,1.287,89.482,8.615,0.0,0.020,481545420.800,2457.600,43580.800,51873841.0,0.0,0.0,5463.400,8085.0,0.200,6.600,0.0,5066792960.0,1859584.0,34251005952.0,1.29460535296e+11,0.0,0.0,481519206.400,2457.600,5463.400,8083.800,0.596,1.287,89.487,8.610,0.0,0.020,1493158302.689,
0.451,0.957,93.801,4.776,0.0,0.015,401759436.800,0.0,35492.600,42223065.800,0.0,0.0,4482.400,6703.0,0.200,2.600,0.0,5059923968.0,1859584.0,36260454400.0,1.2745795584e+11,0.0,0.0,401707008.0,0.0,4481.600,6703.0,0.451,0.952,93.806,4.776,0.0,0.015,1493158307.689,
0.531,1.293,90.313,7.853,0.0,0.010,479386828.800,2457.600,44403.400,49232888.400,0.0,0.0,5392.800,8068.400,0.600,8.0,0.0,5110501376.0,1867776.0,38657720320.0,1.2501010432e+11,0.0,0.0,479465472.0,2457.600,5393.400,8068.800,0.531,1.293,90.312,7.853,0.0,0.010,1493158312.689,
0.551,1.208,92.738,5.473,0.0,0.030,450593587.200,0.0,41476.0,47740365.600,0.0,0.0,5064.200,7467.200,0.200,4.600,0.0,5085900800.0,1867776.0,40911126528.0,1.22781298688e+11,0.0,0.0,450593587.200,0.0,5065.200,7467.200,0.551,1.213,92.739,5.467,0.0,0.030,1493158317.689,
0.586,1.518,89.957,7.913,0.0,0.025,493903872.0,2457.600,44328.800,50477440.600,0.0,0.0,5618.200,8284.200,1.600,6.800,0.0,5145182208.0,1875968.0,43381362688.0,1.20251772928e+11,0.0,0.0,493908787.200,2457.600,5617.600,8284.800,0.586,1.514,89.956,7.919,0.0,0.025,1493158322.689,
0.616,1.318,92.428,5.618,0.0,0.020,456024883.200,3276.800,40623.0,48111824.400,0.0,0.0,5152.600,7589.0,0.200,4.600,0.0,5125656576.0,1884160.0,45661536256.0,1.179911168e+11,0.0,0.0,455993753.600,3276.800,5156.600,7588.600,0.621,1.323,92.418,5.617,0.0,0.020,1493158327.689,
0.652,1.404,90.127,7.777,0.0,0.040,492445696.0,1638.400,43573.600,51967400.800,0.0,0.0,5611.600,8249.600,0.400,8.600,0.0,5125820416.0,1884160.0,48121704448.0,1.15530784768e+11,0.0,0.0,492513689.600,1638.400,5607.400,8250.0,0.647,1.404,90.128,7.781,0.0,0.040,1493158332.689,
0.642,1.454,90.415,7.464,0.0,0.025,493992345.600,4915.200,41898.400,51027693.800,0.0,0.0,6227.200,8232.0,1.200,5.800,0.0,5153464320.0,1892352.0,50592210944.0,1.13032626176e+11,0.0,0.0,493976780.800,4915.200,6227.0,8232.0,0.647,1.449,90.420,7.460,0.0,0.025,1493158337.689,
0.566,1.263,93.507,4.639,0.0,0.025,432962764.800,0.0,44758.600,46648926.0,0.0,0.0,5070.600,7190.600,0.400,4.600,0.0,5092245504.0,1892352.0,52758224896.0,1.1092783104e+11,0.0,0.0,432936550.400,0.0,5071.200,7189.800,0.561,1.267,93.507,4.639,0.0,0.025,1493158342.689,
0.622,1.403,91.153,6.797,0.0,0.025,480083148.800,2457.600,42373.400,49241816.800,0.0,0.0,5479.400,8070.200,0.800,7.0,0.200,5142532096.0,1900544.0,55157329920.0,1.08478431232e+11,0.0,0.0,480056934.400,2457.600,5486.200,8073.0,0.627,1.404,91.148,6.797,0.0,0.025,1493158347.689,
0.677,1.454,88.559,9.300,0.0,0.010,495040921.600,0.0,41029.400,51623721.600,0.0,0.0,5597.600,8301.600,1.0,7.200,0.0,5163286528.0,1900544.0,57634557952.0,1.05980448768e+11,0.0,0.0,495067136.0,0.0,5590.800,8300.0,0.672,1.454,88.559,9.305,0.0,0.010,1493158352.689,
0.662,1.464,87.955,9.894,0.0,0.025,498018713.600,2457.600,46928.600,51581044.0,0.0,0.0,5706.200,8357.200,1.200,7.600,0.0,5188632576.0,1908736.0,60123607040.0,1.0346604544e+11,0.0,0.0,498044928.0,2457.600,5706.0,8356.800,0.662,1.459,87.964,9.889,0.0,0.025,1493158357.689,
0.662,1.469,88.114,9.725,0.0,0.030,497949900.800,0.0,45835.600,52765181.0,0.0,0.0,5698.600,8350.400,2.0,7.600,0.0,5159055360.0,1908736.0,62612942848.0,1.01006286848e+11,0.0,0.0,497939251.200,0.0,5698.400,8350.200,0.662,1.470,88.118,9.721,0.0,0.030,1493158362.689,
0.667,1.484,88.943,8.892,0.0,0.015,494474854.400,6553.600,40925.400,51052869.600,0.0,0.0,5625.600,8204.800,0.600,7.400,0.0,5203308544.0,1916928.0,65086570496.0,98488397824.0,0.0,0.0,494485504.0,6553.600,5625.600,8205.400,0.667,1.483,88.934,8.901,0.0,0.015,1493158367.689,
0.622,1.414,91.091,6.863,0.0,0.010,473834291.200,2457.600,43261.400,49841437.800,0.0,0.0,5425.800,7913.800,0.600,5.0,0.0,5189050368.0,1925120.0,67456733184.0,96132485120.0,0.0,0.0,473834291.200,2457.600,5426.200,7913.800,0.622,1.419,91.087,6.862,0.0,0.010,1493158372.689,
0.651,1.563,88.391,9.380,0.0,0.015,499538329.600,0.0,44643.600,53043784.400,0.0,0.0,5783.0,8370.0,0.600,8.400,0.0,5153583104.0,1925120.0,69953482752.0,93671202816.0,0.0,0.0,499538329.600,0.0,5783.200,8369.200,0.651,1.558,88.394,9.381,0.0,0.015,1493158377.689,
0.265,0.506,95.869,3.350,0.0,0.010,189476864.0,2457.600,17923.400,20363689.400,0.0,0.0,2451.600,3233.200,0.200,1.0,0.0,5127221248.0,1933312.0,70899392512.0,92751646720.0,0.0,0.0,189188505.600,2457.600,2449.0,3230.400,0.265,0.511,95.874,3.340,0.0,0.010,1493158382.689,
