"Dstat 0.7.2 CSV output"
"Author:","Dag Wieers <dag@wieers.com>",,,,"URL:","http://dag.wieers.com/home-made/dstat/"
"Host:","osd0.skyhook-2osds.skyhook-pg0.wisc.cloudlab.us",,,,"User:","jlefevre"
"Cmdline:","dstat -av --epoch --integer --noheaders --output 2osds.dstat-osd0.log 5",,,,"Date:","25 Apr 2017 15:01:59 CDT"

"total cpu usage",,,,,,"dsk/total",,"net/total",,"paging",,"system",,"procs",,,"memory usage",,,,"paging",,"dsk/total",,"system",,"total cpu usage",,,,,,"epoch"
"usr","sys","idl","wai","hiq","siq","read","writ","recv","send","in","out","int","csw","run","blk","new","used","buff","cach","free","in","out","read","writ","int","csw","usr","sys","idl","wai","hiq","siq","epoch"


"Host:","osd0.skyhook-2osds.skyhook-pg0.wisc.cloudlab.us",,,,"User:","jlefevre"
"Cmdline:","dstat -av --epoch --integer --noheaders --output 2osds.dstat-osd0.log 5",,,,"Date:","25 Apr 2017 15:08:52 CDT"

"total cpu usage",,,,,,"dsk/total",,"net/total",,"paging",,"system",,"procs",,,"memory usage",,,,"paging",,"dsk/total",,"system",,"total cpu usage",,,,,,"epoch"
"usr","sys","idl","wai","hiq","siq","read","writ","recv","send","in","out","int","csw","run","blk","new","used","buff","cach","free","in","out","read","writ","int","csw","usr","sys","idl","wai","hiq","siq","epoch"
0.025,0.015,99.945,0.015,0.0,0.0,0.0,8192.0,2939.800,21651.0,0.0,0.0,200.800,239.800,0.0,0.0,0.800,5159518208.0,1576960.0,70930681856.0,92688416768.0,0.0,0.0,0.0,8192.0,200.800,239.800,0.025,0.015,99.945,0.015,0.0,0.0,1493171342.689,
2.758,1.031,96.180,0.010,0.0,0.020,0.0,12288.0,169663.800,282165445.200,0.0,0.0,5111.0,1054.200,1.600,0.0,0.400,5469016064.0,1593344.0,70930681856.0,92378902528.0,0.0,0.0,0.0,12288.0,5112.600,1054.800,2.763,1.036,96.170,0.010,0.0,0.020,1493171347.689,
4.657,1.701,93.522,0.010,0.0,0.110,0.0,13926.400,476150.600,560289893.800,0.0,0.0,9706.800,1759.400,2.600,0.200,0.800,5456846848.0,1609728.0,70930685952.0,92391051264.0,0.0,0.0,0.0,13926.400,9710.0,1758.800,4.662,1.701,93.507,0.015,0.0,0.115,1493171352.689,
4.983,1.841,93.066,0.010,0.0,0.100,0.0,5734.400,621844.200,605063213.0,0.0,0.0,12165.200,1775.800,2.0,0.0,0.400,5334753280.0,1609728.0,70930694144.0,92513136640.0,0.0,0.0,0.0,5734.400,12169.400,1776.200,4.977,1.836,93.087,0.005,0.0,0.095,1493171357.689,
4.917,1.798,93.185,0.010,0.0,0.090,0.0,10649.600,545256.400,597307178.400,0.0,0.0,13680.600,1855.0,2.600,0.0,1.200,5334724608.0,1626112.0,70930698240.0,92513144832.0,0.0,0.0,0.0,10649.600,13678.200,1854.600,4.917,1.798,93.185,0.010,0.0,0.090,1493171362.689,
4.888,1.753,93.285,0.010,0.0,0.065,0.0,8192.0,540879.600,589301764.400,0.0,0.0,10730.200,1752.400,3.200,0.0,0.400,5312012288.0,1634304.0,70930702336.0,92535844864.0,0.0,0.0,0.0,8192.0,10728.800,1753.0,4.893,1.753,93.280,0.010,0.0,0.065,1493171367.689,
4.788,1.763,93.369,0.015,0.0,0.065,0.0,7372.800,526313.600,570943440.600,0.0,0.0,14432.200,1693.0,2.800,0.0,0.400,5279248384.0,1650688.0,70930702336.0,92568592384.0,0.0,0.0,0.0,7372.800,14434.0,1692.800,4.783,1.763,93.374,0.015,0.0,0.065,1493171372.689,
5.558,2.038,92.320,0.010,0.0,0.075,0.0,9830.400,542893.400,623050029.600,0.0,0.0,15465.0,1872.200,3.600,0.0,0.800,5516939264.0,1658880.0,70930710528.0,92330885120.0,0.0,0.0,0.0,9830.400,15467.0,1873.800,5.565,2.042,92.308,0.010,0.0,0.075,1493171377.689,
4.148,1.523,94.269,0.015,0.0,0.045,0.0,8192.0,450416.400,551475911.400,0.0,0.0,12239.200,1582.600,1.600,0.0,0.400,5242953728.0,1675264.0,70930710528.0,92604854272.0,0.0,0.0,0.0,8192.0,12232.200,1581.0,4.140,1.519,94.281,0.015,0.0,0.045,1493171382.689,
4.614,1.739,93.602,0.020,0.0,0.025,0.0,13926.400,466505.600,542998788.0,0.0,0.0,13358.800,1654.600,2.800,0.0,0.800,5352632320.0,1691648.0,70930714624.0,92495155200.0,0.0,0.0,0.0,13926.400,13368.200,1656.600,4.619,1.738,93.598,0.020,0.0,0.025,1493171387.689,
4.763,1.793,93.408,0.010,0.0,0.025,0.0,8192.0,526298.400,573470162.400,0.0,0.0,15902.400,1722.600,3.0,0.0,0.0,5448769536.0,1699840.0,70930718720.0,92399005696.0,0.0,0.0,0.0,8192.0,15899.800,1721.400,4.764,1.798,93.403,0.010,0.0,0.025,1493171392.689,
4.831,1.802,93.272,0.015,0.0,0.080,0.0,11468.800,579646.600,608170619.0,0.0,0.0,12376.0,1789.400,3.200,0.0,0.800,5338116096.0,1716224.0,70930714624.0,92509646848.0,0.0,0.0,0.0,11468.800,12372.0,1788.400,4.826,1.797,93.281,0.015,0.0,0.080,1493171397.689,
4.677,1.688,93.565,0.0,0.0,0.070,0.0,0.0,560326.800,579380768.800,0.0,0.0,10907.200,1737.400,3.600,0.0,0.800,5287018496.0,1716224.0,70930726912.0,92560732160.0,0.0,0.0,0.0,0.0,10906.800,1739.600,4.677,1.693,93.560,0.0,0.0,0.070,1493171402.689,
4.780,1.762,93.404,0.015,0.0,0.040,0.0,7372.800,581056.600,587450862.800,0.0,0.0,11229.0,1741.400,2.600,0.0,0.400,5244657664.0,1732608.0,70930735104.0,92603068416.0,0.0,0.0,0.0,7372.800,11230.0,1739.400,4.781,1.757,93.406,0.015,0.0,0.040,1493171407.689,
4.382,1.597,93.966,0.015,0.0,0.040,0.0,9830.400,486526.800,509102064.0,0.0,0.0,10367.800,1595.600,2.200,0.0,0.800,5318012928.0,1740800.0,70930735104.0,92529704960.0,0.0,0.0,0.0,9830.400,10362.200,1595.200,4.380,1.597,93.968,0.015,0.0,0.040,1493171412.689,
4.720,1.757,93.442,0.020,0.0,0.060,0.0,12288.0,555112.0,580346866.800,0.0,0.0,13268.800,1692.0,2.400,0.0,0.400,5237465088.0,1757184.0,70930739200.0,92610232320.0,0.0,0.0,0.0,12288.0,13275.600,1692.400,4.720,1.757,93.443,0.020,0.0,0.060,1493171417.689,
4.963,1.878,93.074,0.025,0.0,0.060,0.0,11468.800,548184.400,586868366.400,0.0,0.0,15803.0,1840.800,2.400,0.0,0.400,5355315200.0,1773568.0,70930735104.0,92492369920.0,0.0,0.0,0.0,11468.800,15799.0,1840.400,4.963,1.878,93.073,0.025,0.0,0.060,1493171422.689,
4.745,1.729,93.486,0.0,0.0,0.040,0.0,8192.0,564552.400,569935993.800,0.0,0.0,15765.400,1679.600,2.200,0.0,0.0,5254574080.0,1781760.0,70930743296.0,92593094656.0,0.0,0.0,0.0,8192.0,15767.600,1680.200,4.745,1.734,93.481,0.0,0.0,0.040,1493171427.689,
5.091,1.949,92.905,0.020,0.0,0.035,0.0,11468.800,591453.600,615553324.400,0.0,0.0,16659.200,1767.0,2.600,0.0,0.400,5273112576.0,1798144.0,70930743296.0,92574539776.0,0.0,0.0,0.0,11468.800,16660.0,1767.0,5.090,1.949,92.906,0.020,0.0,0.035,1493171432.689,
4.823,1.853,93.224,0.010,0.0,0.090,0.0,4915.200,582131.400,577360277.0,0.0,0.0,15789.600,1691.0,3.400,0.0,0.800,5258870784.0,1806336.0,70930743296.0,92588773376.0,0.0,0.0,0.0,4915.200,15788.200,1690.800,4.830,1.849,93.221,0.010,0.0,0.090,1493171437.689,
3.795,1.395,94.630,0.020,0.0,0.160,0.0,7372.800,373766.800,451141743.800,0.0,0.0,9313.200,1377.800,2.200,0.0,0.200,5216927744.0,1822720.0,70930743296.0,92630700032.0,0.0,0.0,0.0,7372.800,9314.200,1378.400,3.789,1.395,94.636,0.020,0.0,0.160,1493171442.689,
4.502,1.577,93.836,0.010,0.0,0.075,0.0,8192.0,417889.800,502663169.0,0.0,0.0,8841.600,1541.600,2.400,0.0,0.0,5388201984.0,1830912.0,70930735104.0,92459425792.0,0.0,0.0,0.0,8192.0,8836.200,1540.600,4.502,1.577,93.836,0.010,0.0,0.075,1493171447.689,
5.186,1.845,92.748,0.010,0.0,0.210,0.0,3276.800,501046.400,604171383.400,0.0,0.0,12271.200,1734.800,3.0,0.0,0.0,5454061568.0,1839104.0,70930743296.0,92393549824.0,0.0,0.0,0.0,3276.800,12276.800,1738.600,5.191,1.850,92.739,0.010,0.0,0.210,1493171452.689,
5.154,1.861,92.855,0.010,0.0,0.120,0.0,9830.400,531299.400,611325741.0,0.0,0.0,10797.800,1795.600,3.600,0.0,0.400,5444911104.0,1855488.0,70930747392.0,92402679808.0,0.0,0.0,0.0,9830.400,10797.800,1792.400,5.159,1.856,92.855,0.010,0.0,0.120,1493171457.689,
4.520,1.682,93.724,0.0,0.0,0.075,0.0,8192.0,496923.400,547185662.600,0.0,0.0,9340.200,1603.800,1.800,0.0,0.0,5347954688.0,1863680.0,70930747392.0,92499628032.0,0.0,0.0,0.0,8192.0,9337.400,1603.200,4.505,1.687,93.734,0.0,0.0,0.075,1493171462.689,
3.900,1.505,94.434,0.010,0.0,0.150,0.0,10649.600,396763.0,482654762.800,0.0,0.0,8537.800,1375.0,1.800,0.0,0.0,5197561856.0,1880064.0,70930747392.0,92650004480.0,0.0,0.0,0.0,10649.600,8536.0,1375.0,3.905,1.500,94.434,0.010,0.0,0.150,1493171467.689,
4.698,1.676,93.521,0.0,0.0,0.105,0.0,0.0,439763.200,531623754.200,0.0,0.0,9148.400,1578.200,3.0,0.0,0.0,5379915776.0,1880064.0,70930747392.0,92467650560.0,0.0,0.0,0.0,0.0,9152.0,1578.800,4.704,1.677,93.514,0.0,0.0,0.105,1493171472.689,
2.647,1.036,96.277,0.0,0.0,0.040,0.0,9011.200,325890.0,351668036.800,0.0,0.0,7419.600,1035.400,1.200,0.0,0.400,5170647040.0,1896448.0,70930755584.0,92676894720.0,0.0,0.0,0.0,9011.200,7415.200,1034.800,2.637,1.036,96.288,0.0,0.0,0.040,1493171477.689,
