"Dstat 0.7.2 CSV output"
"Author:","Dag Wieers <dag@wieers.com>",,,,"URL:","http://dag.wieers.com/home-made/dstat/"
"Host:","osd0.skyhook-2osds.skyhook-pg0.wisc.cloudlab.us",,,,"User:","jlefevre"
"Cmdline:","dstat -av --epoch --integer --noheaders --output 2osds.dstat-osd0.log 5",,,,"Date:","25 Apr 2017 15:01:59 CDT"

"total cpu usage",,,,,,"dsk/total",,"net/total",,"paging",,"system",,"procs",,,"memory usage",,,,"paging",,"dsk/total",,"system",,"total cpu usage",,,,,,"epoch"
"usr","sys","idl","wai","hiq","siq","read","writ","recv","send","in","out","int","csw","run","blk","new","used","buff","cach","free","in","out","read","writ","int","csw","usr","sys","idl","wai","hiq","siq","epoch"


"Host:","osd0.skyhook-2osds.skyhook-pg0.wisc.cloudlab.us",,,,"User:","jlefevre"
"Cmdline:","dstat -av --epoch --integer --noheaders --output 2osds.dstat-osd0.log 5",,,,"Date:","25 Apr 2017 15:08:52 CDT"

"total cpu usage",,,,,,"dsk/total",,"net/total",,"paging",,"system",,"procs",,,"memory usage",,,,"paging",,"dsk/total",,"system",,"total cpu usage",,,,,,"epoch"
"usr","sys","idl","wai","hiq","siq","read","writ","recv","send","in","out","int","csw","run","blk","new","used","buff","cach","free","in","out","read","writ","int","csw","usr","sys","idl","wai","hiq","siq","epoch"
0.010,0.005,99.985,0.0,0.0,0.0,0.0,0.0,2073.200,20157.400,0.0,0.0,121.400,106.800,0.0,0.0,0.0,5085216768.0,1601536.0,70930599936.0,92762775552.0,0.0,0.0,0.0,0.0,121.400,106.800,0.010,0.0,99.990,0.0,0.0,0.0,1493168597.689,
0.325,0.881,98.779,0.005,0.0,0.010,0.0,2457.600,191375.0,296309627.600,0.0,0.0,4952.800,978.200,0.400,0.0,0.0,5300011008.0,1609728.0,70930599936.0,92547973120.0,0.0,0.0,0.0,2457.600,4957.200,980.400,0.325,0.881,98.779,0.005,0.0,0.010,1493168602.689,
0.375,1.041,98.574,0.0,0.0,0.010,0.0,0.0,232464.0,377539815.200,0.0,0.0,6500.600,1093.400,1.0,0.0,0.0,5300121600.0,1609728.0,70930599936.0,92547862528.0,0.0,0.0,0.0,0.0,6499.400,1091.600,0.375,1.041,98.574,0.0,0.0,0.010,1493168607.689,
0.335,0.906,98.714,0.005,0.0,0.040,0.0,3276.800,165630.0,332121496.800,0.0,0.0,4597.200,1038.200,0.200,0.0,0.0,5389381632.0,1617920.0,70930599936.0,92458594304.0,0.0,0.0,0.0,3276.800,4594.200,1037.800,0.335,0.906,98.714,0.005,0.0,0.040,1493168612.689,
0.381,1.067,98.533,0.010,0.0,0.010,0.0,4915.200,307372.200,412658219.0,0.0,0.0,8181.400,1184.200,0.800,0.0,0.0,5276475392.0,1626112.0,70930599936.0,92571492352.0,0.0,0.0,0.0,4915.200,8185.400,1184.400,0.381,1.072,98.528,0.010,0.0,0.010,1493168617.689,
0.366,1.087,98.533,0.0,0.0,0.015,0.0,0.0,343032.0,386643787.600,0.0,0.0,7964.0,1209.800,0.600,0.0,0.0,5378756608.0,1626112.0,70930599936.0,92469211136.0,0.0,0.0,0.0,0.0,7966.600,1209.800,0.371,1.082,98.533,0.0,0.0,0.015,1493168622.689,
0.315,1.122,98.553,0.005,0.0,0.005,0.0,2457.600,359628.400,412589489.0,0.0,0.0,8370.400,1162.400,0.200,0.0,0.0,5194874880.0,1634304.0,70930599936.0,92653084672.0,0.0,0.0,0.0,2457.600,8363.800,1162.200,0.310,1.122,98.558,0.005,0.0,0.005,1493168627.689,
0.381,1.132,98.468,0.0,0.0,0.020,0.0,0.0,363877.400,419989799.200,0.0,0.0,8076.200,1240.200,1.200,0.0,0.0,5233197056.0,1634304.0,70930599936.0,92614762496.0,0.0,0.0,0.0,0.0,8081.0,1240.400,0.386,1.132,98.463,0.0,0.0,0.020,1493168632.689,
0.431,1.212,98.342,0.005,0.0,0.010,0.0,2457.600,386894.0,451115099.0,0.0,0.0,9724.800,1289.400,1.0,0.0,0.0,5187194880.0,1642496.0,70930599936.0,92660756480.0,0.0,0.0,0.0,2457.600,9725.400,1289.400,0.431,1.217,98.337,0.005,0.0,0.010,1493168637.689,
0.516,1.387,98.057,0.0,0.0,0.040,0.0,0.0,445753.200,491490848.0,0.0,0.0,7821.800,1538.200,1.0,0.0,0.0,5424398336.0,1642496.0,70930604032.0,92423548928.0,0.0,0.0,0.0,0.0,7822.0,1538.600,0.511,1.387,98.062,0.0,0.0,0.040,1493168642.689,
0.456,1.302,98.207,0.010,0.0,0.025,0.0,4096.0,442019.400,538913268.200,0.0,0.0,8676.400,1480.800,0.800,0.0,0.0,5221023744.0,1650688.0,70930604032.0,92626915328.0,0.0,0.0,0.0,4096.0,8680.800,1480.200,0.456,1.302,98.207,0.010,0.0,0.025,1493168647.689,
0.376,1.032,98.562,0.010,0.0,0.020,0.0,4915.200,356319.0,409642381.400,0.0,0.0,8214.400,1207.0,0.600,0.0,0.0,5152202752.0,1658880.0,70930604032.0,92695728128.0,0.0,0.0,0.0,4915.200,8204.600,1207.0,0.376,1.032,98.563,0.010,0.0,0.020,1493168652.689,
0.436,1.217,98.308,0.0,0.0,0.040,0.0,0.0,391160.400,459737113.600,0.0,0.0,7163.400,1349.800,1.800,0.0,0.200,5220081664.0,1658880.0,70930604032.0,92627849216.0,0.0,0.0,0.0,0.0,7167.200,1350.200,0.436,1.212,98.312,0.0,0.0,0.040,1493168657.689,
0.556,1.602,97.792,0.005,0.0,0.045,0.0,2457.600,487413.0,600784227.400,0.0,0.0,9168.600,1680.400,1.800,0.0,0.200,5222662144.0,1667072.0,70930604032.0,92625260544.0,0.0,0.0,0.0,2457.600,9169.0,1680.600,0.561,1.602,97.788,0.005,0.0,0.045,1493168662.689,
0.496,1.397,98.053,0.0,0.0,0.055,0.0,0.0,440944.800,550305532.800,0.0,0.0,8081.200,1534.800,0.600,0.0,0.0,5153234944.0,1667072.0,70930604032.0,92694687744.0,0.0,0.0,0.0,0.0,8076.400,1534.200,0.491,1.402,98.053,0.0,0.0,0.055,1493168667.689,
0.451,1.272,98.247,0.005,0.0,0.025,0.0,2457.600,404114.200,460876763.0,0.0,0.0,9011.600,1367.0,0.600,0.0,0.0,5239263232.0,1675264.0,70930604032.0,92608651264.0,0.0,0.0,0.0,2457.600,9015.200,1367.200,0.451,1.267,98.252,0.005,0.0,0.025,1493168672.689,
0.486,1.347,98.122,0.0,0.0,0.045,0.0,0.0,414411.0,494941035.400,0.0,0.0,10845.400,1435.400,0.800,0.0,0.0,5280915456.0,1675264.0,70930604032.0,92566999040.0,0.0,0.0,0.0,0.0,10848.200,1435.400,0.486,1.353,98.117,0.0,0.0,0.045,1493168677.689,
0.320,0.971,98.664,0.010,0.0,0.035,0.0,3276.800,261464.200,375085241.800,0.0,0.0,7347.400,1066.600,0.600,0.0,0.0,5126135808.0,1683456.0,70930604032.0,92721770496.0,0.0,0.0,0.0,3276.800,7348.200,1066.800,0.320,0.966,98.669,0.010,0.0,0.035,1493168682.689,
0.416,1.147,98.388,0.005,0.0,0.045,0.0,4915.200,333749.200,398113782.0,0.0,0.0,8805.0,1221.200,0.400,0.0,0.0,5335478272.0,1691648.0,70930604032.0,92512419840.0,0.0,0.0,0.0,4915.200,8803.600,1221.0,0.416,1.147,98.388,0.005,0.0,0.045,1493168687.689,
0.501,1.493,97.971,0.0,0.0,0.035,0.0,0.0,470545.800,559227450.600,0.0,0.0,12476.0,1527.600,1.200,0.0,0.0,5172056064.0,1691648.0,70930604032.0,92675842048.0,0.0,0.0,0.0,0.0,12477.600,1527.400,0.501,1.493,97.971,0.0,0.0,0.035,1493168692.689,
0.451,1.397,98.122,0.005,0.0,0.025,0.0,2457.600,437431.400,483509525.0,0.0,0.0,10782.800,1427.400,0.400,0.0,0.0,5294571520.0,1699840.0,70930604032.0,92553318400.0,0.0,0.0,0.0,2457.600,10779.800,1427.800,0.451,1.397,98.122,0.005,0.0,0.025,1493168697.689,
0.486,1.403,98.091,0.0,0.0,0.020,0.0,0.0,532584.800,562916544.800,0.0,0.0,13719.200,1564.600,1.400,0.0,0.0,5124624384.0,1699840.0,70930604032.0,92723265536.0,0.0,0.0,0.0,0.0,13715.400,1564.200,0.486,1.408,98.086,0.0,0.0,0.020,1493168702.689,
0.631,1.554,97.795,0.010,0.0,0.010,0.0,2457.600,539065.800,571738666.200,0.0,0.0,14564.400,1755.800,0.800,0.0,0.0,5367889920.0,1708032.0,70930604032.0,92479991808.0,0.0,0.0,0.0,2457.600,14574.800,1757.800,0.637,1.549,97.795,0.010,0.0,0.010,1493168707.689,
0.536,1.562,97.847,0.0,0.0,0.055,0.0,0.0,631432.200,608214124.400,0.0,0.0,14943.200,1657.600,0.800,0.0,0.0,5219115008.0,1708032.0,70930604032.0,92628766720.0,0.0,0.0,0.0,0.0,14938.600,1656.400,0.531,1.562,97.852,0.0,0.0,0.055,1493168712.689,
0.506,1.507,97.943,0.005,0.0,0.040,0.0,3276.800,565748.400,586067699.0,0.0,0.0,11219.200,1684.400,0.600,0.0,0.0,5154455552.0,1716224.0,70930604032.0,92693417984.0,0.0,0.0,0.0,3276.800,11218.200,1684.0,0.505,1.506,97.943,0.005,0.0,0.040,1493168717.689,
0.576,1.653,97.726,0.005,0.0,0.040,0.0,2457.600,545943.0,570177970.200,0.0,0.0,12205.200,1731.0,0.600,0.0,0.200,5419536384.0,1724416.0,70930604032.0,92428328960.0,0.0,0.0,0.0,2457.600,12207.800,1731.200,0.576,1.658,97.721,0.005,0.0,0.040,1493168722.689,
0.611,1.728,97.591,0.0,0.0,0.070,0.0,0.0,593825.0,629640443.400,0.0,0.0,12504.200,1767.400,0.800,0.0,0.0,5432115200.0,1724416.0,70930608128.0,92415746048.0,0.0,0.0,0.0,0.0,12506.200,1767.0,0.616,1.723,97.591,0.0,0.0,0.070,1493168727.689,
0.586,1.674,97.690,0.010,0.0,0.040,0.0,2457.600,602023.800,620308247.200,0.0,0.0,13100.400,1701.200,0.400,0.0,0.0,5320724480.0,1732608.0,70930608128.0,92527128576.0,0.0,0.0,0.0,2457.600,13095.800,1705.200,0.581,1.674,97.695,0.010,0.0,0.040,1493168732.689,
0.581,1.588,97.776,0.0,0.0,0.055,0.0,0.0,577181.400,595145803.400,0.0,0.0,14372.400,1662.400,0.600,0.0,0.0,5260267520.0,1732608.0,70930608128.0,92587585536.0,0.0,0.0,0.0,0.0,14374.800,1658.400,0.581,1.593,97.771,0.0,0.0,0.055,1493168737.689,
0.546,1.678,97.746,0.005,0.0,0.025,0.0,2457.600,573498.400,586018361.600,0.0,0.0,11921.400,1692.800,1.600,0.0,0.0,5424025600.0,1740800.0,70930608128.0,92423819264.0,0.0,0.0,0.0,2457.600,11919.0,1692.800,0.546,1.678,97.747,0.005,0.0,0.025,1493168742.689,
0.476,1.362,98.118,0.0,0.0,0.045,0.0,0.0,447536.400,529657332.200,0.0,0.0,8451.0,1470.200,0.400,0.0,0.0,5247660032.0,1740800.0,70930608128.0,92600184832.0,0.0,0.0,0.0,0.0,8450.600,1470.400,0.481,1.357,98.118,0.0,0.0,0.045,1493168747.689,
0.010,0.020,99.965,0.005,0.0,0.0,0.0,4096.0,22193.400,26279762.800,0.0,0.0,422.400,146.0,0.0,0.0,0.0,5121269760.0,1748992.0,70930608128.0,92726566912.0,0.0,0.0,0.0,4096.0,417.600,145.600,0.005,0.020,99.970,0.005,0.0,0.0,1493168752.689,
