"Dstat 0.7.2 CSV output"
"Author:","Dag Wieers <dag@wieers.com>",,,,"URL:","http://dag.wieers.com/home-made/dstat/"
"Host:","osd0.skyhook-2osds.skyhook-pg0.wisc.cloudlab.us",,,,"User:","jlefevre"
"Cmdline:","dstat -av --epoch --integer --noheaders --output 2osds.dstat-osd0.log 5",,,,"Date:","25 Apr 2017 15:01:59 CDT"

"total cpu usage",,,,,,"dsk/total",,"net/total",,"paging",,"system",,"procs",,,"memory usage",,,,"paging",,"dsk/total",,"system",,"total cpu usage",,,,,,"epoch"
"usr","sys","idl","wai","hiq","siq","read","writ","recv","send","in","out","int","csw","run","blk","new","used","buff","cach","free","in","out","read","writ","int","csw","usr","sys","idl","wai","hiq","siq","epoch"


"Host:","osd0.skyhook-2osds.skyhook-pg0.wisc.cloudlab.us",,,,"User:","jlefevre"
"Cmdline:","dstat -av --epoch --integer --noheaders --output 2osds.dstat-osd0.log 5",,,,"Date:","25 Apr 2017 15:08:52 CDT"

"total cpu usage",,,,,,"dsk/total",,"net/total",,"paging",,"system",,"procs",,,"memory usage",,,,"paging",,"dsk/total",,"system",,"total cpu usage",,,,,,"epoch"
"usr","sys","idl","wai","hiq","siq","read","writ","recv","send","in","out","int","csw","run","blk","new","used","buff","cach","free","in","out","read","writ","int","csw","usr","sys","idl","wai","hiq","siq","epoch"
0.010,0.005,99.985,0.0,0.0,0.0,0.0,0.0,2260.600,25208.800,0.0,0.0,133.400,119.400,0.0,0.0,0.0,5116444672.0,1417216.0,70899200000.0,92763131904.0,0.0,0.0,0.0,0.0,133.600,119.400,0.010,0.005,99.985,0.0,0.0,0.0,1493156202.689,
0.280,0.726,98.984,0.0,0.0,0.010,0.0,2457.600,202840.200,239272623.400,0.0,0.0,5167.0,813.0,0.200,0.0,0.0,5344751616.0,1425408.0,70899200000.0,92534816768.0,0.0,0.0,0.0,2457.600,5168.400,815.0,0.280,0.731,98.979,0.0,0.0,0.010,1493156207.689,
0.405,1.116,98.449,0.0,0.0,0.030,0.0,0.0,310713.200,386187974.0,0.0,0.0,7466.0,1176.800,1.200,0.0,0.0,5404606464.0,1425408.0,70899200000.0,92474961920.0,0.0,0.0,0.0,0.0,7465.600,1174.800,0.405,1.111,98.454,0.0,0.0,0.030,1493156212.689,
0.360,0.991,98.643,0.0,0.0,0.005,0.0,4096.0,271162.0,351036905.0,0.0,0.0,6462.800,1085.0,0.0,0.0,0.0,5430800384.0,1433600.0,70899200000.0,92448759808.0,0.0,0.0,0.0,4096.0,6461.400,1085.0,0.360,0.991,98.643,0.0,0.0,0.005,1493156217.689,
0.265,0.856,98.874,0.0,0.0,0.005,0.0,4915.200,211266.600,305340355.200,0.0,0.0,5361.800,945.0,0.600,0.0,0.0,5362733056.0,1441792.0,70899200000.0,92516818944.0,0.0,0.0,0.0,4915.200,5362.400,945.0,0.265,0.856,98.874,0.0,0.0,0.005,1493156222.689,
0.305,0.841,98.834,0.0,0.0,0.020,0.0,0.0,204510.400,310407003.800,0.0,0.0,4606.600,938.600,0.400,0.0,0.0,5348601856.0,1441792.0,70899200000.0,92530950144.0,0.0,0.0,0.0,0.0,4613.400,939.0,0.305,0.845,98.830,0.0,0.0,0.020,1493156227.689,
0.380,1.086,98.523,0.0,0.0,0.010,0.0,2457.600,327708.0,403235008.0,0.0,0.0,8595.200,1165.800,0.600,0.0,0.0,5276901376.0,1449984.0,70899200000.0,92602642432.0,0.0,0.0,0.0,2457.600,8587.800,1165.400,0.381,1.081,98.528,0.0,0.0,0.010,1493156232.689,
0.355,1.026,98.603,0.0,0.0,0.015,0.0,0.0,303012.800,378764603.400,0.0,0.0,7756.0,1098.800,0.400,0.0,0.0,5232390144.0,1449984.0,70899200000.0,92647153664.0,0.0,0.0,0.0,0.0,7756.200,1098.800,0.356,1.027,98.603,0.0,0.0,0.015,1493156237.689,
0.511,1.543,97.916,0.0,0.0,0.030,0.0,2457.600,540934.200,563205789.800,0.0,0.0,13841.600,1554.600,1.400,0.0,0.0,5192224768.0,1458176.0,70899200000.0,92687310848.0,0.0,0.0,0.0,2457.600,13841.400,1554.600,0.511,1.543,97.916,0.0,0.0,0.030,1493156242.689,
0.456,1.292,98.232,0.005,0.0,0.015,25395.200,0.0,382166.200,437744774.800,0.0,0.0,9360.600,1343.800,0.400,0.0,0.200,5370982400.0,1458176.0,70899326976.0,92508426240.0,0.0,0.0,25395.200,0.0,9360.800,1343.800,0.461,1.292,98.227,0.005,0.0,0.015,1493156247.689,
0.335,0.936,98.714,0.0,0.0,0.015,0.0,3276.800,249814.600,327003284.400,0.0,0.0,6389.800,987.400,0.400,0.0,0.0,5400326144.0,1466368.0,70899326976.0,92479074304.0,0.0,0.0,0.0,3276.800,6389.600,987.400,0.330,0.941,98.714,0.0,0.0,0.015,1493156252.689,
0.386,1.162,98.422,0.010,0.0,0.020,819.200,4915.200,358650.400,449179367.0,0.0,0.0,9141.0,1277.600,1.200,0.0,0.200,5235937280.0,1474560.0,70899331072.0,92643450880.0,0.0,0.0,819.200,4915.200,9154.0,1280.800,0.391,1.162,98.418,0.010,0.0,0.020,1493156257.689,
0.491,1.618,97.846,0.005,0.0,0.040,0.0,3276.800,579030.400,572858468.800,0.0,0.0,12948.800,1616.400,1.400,0.0,0.0,5222952960.0,1482752.0,70899331072.0,92656427008.0,0.0,0.0,0.0,3276.800,12939.400,1613.600,0.486,1.619,97.849,0.005,0.0,0.040,1493156262.689,
0.597,1.554,97.814,0.0,0.0,0.035,0.0,2457.600,631447.200,605447531.0,0.0,0.0,13714.600,1655.800,1.0,0.0,0.0,5165215744.0,1490944.0,70899335168.0,92714151936.0,0.0,0.0,0.0,2457.600,13723.800,1656.0,0.596,1.548,97.820,0.0,0.0,0.035,1493156267.689,
0.591,1.509,97.870,0.0,0.0,0.030,0.0,0.0,537457.400,594118996.800,0.0,0.0,13421.400,1676.600,1.0,0.0,0.0,5263187968.0,1490944.0,70899335168.0,92616179712.0,0.0,0.0,0.0,0.0,13418.400,1677.200,0.592,1.509,97.869,0.0,0.0,0.030,1493156272.689,
0.501,1.498,97.976,0.0,0.0,0.025,0.0,2457.600,493624.800,578299478.600,0.0,0.0,13325.400,1588.400,0.800,0.0,0.0,5200441344.0,1499136.0,70899335168.0,92678918144.0,0.0,0.0,0.0,2457.600,13323.0,1587.600,0.501,1.498,97.976,0.0,0.0,0.025,1493156277.689,
0.551,1.623,97.767,0.0,0.0,0.060,0.0,0.0,532043.600,605281790.400,0.0,0.0,13350.200,1686.600,1.0,0.0,0.0,5207994368.0,1499136.0,70899335168.0,92671365120.0,0.0,0.0,0.0,0.0,13344.800,1686.600,0.551,1.628,97.761,0.0,0.0,0.060,1493156282.689,
0.461,1.247,98.267,0.0,0.0,0.025,0.0,6553.600,414532.800,499485597.200,0.0,0.0,11053.0,1410.400,1.0,0.0,0.0,5171941376.0,1507328.0,70899335168.0,92707409920.0,0.0,0.0,0.0,6553.600,11057.800,1410.200,0.461,1.247,98.267,0.0,0.0,0.025,1493156287.689,
0.541,1.533,97.871,0.0,0.0,0.055,0.0,2457.600,502068.0,535162521.0,0.0,0.0,11923.0,1573.800,1.600,0.0,0.0,5294194688.0,1507328.0,70899335168.0,92585156608.0,0.0,0.0,0.0,2457.600,11922.800,1573.600,0.541,1.537,97.867,0.0,0.0,0.055,1493156292.689,
0.556,1.573,97.806,0.010,0.0,0.055,0.0,3276.800,516187.400,578582844.200,0.0,0.0,12781.400,1619.800,1.0,0.0,0.0,5240864768.0,1515520.0,70899335168.0,92638478336.0,0.0,0.0,0.0,3276.800,12779.200,1620.400,0.556,1.568,97.811,0.010,0.0,0.055,1493156297.689,
0.506,1.523,97.961,0.0,0.0,0.010,0.0,0.0,500704.200,554011843.0,0.0,0.0,11876.200,1543.200,1.0,0.0,0.0,5171474432.0,1515520.0,70899335168.0,92707868672.0,0.0,0.0,0.0,0.0,11871.800,1542.600,0.511,1.518,97.961,0.0,0.0,0.010,1493156302.689,
0.581,1.577,97.792,0.0,0.0,0.050,0.0,2457.600,499381.200,580200557.200,0.0,0.0,11264.200,1617.200,1.600,0.0,0.0,5183250432.0,1523712.0,70899335168.0,92696084480.0,0.0,0.0,0.0,2457.600,11269.0,1618.400,0.581,1.577,97.792,0.0,0.0,0.050,1493156307.689,
0.591,1.693,97.691,0.0,0.0,0.025,0.0,0.0,631769.600,618198270.0,0.0,0.0,14201.200,1695.400,1.0,0.0,0.0,5152296960.0,1523712.0,70899335168.0,92727037952.0,0.0,0.0,0.0,0.0,14203.200,1694.600,0.586,1.693,97.696,0.0,0.0,0.025,1493156312.689,
0.491,1.437,98.022,0.0,0.0,0.050,0.0,2457.600,508684.800,526778177.800,0.0,0.0,12133.600,1483.200,1.800,0.0,0.0,5164138496.0,1531904.0,70899335168.0,92715188224.0,0.0,0.0,0.0,2457.600,12136.200,1483.200,0.491,1.437,98.022,0.0,0.0,0.050,1493156317.689,
0.581,1.658,97.711,0.0,0.0,0.050,0.0,819.200,561590.200,593319580.800,0.0,0.0,10198.200,1833.800,0.400,0.0,0.0,5337313280.0,1531904.0,70899335168.0,92542013440.0,0.0,0.0,0.0,819.200,10190.0,1833.800,0.581,1.663,97.706,0.0,0.0,0.050,1493156322.689,
0.586,1.627,97.727,0.0,0.0,0.060,0.0,3276.800,567168.400,605828507.0,0.0,0.0,9667.0,1758.200,1.200,0.0,0.0,5410492416.0,1540096.0,70899335168.0,92468826112.0,0.0,0.0,0.0,3276.800,9670.800,1758.0,0.586,1.628,97.726,0.0,0.0,0.060,1493156327.689,
0.596,1.718,97.630,0.0,0.0,0.055,0.0,0.0,568160.600,625772589.200,0.0,0.0,12878.200,1724.400,0.800,0.0,0.0,5472854016.0,1540096.0,70899335168.0,92406464512.0,0.0,0.0,0.0,0.0,12877.800,1724.200,0.601,1.713,97.631,0.0,0.0,0.055,1493156332.689,
0.621,1.563,97.790,0.0,0.0,0.025,0.0,2457.600,515862.400,605134803.400,0.0,0.0,13555.600,1667.0,0.400,0.0,0.0,5383581696.0,1548288.0,70899335168.0,92495728640.0,0.0,0.0,0.0,2457.600,13559.400,1667.400,0.616,1.563,97.796,0.0,0.0,0.025,1493156337.689,
0.531,1.608,97.821,0.0,0.0,0.040,0.0,0.0,533278.800,587366014.400,0.0,0.0,13108.200,1615.600,0.400,0.0,0.0,5325639680.0,1548288.0,70899335168.0,92553670656.0,0.0,0.0,0.0,0.0,13103.800,1615.200,0.531,1.608,97.821,0.0,0.0,0.040,1493156342.689,
0.551,1.598,97.811,0.010,0.0,0.030,0.0,2457.600,516144.400,606306014.200,0.0,0.0,10136.0,1712.800,0.600,0.0,0.0,5370171392.0,1556480.0,70899335168.0,92509130752.0,0.0,0.0,0.0,2457.600,10137.800,1715.0,0.551,1.598,97.811,0.010,0.0,0.030,1493156347.689,
0.120,0.360,99.515,0.0,0.0,0.005,0.0,0.0,143533.600,175016069.800,0.0,0.0,2692.200,495.200,0.0,0.0,0.0,5127217152.0,1556480.0,70899339264.0,92752080896.0,0.0,0.0,0.0,0.0,2686.600,493.0,0.120,0.360,99.515,0.0,0.0,0.005,1493156352.689,
