"Dstat 0.7.2 CSV output"
"Author:","Dag Wieers <dag@wieers.com>",,,,"URL:","http://dag.wieers.com/home-made/dstat/"
"Host:","osd1.skyhook-2osds.skyhook-pg0.wisc.cloudlab.us",,,,"User:","jlefevre"
"Cmdline:","dstat -av --epoch --integer --noheaders --output 2osds.dstat-osd1.log 5",,,,"Date:","25 Apr 2017 15:02:01 CDT"

"total cpu usage",,,,,,"dsk/total",,"net/total",,"paging",,"system",,"procs",,,"memory usage",,,,"paging",,"dsk/total",,"system",,"total cpu usage",,,,,,"epoch"
"usr","sys","idl","wai","hiq","siq","read","writ","recv","send","in","out","int","csw","run","blk","new","used","buff","cach","free","in","out","read","writ","int","csw","usr","sys","idl","wai","hiq","siq","epoch"


"Host:","osd1.skyhook-2osds.skyhook-pg0.wisc.cloudlab.us",,,,"User:","jlefevre"
"Cmdline:","dstat -av --epoch --integer --noheaders --output 2osds.dstat-osd1.log 5",,,,"Date:","25 Apr 2017 15:08:55 CDT"

"total cpu usage",,,,,,"dsk/total",,"net/total",,"paging",,"system",,"procs",,,"memory usage",,,,"paging",,"dsk/total",,"system",,"total cpu usage",,,,,,"epoch"
"usr","sys","idl","wai","hiq","siq","read","writ","recv","send","in","out","int","csw","run","blk","new","used","buff","cach","free","in","out","read","writ","int","csw","usr","sys","idl","wai","hiq","siq","epoch"
0.015,0.005,99.960,0.020,0.0,0.0,25395.200,7372.800,1806.400,23470.0,0.0,0.0,157.800,184.800,0.0,0.0,0.600,5179052032.0,1617920.0,70392090624.0,93207433216.0,0.0,0.0,25395.200,7372.800,157.800,184.800,0.020,0.005,99.955,0.020,0.0,0.0,1493157750.535,
0.195,0.545,99.244,0.005,0.0,0.010,0.0,8192.0,117737.0,177474429.0,0.0,0.0,3168.400,673.600,0.400,0.0,0.0,5309538304.0,1626112.0,70392094720.0,93076934656.0,0.0,0.0,0.0,8192.0,3168.400,673.600,0.190,0.545,99.249,0.005,0.0,0.010,1493157755.535,
0.280,0.715,98.984,0.015,0.0,0.005,0.0,7372.800,151293.0,279765144.200,0.0,0.0,4510.0,860.400,0.400,0.0,0.400,5178953728.0,1642496.0,70392094720.0,93207502848.0,0.0,0.0,0.0,7372.800,4513.200,860.400,0.280,0.715,98.984,0.015,0.0,0.005,1493157760.535,
0.250,0.656,99.094,0.0,0.0,0.0,0.0,0.0,151767.600,252446276.200,0.0,0.0,4381.0,849.400,0.400,0.0,0.0,5265039360.0,1642496.0,70392102912.0,93121409024.0,0.0,0.0,0.0,0.0,4378.600,849.800,0.250,0.656,99.094,0.0,0.0,0.0,1493157765.535,
0.220,0.675,99.079,0.015,0.0,0.010,0.0,13926.400,152406.600,251822755.200,0.0,0.0,4528.600,828.800,0.800,0.0,0.400,5193519104.0,1658880.0,70392102912.0,93192912896.0,0.0,0.0,0.0,13926.400,4528.600,828.800,0.220,0.681,99.074,0.015,0.0,0.010,1493157770.535,
0.350,0.926,98.698,0.015,0.0,0.010,0.0,9830.400,201230.800,323476107.400,0.0,0.0,5891.0,1042.800,1.0,0.0,0.400,5322428416.0,1675264.0,70392098816.0,93063991296.0,0.0,0.0,0.0,9830.400,5891.800,1042.400,0.350,0.921,98.704,0.015,0.0,0.010,1493157775.535,
0.290,0.806,98.883,0.010,0.0,0.010,0.0,5734.400,254145.800,327553982.400,0.0,0.0,6137.0,963.400,0.600,0.0,0.0,5211009024.0,1683456.0,70392098816.0,93175402496.0,0.0,0.0,0.0,5734.400,6136.0,963.800,0.290,0.806,98.883,0.010,0.0,0.010,1493157780.535,
0.431,1.222,98.293,0.010,0.0,0.045,0.0,2457.600,369459.400,422739032.800,0.0,0.0,9133.800,1328.800,0.600,0.0,0.400,5350772736.0,1691648.0,70392102912.0,93035626496.0,0.0,0.0,0.0,2457.600,9133.200,1328.400,0.431,1.222,98.293,0.010,0.0,0.045,1493157785.535,
0.396,1.192,98.363,0.010,0.0,0.040,0.0,4915.200,322211.200,399362334.800,0.0,0.0,8770.600,1274.800,0.600,0.0,0.0,5504708608.0,1699840.0,70392102912.0,92881682432.0,0.0,0.0,0.0,4915.200,8777.0,1276.400,0.396,1.192,98.363,0.010,0.0,0.040,1493157790.535,
0.436,1.262,98.258,0.015,0.0,0.030,0.0,10649.600,368311.600,452204317.800,0.0,0.0,9758.400,1310.0,0.800,0.0,0.400,5393149952.0,1716224.0,70392107008.0,92993220608.0,0.0,0.0,0.0,10649.600,9755.600,1309.200,0.436,1.262,98.258,0.015,0.0,0.030,1493157795.535,
0.385,1.126,98.468,0.0,0.0,0.020,0.0,4915.200,346501.0,425245408.800,0.0,0.0,8593.200,1211.600,0.200,0.0,0.0,5237690368.0,1724416.0,70392098816.0,93148680192.0,0.0,0.0,0.0,4915.200,8590.400,1211.200,0.385,1.126,98.468,0.0,0.0,0.020,1493157800.535,
0.410,1.146,98.414,0.010,0.0,0.020,0.0,7372.800,371315.400,420261175.200,0.0,0.0,9397.0,1275.800,0.600,0.0,0.400,5235818496.0,1732608.0,70392111104.0,93150531584.0,0.0,0.0,0.0,7372.800,9402.200,1276.800,0.415,1.146,98.408,0.010,0.0,0.020,1493157805.535,
0.571,1.422,97.972,0.005,0.0,0.030,0.0,13107.200,418408.0,491922177.200,0.0,0.0,10846.800,1522.800,0.800,0.0,0.600,5497769984.0,1748992.0,70392107008.0,92888567808.0,0.0,0.0,0.0,13107.200,10846.600,1522.400,0.566,1.422,97.977,0.005,0.0,0.030,1493157810.535,
0.491,1.372,98.102,0.010,0.0,0.025,0.0,5734.400,441021.0,509110029.400,0.0,0.0,10607.200,1463.400,0.0,0.0,0.400,5430829056.0,1757184.0,70392115200.0,92955492352.0,0.0,0.0,0.0,5734.400,10601.400,1462.400,0.496,1.372,98.097,0.010,0.0,0.025,1493157815.535,
0.340,0.911,98.693,0.015,0.0,0.040,0.0,10649.600,287080.600,365721538.400,0.0,0.0,7301.400,1116.200,0.200,0.0,0.400,5295063040.0,1773568.0,70392119296.0,93091237888.0,0.0,0.0,0.0,10649.600,7303.200,1117.0,0.340,0.916,98.688,0.015,0.0,0.040,1493157820.535,
0.320,0.946,98.709,0.005,0.0,0.020,0.0,4915.200,268308.600,342360249.400,0.0,0.0,5729.200,1089.200,0.0,0.0,0.0,5318144000.0,1781760.0,70392119296.0,93068148736.0,0.0,0.0,0.0,4915.200,5727.600,1088.400,0.315,0.941,98.719,0.005,0.0,0.020,1493157825.535,
0.260,0.876,98.849,0.0,0.0,0.015,0.0,10649.600,205647.800,306606273.200,0.0,0.0,4437.400,1060.800,0.200,0.0,0.400,5417660416.0,1798144.0,70392119296.0,92968615936.0,0.0,0.0,0.0,10649.600,4437.200,1060.800,0.265,0.876,98.844,0.0,0.0,0.015,1493157830.535,
0.285,0.841,98.859,0.0,0.0,0.015,0.0,0.0,222430.0,307967418.600,0.0,0.0,5614.800,976.600,0.800,0.0,0.0,5474705408.0,1798144.0,70392123392.0,92911566848.0,0.0,0.0,0.0,0.0,5623.800,977.800,0.285,0.841,98.859,0.0,0.0,0.015,1493157835.535,
0.441,1.152,98.372,0.010,0.0,0.025,0.0,11468.800,411206.400,471705904.600,0.0,0.0,7336.400,1435.0,0.800,0.0,0.400,5442170880.0,1814528.0,70392123392.0,92944084992.0,0.0,0.0,0.0,11468.800,7331.400,1434.200,0.441,1.157,98.368,0.010,0.0,0.025,1493157840.535,
0.521,1.517,97.917,0.010,0.0,0.035,0.0,11468.800,497391.0,585818853.800,0.0,0.0,10720.800,1736.0,1.200,0.0,0.400,5473828864.0,1830912.0,70392123392.0,92912410624.0,0.0,0.0,0.0,11468.800,10721.800,1736.200,0.521,1.517,97.917,0.010,0.0,0.035,1493157845.535,
0.541,1.442,97.992,0.0,0.0,0.025,0.0,5734.400,424957.800,562584526.800,0.0,0.0,10837.200,1640.600,0.800,0.0,0.0,5417480192.0,1839104.0,70392127488.0,92968747008.0,0.0,0.0,0.0,5734.400,10832.400,1640.400,0.536,1.437,98.002,0.0,0.0,0.025,1493157850.535,
0.551,1.573,97.835,0.015,0.0,0.025,0.0,8192.0,494549.800,588425257.0,0.0,0.0,12827.400,1689.0,1.200,0.0,0.400,5360340992.0,1855488.0,70392127488.0,93025869824.0,0.0,0.0,0.0,8192.0,12834.800,1689.200,0.551,1.573,97.835,0.015,0.0,0.025,1493157855.535,
0.476,1.362,98.127,0.015,0.0,0.020,0.0,4915.200,393590.0,476096891.200,0.0,0.0,10068.600,1404.400,1.200,0.0,0.0,5401083904.0,1863680.0,70392119296.0,92985126912.0,0.0,0.0,0.0,4915.200,10073.0,1405.600,0.481,1.362,98.122,0.015,0.0,0.020,1493157860.535,
0.456,1.317,98.197,0.005,0.0,0.025,0.0,2457.600,380896.600,478253122.800,0.0,0.0,9290.800,1448.200,1.200,0.0,0.400,5407453184.0,1871872.0,70392131584.0,92978737152.0,0.0,0.0,0.0,2457.600,9280.0,1447.0,0.451,1.317,98.202,0.005,0.0,0.025,1493157865.535,
0.460,1.266,98.238,0.0,0.0,0.035,0.0,8192.0,349504.600,476269710.800,0.0,0.0,7052.0,1458.0,0.800,0.0,0.400,5392248832.0,1880064.0,70392131584.0,92993933312.0,0.0,0.0,0.0,8192.0,7056.0,1458.400,0.465,1.266,98.233,0.0,0.0,0.035,1493157870.535,
0.355,1.016,98.593,0.015,0.0,0.020,0.0,9011.200,279938.200,372251050.600,0.0,0.0,6893.600,1143.400,0.200,0.0,0.200,5382336512.0,1896448.0,70392135680.0,93003825152.0,0.0,0.0,0.0,9011.200,6888.600,1142.800,0.350,1.016,98.598,0.015,0.0,0.020,1493157875.535,
0.501,1.378,98.091,0.010,0.0,0.020,0.0,14745.600,436779.600,509805009.200,0.0,0.0,11444.400,1489.0,0.800,0.0,0.400,5386616832.0,1912832.0,70392135680.0,92999528448.0,0.0,0.0,0.0,14745.600,11452.400,1489.200,0.501,1.383,98.086,0.010,0.0,0.020,1493157880.535,
0.591,1.707,97.617,0.015,0.0,0.070,0.0,5734.400,489416.800,617137580.200,0.0,0.0,10570.600,1800.800,0.800,0.0,0.0,5480169472.0,1921024.0,70392127488.0,92905975808.0,0.0,0.0,0.0,5734.400,10571.400,1800.600,0.591,1.702,97.622,0.015,0.0,0.070,1493157885.535,
0.421,1.317,98.208,0.005,0.0,0.050,0.0,3276.800,409788.200,496936680.200,0.0,0.0,10840.600,1402.600,0.600,0.0,0.400,5252562944.0,1929216.0,70392135680.0,93133565952.0,0.0,0.0,0.0,3276.800,10831.800,1402.600,0.426,1.317,98.203,0.005,0.0,0.050,1493157890.535,
0.305,0.801,98.859,0.010,0.0,0.025,0.0,4915.200,245467.800,306284281.400,0.0,0.0,6141.200,964.800,0.600,0.0,0.400,5196574720.0,1937408.0,70392139776.0,93189541888.0,0.0,0.0,0.0,4915.200,6148.400,965.400,0.300,0.801,98.864,0.010,0.0,0.025,1493157895.535,
0.441,1.271,98.243,0.020,0.0,0.025,0.0,10649.600,349560.400,459876283.0,0.0,0.0,9755.400,1358.800,0.600,0.0,0.0,5194805248.0,1953792.0,70392139776.0,93191294976.0,0.0,0.0,0.0,10649.600,9755.0,1358.400,0.441,1.272,98.243,0.020,0.0,0.025,1493157900.535,
0.371,1.061,98.558,0.0,0.0,0.010,0.0,4915.200,317840.800,389702731.0,0.0,0.0,8649.200,1206.600,0.200,0.200,0.400,5221265408.0,1961984.0,70392139776.0,93164826624.0,0.0,0.0,0.0,4915.200,8649.400,1206.0,0.370,1.061,98.558,0.0,0.0,0.010,1493157905.535,
0.390,1.131,98.438,0.015,0.0,0.025,0.0,8192.0,309151.600,410392869.400,0.0,0.0,8376.200,1252.0,0.600,0.0,0.0,5248139264.0,1978368.0,70392135680.0,93137940480.0,0.0,0.0,0.0,8192.0,8371.800,1252.400,0.391,1.132,98.438,0.015,0.0,0.025,1493157910.535,
0.486,1.452,98.027,0.020,0.0,0.015,0.0,13926.400,433087.600,508412026.0,0.0,0.0,10873.400,1460.600,0.800,0.0,0.0,5309759488.0,1994752.0,70392135680.0,93076303872.0,0.0,0.0,0.0,13926.400,10871.400,1460.600,0.486,1.452,98.027,0.020,0.0,0.015,1493157915.535,
0.375,1.176,98.418,0.0,0.0,0.030,0.0,0.0,344088.800,427986941.0,0.0,0.0,9200.400,1192.800,0.800,0.0,0.0,5199876096.0,1994752.0,70392135680.0,93186187264.0,0.0,0.0,0.0,0.0,9206.200,1193.800,0.375,1.176,98.418,0.0,0.0,0.030,1493157920.535,
0.431,1.272,98.248,0.005,0.0,0.045,0.0,2457.600,402728.600,474622862.200,0.0,0.0,9566.400,1374.800,0.800,0.0,0.0,5226774528.0,2002944.0,70392139776.0,93159276544.0,0.0,0.0,0.0,2457.600,9569.0,1374.200,0.431,1.277,98.243,0.005,0.0,0.045,1493157925.535,
0.030,0.050,99.920,0.0,0.0,0.0,0.0,0.0,24826.400,23077079.800,0.0,0.0,701.200,173.200,0.0,0.0,0.0,5179301888.0,2002944.0,70392139776.0,93206749184.0,0.0,0.0,0.0,0.0,692.0,172.800,0.030,0.045,99.925,0.0,0.0,0.0,1493157930.535,
