"Dstat 0.7.2 CSV output"
"Author:","Dag Wieers <dag@wieers.com>",,,,"URL:","http://dag.wieers.com/home-made/dstat/"
"Host:","osd0.skyhook-2osds.skyhook-pg0.wisc.cloudlab.us",,,,"User:","jlefevre"
"Cmdline:","dstat -av --epoch --integer --noheaders --output 2osds.dstat-osd0.log 5",,,,"Date:","25 Apr 2017 15:01:59 CDT"

"total cpu usage",,,,,,"dsk/total",,"net/total",,"paging",,"system",,"procs",,,"memory usage",,,,"paging",,"dsk/total",,"system",,"total cpu usage",,,,,,"epoch"
"usr","sys","idl","wai","hiq","siq","read","writ","recv","send","in","out","int","csw","run","blk","new","used","buff","cach","free","in","out","read","writ","int","csw","usr","sys","idl","wai","hiq","siq","epoch"


"Host:","osd0.skyhook-2osds.skyhook-pg0.wisc.cloudlab.us",,,,"User:","jlefevre"
"Cmdline:","dstat -av --epoch --integer --noheaders --output 2osds.dstat-osd0.log 5",,,,"Date:","25 Apr 2017 15:08:52 CDT"

"total cpu usage",,,,,,"dsk/total",,"net/total",,"paging",,"system",,"procs",,,"memory usage",,,,"paging",,"dsk/total",,"system",,"total cpu usage",,,,,,"epoch"
"usr","sys","idl","wai","hiq","siq","read","writ","recv","send","in","out","int","csw","run","blk","new","used","buff","cach","free","in","out","read","writ","int","csw","usr","sys","idl","wai","hiq","siq","epoch"
0.065,0.475,99.305,0.150,0.0,0.005,1413939.200,17203.200,2800.400,21449.0,0.0,0.0,428.0,571.400,0.0,0.200,4.600,4937789440.0,1331200.0,163897344.0,1.63677175808e+11,0.0,0.0,1413939.200,17203.200,427.600,570.600,0.065,0.475,99.305,0.150,0.0,0.005,1493168052.689,
0.421,1.108,90.854,7.592,0.0,0.025,348452454.400,3276.800,230347.0,346175752.400,0.0,0.0,8542.600,6191.200,1.0,4.800,0.0,5031596032.0,1339392.0,1907900416.0,1.61839357952e+11,0.0,0.0,348743270.400,3276.800,8549.800,6195.200,0.421,1.103,90.843,7.607,0.0,0.025,1493168057.689,
0.542,1.657,85.863,11.903,0.0,0.035,492906905.600,2457.600,372194.600,518446435.0,0.0,0.0,11818.200,8698.0,0.800,6.600,0.0,5017133056.0,1347584.0,4372279296.0,1.59389433856e+11,0.0,0.0,492904448.0,2457.600,11817.200,8697.400,0.542,1.657,85.868,11.898,0.0,0.035,1493168062.689,
0.522,1.666,85.822,11.926,0.0,0.065,492356403.200,0.0,342939.600,521545836.800,0.0,0.0,11583.400,8661.400,0.800,7.0,0.0,4975169536.0,1347584.0,6832066560.0,1.56971610112e+11,0.0,0.0,492303974.400,0.0,11579.600,8661.400,0.522,1.670,85.819,11.924,0.0,0.065,1493168067.689,
0.512,1.676,86.318,11.459,0.0,0.035,486033817.600,2457.600,393956.800,504170015.400,0.0,0.0,13594.400,8595.800,1.0,6.400,0.0,5004607488.0,1355776.0,9265389568.0,1.5450884096e+11,0.0,0.0,486060032.0,2457.600,13602.200,8595.800,0.512,1.676,86.317,11.460,0.0,0.035,1493168072.689,
0.502,1.456,89.052,8.965,0.0,0.025,460890931.200,0.0,387086.600,480725959.400,0.0,0.0,13736.200,8056.200,0.800,5.0,0.0,5011570688.0,1355776.0,11569569792.0,1.52197697536e+11,0.0,0.0,460917145.600,0.0,13727.600,8056.200,0.502,1.456,89.048,8.970,0.0,0.025,1493168077.689,
0.497,1.566,87.802,10.106,0.0,0.030,474568294.400,4096.0,361058.200,496473655.400,0.0,0.0,13746.400,8344.400,0.800,5.600,0.0,5027606528.0,1363968.0,13939589120.0,1.49811634176e+11,0.0,0.0,474542080.0,4096.0,13748.800,8344.200,0.497,1.566,87.811,10.097,0.0,0.030,1493168082.689,
0.527,1.655,86.468,11.295,0.0,0.055,481887027.200,819.200,362760.600,505192105.200,0.0,0.0,11538.600,8483.200,0.800,7.200,0.0,5026938880.0,1363968.0,16352124928.0,1.47399766016e+11,0.0,0.0,481913241.600,819.200,11541.200,8483.400,0.527,1.655,86.464,11.299,0.0,0.055,1493168087.689,
0.542,1.720,83.687,14.001,0.0,0.050,495858483.200,2457.600,367828.400,514357648.400,0.0,0.0,11574.800,8732.800,1.400,7.0,0.0,5043470336.0,1372160.0,18828230656.0,1.4490712064e+11,0.0,0.0,495858483.200,2457.600,11571.0,8732.800,0.542,1.720,83.687,14.001,0.0,0.050,1493168092.689,
0.446,1.515,89.380,8.598,0.0,0.060,446205952.0,0.0,423769.800,471629553.600,0.0,0.0,12437.800,7794.400,1.200,5.200,0.0,5022789632.0,1372160.0,21059342336.0,1.42696689664e+11,0.0,0.0,446195302.400,0.0,12442.200,7794.0,0.446,1.515,89.386,8.593,0.0,0.060,1493168097.689,
0.507,1.505,88.790,9.148,0.0,0.050,459532697.600,2457.600,407538.200,478093569.200,0.0,0.0,11528.0,8104.800,1.400,6.0,0.0,5041381376.0,1380352.0,23358771200.0,1.40378660864e+11,0.0,0.0,459490918.400,2457.600,11528.200,8105.800,0.507,1.505,88.786,9.152,0.0,0.050,1493168102.689,
0.542,1.705,84.913,12.766,0.0,0.075,488723251.200,0.0,468192.400,517053443.600,0.0,0.0,11817.200,8565.400,0.800,7.0,0.0,5018238976.0,1380352.0,25802178560.0,1.37958395904e+11,0.0,0.0,488712601.600,0.0,11817.600,8564.0,0.542,1.705,84.917,12.761,0.0,0.075,1493168107.689,
0.511,1.690,86.799,10.955,0.0,0.045,485022105.600,2457.600,462550.400,499956077.200,0.0,0.0,12746.800,8497.0,1.0,5.800,0.0,5056258048.0,1388544.0,28227584000.0,1.354949632e+11,0.0,0.0,485032755.200,2457.600,12743.400,8500.0,0.516,1.685,86.794,10.960,0.0,0.045,1493168112.689,
0.502,1.530,89.072,8.846,0.0,0.050,463210086.400,0.0,400621.600,486726859.800,0.0,0.0,13429.0,8093.0,1.200,5.200,0.200,5056020480.0,1388544.0,30542716928.0,1.3318006784e+11,0.0,0.0,463236300.800,0.0,13428.400,8090.0,0.497,1.535,89.072,8.846,0.0,0.050,1493168117.689,
0.512,1.651,87.492,10.310,0.0,0.035,471548723.200,4096.0,395241.800,492656902.0,0.0,0.0,13758.200,8284.400,0.600,7.600,0.0,5067911168.0,1396736.0,32901672960.0,1.30809212928e+11,0.0,0.0,471548723.200,4096.0,13761.800,8285.200,0.512,1.651,87.487,10.316,0.0,0.035,1493168122.689,
0.502,1.600,88.983,8.855,0.0,0.060,467411763.200,4915.200,381738.0,492502820.800,0.0,0.0,13414.600,8116.400,0.600,5.200,0.0,5043290112.0,1404928.0,35234627584.0,1.28500871168e+11,0.0,0.0,467149619.200,4915.200,13407.200,8113.0,0.502,1.595,89.003,8.840,0.0,0.060,1493168127.689,
0.436,1.273,91.863,6.372,0.0,0.055,400386457.600,0.0,299086.200,410360376.400,0.0,0.0,9886.200,6939.600,0.400,4.200,0.0,5098696704.0,1404928.0,37240311808.0,1.26439780352e+11,0.0,0.0,400622387.200,0.0,9893.200,6943.0,0.436,1.278,91.849,6.382,0.0,0.055,1493168132.689,
0.522,1.771,84.889,12.783,0.0,0.035,490857267.200,2457.600,413070.600,518159499.600,0.0,0.0,14028.200,8609.600,2.0,5.800,0.0,5069807616.0,1413120.0,39692341248.0,1.24016631808e+11,0.0,0.0,490883481.600,2457.600,14022.800,8609.800,0.522,1.771,84.890,12.782,0.0,0.035,1493168137.689,
0.456,1.525,89.185,8.793,0.0,0.040,446966169.600,0.0,314872.200,463302606.400,0.0,0.0,12560.600,7821.200,1.0,4.800,0.0,5097365504.0,1413120.0,41928835072.0,1.21752580096e+11,0.0,0.0,446992384.0,0.0,12561.0,7822.0,0.462,1.520,89.179,8.799,0.0,0.040,1493168142.689,
0.512,1.591,86.195,11.673,0.0,0.030,472392499.200,2457.600,398063.600,502080273.600,0.0,0.0,14252.800,8303.600,1.200,6.400,0.0,5068034048.0,1421312.0,44289396736.0,1.19421341696e+11,0.0,0.0,472313856.0,2457.600,14258.200,8302.400,0.507,1.596,86.201,11.666,0.0,0.030,1493168147.689,
0.492,1.500,88.860,9.119,0.0,0.030,465063936.0,0.0,390405.400,477466818.200,0.0,0.0,14064.800,8094.600,1.0,6.400,0.0,5118218240.0,1421312.0,46616182784.0,1.17044371456e+11,0.0,0.0,465116364.800,0.0,14065.0,8094.800,0.492,1.500,88.858,9.120,0.0,0.030,1493168152.689,
0.482,1.495,85.246,12.736,0.0,0.040,491842764.800,3276.800,362727.400,512747848.400,0.0,0.0,14280.400,8671.200,0.800,7.400,0.0,5125967872.0,1429504.0,49076715520.0,1.14576080896e+11,0.0,0.0,491816550.400,3276.800,14275.200,8673.200,0.482,1.495,85.246,12.736,0.0,0.040,1493168157.689,
0.462,1.480,86.845,11.178,0.0,0.035,476214067.200,4915.200,430168.200,509955605.600,0.0,0.0,14634.0,8423.0,0.400,5.800,0.0,5069496320.0,1437696.0,51455045632.0,1.12254214144e+11,0.0,0.0,476187852.800,4915.200,14635.0,8420.0,0.462,1.480,86.850,11.173,0.0,0.035,1493168162.689,
0.426,1.229,91.089,7.231,0.0,0.025,431742156.800,0.0,358411.200,448237228.800,0.0,0.0,11543.0,7556.600,0.800,5.400,0.0,5086478336.0,1437696.0,53615738880.0,1.1007653888e+11,0.0,0.0,431768371.200,0.0,11541.400,7556.800,0.426,1.224,91.089,7.236,0.0,0.025,1493168167.689,
0.512,1.565,86.528,11.360,0.0,0.035,488204697.600,2457.600,373327.800,504244106.200,0.0,0.0,13671.0,8566.0,0.800,7.0,0.0,5125672960.0,1445888.0,56057548800.0,1.07595526144e+11,0.0,0.0,488230912.0,2457.600,13670.800,8566.800,0.512,1.565,86.523,11.365,0.0,0.035,1493168172.689,
0.537,1.782,83.113,14.497,0.0,0.070,501263564.800,0.0,420807.400,523407588.800,0.0,0.0,12810.800,8834.200,1.200,7.400,0.0,5142286336.0,1445888.0,58563514368.0,1.050729472e+11,0.0,0.0,501289779.200,0.0,12816.600,8834.0,0.537,1.782,83.114,14.497,0.0,0.070,1493168177.689,
0.532,1.731,85.332,12.344,0.0,0.060,498096537.600,2457.600,420414.200,526363138.200,0.0,0.0,11881.0,8816.200,1.200,7.0,0.0,5114454016.0,1454080.0,61053140992.0,1.02611144704e+11,0.0,0.0,498070323.200,2457.600,11876.200,8818.800,0.537,1.741,85.328,12.334,0.0,0.060,1493168182.689,
0.562,1.790,84.760,12.838,0.0,0.050,499209011.200,0.0,372115.400,515073650.600,0.0,0.0,12347.400,8792.400,0.600,8.400,0.0,5166215168.0,1454080.0,63550283776.0,1.00062240768e+11,0.0,0.0,499209011.200,0.0,12354.400,8790.200,0.557,1.785,84.754,12.854,0.0,0.050,1493168187.689,
0.507,1.701,86.213,11.519,0.0,0.060,486254182.400,4096.0,347806.400,508699889.400,0.0,0.0,11514.600,8515.200,1.200,6.800,0.0,5157859328.0,1462272.0,65982140416.0,97638731776.0,0.0,0.0,486280396.800,4096.0,11512.0,8514.400,0.507,1.696,86.224,11.514,0.0,0.060,1493168192.689,
0.496,1.674,88.300,9.480,0.0,0.050,467323289.600,4915.200,345385.600,488953034.0,0.0,0.0,12051.600,8176.200,1.0,6.800,0.0,5160333312.0,1470464.0,68319137792.0,95299252224.0,0.0,0.0,467323289.600,4915.200,12046.400,8176.600,0.496,1.675,88.303,9.476,0.0,0.050,1493168197.689,
0.537,1.881,84.434,13.113,0.0,0.035,495098265.600,0.0,386732.600,519123278.0,0.0,0.0,14030.400,8705.200,1.200,7.600,0.0,5158039552.0,1470464.0,70794235904.0,92826447872.0,0.0,0.0,495045836.800,0.0,14029.800,8704.0,0.537,1.881,84.429,13.118,0.0,0.035,1493168202.689,
0.055,0.115,99.385,0.445,0.0,0.0,27784806.400,2457.600,34577.0,44257706.200,0.0,0.0,1271.0,612.400,0.0,0.0,0.0,5077790720.0,1478656.0,70930448384.0,92770476032.0,0.0,0.0,27548876.800,2457.600,1269.800,610.400,0.055,0.120,99.395,0.430,0.0,0.0,1493168207.689,
