"Dstat 0.7.2 CSV output"
"Author:","Dag Wieers <dag@wieers.com>",,,,"URL:","http://dag.wieers.com/home-made/dstat/"
"Host:","osd1.skyhook-2osds.skyhook-pg0.wisc.cloudlab.us",,,,"User:","jlefevre"
"Cmdline:","dstat -av --epoch --integer --noheaders --output 2osds.dstat-osd1.log 5",,,,"Date:","25 Apr 2017 15:02:01 CDT"

"total cpu usage",,,,,,"dsk/total",,"net/total",,"paging",,"system",,"procs",,,"memory usage",,,,"paging",,"dsk/total",,"system",,"total cpu usage",,,,,,"epoch"
"usr","sys","idl","wai","hiq","siq","read","writ","recv","send","in","out","int","csw","run","blk","new","used","buff","cach","free","in","out","read","writ","int","csw","usr","sys","idl","wai","hiq","siq","epoch"


"Host:","osd1.skyhook-2osds.skyhook-pg0.wisc.cloudlab.us",,,,"User:","jlefevre"
"Cmdline:","dstat -av --epoch --integer --noheaders --output 2osds.dstat-osd1.log 5",,,,"Date:","25 Apr 2017 15:08:55 CDT"

"total cpu usage",,,,,,"dsk/total",,"net/total",,"paging",,"system",,"procs",,,"memory usage",,,,"paging",,"dsk/total",,"system",,"total cpu usage",,,,,,"epoch"
"usr","sys","idl","wai","hiq","siq","read","writ","recv","send","in","out","int","csw","run","blk","new","used","buff","cach","free","in","out","read","writ","int","csw","usr","sys","idl","wai","hiq","siq","epoch"
0.010,0.0,99.990,0.0,0.0,0.0,0.0,0.0,1658.200,20924.800,0.0,0.0,108.600,112.600,0.0,0.0,0.0,5175705600.0,1789952.0,70391963648.0,93210734592.0,0.0,0.0,0.0,0.0,108.600,112.600,0.010,0.0,99.990,0.0,0.0,0.0,1493159545.535,
0.200,0.586,99.184,0.010,0.0,0.020,25395.200,2457.600,95731.200,204994367.0,0.0,0.0,3022.0,720.200,0.200,0.0,0.200,5276528640.0,1798144.0,70392094720.0,93109772288.0,0.0,0.0,25395.200,2457.600,3022.400,720.800,0.200,0.591,99.179,0.010,0.0,0.020,1493159550.535,
0.255,0.710,99.020,0.0,0.0,0.015,0.0,0.0,102427.800,266138786.400,0.0,0.0,3560.800,805.400,0.600,0.0,0.0,5232967680.0,1798144.0,70392094720.0,93153333248.0,0.0,0.0,0.0,0.0,3565.800,805.600,0.255,0.705,99.025,0.0,0.0,0.015,1493159555.535,
0.240,0.650,99.099,0.005,0.0,0.005,0.0,4096.0,82487.800,234908619.800,0.0,0.0,3431.800,758.600,0.200,0.0,0.0,5275877376.0,1806336.0,70392094720.0,93110415360.0,0.0,0.0,0.0,4096.0,3431.200,761.400,0.240,0.650,99.099,0.005,0.0,0.005,1493159560.535,
0.220,0.631,99.144,0.005,0.0,0.0,0.0,4915.200,150823.200,253878088.800,0.0,0.0,4386.400,768.0,0.400,0.0,0.0,5191913472.0,1814528.0,70392094720.0,93194371072.0,0.0,0.0,0.0,4915.200,4381.600,764.400,0.220,0.631,99.144,0.005,0.0,0.0,1493159565.535,
0.270,0.731,98.983,0.0,0.0,0.015,0.0,0.0,157192.400,281930466.400,0.0,0.0,4696.400,905.200,0.200,0.0,0.0,5248700416.0,1814528.0,70392094720.0,93137584128.0,0.0,0.0,0.0,0.0,4699.400,905.600,0.270,0.731,98.984,0.0,0.0,0.015,1493159570.535,
0.225,0.681,99.079,0.010,0.0,0.005,0.0,2457.600,145936.600,257220658.400,0.0,0.0,4190.0,788.600,0.0,0.0,0.0,5248147456.0,1822720.0,70392094720.0,93138128896.0,0.0,0.0,0.0,2457.600,4190.800,788.400,0.225,0.681,99.079,0.010,0.0,0.005,1493159575.535,
0.245,0.671,99.074,0.0,0.0,0.010,0.0,0.0,132888.800,253328299.400,0.0,0.0,4046.800,796.600,0.400,0.0,0.0,5249101824.0,1822720.0,70392094720.0,93137174528.0,0.0,0.0,0.0,0.0,4043.0,796.400,0.245,0.671,99.074,0.0,0.0,0.010,1493159580.535,
0.305,0.866,98.813,0.005,0.0,0.010,0.0,2457.600,188896.600,301680478.200,0.0,0.0,5253.400,980.0,0.800,0.0,0.0,5463764992.0,1830912.0,70392094720.0,92922503168.0,0.0,0.0,0.0,2457.600,5253.400,980.0,0.310,0.866,98.808,0.005,0.0,0.010,1493159585.535,
0.310,0.901,98.784,0.0,0.0,0.005,0.0,0.0,211244.800,321285674.200,0.0,0.0,5910.0,973.0,0.600,0.0,0.0,5437415424.0,1830912.0,70392094720.0,92948852736.0,0.0,0.0,0.0,0.0,5911.200,973.400,0.305,0.901,98.789,0.0,0.0,0.005,1493159590.535,
0.335,0.976,98.654,0.005,0.0,0.030,0.0,3276.800,281185.600,363490989.200,0.0,0.0,6151.0,1081.200,0.400,0.0,0.0,5367148544.0,1839104.0,70392094720.0,93019111424.0,0.0,0.0,0.0,3276.800,6150.400,1081.400,0.340,0.976,98.649,0.005,0.0,0.030,1493159595.535,
0.305,0.871,98.799,0.010,0.0,0.015,0.0,4915.200,212222.600,304158741.0,0.0,0.0,4818.0,979.400,0.200,0.0,0.0,5481541632.0,1847296.0,70392094720.0,92904710144.0,0.0,0.0,0.0,4915.200,4818.400,978.800,0.305,0.871,98.799,0.010,0.0,0.015,1493159600.535,
0.210,0.651,99.124,0.0,0.0,0.015,0.0,0.0,167978.200,282409336.800,0.0,0.0,3824.600,794.200,0.600,0.0,0.0,5267034112.0,1847296.0,70392094720.0,93119217664.0,0.0,0.0,0.0,0.0,3824.0,794.600,0.210,0.651,99.124,0.0,0.0,0.015,1493159605.535,
0.265,0.731,98.984,0.005,0.0,0.015,0.0,2457.600,212856.400,295303535.0,0.0,0.0,4331.200,921.800,0.200,0.0,0.200,5214392320.0,1855488.0,70392094720.0,93171851264.0,0.0,0.0,0.0,2457.600,4331.600,921.400,0.260,0.731,98.989,0.005,0.0,0.015,1493159610.535,
0.270,0.736,98.979,0.0,0.0,0.015,0.0,3276.800,181524.800,278772287.0,0.0,0.0,4058.600,922.0,0.400,0.0,0.200,5296488448.0,1863680.0,70392094720.0,93089746944.0,0.0,0.0,0.0,3276.800,4058.200,922.400,0.270,0.741,98.974,0.0,0.0,0.015,1493159615.535,
0.360,0.991,98.603,0.020,0.0,0.025,0.0,5734.400,239154.200,349157288.200,0.0,0.0,5098.200,1192.0,0.600,0.0,0.200,5525463040.0,1880064.0,70392086528.0,92860764160.0,0.0,0.0,0.0,5734.400,5098.400,1192.0,0.360,0.986,98.608,0.020,0.0,0.025,1493159620.535,
0.245,0.746,98.999,0.005,0.0,0.005,0.0,6553.600,150911.0,284198216.800,0.0,0.0,4399.200,886.0,0.200,0.0,0.600,5431898112.0,1888256.0,70392090624.0,92954316800.0,0.0,0.0,0.0,6553.600,4401.800,887.0,0.250,0.746,98.999,0.0,0.0,0.005,1493159625.535,
0.260,0.861,98.868,0.0,0.0,0.010,0.0,3276.800,217042.800,323020166.0,0.0,0.0,5887.600,1003.800,0.400,0.0,0.400,5340168192.0,1896448.0,70392098816.0,93046030336.0,0.0,0.0,0.0,3276.800,5884.400,1002.400,0.255,0.861,98.868,0.005,0.0,0.010,1493159630.535,
0.330,1.011,98.638,0.010,0.0,0.010,0.0,9011.200,251867.400,342412659.800,0.0,0.0,6699.800,1084.600,0.400,0.0,0.0,5438095360.0,1912832.0,70392102912.0,92948082688.0,0.0,0.0,0.0,9011.200,6703.800,1084.800,0.335,1.016,98.629,0.010,0.0,0.010,1493159635.535,
0.285,0.761,98.944,0.0,0.0,0.010,0.0,4915.200,184831.200,304900036.0,0.0,0.0,4747.400,964.0,0.600,0.0,0.400,5326082048.0,1921024.0,70392102912.0,93060087808.0,0.0,0.0,0.0,4915.200,4748.600,964.400,0.280,0.756,98.954,0.0,0.0,0.010,1493159640.535,
0.280,0.831,98.839,0.015,0.0,0.035,0.0,7372.800,194022.0,305148452.200,0.0,0.0,4352.0,990.800,0.600,0.0,0.0,5367508992.0,1937408.0,70392102912.0,93018644480.0,0.0,0.0,0.0,7372.800,4347.400,991.0,0.280,0.831,98.839,0.015,0.0,0.035,1493159645.535,
0.315,0.906,98.749,0.010,0.0,0.020,0.0,5734.400,209510.800,315065476.800,0.0,0.0,5576.200,1056.400,0.800,0.0,0.400,5480660992.0,1945600.0,70392094720.0,92905492480.0,0.0,0.0,0.0,6553.600,5576.0,1056.0,0.320,0.906,98.744,0.010,0.0,0.020,1493159650.535,
0.255,0.816,98.924,0.005,0.0,0.0,0.0,3276.800,181813.600,296753186.600,0.0,0.0,5226.400,912.400,0.400,0.0,0.0,5439021056.0,1953792.0,70392107008.0,92947111936.0,0.0,0.0,0.0,2457.600,5227.0,912.600,0.255,0.816,98.924,0.005,0.0,0.0,1493159655.535,
0.270,0.826,98.894,0.0,0.0,0.010,0.0,9011.200,219719.600,316372084.400,0.0,0.0,6024.0,966.0,0.200,0.0,0.400,5366714368.0,1961984.0,70392107008.0,93019410432.0,0.0,0.0,0.0,9011.200,6032.600,966.400,0.265,0.831,98.894,0.0,0.0,0.010,1493159660.535,
0.346,1.016,98.603,0.020,0.0,0.015,0.0,9011.200,263315.800,360270246.200,0.0,0.0,7157.600,1168.600,1.0,0.0,0.400,5520785408.0,1978368.0,70392115200.0,92865314816.0,0.0,0.0,0.0,9011.200,7155.400,1168.200,0.346,1.012,98.608,0.020,0.0,0.015,1493159665.535,
0.285,0.901,98.779,0.020,0.0,0.015,0.0,13107.200,225405.800,329017664.200,0.0,0.0,6148.0,1065.200,0.600,0.0,0.400,5510791168.0,1994752.0,70392111104.0,92875296768.0,0.0,0.0,0.0,13107.200,6140.600,1064.600,0.290,0.901,98.774,0.020,0.0,0.015,1493159670.535,
0.280,0.821,98.884,0.0,0.0,0.015,0.0,0.0,229014.600,330264074.400,0.0,0.0,6159.200,1003.0,0.800,0.0,0.400,5369163776.0,1994752.0,70392115200.0,93016920064.0,0.0,0.0,0.0,0.0,6159.400,1003.400,0.280,0.821,98.884,0.0,0.0,0.015,1493159675.535,
0.300,0.881,98.784,0.015,0.0,0.020,0.0,10649.600,246751.200,336149615.0,0.0,0.0,6535.200,1068.800,0.400,0.0,0.800,5297807360.0,2011136.0,70392119296.0,93088256000.0,0.0,0.0,0.0,10649.600,6538.600,1068.800,0.300,0.881,98.784,0.015,0.0,0.020,1493159680.535,
0.340,0.946,98.694,0.0,0.0,0.020,0.0,9011.200,219544.800,320545335.0,0.0,0.0,5442.200,1102.600,0.400,0.0,0.0,5494607872.0,2019328.0,70392119296.0,92891447296.0,0.0,0.0,0.0,9011.200,5439.0,1102.600,0.340,0.951,98.689,0.0,0.0,0.020,1493159685.535,
0.325,0.906,98.748,0.015,0.0,0.005,0.0,10649.600,225692.600,329359136.800,0.0,0.0,6346.800,1056.400,0.400,0.0,0.800,5410697216.0,2035712.0,70392123392.0,92975337472.0,0.0,0.0,0.0,10649.600,6354.800,1056.800,0.325,0.901,98.753,0.015,0.0,0.005,1493159690.535,
0.296,0.892,98.788,0.015,0.0,0.010,0.0,9830.400,235469.200,322206822.600,0.0,0.0,6287.600,1023.200,0.400,0.0,0.400,5379969024.0,2043904.0,70392127488.0,93006053376.0,0.0,0.0,0.0,9830.400,6285.600,1023.0,0.295,0.891,98.788,0.015,0.0,0.010,1493159695.535,
0.330,0.916,98.724,0.020,0.0,0.010,0.0,8192.0,207219.0,309928997.600,0.0,0.0,5750.400,1050.200,0.200,0.0,0.400,5479100416.0,2060288.0,70392127488.0,92906905600.0,0.0,0.0,0.0,8192.0,5744.800,1052.400,0.330,0.916,98.724,0.020,0.0,0.010,1493159700.535,
0.320,0.866,98.808,0.0,0.0,0.005,0.0,4915.200,211645.800,324248617.0,0.0,0.0,6008.400,1028.400,0.200,0.0,0.400,5394636800.0,2068480.0,70392127488.0,92991361024.0,0.0,0.0,0.0,4915.200,6007.800,1025.600,0.315,0.866,98.813,0.0,0.0,0.005,1493159705.535,
0.310,0.941,98.718,0.015,0.0,0.015,0.0,8192.0,240577.600,323405829.600,0.0,0.0,6172.600,1072.600,0.0,0.0,0.400,5467574272.0,2076672.0,70392131584.0,92918411264.0,0.0,0.0,0.0,8192.0,6176.0,1073.400,0.315,0.946,98.709,0.015,0.0,0.015,1493159710.535,
0.345,1.026,98.599,0.015,0.0,0.015,0.0,10649.600,293431.600,374316160.600,0.0,0.0,7688.400,1131.0,0.800,0.0,0.800,5296029696.0,2093056.0,70392135680.0,93089935360.0,0.0,0.0,0.0,10649.600,7687.600,1130.600,0.340,1.021,98.609,0.015,0.0,0.015,1493159715.535,
0.290,0.811,98.884,0.0,0.0,0.015,0.0,9011.200,170999.600,279405380.200,0.0,0.0,4648.0,962.600,0.200,0.0,0.0,5410631680.0,2101248.0,70392139776.0,92975321088.0,0.0,0.0,0.0,9011.200,4647.800,962.600,0.295,0.811,98.879,0.0,0.0,0.015,1493159720.535,
0.305,0.851,98.799,0.015,0.0,0.030,0.0,10649.600,185762.200,298751521.0,0.0,0.0,4308.200,1061.200,0.400,0.0,0.800,5508059136.0,2117632.0,70392143872.0,92877873152.0,0.0,0.0,0.0,10649.600,4308.800,1061.600,0.300,0.856,98.799,0.015,0.0,0.030,1493159725.535,
0.300,0.846,98.833,0.005,0.0,0.015,0.0,6553.600,202666.600,314983258.600,0.0,0.0,5456.200,1035.400,0.800,0.0,0.400,5453344768.0,2125824.0,70392143872.0,92932579328.0,0.0,0.0,0.0,6553.600,5462.400,1035.400,0.300,0.846,98.833,0.005,0.0,0.015,1493159730.535,
0.260,0.851,98.864,0.010,0.0,0.015,0.0,4096.0,192161.800,302137905.0,0.0,0.0,5351.0,955.200,0.0,0.0,0.400,5349523456.0,2134016.0,70392147968.0,93036388352.0,0.0,0.0,0.0,4096.0,5341.800,954.400,0.260,0.846,98.869,0.010,0.0,0.015,1493159735.535,
0.250,0.721,99.004,0.010,0.0,0.015,0.0,13107.200,153485.400,277872669.200,0.0,0.0,4522.600,879.400,0.200,0.0,0.400,5177204736.0,2150400.0,70392152064.0,93208686592.0,0.0,0.0,0.0,13107.200,4522.400,879.400,0.255,0.721,98.999,0.010,0.0,0.015,1493159740.535,
0.280,0.751,98.944,0.0,0.0,0.025,0.0,8192.0,195579.400,274254779.0,0.0,0.0,5577.400,940.600,0.400,0.0,0.800,5190668288.0,2158592.0,70392152064.0,93195214848.0,0.0,0.0,0.0,8192.0,5581.600,941.0,0.280,0.751,98.944,0.0,0.0,0.025,1493159745.535,
0.270,0.726,98.989,0.005,0.0,0.010,0.0,7372.800,154979.400,265794971.200,0.0,0.0,4676.200,923.200,0.800,0.0,0.400,5194371072.0,2174976.0,70392152064.0,93191495680.0,0.0,0.0,0.0,7372.800,4672.400,923.200,0.270,0.726,98.989,0.005,0.0,0.010,1493159750.535,
0.200,0.515,99.259,0.0,0.0,0.025,0.0,9830.400,112326.0,211946565.600,0.0,0.0,3141.200,767.600,0.200,0.0,0.400,5175488512.0,2183168.0,70392160256.0,93210361856.0,0.0,0.0,0.0,9830.400,3140.800,767.200,0.195,0.515,99.264,0.0,0.0,0.025,1493159755.535,
0.200,0.671,99.099,0.015,0.0,0.015,0.0,10649.600,137761.600,245091702.0,0.0,0.0,4086.800,856.400,0.600,0.0,0.400,5206228992.0,2199552.0,70392160256.0,93179604992.0,0.0,0.0,0.0,10649.600,4087.200,856.400,0.205,0.671,99.094,0.015,0.0,0.015,1493159760.535,
0.260,0.826,98.884,0.010,0.0,0.020,0.0,6553.600,207869.600,279246008.400,0.0,0.0,5363.600,958.600,0.800,0.0,0.800,5250011136.0,2207744.0,70392160256.0,93135814656.0,0.0,0.0,0.0,6553.600,5366.600,960.200,0.260,0.826,98.884,0.010,0.0,0.020,1493159765.535,
0.315,0.856,98.809,0.005,0.0,0.015,0.0,11468.800,198248.400,304719674.600,0.0,0.0,5647.0,1023.800,0.400,0.0,0.400,5263691776.0,2224128.0,70392156160.0,93122121728.0,0.0,0.0,0.0,11468.800,5643.800,1022.600,0.315,0.856,98.809,0.005,0.0,0.015,1493159770.535,
0.310,0.801,98.879,0.0,0.0,0.010,0.0,4915.200,163040.400,277226739.600,0.0,0.0,4813.400,962.600,0.200,0.0,0.400,5360742400.0,2232320.0,70392168448.0,93025050624.0,0.0,0.0,0.0,4915.200,4818.800,962.400,0.305,0.801,98.884,0.0,0.0,0.010,1493159775.535,
0.275,0.861,98.819,0.010,0.0,0.035,0.0,8192.0,221762.600,314018923.600,0.0,0.0,5995.400,981.200,0.800,0.0,0.400,5316947968.0,2240512.0,70392168448.0,93068836864.0,0.0,0.0,0.0,8192.0,5995.800,981.600,0.280,0.861,98.814,0.010,0.0,0.035,1493159780.535,
0.300,0.811,98.873,0.015,0.0,0.0,0.0,10649.600,215542.200,308083380.600,0.0,0.0,5865.800,1006.400,0.400,0.0,0.400,5290991616.0,2256896.0,70392172544.0,93094772736.0,0.0,0.0,0.0,10649.600,5860.200,1006.200,0.295,0.811,98.878,0.015,0.0,0.0,1493159785.535,
0.275,0.856,98.858,0.005,0.0,0.005,0.0,9011.200,208509.800,308922319.400,0.0,0.0,5686.600,1022.600,0.400,0.0,0.800,5245865984.0,2265088.0,70392172544.0,93139890176.0,0.0,0.0,0.0,9011.200,5686.400,1022.600,0.280,0.856,98.853,0.005,0.0,0.005,1493159790.535,
0.030,0.070,99.875,0.020,0.0,0.005,0.0,7372.800,19325.400,32846450.600,0.0,0.0,697.800,273.0,0.0,0.200,0.0,5174829056.0,2281472.0,70392172544.0,93210910720.0,0.0,0.0,0.0,7372.800,697.800,273.0,0.030,0.070,99.875,0.020,0.0,0.005,1493159795.535,
