"Dstat 0.7.2 CSV output"
"Author:","Dag Wieers <dag@wieers.com>",,,,"URL:","http://dag.wieers.com/home-made/dstat/"
"Host:","osd1.skyhook-2osds.skyhook-pg0.wisc.cloudlab.us",,,,"User:","jlefevre"
"Cmdline:","dstat -av --epoch --integer --noheaders --output 2osds.dstat-osd1.log 5",,,,"Date:","25 Apr 2017 15:02:01 CDT"

"total cpu usage",,,,,,"dsk/total",,"net/total",,"paging",,"system",,"procs",,,"memory usage",,,,"paging",,"dsk/total",,"system",,"total cpu usage",,,,,,"epoch"
"usr","sys","idl","wai","hiq","siq","read","writ","recv","send","in","out","int","csw","run","blk","new","used","buff","cach","free","in","out","read","writ","int","csw","usr","sys","idl","wai","hiq","siq","epoch"


"Host:","osd1.skyhook-2osds.skyhook-pg0.wisc.cloudlab.us",,,,"User:","jlefevre"
"Cmdline:","dstat -av --epoch --integer --noheaders --output 2osds.dstat-osd1.log 5",,,,"Date:","25 Apr 2017 15:08:55 CDT"

"total cpu usage",,,,,,"dsk/total",,"net/total",,"paging",,"system",,"procs",,,"memory usage",,,,"paging",,"dsk/total",,"system",,"total cpu usage",,,,,,"epoch"
"usr","sys","idl","wai","hiq","siq","read","writ","recv","send","in","out","int","csw","run","blk","new","used","buff","cach","free","in","out","read","writ","int","csw","usr","sys","idl","wai","hiq","siq","epoch"
0.015,0.0,99.975,0.010,0.0,0.0,0.0,3276.800,1830.600,20400.400,0.0,0.0,112.0,110.800,0.0,0.0,0.0,5201281024.0,1347584.0,70420541440.0,93157023744.0,0.0,0.0,0.0,3276.800,112.0,110.800,0.015,0.0,99.975,0.010,0.0,0.0,1493170275.535,
0.295,0.866,98.814,0.010,0.0,0.015,0.0,2457.600,248321.200,323868652.600,0.0,0.0,4958.800,1000.200,0.200,0.0,0.0,5260095488.0,1355776.0,70420541440.0,93098201088.0,0.0,0.0,0.0,2457.600,4960.0,1000.400,0.295,0.871,98.809,0.010,0.0,0.015,1493170280.535,
0.285,0.936,98.759,0.0,0.0,0.020,0.0,0.0,294616.600,339075098.400,0.0,0.0,5193.0,1056.0,0.400,0.0,0.0,5331660800.0,1355776.0,70420541440.0,93026635776.0,0.0,0.0,0.0,0.0,5191.800,1055.800,0.285,0.931,98.764,0.0,0.0,0.020,1493170285.535,
0.260,0.746,98.959,0.010,0.0,0.025,0.0,3276.800,195566.600,310072797.800,0.0,0.0,4479.400,927.200,0.800,0.0,0.0,5233496064.0,1363968.0,70420541440.0,93124792320.0,0.0,0.0,0.0,3276.800,4483.0,928.0,0.260,0.751,98.954,0.010,0.0,0.025,1493170290.535,
0.325,1.006,98.653,0.005,0.0,0.010,0.0,4915.200,224242.0,351475868.200,0.0,0.0,6003.600,1126.800,0.600,0.0,0.0,5360316416.0,1372160.0,70420541440.0,92997963776.0,0.0,0.0,0.0,4915.200,6000.200,1126.0,0.325,1.002,98.658,0.005,0.0,0.010,1493170295.535,
0.325,0.966,98.693,0.0,0.0,0.015,0.0,0.0,274242.600,372294764.600,0.0,0.0,5444.0,1095.600,0.600,0.0,0.0,5296078848.0,1372160.0,70420541440.0,93062201344.0,0.0,0.0,0.0,0.0,5447.600,1096.200,0.325,0.971,98.688,0.0,0.0,0.015,1493170300.535,
0.475,1.291,98.169,0.005,0.0,0.060,0.0,2457.600,402311.400,447522039.600,0.0,0.0,7775.200,1343.800,0.400,0.0,0.0,5449875456.0,1380352.0,70420541440.0,92908396544.0,0.0,0.0,0.0,2457.600,7771.800,1343.600,0.475,1.286,98.174,0.005,0.0,0.060,1493170305.535,
0.451,1.187,98.347,0.0,0.0,0.015,0.0,819.200,385915.0,446449573.800,0.0,0.0,9438.600,1271.0,0.400,0.0,0.0,5417283584.0,1380352.0,70420541440.0,92940988416.0,0.0,0.0,0.0,819.200,9443.200,1273.400,0.451,1.192,98.342,0.0,0.0,0.015,1493170310.535,
0.320,0.961,98.693,0.010,0.0,0.015,0.0,2457.600,219523.0,357909269.200,0.0,0.0,6102.0,1067.400,0.0,0.0,0.0,5362425856.0,1388544.0,70420545536.0,92995833856.0,0.0,0.0,0.0,2457.600,6099.400,1065.0,0.320,0.956,98.698,0.010,0.0,0.015,1493170315.535,
0.275,0.911,98.784,0.0,0.0,0.030,0.0,0.0,251590.800,354497005.200,0.0,0.0,5179.800,1022.600,0.800,0.0,0.0,5235212288.0,1388544.0,70420545536.0,93123047424.0,0.0,0.0,0.0,0.0,5177.400,1022.200,0.275,0.916,98.779,0.0,0.0,0.030,1493170320.535,
0.325,0.906,98.744,0.010,0.0,0.015,0.0,4096.0,289100.200,356999326.200,0.0,0.0,5629.200,1083.200,1.0,0.0,0.0,5236203520.0,1396736.0,70420545536.0,93122048000.0,0.0,0.0,0.0,4096.0,5636.0,1084.0,0.325,0.906,98.744,0.010,0.0,0.015,1493170325.535,
0.391,1.091,98.483,0.010,0.0,0.025,0.0,4915.200,374496.600,390866189.600,0.0,0.0,6499.400,1272.400,1.200,0.0,0.0,5474705408.0,1404928.0,70420545536.0,92883537920.0,0.0,0.0,0.0,4915.200,6492.800,1272.0,0.391,1.091,98.483,0.010,0.0,0.025,1493170330.535,
0.431,1.262,98.258,0.0,0.0,0.050,0.0,0.0,394687.200,458316408.0,0.0,0.0,9275.800,1346.800,0.200,0.0,0.0,5476360192.0,1404928.0,70420545536.0,92881883136.0,0.0,0.0,0.0,0.0,9275.600,1346.400,0.431,1.257,98.263,0.0,0.0,0.050,1493170335.535,
0.406,1.176,98.363,0.010,0.0,0.045,0.0,2457.600,392804.600,442389190.200,0.0,0.0,8620.400,1319.600,1.0,0.0,0.0,5405454336.0,1413120.0,70420545536.0,92952780800.0,0.0,0.0,0.0,2457.600,8626.800,1320.400,0.410,1.181,98.353,0.010,0.0,0.045,1493170340.535,
0.446,1.332,98.207,0.0,0.0,0.015,0.0,0.0,412576.400,461770571.200,0.0,0.0,10450.800,1352.600,1.200,0.0,0.0,5433401344.0,1413120.0,70420545536.0,92924833792.0,0.0,0.0,0.0,0.0,10450.800,1353.800,0.441,1.332,98.212,0.0,0.0,0.015,1493170345.535,
0.421,1.236,98.303,0.010,0.0,0.030,25395.200,2457.600,349291.600,434746053.0,0.0,0.0,8310.600,1340.400,0.600,0.0,0.200,5504253952.0,1421312.0,70420672512.0,92853846016.0,0.0,0.0,25395.200,2457.600,8304.800,1338.800,0.426,1.231,98.303,0.010,0.0,0.030,1493170350.535,
0.441,1.197,98.332,0.0,0.0,0.030,0.0,0.0,388749.400,470792502.400,0.0,0.0,7173.800,1387.0,0.400,0.0,0.0,5503811584.0,1421312.0,70420672512.0,92854288384.0,0.0,0.0,0.0,0.0,7179.200,1387.200,0.436,1.197,98.337,0.0,0.0,0.030,1493170355.535,
0.471,1.317,98.172,0.010,0.0,0.030,0.0,3276.800,457958.200,477127222.600,0.0,0.0,10400.0,1399.400,0.800,0.0,0.200,5527556096.0,1429504.0,70420672512.0,92830535680.0,0.0,0.0,0.0,3276.800,10399.0,1399.400,0.471,1.322,98.167,0.010,0.0,0.030,1493170360.535,
0.541,1.497,97.937,0.005,0.0,0.020,0.0,4915.200,502937.400,565830043.600,0.0,0.0,10109.600,1633.800,0.600,0.0,0.0,5502279680.0,1437696.0,70420672512.0,92855803904.0,0.0,0.0,0.0,4915.200,10113.400,1633.400,0.546,1.492,97.937,0.005,0.0,0.020,1493170365.535,
0.450,1.286,98.249,0.0,0.0,0.015,0.0,0.0,426650.600,499726189.400,0.0,0.0,7707.800,1404.600,0.200,0.0,0.0,5375418368.0,1437696.0,70420672512.0,92982665216.0,0.0,0.0,0.0,0.0,7706.0,1405.0,0.445,1.291,98.249,0.0,0.0,0.015,1493170370.535,
0.455,1.351,98.163,0.005,0.0,0.025,0.0,2457.600,399401.800,461934212.800,0.0,0.0,9258.800,1375.600,1.0,0.0,0.0,5490302976.0,1445888.0,70420672512.0,92867772416.0,0.0,0.0,0.0,2457.600,9258.0,1375.0,0.456,1.346,98.168,0.005,0.0,0.025,1493170375.535,
0.335,1.001,98.653,0.0,0.0,0.010,0.0,0.0,267458.200,378140827.400,0.0,0.0,7055.400,1112.800,0.600,0.0,0.0,5463560192.0,1445888.0,70420672512.0,92894515200.0,0.0,0.0,0.0,0.0,7049.400,1113.200,0.340,1.001,98.648,0.0,0.0,0.010,1493170380.535,
0.295,0.866,98.824,0.010,0.0,0.005,0.0,2457.600,230485.0,338995793.600,0.0,0.0,6173.800,1029.800,0.200,0.0,0.0,5363007488.0,1454080.0,70420672512.0,92995059712.0,0.0,0.0,0.0,2457.600,6174.400,1029.400,0.295,0.866,98.824,0.010,0.0,0.005,1493170385.535,
0.376,1.012,98.603,0.0,0.0,0.010,0.0,0.0,271576.0,367858854.600,0.0,0.0,7142.400,1165.200,0.600,0.0,0.0,5534113792.0,1454080.0,70420672512.0,92823953408.0,0.0,0.0,0.0,0.0,7142.800,1165.800,0.376,1.012,98.603,0.0,0.0,0.010,1493170390.535,
0.335,1.046,98.593,0.005,0.0,0.020,0.0,3276.800,273671.400,401259569.200,0.0,0.0,7585.400,1122.0,1.200,0.0,0.0,5404884992.0,1462272.0,70420672512.0,92953174016.0,0.0,0.0,0.0,3276.800,7588.800,1123.600,0.335,1.051,98.588,0.005,0.0,0.020,1493170395.535,
0.380,1.131,98.458,0.005,0.0,0.025,0.0,2457.600,342981.800,417231918.200,0.0,0.0,8696.600,1233.600,0.600,0.0,0.0,5376647168.0,1470464.0,70420676608.0,92981399552.0,0.0,0.0,0.0,2457.600,8696.600,1231.800,0.380,1.126,98.463,0.005,0.0,0.025,1493170400.535,
0.345,0.976,98.663,0.0,0.0,0.015,0.0,0.0,247387.0,371464059.600,0.0,0.0,6600.0,1088.800,0.200,0.0,0.0,5376516096.0,1470464.0,70420676608.0,92981530624.0,0.0,0.0,0.0,0.0,6601.400,1089.0,0.345,0.976,98.663,0.0,0.0,0.015,1493170405.535,
0.365,1.106,98.479,0.010,0.0,0.040,0.0,2457.600,276256.800,364320879.800,0.0,0.0,7081.200,1158.400,0.600,0.0,0.0,5511741440.0,1478656.0,70420676608.0,92846297088.0,0.0,0.0,0.0,2457.600,7075.600,1158.200,0.365,1.106,98.479,0.010,0.0,0.040,1493170410.535,
0.295,0.901,98.794,0.0,0.0,0.010,0.0,0.0,211032.0,321019884.0,0.0,0.0,5490.0,959.800,1.0,0.0,0.0,5463588864.0,1478656.0,70420676608.0,92894449664.0,0.0,0.0,0.0,0.0,5494.600,960.0,0.295,0.906,98.789,0.0,0.0,0.010,1493170415.535,
0.350,1.096,98.543,0.005,0.0,0.005,0.0,2457.600,358517.600,405855859.0,0.0,0.0,8429.200,1105.0,0.200,0.0,0.0,5271339008.0,1486848.0,70420676608.0,93086691328.0,0.0,0.0,0.0,2457.600,8434.600,1104.600,0.345,1.097,98.548,0.005,0.0,0.005,1493170420.535,
0.330,1.006,98.643,0.0,0.0,0.020,0.0,0.0,292436.800,368234699.400,0.0,0.0,7493.400,1089.200,0.600,0.0,0.0,5247832064.0,1486848.0,70420676608.0,93110198272.0,0.0,0.0,0.0,0.0,7484.0,1089.200,0.335,1.001,98.643,0.0,0.0,0.020,1493170425.535,
0.280,0.851,98.849,0.005,0.0,0.015,0.0,4096.0,191656.0,318654440.400,0.0,0.0,5433.200,978.600,0.400,0.0,0.0,5234130944.0,1495040.0,70420676608.0,93123891200.0,0.0,0.0,0.0,4096.0,5432.800,978.800,0.275,0.851,98.853,0.005,0.0,0.015,1493170430.535,
0.265,0.826,98.884,0.010,0.0,0.015,0.0,4915.200,210471.200,300874473.200,0.0,0.0,5519.200,940.800,0.400,0.0,0.0,5261406208.0,1503232.0,70420676608.0,93096607744.0,0.0,0.0,0.0,4915.200,5519.200,940.800,0.270,0.826,98.879,0.010,0.0,0.015,1493170435.535,
0.310,0.871,98.814,0.0,0.0,0.005,0.0,0.0,221041.200,318802186.0,0.0,0.0,5850.800,962.0,0.200,0.0,0.0,5234827264.0,1503232.0,70420676608.0,93123186688.0,0.0,0.0,0.0,0.0,5856.600,961.800,0.310,0.871,98.814,0.0,0.0,0.005,1493170440.535,
0.355,1.031,98.584,0.005,0.0,0.025,0.0,2457.600,276941.800,367391624.600,0.0,0.0,7143.0,1113.200,0.800,0.0,0.0,5276659712.0,1511424.0,70420676608.0,93081346048.0,0.0,0.0,0.0,2457.600,7142.600,1113.600,0.350,1.031,98.589,0.005,0.0,0.025,1493170445.535,
0.456,1.322,98.222,0.0,0.0,0.0,0.0,0.0,387532.400,456558569.0,0.0,0.0,10233.600,1356.400,0.200,0.0,0.200,5408714752.0,1511424.0,70420676608.0,92949291008.0,0.0,0.0,0.0,0.0,10233.800,1356.400,0.461,1.327,98.212,0.0,0.0,0.0,1493170450.535,
0.351,1.122,98.503,0.010,0.0,0.015,0.0,2457.600,371219.200,429509546.800,0.0,0.0,9318.400,1226.0,0.600,0.0,0.0,5208072192.0,1519616.0,70420676608.0,93149925376.0,0.0,0.0,0.0,2457.600,9312.200,1225.400,0.346,1.117,98.513,0.010,0.0,0.015,1493170455.535,
0.325,1.076,98.569,0.0,0.0,0.030,0.0,0.0,312544.400,365899346.200,0.0,0.0,7599.800,1156.200,0.200,0.0,0.0,5267369984.0,1519616.0,70420676608.0,93090627584.0,0.0,0.0,0.0,0.0,7608.600,1156.200,0.325,1.076,98.569,0.0,0.0,0.030,1493170460.535,
0.080,0.165,99.750,0.005,0.0,0.0,0.0,3276.800,70990.600,76652996.400,0.0,0.0,1689.0,311.400,0.0,0.0,0.0,5208457216.0,1527808.0,70420676608.0,93149532160.0,0.0,0.0,0.0,3276.800,1680.200,311.400,0.080,0.165,99.750,0.005,0.0,0.0,1493170465.535,
