"Dstat 0.7.2 CSV output"
"Author:","Dag Wieers <dag@wieers.com>",,,,"URL:","http://dag.wieers.com/home-made/dstat/"
"Host:","osd1.skyhook-2osds.skyhook-pg0.wisc.cloudlab.us",,,,"User:","jlefevre"
"Cmdline:","dstat -av --epoch --integer --noheaders --output 2osds.dstat-osd1.log 5",,,,"Date:","25 Apr 2017 15:02:01 CDT"

"total cpu usage",,,,,,"dsk/total",,"net/total",,"paging",,"system",,"procs",,,"memory usage",,,,"paging",,"dsk/total",,"system",,"total cpu usage",,,,,,"epoch"
"usr","sys","idl","wai","hiq","siq","read","writ","recv","send","in","out","int","csw","run","blk","new","used","buff","cach","free","in","out","read","writ","int","csw","usr","sys","idl","wai","hiq","siq","epoch"


"Host:","osd1.skyhook-2osds.skyhook-pg0.wisc.cloudlab.us",,,,"User:","jlefevre"
"Cmdline:","dstat -av --epoch --integer --noheaders --output 2osds.dstat-osd1.log 5",,,,"Date:","25 Apr 2017 15:08:55 CDT"

"total cpu usage",,,,,,"dsk/total",,"net/total",,"paging",,"system",,"procs",,,"memory usage",,,,"paging",,"dsk/total",,"system",,"total cpu usage",,,,,,"epoch"
"usr","sys","idl","wai","hiq","siq","read","writ","recv","send","in","out","int","csw","run","blk","new","used","buff","cach","free","in","out","read","writ","int","csw","usr","sys","idl","wai","hiq","siq","epoch"
0.120,0.420,99.420,0.040,0.0,0.0,12288.0,18841.600,3303.0,22065.800,0.0,0.0,395.600,432.400,0.200,0.0,8.400,5139701760.0,1261568.0,58740666368.0,1.04898564096e+11,0.0,0.0,12288.0,18841.600,396.0,433.200,0.120,0.420,99.420,0.040,0.0,0.0,1493168050.535,
0.200,1.997,95.610,2.177,0.0,0.015,139647385.600,11468.800,90650.0,132768565.400,0.0,0.0,4070.200,3219.200,0.600,2.600,4.400,5068763136.0,1277952.0,852877312.0,1.62857275392e+11,0.0,0.0,139925094.400,11468.800,4079.800,3222.0,0.200,1.997,95.610,2.177,0.0,0.015,1493168055.535,
0.452,1.360,91.928,6.211,0.0,0.050,430744371.200,3276.800,272847.200,453490414.0,0.0,0.0,10994.800,7538.600,0.200,3.800,0.0,5057671168.0,1286144.0,3006091264.0,1.60715145216e+11,0.0,0.0,430702592.0,3276.800,10991.200,7538.200,0.451,1.359,91.919,6.220,0.0,0.050,1493168060.535,
0.481,1.403,91.706,6.320,0.0,0.090,438410444.800,2457.600,283693.0,457700951.800,0.0,0.0,10133.800,7664.600,1.0,3.800,0.0,5049675776.0,1294336.0,5199192064.0,1.58530031616e+11,0.0,0.0,438436659.200,2457.600,10129.400,7665.0,0.486,1.403,91.706,6.314,0.0,0.090,1493168065.535,
0.537,1.521,90.093,7.809,0.0,0.040,480366592.0,0.0,368583.800,499830680.200,0.0,0.0,11512.0,8444.200,1.200,6.0,0.0,5070131200.0,1294336.0,7601303552.0,1.56107464704e+11,0.0,0.0,480314163.200,0.0,11515.800,8444.0,0.537,1.521,90.092,7.810,0.0,0.040,1493168070.535,
0.511,1.619,88.697,9.128,0.0,0.045,492534988.800,2457.600,398417.800,511988036.600,0.0,0.0,11722.600,8675.800,1.0,6.600,0.0,5090877440.0,1302528.0,10065608704.0,1.5362240512e+11,0.0,0.0,492639846.400,2457.600,11724.600,8676.600,0.511,1.619,88.688,9.137,0.0,0.045,1493168075.535,
0.522,1.546,89.968,7.929,0.0,0.035,488623308.800,0.0,383471.0,515909150.600,0.0,0.0,12058.0,8558.400,0.600,6.200,0.0,5065801728.0,1302528.0,12506148864.0,1.51206940672e+11,0.0,0.0,488570880.0,0.0,12053.200,8557.400,0.522,1.546,89.978,7.919,0.0,0.035,1493168080.535,
0.517,1.615,89.239,8.598,0.0,0.030,489620275.200,4096.0,447274.0,509893640.400,0.0,0.0,11960.400,8627.0,1.400,6.200,0.0,5081534464.0,1310720.0,14956908544.0,1.48740440064e+11,0.0,0.0,489620275.200,4096.0,11970.200,8627.600,0.512,1.616,89.242,8.600,0.0,0.030,1493168085.535,
0.466,1.389,93.116,4.994,0.0,0.035,430425702.400,819.200,342655.800,449915492.600,0.0,0.0,10493.800,7511.800,1.0,4.0,0.0,5101158400.0,1310720.0,17106833408.0,1.46570891264e+11,0.0,0.0,430425702.400,819.200,10489.0,7512.0,0.466,1.394,93.111,4.993,0.0,0.035,1493168090.535,
0.481,1.434,91.934,6.106,0.0,0.045,438279372.800,2457.600,323978.600,452807280.0,0.0,0.0,10520.400,7636.800,0.600,4.400,0.0,5119393792.0,1318912.0,19299729408.0,1.4435975168e+11,0.0,0.0,438279372.800,2457.600,10516.800,7638.0,0.486,1.429,91.939,6.101,0.0,0.045,1493168095.535,
0.557,1.655,89.406,8.323,0.0,0.060,492959334.400,0.0,340926.400,523118434.400,0.0,0.0,11528.800,8648.800,1.200,7.200,0.0,5092163584.0,1318912.0,21763567616.0,1.4192314368e+11,0.0,0.0,492959334.400,0.0,11530.800,8647.400,0.551,1.659,89.402,8.327,0.0,0.060,1493168100.535,
0.517,1.691,88.452,9.309,0.0,0.030,483265740.800,2457.600,405052.200,507159615.400,0.0,0.0,12852.0,8514.600,0.600,5.600,0.0,5085777920.0,1327104.0,24178196480.0,1.39514892288e+11,0.0,0.0,483255091.200,2457.600,12851.0,8513.800,0.522,1.686,88.452,9.309,0.0,0.030,1493168105.535,
0.517,1.710,89.979,7.749,0.0,0.045,482020556.800,0.0,382039.800,499987988.600,0.0,0.0,11578.200,8483.0,0.800,6.0,0.200,5104373760.0,1327104.0,26588061696.0,1.37086431232e+11,0.0,0.0,482046771.200,0.0,11574.800,8482.800,0.512,1.715,89.979,7.749,0.0,0.045,1493168110.535,
0.522,1.741,89.357,8.345,0.0,0.035,492487475.200,2457.600,426155.200,515307886.600,0.0,0.0,13371.400,8653.800,1.400,7.600,0.0,5126590464.0,1335296.0,29052485632.0,1.345997824e+11,0.0,0.0,492498124.800,2457.600,13375.600,8654.400,0.522,1.741,89.357,8.345,0.0,0.035,1493168115.535,
0.557,1.716,88.668,9.028,0.0,0.030,497577984.0,0.0,426397.200,517325800.400,0.0,0.0,14095.200,8767.0,0.200,7.600,0.0,5142224896.0,1335296.0,31539593216.0,1.32097040384e+11,0.0,0.0,497551769.600,0.0,14091.200,8767.200,0.562,1.711,88.669,9.027,0.0,0.030,1493168120.535,
0.517,1.665,89.657,8.121,0.0,0.040,484398694.400,4096.0,432474.0,502788410.200,0.0,0.0,12602.600,8477.400,0.600,7.0,0.0,5170839552.0,1343488.0,33964118016.0,1.29643892736e+11,0.0,0.0,484424908.800,4096.0,12607.800,8477.600,0.517,1.670,89.648,8.125,0.0,0.040,1493168125.535,
0.531,1.799,87.821,9.788,0.0,0.060,500980121.600,4915.200,331598.200,522429885.600,0.0,0.0,11529.0,8820.400,1.200,7.800,0.0,5183164416.0,1351680.0,36466778112.0,1.27128899584e+11,0.0,0.0,500953907.200,4915.200,11530.0,8823.600,0.531,1.795,87.829,9.785,0.0,0.060,1493168130.535,
0.462,1.430,91.503,6.580,0.0,0.025,473205145.600,0.0,433618.400,502183232.400,0.0,0.0,14189.600,8305.800,0.200,5.400,0.0,5147025408.0,1351680.0,38832898048.0,1.24798918656e+11,0.0,0.0,473152716.800,0.0,14182.800,8302.0,0.462,1.430,91.504,6.579,0.0,0.025,1493168135.535,
0.516,1.648,89.454,8.362,0.0,0.020,497363353.600,2457.600,345954.400,520251861.800,0.0,0.0,13397.600,8746.600,0.600,7.200,0.0,5154639872.0,1359872.0,41319366656.0,1.22304827392e+11,0.0,0.0,497441996.800,2457.600,13403.0,8747.200,0.511,1.649,89.462,8.358,0.0,0.020,1493168140.535,
0.472,1.405,91.499,6.594,0.0,0.030,475186790.400,0.0,353286.600,497259546.400,0.0,0.0,13627.400,8309.600,1.400,5.0,0.0,5153640448.0,1359872.0,43695210496.0,1.19929982976e+11,0.0,0.0,475213004.800,0.0,13622.600,8309.800,0.477,1.405,91.495,6.593,0.0,0.030,1493168145.535,
0.492,1.531,88.081,9.875,0.0,0.020,498962432.0,2457.600,361302.800,516926982.0,0.0,0.0,13902.600,8815.200,1.200,7.800,0.0,5180514304.0,1368064.0,46192189440.0,1.17406121984e+11,0.0,0.0,498910003.200,2457.600,13910.600,8816.0,0.492,1.531,88.076,9.881,0.0,0.020,1493168150.535,
0.532,1.536,90.571,7.330,0.0,0.030,483349299.200,0.0,383243.800,514659986.400,0.0,0.0,13016.200,8496.0,1.200,4.600,0.0,5131907072.0,1368064.0,48605966336.0,1.1504095232e+11,0.0,0.0,483296870.400,0.0,13014.600,8493.800,0.527,1.541,90.582,7.320,0.0,0.030,1493168155.535,
0.537,1.635,90.403,7.384,0.0,0.040,476907110.400,3276.800,356840.600,487501822.200,0.0,0.0,11949.200,8325.600,1.0,5.600,0.0,5202513920.0,1376256.0,50994085888.0,1.12582217728e+11,0.0,0.0,476985753.600,3276.800,11948.0,8326.400,0.537,1.635,90.389,7.399,0.0,0.040,1493168160.535,
0.552,1.786,88.094,9.528,0.0,0.040,499784908.800,4915.200,432199.600,525032352.0,0.0,0.0,13187.200,8796.400,0.800,8.400,0.0,5196914688.0,1384448.0,53493731328.0,1.10088163328e+11,0.0,0.0,499784908.800,4915.200,13186.600,8796.800,0.552,1.781,88.097,9.529,0.0,0.040,1493168165.535,
0.527,1.710,89.111,8.602,0.0,0.050,485693030.400,0.0,432330.600,517391334.0,0.0,0.0,12243.0,8543.400,0.600,5.800,0.0,5155221504.0,1384448.0,55918903296.0,1.07704684544e+11,0.0,0.0,485614387.200,0.0,12242.200,8542.400,0.527,1.715,89.111,8.597,0.0,0.050,1493168170.535,
0.446,1.338,93.699,4.467,0.0,0.050,407238246.400,2457.600,314756.800,419232634.600,0.0,0.0,10152.800,7071.200,1.200,3.0,0.0,5184548864.0,1392640.0,57957666816.0,1.05636585472e+11,0.0,0.0,407316889.600,2457.600,10152.200,7072.200,0.446,1.339,93.693,4.472,0.0,0.050,1493168175.535,
0.527,1.445,92.672,5.337,0.0,0.020,435662848.0,0.0,382247.0,457503271.200,0.0,0.0,13022.0,7557.200,0.800,3.400,0.0,5179293696.0,1392640.0,60131778560.0,1.03467728896e+11,0.0,0.0,435557990.400,0.0,13018.0,7555.400,0.532,1.440,92.682,5.327,0.0,0.020,1493168180.535,
0.466,1.389,94.325,3.790,0.0,0.030,414126899.200,2457.600,355870.400,438390197.600,0.0,0.0,11729.800,7210.600,1.0,2.400,0.0,5154111488.0,1400832.0,62203817984.0,1.01420863488e+11,0.0,0.0,414179328.0,2457.600,11736.200,7211.400,0.466,1.394,94.320,3.790,0.0,0.030,1493168185.535,
0.541,1.619,91.540,6.235,0.0,0.065,471989452.800,0.0,342378.800,485788134.0,0.0,0.0,11261.400,8295.800,0.400,5.800,0.0,5209522176.0,1400832.0,64565141504.0,99004129280.0,0.0,0.0,472041881.600,0.0,11259.400,8296.800,0.536,1.614,91.549,6.236,0.0,0.065,1493168190.535,
0.537,1.632,88.870,8.906,0.0,0.055,487040614.400,3276.800,389070.600,508805221.0,0.0,0.0,13832.0,8549.400,0.800,6.0,0.0,5209722880.0,1409024.0,67000983552.0,96568078336.0,0.0,0.0,487019315.200,3276.800,13828.200,8549.200,0.537,1.632,88.860,8.916,0.0,0.055,1493168195.535,
0.532,1.539,92.122,5.767,0.0,0.040,449404108.800,2457.600,342823.200,466441859.0,0.0,0.0,13173.600,7805.0,0.600,5.400,0.0,5245018112.0,1417216.0,69247782912.0,94285975552.0,0.0,0.0,449399193.600,2457.600,13177.600,7804.600,0.532,1.539,92.127,5.762,0.0,0.040,1493168200.535,
0.290,0.861,95.374,3.455,0.0,0.020,234913792.0,0.0,227172.400,261928371.800,0.0,0.0,7342.600,4203.600,0.200,2.0,0.0,5152256000.0,1417216.0,70420541440.0,93205979136.0,0.0,0.0,234651648.0,0.0,7336.600,4200.400,0.295,0.861,95.374,3.449,0.0,0.020,1493168205.535,
