"Dstat 0.7.2 CSV output"
"Author:","Dag Wieers <dag@wieers.com>",,,,"URL:","http://dag.wieers.com/home-made/dstat/"
"Host:","client0.skyhook-2osds.skyhook-pg0.wisc.cloudlab.us",,,,"User:","jlefevre"
"Cmdline:","dstat -av --epoch --integer --noheaders --output 2osds.dstat-client0.log 5",,,,"Date:","25 Apr 2017 15:01:58 CDT"

"total cpu usage",,,,,,"dsk/total",,"net/total",,"paging",,"system",,"procs",,,"memory usage",,,,"paging",,"dsk/total",,"system",,"total cpu usage",,,,,,"epoch"
"usr","sys","idl","wai","hiq","siq","read","writ","recv","send","in","out","int","csw","run","blk","new","used","buff","cach","free","in","out","read","writ","int","csw","usr","sys","idl","wai","hiq","siq","epoch"


"Host:","client0.skyhook-2osds.skyhook-pg0.wisc.cloudlab.us",,,,"User:","jlefevre"
"Cmdline:","dstat -av --epoch --integer --noheaders --output 2osds.dstat-client0.log 5",,,,"Date:","25 Apr 2017 15:08:47 CDT"

"total cpu usage",,,,,,"dsk/total",,"net/total",,"paging",,"system",,"procs",,,"memory usage",,,,"paging",,"dsk/total",,"system",,"total cpu usage",,,,,,"epoch"
"usr","sys","idl","wai","hiq","siq","read","writ","recv","send","in","out","int","csw","run","blk","new","used","buff","cach","free","in","out","read","writ","int","csw","usr","sys","idl","wai","hiq","siq","epoch"
0.085,0.060,99.825,0.025,0.0,0.005,0.0,10649.600,43635.400,3160.200,0.0,0.0,651.0,6709.400,0.0,0.0,0.800,5475446784.0,220999680.0,1.47287031808e+11,15796715520.0,0.0,0.0,0.0,10649.600,651.0,6709.800,0.085,0.060,99.825,0.025,0.0,0.005,1493170812.604,
1.273,0.416,98.146,0.0,0.0,0.165,0.0,0.0,137044319.0,115473.600,0.0,0.0,3401.600,9834.600,2.0,0.0,5.200,5698609152.0,220999680.0,1.47287031808e+11,15573553152.0,0.0,0.0,0.0,0.0,3404.600,9834.200,1.278,0.411,98.146,0.0,0.0,0.165,1493170817.604,
7.302,2.893,89.298,0.070,0.0,0.437,0.0,101580.800,815674217.800,580091.0,0.0,0.0,17819.800,22181.600,4.400,0.0,0.0,5734195200.0,221016064.0,1.47287212032e+11,15537770496.0,0.0,0.0,0.0,101580.800,17819.800,22200.600,7.306,2.902,89.284,0.070,0.0,0.437,1493170822.604,
7.514,2.434,89.464,0.085,0.0,0.502,0.0,119603.200,860593504.800,700389.400,0.0,0.0,16930.400,25268.800,4.400,0.0,0.0,5699301376.0,221024256.0,1.47287461888e+11,15572406272.0,0.0,0.0,0.0,119603.200,16928.0,25251.0,7.519,2.434,89.454,0.085,0.0,0.507,1493170827.604,
7.909,1.759,89.563,0.121,0.0,0.648,0.0,157286.400,916387993.800,770999.200,0.0,0.0,19446.200,26328.0,3.200,0.0,2.200,5696790528.0,221032448.0,1.4728771584e+11,15574654976.0,0.0,0.0,0.0,157286.400,19451.200,26333.200,7.905,1.754,89.578,0.121,0.0,0.643,1493170832.604,
8.363,1.589,88.841,0.543,0.0,0.664,0.0,9861529.600,956171045.200,874419.0,0.0,0.0,19787.800,27158.0,4.600,0.200,0.0,5684006912.0,221048832.0,1.47274235904e+11,15600902144.0,0.0,0.0,0.0,9861529.600,19790.600,27153.400,8.363,1.589,88.841,0.543,0.0,0.664,1493170837.604,
8.418,1.372,89.365,0.101,0.0,0.744,0.0,160563.200,952539949.800,779266.800,0.0,0.0,18415.0,25551.400,4.0,0.0,0.0,5702332416.0,221061120.0,1.47274489856e+11,15582310400.0,0.0,0.0,0.0,160563.200,18411.400,25551.400,8.423,1.372,89.361,0.101,0.0,0.744,1493170842.604,
8.016,1.412,89.325,0.095,0.0,1.152,0.0,109772.800,934640692.600,780188.800,0.0,0.0,18550.200,26101.600,4.0,0.0,0.0,5686935552.0,221061120.0,1.47274747904e+11,15597449216.0,0.0,0.0,0.0,109772.800,18551.200,26101.200,8.017,1.412,89.325,0.095,0.0,1.152,1493170847.604,
8.436,1.432,89.542,0.096,0.0,0.494,0.0,117964.800,945451400.600,815180.800,0.0,0.0,18572.200,26945.400,4.400,0.0,0.0,5652799488.0,221069312.0,1.47275010048e+11,15631314944.0,0.0,0.0,0.0,117964.800,18572.600,26961.800,8.422,1.427,89.561,0.096,0.0,0.494,1493170852.604,
8.149,1.362,89.995,0.071,0.0,0.424,0.0,108953.600,919609305.0,763054.800,0.0,0.0,18492.800,25592.600,4.600,0.0,0.0,5689913344.0,221077504.0,1.47275264e+11,15593938944.0,0.0,0.0,0.0,108953.600,18493.600,25578.400,8.159,1.361,89.986,0.071,0.0,0.424,1493170857.604,
8.058,1.158,90.336,0.081,0.0,0.368,0.0,111411.200,905955926.0,743661.400,0.0,0.0,16210.0,28196.200,3.600,0.0,0.0,5690855424.0,221089792.0,1.47275517952e+11,15592730624.0,0.0,0.0,0.0,111411.200,16207.0,28196.800,8.063,1.158,90.331,0.081,0.0,0.368,1493170862.604,
8.133,1.376,90.013,0.081,0.0,0.398,0.0,107315.200,938907891.400,847541.0,0.0,0.0,17813.800,27648.600,5.0,0.0,0.0,5715836928.0,221102080.0,1.47275771904e+11,15567482880.0,0.0,0.0,0.0,107315.200,17811.800,27717.0,8.131,1.380,90.010,0.081,0.0,0.398,1493170867.604,
8.864,1.650,88.837,0.096,0.0,0.553,0.0,113868.800,972451041.400,795607.800,0.0,0.0,18353.400,27610.600,4.600,0.0,0.0,5700845568.0,221118464.0,1.47276034048e+11,15582195712.0,0.0,0.0,0.0,113868.800,18351.400,27538.600,8.860,1.650,88.841,0.096,0.0,0.553,1493170872.604,
8.455,1.394,89.552,0.065,0.0,0.533,0.0,117145.600,943298902.600,742726.0,0.0,0.0,18497.600,25948.400,3.600,0.0,0.0,5702057984.0,221122560.0,1.47276279808e+11,15580733440.0,0.0,0.0,0.0,117145.600,18504.800,25951.600,8.450,1.389,89.557,0.065,0.0,0.539,1493170877.604,
8.528,1.365,89.442,0.091,0.0,0.574,0.0,115507.200,970371182.200,800772.0,0.0,0.0,18368.200,27280.600,6.200,0.0,0.0,5700382720.0,221147136.0,1.47276546048e+11,15582117888.0,0.0,0.0,0.0,115507.200,18370.200,27332.400,8.537,1.375,89.428,0.091,0.0,0.569,1493170882.604,
8.630,1.387,89.463,0.066,0.0,0.454,0.0,108953.600,950290771.200,822723.0,0.0,0.0,20533.800,26311.600,4.600,0.0,0.0,5706305536.0,221147136.0,1.472768e+11,15575941120.0,0.0,0.0,0.0,108953.600,20533.800,26262.600,8.627,1.387,89.466,0.066,0.0,0.454,1493170887.604,
8.741,1.592,89.123,0.065,0.0,0.479,0.0,116326.400,941050934.800,686808.800,0.0,0.0,19182.800,24054.200,4.200,0.0,0.0,5705211904.0,221163520.0,1.47277058048e+11,15576760320.0,0.0,0.0,0.0,116326.400,19180.200,24053.200,8.732,1.582,89.137,0.066,0.0,0.484,1493170892.604,
8.899,1.768,88.870,0.060,0.0,0.403,0.0,108953.600,932072389.0,694785.800,0.0,0.0,17737.200,25605.600,5.0,0.0,0.0,5689835520.0,221171712.0,1.47277316096e+11,15591870464.0,0.0,0.0,0.0,108953.600,17732.400,25638.0,8.897,1.772,88.873,0.060,0.0,0.398,1493170897.604,
7.929,1.970,89.578,0.076,0.0,0.448,0.0,109772.800,888274903.200,744115.600,0.0,0.0,17848.200,25668.800,3.600,0.0,0.0,5696667648.0,221184000.0,1.47277565952e+11,15584776192.0,0.0,0.0,0.0,109772.800,17855.200,25631.0,7.939,1.975,89.563,0.076,0.0,0.448,1493170902.604,
7.956,2.483,89.077,0.076,0.0,0.408,0.0,110592.0,892254647.400,739591.0,0.0,0.0,18050.0,26231.0,5.0,0.0,0.0,5697957888.0,221184000.0,1.47277824e+11,15583227904.0,0.0,0.0,0.0,110592.0,18049.200,26230.800,7.949,2.473,89.094,0.076,0.0,0.408,1493170907.604,
7.818,1.952,89.791,0.076,0.0,0.363,0.0,109772.800,948707451.800,815330.200,0.0,0.0,18513.600,28821.600,5.0,0.0,0.0,5720436736.0,221196288.0,1.47278073856e+11,15560486912.0,0.0,0.0,0.0,109772.800,18506.600,28835.800,7.826,1.961,89.774,0.076,0.0,0.363,1493170912.604,
7.850,2.058,89.359,0.070,0.0,0.663,0.0,117964.800,921889141.800,721456.400,0.0,0.0,17899.800,26570.0,4.600,0.0,0.0,5693689856.0,221200384.0,1.47278327808e+11,15586975744.0,0.0,0.0,0.0,117964.800,17908.600,26567.0,7.860,2.053,89.355,0.070,0.0,0.663,1493170917.604,
8.591,1.587,89.333,0.071,0.0,0.418,0.0,113049.600,966021264.600,768106.600,0.0,0.0,18384.200,27808.200,4.400,0.0,0.0,5699846144.0,221212672.0,1.4727858176e+11,15580553216.0,0.0,0.0,0.0,113049.600,18387.600,27812.400,8.586,1.587,89.338,0.071,0.0,0.418,1493170922.604,
8.738,1.496,89.197,0.091,0.0,0.478,0.0,109772.800,970367386.600,815118.0,0.0,0.0,19654.0,27625.600,4.600,0.0,0.0,5727150080.0,221216768.0,1.47278839808e+11,15552987136.0,0.0,0.0,0.0,109772.800,19659.600,27675.0,8.728,1.496,89.207,0.091,0.0,0.478,1493170927.604,
8.619,1.472,89.335,0.086,0.0,0.489,0.0,113049.600,957142621.200,819627.200,0.0,0.0,19778.0,27408.600,3.800,0.0,0.0,5684989952.0,221229056.0,1.4727909376e+11,15594881024.0,0.0,0.0,0.0,113049.600,19763.800,27346.400,8.618,1.472,89.336,0.086,0.0,0.489,1493170932.604,
8.416,1.500,89.565,0.065,0.0,0.453,0.0,107315.200,940566734.0,798201.400,0.0,0.0,18191.600,27117.400,4.200,0.0,0.0,5726044160.0,221233152.0,1.4727933952e+11,15553576960.0,0.0,0.0,0.0,107315.200,18191.600,27116.0,8.419,1.496,89.566,0.065,0.0,0.453,1493170937.604,
8.513,1.522,89.431,0.071,0.0,0.464,0.0,112230.400,930552344.0,843180.0,0.0,0.0,19565.800,27197.800,3.400,0.0,0.0,5697437696.0,221241344.0,1.47279613952e+11,15581900800.0,0.0,0.0,0.0,112230.400,19574.600,27237.0,8.514,1.527,89.425,0.071,0.0,0.463,1493170942.604,
8.099,1.371,90.061,0.066,0.0,0.403,0.0,108953.600,899110323.0,726185.0,0.0,0.0,19456.800,23443.800,4.600,0.0,0.0,5696712704.0,221241344.0,1.47279872e+11,15582367744.0,0.0,0.0,0.0,108953.600,19449.200,23404.600,8.100,1.366,90.060,0.066,0.0,0.408,1493170947.604,
8.216,1.591,89.574,0.096,0.0,0.524,0.0,118784.0,942518702.0,780673.800,0.0,0.0,19738.800,26724.0,3.600,0.0,0.0,5681508352.0,221253632.0,1.4728011776e+11,15597314048.0,0.0,0.0,0.0,118784.0,19747.0,26739.0,8.220,1.596,89.570,0.096,0.0,0.518,1493170952.604,
8.093,1.610,89.718,0.096,0.0,0.483,0.0,110592.0,929217531.800,767437.600,0.0,0.0,18922.400,26244.400,4.0,0.0,0.0,5704572928.0,221274112.0,1.47280371712e+11,15573975040.0,0.0,0.0,0.0,110592.0,18916.0,26279.800,8.093,1.616,89.713,0.096,0.0,0.483,1493170957.604,
8.575,1.746,89.014,0.081,0.0,0.584,0.0,112230.400,973278952.200,851695.600,0.0,0.0,20334.400,28577.600,3.400,0.0,0.0,5694779392.0,221278208.0,1.47280642048e+11,15583494144.0,0.0,0.0,0.0,112230.400,20336.600,28540.400,8.570,1.741,89.019,0.081,0.0,0.589,1493170962.604,
8.204,1.324,89.883,0.091,0.0,0.498,0.0,109772.800,922126296.400,753044.800,0.0,0.0,17227.0,26526.0,4.800,0.0,0.0,5703450624.0,221290496.0,1.47280891904e+11,15574560768.0,0.0,0.0,0.0,109772.800,17221.0,26511.600,8.205,1.319,89.893,0.091,0.0,0.493,1493170967.604,
8.345,1.537,89.639,0.060,0.0,0.418,0.0,108134.400,948808047.600,853933.800,0.0,0.0,19531.800,27629.0,4.800,0.0,0.0,5681852416.0,221294592.0,1.4728114176e+11,15595905024.0,0.0,0.0,0.0,108134.400,19539.200,27698.400,8.345,1.542,89.635,0.060,0.0,0.418,1493170972.604,
4.259,0.663,94.771,0.065,0.0,0.241,0.0,116326.400,455505890.200,406277.0,0.0,0.0,9039.800,17387.0,2.0,0.0,1.0,5468147712.0,221302784.0,1.47281399808e+11,15809343488.0,0.0,0.0,0.0,116326.400,9028.600,17317.600,4.250,0.663,94.781,0.065,0.0,0.241,1493170977.604,
