"Dstat 0.7.2 CSV output"
"Author:","Dag Wieers <dag@wieers.com>",,,,"URL:","http://dag.wieers.com/home-made/dstat/"
"Host:","osd0.skyhook-2osds.skyhook-pg0.wisc.cloudlab.us",,,,"User:","jlefevre"
"Cmdline:","dstat -av --epoch --integer --noheaders --output 2osds.dstat-osd0.log 5",,,,"Date:","25 Apr 2017 15:01:59 CDT"

"total cpu usage",,,,,,"dsk/total",,"net/total",,"paging",,"system",,"procs",,,"memory usage",,,,"paging",,"dsk/total",,"system",,"total cpu usage",,,,,,"epoch"
"usr","sys","idl","wai","hiq","siq","read","writ","recv","send","in","out","int","csw","run","blk","new","used","buff","cach","free","in","out","read","writ","int","csw","usr","sys","idl","wai","hiq","siq","epoch"


"Host:","osd0.skyhook-2osds.skyhook-pg0.wisc.cloudlab.us",,,,"User:","jlefevre"
"Cmdline:","dstat -av --epoch --integer --noheaders --output 2osds.dstat-osd0.log 5",,,,"Date:","25 Apr 2017 15:08:52 CDT"

"total cpu usage",,,,,,"dsk/total",,"net/total",,"paging",,"system",,"procs",,,"memory usage",,,,"paging",,"dsk/total",,"system",,"total cpu usage",,,,,,"epoch"
"usr","sys","idl","wai","hiq","siq","read","writ","recv","send","in","out","int","csw","run","blk","new","used","buff","cach","free","in","out","read","writ","int","csw","usr","sys","idl","wai","hiq","siq","epoch"
0.070,0.160,99.570,0.195,0.0,0.005,1405747.200,11468.800,3461.600,21440.600,0.0,0.0,386.400,465.200,0.0,0.0,5.0,5003304960.0,1302528.0,163897344.0,1.6361168896e+11,0.0,0.0,1405747.200,11468.800,386.0,464.800,0.070,0.160,99.570,0.195,0.0,0.005,1493169742.689,
0.416,1.308,88.760,9.475,0.0,0.040,396249497.600,3276.800,349632.800,387714559.0,0.0,0.0,11067.200,6917.600,1.600,5.0,0.200,5140541440.0,1310720.0,2146308096.0,1.61492033536e+11,0.0,0.0,396511641.600,3276.800,11074.400,6922.600,0.416,1.308,88.746,9.490,0.0,0.040,1493169747.689,
0.411,1.324,91.291,6.929,0.0,0.045,403116851.200,2457.600,317053.0,407148540.0,0.0,0.0,11351.0,6980.200,0.400,4.0,0.0,5202403328.0,1318912.0,4160954368.0,1.59415517184e+11,0.0,0.0,403090636.800,2457.600,11351.0,6978.400,0.411,1.329,91.291,6.924,0.0,0.045,1493169752.689,
0.406,1.138,93.421,4.974,0.0,0.060,373989376.0,0.0,301780.200,388834543.0,0.0,0.0,10558.400,6482.400,0.600,2.0,0.0,5203410944.0,1318912.0,6030729216.0,1.5754473472e+11,0.0,0.0,373753446.400,0.0,10559.600,6479.600,0.406,1.138,93.431,4.964,0.0,0.060,1493169757.689,
0.376,1.178,93.496,4.914,0.0,0.035,373885337.600,2457.600,344178.0,393457302.400,0.0,0.0,9040.800,6499.200,0.400,3.800,0.0,5205131264.0,1327104.0,7901442048.0,1.55672293376e+11,0.0,0.0,374147481.600,2457.600,9034.800,6503.400,0.376,1.178,93.486,4.925,0.0,0.035,1493169762.689,
0.431,1.357,93.057,5.096,0.0,0.060,391268761.600,0.0,315434.400,434370470.200,0.0,0.0,10087.600,6792.600,1.400,2.400,0.0,5073977344.0,1327104.0,9856716800.0,1.53848172544e+11,0.0,0.0,391242547.200,0.0,10089.0,6794.800,0.436,1.352,93.061,5.091,0.0,0.060,1493169767.689,
0.391,1.208,93.198,5.158,0.0,0.045,383158681.600,4096.0,327330.400,405098845.400,0.0,0.0,11582.200,6640.400,1.0,1.400,0.0,5060489216.0,1335296.0,11772129280.0,1.5194624e+11,0.0,0.0,383106252.800,4096.0,11589.800,6636.400,0.386,1.213,93.199,5.157,0.0,0.045,1493169772.689,
0.451,1.398,91.483,6.614,0.0,0.055,406389555.200,1638.400,348977.600,416753535.200,0.0,0.0,12571.0,7145.400,1.200,4.400,2.400,5108207616.0,1335296.0,13804101632.0,1.49866549248e+11,0.0,0.0,406441984.0,1638.400,12571.0,7148.400,0.451,1.393,91.476,6.625,0.0,0.055,1493169777.689,
0.471,1.344,93.316,4.829,0.0,0.040,392470528.0,15564.800,310439.800,406886059.0,0.0,0.0,11073.200,6996.800,1.200,2.800,2.400,5126750208.0,1355776.0,15766409216.0,1.47885678592e+11,0.0,0.0,392470528.0,15564.800,11071.800,6994.0,0.476,1.344,93.316,4.824,0.0,0.040,1493169782.689,
0.446,1.304,92.368,5.857,0.0,0.025,396400230.400,9830.400,302948.200,385398332.200,0.0,0.0,10243.400,6869.200,0.200,2.800,0.0,5273030656.0,1363968.0,17749127168.0,1.45756672e+11,0.0,0.0,396374016.0,9830.400,10235.600,6868.600,0.441,1.309,92.379,5.846,0.0,0.025,1493169787.689,
0.456,1.349,91.673,6.457,0.0,0.065,413890969.600,2457.600,369604.800,466035498.0,0.0,0.0,11408.800,7230.800,0.800,3.800,0.0,5118164992.0,1372160.0,19818917888.0,1.43841738752e+11,0.0,0.0,413917184.0,2457.600,11416.0,7235.0,0.461,1.354,91.658,6.462,0.0,0.065,1493169792.689,
0.356,1.132,94.621,3.842,0.0,0.050,337276108.800,0.0,295869.200,358744378.200,0.0,0.0,9860.600,5859.200,1.200,2.800,0.0,5086507008.0,1372160.0,21504696320.0,1.42187618304e+11,0.0,0.0,337265459.200,0.0,9852.800,5854.600,0.351,1.127,94.630,3.842,0.0,0.050,1493169797.689,
0.366,1.178,94.092,4.315,0.0,0.050,357569331.200,2457.600,291589.600,362059595.600,0.0,0.0,8149.600,6185.400,1.200,2.0,0.0,5138845696.0,1380352.0,23291531264.0,1.4034843648e+11,0.0,0.0,357344051.200,2457.600,8153.400,6183.600,0.366,1.178,94.097,4.310,0.0,0.050,1493169802.689,
0.466,1.368,93.173,4.962,0.0,0.030,400837017.600,0.0,338076.400,409158375.400,0.0,0.0,11575.200,6893.600,0.200,4.600,0.0,5205581824.0,1380352.0,25296912384.0,1.38276319232e+11,0.0,0.0,401099161.600,0.0,11571.600,6896.800,0.466,1.363,93.168,4.973,0.0,0.030,1493169807.689,
0.426,1.304,93.515,4.724,0.0,0.030,387793715.200,6553.600,342364.200,409778897.400,0.0,0.0,11542.200,6717.800,1.200,3.600,0.0,5188509696.0,1388544.0,27237371904.0,1.36352923648e+11,0.0,0.0,387819929.600,6553.600,11552.0,6717.800,0.426,1.309,93.506,4.724,0.0,0.035,1493169812.689,
0.482,1.561,90.479,7.448,0.0,0.030,449199308.800,7372.800,394922.800,488028289.400,0.0,0.0,13731.200,7817.0,1.400,4.0,0.0,5098930176.0,1396736.0,29479456768.0,1.34200410112e+11,0.0,0.0,449146880.0,7372.800,13721.400,7816.200,0.482,1.561,90.489,7.443,0.0,0.025,1493169817.689,
0.471,1.449,91.992,6.048,0.0,0.040,422352486.400,0.0,370301.600,436449540.400,0.0,0.0,13174.200,7276.0,1.400,2.800,0.0,5126348800.0,1396736.0,31593713664.0,1.32058734592e+11,0.0,0.0,422352486.400,0.0,13181.800,7278.0,0.471,1.449,91.991,6.048,0.0,0.040,1493169822.689,
0.416,1.314,93.500,4.730,0.0,0.040,397234995.200,2457.600,347208.600,406895465.0,0.0,0.0,9810.600,6884.0,0.600,2.0,0.0,5171867648.0,1404928.0,33579548672.0,1.30027372544e+11,0.0,0.0,397234995.200,2457.600,9803.0,6882.0,0.416,1.314,93.500,4.729,0.0,0.040,1493169827.689,
0.381,1.203,94.325,4.031,0.0,0.060,357643059.200,0.0,333265.200,397715128.600,0.0,0.0,11150.600,6207.0,0.800,1.0,0.0,5054795776.0,1404928.0,35366273024.0,1.28357720064e+11,0.0,0.0,357590630.400,0.0,11150.200,6206.800,0.381,1.198,94.334,4.026,0.0,0.060,1493169832.689,
0.356,1.103,94.478,4.043,0.0,0.020,344537497.600,2457.600,277720.600,340920977.600,0.0,0.0,9953.800,5971.600,0.800,4.0,0.0,5171408896.0,1413120.0,37090430976.0,1.265169408e+11,0.0,0.0,344616140.800,2457.600,9961.200,5973.200,0.356,1.108,94.458,4.057,0.0,0.020,1493169837.689,
0.507,1.587,89.486,8.380,0.0,0.040,472591564.800,0.0,400866.0,489269770.400,0.0,0.0,13902.400,8239.400,1.200,4.800,0.0,5192994816.0,1413120.0,39454375936.0,1.2413140992e+11,0.0,0.0,472617779.200,0.0,13901.800,8239.0,0.507,1.587,89.491,8.375,0.0,0.040,1493169842.689,
0.461,1.484,91.074,6.950,0.0,0.030,433928601.600,4096.0,380575.400,460805347.800,0.0,0.0,10790.200,7568.400,0.0,5.200,0.0,5172494336.0,1421312.0,41624842240.0,1.21981435904e+11,0.0,0.0,433902387.200,4096.0,10789.800,7568.400,0.461,1.484,91.064,6.960,0.0,0.030,1493169847.689,
0.567,1.701,86.435,11.247,0.0,0.050,489493299.200,4915.200,461991.600,520185501.400,0.0,0.0,14225.0,8608.800,0.600,6.600,0.0,5119942656.0,1429504.0,44071538688.0,1.19587282944e+11,0.0,0.0,489493299.200,4915.200,14222.400,8608.800,0.567,1.701,86.445,11.237,0.0,0.050,1493169852.689,
0.436,1.424,90.994,7.095,0.0,0.050,432880025.600,0.0,390376.200,443476368.200,0.0,0.0,10947.400,7558.400,1.200,4.200,0.0,5179408384.0,1429504.0,46234681344.0,1.1736467456e+11,0.0,0.0,432880025.600,0.0,10948.800,7558.600,0.436,1.424,91.003,7.086,0.0,0.050,1493169857.689,
0.507,1.530,88.204,9.714,0.0,0.045,471951769.600,2457.600,388109.0,476609079.800,0.0,0.0,12077.600,8282.600,1.0,5.600,0.0,5257371648.0,1437696.0,48593645568.0,1.1492773888e+11,0.0,0.0,471925555.200,2457.600,12075.400,8282.400,0.512,1.525,88.204,9.714,0.0,0.045,1493169862.689,
0.441,1.369,90.205,7.931,0.0,0.055,438725017.600,0.0,406065.800,478229962.800,0.0,0.0,10966.800,7717.200,0.800,4.600,0.0,5171073024.0,1437696.0,50788286464.0,1.12819396608e+11,0.0,0.0,438725017.600,0.0,10968.0,7716.200,0.436,1.374,90.200,7.935,0.0,0.055,1493169867.689,
0.371,1.137,93.682,4.780,0.0,0.030,389612339.200,2457.600,366527.0,418987817.400,0.0,0.0,9743.0,6776.200,0.600,2.600,0.0,5120143360.0,1445888.0,52736311296.0,1.10922293248e+11,0.0,0.0,389612339.200,2457.600,9743.200,6776.200,0.371,1.132,93.687,4.780,0.0,0.030,1493169872.689,
0.467,1.330,88.690,9.459,0.0,0.055,470464102.400,0.0,408224.200,480782746.0,0.0,0.0,12309.400,8279.0,0.800,5.800,0.0,5185310720.0,1445888.0,55090192384.0,1.085032448e+11,0.0,0.0,470490316.800,0.0,12311.400,8279.800,0.467,1.335,88.675,9.468,0.0,0.055,1493169877.689,
0.487,1.452,85.157,12.889,0.0,0.015,495900262.400,3276.800,374318.800,510427188.400,0.0,0.0,13710.600,8722.200,0.800,8.800,0.0,5228494848.0,1454080.0,57568165888.0,1.05982078976e+11,0.0,0.0,495926476.800,3276.800,13710.0,8722.0,0.487,1.452,85.157,12.889,0.0,0.015,1493169882.689,
0.512,1.566,86.979,10.892,0.0,0.050,478369382.400,4915.200,409537.800,495377974.800,0.0,0.0,12497.600,8387.0,0.800,5.800,0.0,5255671808.0,1462272.0,59961323520.0,1.03561736192e+11,0.0,0.0,478343168.0,4915.200,12497.600,8387.0,0.517,1.566,86.976,10.891,0.0,0.050,1493169887.689,
0.542,1.805,87.474,10.134,0.0,0.045,481703526.400,0.0,430906.600,515386617.800,0.0,0.0,14042.600,8412.0,0.800,5.800,0.0,5208444928.0,1462272.0,62370832384.0,1.01199454208e+11,0.0,0.0,481703526.400,0.0,14046.600,8412.600,0.537,1.805,87.477,10.135,0.0,0.045,1493169892.689,
0.557,1.720,86.186,11.491,0.0,0.045,486191104.0,2457.600,415047.800,498766667.200,0.0,0.0,14295.600,8464.800,1.200,5.800,0.0,5256515584.0,1470464.0,64800579584.0,98721628160.0,0.0,0.0,486217318.400,2457.600,14297.400,8464.400,0.557,1.720,86.192,11.486,0.0,0.045,1493169897.689,
0.497,1.541,90.615,7.317,0.0,0.030,444528230.400,0.0,426309.600,481375766.800,0.0,0.0,13728.200,7748.400,1.200,3.400,0.0,5184851968.0,1470464.0,67023106048.0,96570765312.0,0.0,0.0,444475801.600,0.0,13721.0,7748.200,0.497,1.541,90.615,7.317,0.0,0.030,1493169902.689,
0.527,1.732,85.131,12.565,0.0,0.045,492666060.800,2457.600,427756.400,490762540.0,0.0,0.0,14585.400,8566.600,1.0,7.200,0.0,5296939008.0,1478656.0,69485907968.0,93995868160.0,0.0,0.0,492718489.600,2457.600,14585.800,8567.0,0.527,1.732,85.135,12.561,0.0,0.045,1493169907.689,
0.316,1.037,94.984,3.628,0.0,0.035,289064550.400,0.0,265395.800,335778389.600,0.0,0.0,9081.400,5043.400,0.400,1.200,0.0,5130821632.0,1478656.0,70930599936.0,92717293568.0,0.0,0.0,288776192.0,0.0,9075.200,5039.800,0.316,1.037,94.990,3.622,0.0,0.035,1493169912.689,
