"Dstat 0.7.2 CSV output"
"Author:","Dag Wieers <dag@wieers.com>",,,,"URL:","http://dag.wieers.com/home-made/dstat/"
"Host:","osd0.skyhook-2osds.skyhook-pg0.wisc.cloudlab.us",,,,"User:","jlefevre"
"Cmdline:","dstat -av --epoch --integer --noheaders --output 2osds.dstat-osd0.log 5",,,,"Date:","25 Apr 2017 15:01:59 CDT"

"total cpu usage",,,,,,"dsk/total",,"net/total",,"paging",,"system",,"procs",,,"memory usage",,,,"paging",,"dsk/total",,"system",,"total cpu usage",,,,,,"epoch"
"usr","sys","idl","wai","hiq","siq","read","writ","recv","send","in","out","int","csw","run","blk","new","used","buff","cach","free","in","out","read","writ","int","csw","usr","sys","idl","wai","hiq","siq","epoch"


"Host:","osd0.skyhook-2osds.skyhook-pg0.wisc.cloudlab.us",,,,"User:","jlefevre"
"Cmdline:","dstat -av --epoch --integer --noheaders --output 2osds.dstat-osd0.log 5",,,,"Date:","25 Apr 2017 15:08:52 CDT"

"total cpu usage",,,,,,"dsk/total",,"net/total",,"paging",,"system",,"procs",,,"memory usage",,,,"paging",,"dsk/total",,"system",,"total cpu usage",,,,,,"epoch"
"usr","sys","idl","wai","hiq","siq","read","writ","recv","send","in","out","int","csw","run","blk","new","used","buff","cach","free","in","out","read","writ","int","csw","usr","sys","idl","wai","hiq","siq","epoch"
0.065,0.700,99.075,0.160,0.0,0.0,1404108.800,17203.200,2578.400,22072.0,0.0,0.0,471.0,677.200,0.200,0.0,4.800,4973760512.0,1331200.0,132628480.0,1.636724736e+11,0.0,0.0,1404108.800,17203.200,470.400,677.200,0.065,0.695,99.080,0.160,0.0,0.0,1493155702.689,
0.286,0.852,94.619,4.214,0.0,0.030,269321011.200,3276.800,203996.400,270028634.0,0.0,0.0,6017.800,4804.0,1.200,2.600,0.0,5036724224.0,1339392.0,1479561216.0,1.6226256896e+11,0.0,0.0,269624934.400,3276.800,6023.800,4808.0,0.291,0.852,94.609,4.218,0.0,0.030,1493155707.689,
0.537,1.557,90.068,7.783,0.0,0.055,493850624.0,2457.600,430652.200,515054857.600,0.0,0.0,12561.800,8707.200,1.0,7.0,0.0,5037981696.0,1347584.0,3949686784.0,1.59791177728e+11,0.0,0.0,493808844.800,2457.600,12561.600,8706.400,0.532,1.557,90.071,7.784,0.0,0.055,1493155712.689,
0.521,1.735,89.024,8.679,0.0,0.040,489202483.200,0.0,363718.0,506064719.200,0.0,0.0,13141.800,8595.200,1.800,6.800,0.200,5076819968.0,1347584.0,6396948480.0,1.5730507776e+11,0.0,0.0,489202483.200,0.0,13143.800,8595.600,0.526,1.734,89.017,8.682,0.0,0.040,1493155717.689,
0.526,1.654,90.520,7.249,0.0,0.050,474694451.200,2457.600,368484.200,486143913.400,0.0,0.0,13554.600,8307.800,1.0,5.800,0.0,5126156288.0,1355776.0,8770056192.0,1.54882625536e+11,0.0,0.0,474642022.400,2457.600,13553.0,8307.200,0.522,1.655,90.527,7.246,0.0,0.050,1493155722.689,
0.491,1.544,91.737,6.187,0.0,0.040,449513881.600,0.0,390514.0,489019694.600,0.0,0.0,13828.600,7883.0,1.0,3.200,0.0,5038305280.0,1355776.0,11016400896.0,1.5272413184e+11,0.0,0.0,449618739.200,0.0,13829.800,7883.800,0.496,1.544,91.731,6.190,0.0,0.040,1493155727.689,
0.512,1.510,89.441,8.503,0.0,0.035,467024281.600,3276.800,338078.400,474682841.0,0.0,0.0,13232.400,8191.400,0.600,6.400,0.0,5108514816.0,1363968.0,13351399424.0,1.50318915584e+11,0.0,0.0,466971852.800,3276.800,13230.200,8190.800,0.507,1.510,89.443,8.505,0.0,0.035,1493155732.689,
0.532,1.675,88.821,8.917,0.0,0.055,477698457.600,4096.0,379398.400,508339720.0,0.0,0.0,13970.400,8381.600,1.600,6.600,0.0,5078712320.0,1372160.0,15740182528.0,1.47959926784e+11,0.0,0.0,477724672.0,4096.0,13973.0,8381.800,0.532,1.680,88.817,8.916,0.0,0.055,1493155737.689,
0.587,1.741,85.332,12.309,0.0,0.030,499349913.600,4915.200,362464.0,521078303.600,0.0,0.0,14126.600,8810.400,1.200,7.600,0.200,5083582464.0,1380352.0,18236698624.0,1.45458532352e+11,0.0,0.0,499323699.200,4915.200,14127.200,8810.200,0.587,1.736,85.338,12.309,0.0,0.030,1493155742.689,
0.481,1.644,90.101,7.739,0.0,0.035,457225830.400,0.0,304025.200,488390968.800,0.0,0.0,12610.0,7976.400,0.200,7.400,0.0,5030473728.0,1380352.0,20520853504.0,1.43227486208e+11,0.0,0.0,457225830.400,0.0,12603.0,7976.200,0.486,1.644,90.101,7.734,0.0,0.035,1493155747.689,
0.497,1.445,92.708,5.309,0.0,0.040,451317760.0,2457.600,370684.400,465701503.400,0.0,0.0,13324.200,7894.800,1.800,5.600,0.0,5066162176.0,1388544.0,22780018688.0,1.40932624384e+11,0.0,0.0,451370188.800,2457.600,13328.600,7895.400,0.492,1.450,92.708,5.310,0.0,0.040,1493155752.689,
0.531,1.654,90.074,7.700,0.0,0.040,496587571.200,0.0,353291.200,516250152.0,0.0,0.0,13924.200,8750.600,1.200,7.800,0.0,5086076928.0,1388544.0,25263460352.0,1.38429267968e+11,0.0,0.0,496613785.600,0.0,13920.0,8750.600,0.531,1.649,90.075,7.704,0.0,0.040,1493155757.689,
0.481,1.474,90.156,7.859,0.0,0.030,478783078.400,2457.600,357667.0,501830285.0,0.0,0.0,13224.800,8416.0,1.0,5.400,0.0,5089636352.0,1396736.0,27655565312.0,1.36033595392e+11,0.0,0.0,478704435.200,2457.600,13224.400,8415.400,0.481,1.479,90.151,7.859,0.0,0.030,1493155762.689,
0.466,1.419,90.077,8.018,0.0,0.020,471171072.0,2457.600,301423.400,495224661.800,0.0,0.0,12578.800,8253.800,1.200,3.800,0.0,5080129536.0,1396736.0,30010986496.0,1.33687681024e+11,0.0,0.0,471171072.0,2457.600,12582.600,8256.400,0.471,1.414,90.081,8.013,0.0,0.020,1493155767.689,
0.441,1.483,92.108,5.938,0.0,0.030,464052224.0,3276.800,308966.800,482137890.200,0.0,0.0,12715.400,8130.800,0.600,6.400,0.0,5107933184.0,1404928.0,32333094912.0,1.31337760768e+11,0.0,0.0,464104652.800,3276.800,12716.800,8128.800,0.436,1.488,92.104,5.942,0.0,0.030,1493155772.689,
0.457,1.440,90.798,7.275,0.0,0.030,475648000.0,2457.600,323328.400,502830665.0,0.0,0.0,12970.400,8346.200,1.0,4.400,0.0,5078454272.0,1413120.0,34709950464.0,1.28990375936e+11,0.0,0.0,475543142.400,2457.600,12965.400,8344.600,0.457,1.440,90.805,7.268,0.0,0.030,1493155777.689,
0.421,1.314,94.540,3.695,0.0,0.030,386891776.0,0.0,275176.800,400835199.200,0.0,0.0,10647.200,6706.400,1.200,3.0,0.0,5104353280.0,1413120.0,36645908480.0,1.27028518912e+11,0.0,0.0,386996633.600,0.0,10652.800,6708.0,0.421,1.313,94.531,3.705,0.0,0.030,1493155782.689,
0.567,1.717,88.183,9.482,0.0,0.050,495108915.200,2457.600,333860.800,516198080.0,0.0,0.0,13324.400,8649.800,0.600,7.400,0.0,5116968960.0,1421312.0,39119028224.0,1.24542775296e+11,0.0,0.0,495030272.0,2457.600,13318.400,8648.800,0.567,1.717,88.192,9.474,0.0,0.050,1493155787.689,
0.486,1.624,91.726,6.134,0.0,0.030,439411507.200,0.0,298379.400,459134549.200,0.0,0.0,12236.0,7640.800,0.800,5.0,0.0,5118423040.0,1421312.0,41317617664.0,1.22342731776e+11,0.0,0.0,439437721.600,0.0,12243.200,7642.0,0.491,1.619,91.721,6.139,0.0,0.030,1493155792.689,
0.562,1.791,87.738,9.864,0.0,0.045,496671129.600,2457.600,339789.400,520560228.200,0.0,0.0,14052.600,8696.600,0.200,7.600,0.0,5124587520.0,1429504.0,43800420352.0,1.19853756416e+11,0.0,0.0,496775987.200,2457.600,14054.800,8695.800,0.557,1.791,87.741,9.866,0.0,0.045,1493155797.689,
0.487,1.465,92.899,5.099,0.0,0.050,442159104.0,0.0,349577.0,457508890.0,0.0,0.0,13485.800,7650.600,1.0,3.800,0.0,5155962880.0,1429504.0,46012784640.0,1.17610016768e+11,0.0,0.0,442080460.800,0.0,13483.0,7651.400,0.492,1.466,92.897,5.095,0.0,0.050,1493155802.689,
0.532,1.762,88.534,9.142,0.0,0.030,494065254.400,4096.0,399464.0,519898865.0,0.0,0.0,15407.400,8701.400,0.400,7.600,0.0,5136773120.0,1437696.0,48482705408.0,1.15159277568e+11,0.0,0.0,494012825.600,4096.0,15407.600,8701.0,0.527,1.762,88.537,9.143,0.0,0.030,1493155807.689,
0.547,1.707,87.960,9.755,0.0,0.030,483512320.0,4915.200,398589.600,510654451.0,0.0,0.0,14400.400,8456.800,1.200,5.600,0.0,5115682816.0,1445888.0,50899640320.0,1.12763424768e+11,0.0,0.0,483538534.400,4915.200,14394.200,8457.0,0.552,1.707,87.953,9.758,0.0,0.030,1493155812.689,
0.491,1.444,92.843,5.186,0.0,0.035,424758476.800,0.0,304181.200,441052681.800,0.0,0.0,12329.400,7374.600,0.800,5.200,0.0,5142298624.0,1445888.0,53023662080.0,1.106127872e+11,0.0,0.0,424810905.600,0.0,12336.200,7373.800,0.492,1.444,92.843,5.186,0.0,0.035,1493155817.689,
0.557,1.766,89.326,8.316,0.0,0.035,485777408.0,2457.600,438301.0,508461931.200,0.0,0.0,14303.800,8514.0,0.400,6.0,0.0,5141336064.0,1454080.0,55451926528.0,1.0818547712e+11,0.0,0.0,485751193.600,2457.600,14297.0,8514.200,0.557,1.766,89.326,8.316,0.0,0.035,1493155822.689,
0.547,1.766,87.993,9.649,0.0,0.045,496718643.200,0.0,332567.800,511473735.0,0.0,0.0,13297.600,8737.200,1.600,8.0,0.0,5190594560.0,1454080.0,57936998400.0,1.05651146752e+11,0.0,0.0,496718643.200,0.0,13305.800,8737.400,0.542,1.766,87.997,9.650,0.0,0.045,1493155827.689,
0.587,1.782,85.129,12.466,0.0,0.035,497735270.400,2457.600,352017.200,520835698.400,0.0,0.0,13917.200,8765.200,1.200,7.200,0.0,5188472832.0,1462272.0,60425359360.0,1.03164899328e+11,0.0,0.0,497656627.200,2457.600,13909.600,8764.600,0.587,1.787,85.124,12.466,0.0,0.035,1493155832.689,
0.577,1.732,86.123,11.527,0.0,0.040,500047052.800,2457.600,319230.200,528373073.400,0.0,0.0,13497.0,8783.400,1.0,8.0,0.0,5169991680.0,1462272.0,62925500416.0,1.00683239424e+11,0.0,0.0,500151910.400,2457.600,13501.400,8784.800,0.577,1.732,86.124,11.526,0.0,0.040,1493155837.689,
0.587,1.770,88.178,9.409,0.0,0.055,494578892.800,3276.800,369231.0,520326940.0,0.0,0.0,13950.400,8699.800,0.800,7.200,0.0,5164576768.0,1470464.0,65398722560.0,98215424000.0,0.0,0.0,494526464.0,3276.800,13950.800,8698.800,0.587,1.770,88.178,9.409,0.0,0.055,1493155842.689,
0.507,1.610,91.158,6.681,0.0,0.045,461624934.400,2457.600,305407.0,481241052.400,0.0,0.0,12382.200,8029.200,1.0,4.600,0.0,5170667520.0,1478656.0,67706093568.0,95901954048.0,0.0,0.0,461651148.800,2457.600,12382.200,8029.400,0.507,1.605,91.162,6.681,0.0,0.045,1493155847.689,
0.567,1.776,87.239,10.342,0.0,0.075,498825625.600,0.0,414666.800,519663198.800,0.0,0.0,14269.200,8759.600,0.600,7.200,0.0,5187469312.0,1478656.0,70200131584.0,93391114240.0,0.0,0.0,498825625.600,0.0,14270.800,8760.800,0.567,1.786,87.235,10.337,0.0,0.075,1493155852.689,
0.170,0.481,96.876,2.453,0.0,0.020,139981619.200,2457.600,132400.400,158827563.600,0.0,0.0,4414.600,2527.200,0.0,1.600,0.0,5116497920.0,1486848.0,70899179520.0,92763029504.0,0.0,0.0,139693260.800,2457.600,4406.0,2522.800,0.170,0.476,96.886,2.448,0.0,0.020,1493155857.689,
