"Dstat 0.7.2 CSV output"
"Author:","Dag Wieers <dag@wieers.com>",,,,"URL:","http://dag.wieers.com/home-made/dstat/"
"Host:","client0.skyhook-2osds.skyhook-pg0.wisc.cloudlab.us",,,,"User:","jlefevre"
"Cmdline:","dstat -av --epoch --integer --noheaders --output 2osds.dstat-client0.log 5",,,,"Date:","25 Apr 2017 15:01:58 CDT"

"total cpu usage",,,,,,"dsk/total",,"net/total",,"paging",,"system",,"procs",,,"memory usage",,,,"paging",,"dsk/total",,"system",,"total cpu usage",,,,,,"epoch"
"usr","sys","idl","wai","hiq","siq","read","writ","recv","send","in","out","int","csw","run","blk","new","used","buff","cach","free","in","out","read","writ","int","csw","usr","sys","idl","wai","hiq","siq","epoch"


"Host:","client0.skyhook-2osds.skyhook-pg0.wisc.cloudlab.us",,,,"User:","jlefevre"
"Cmdline:","dstat -av --epoch --integer --noheaders --output 2osds.dstat-client0.log 5",,,,"Date:","25 Apr 2017 15:08:47 CDT"

"total cpu usage",,,,,,"dsk/total",,"net/total",,"paging",,"system",,"procs",,,"memory usage",,,,"paging",,"dsk/total",,"system",,"total cpu usage",,,,,,"epoch"
"usr","sys","idl","wai","hiq","siq","read","writ","recv","send","in","out","int","csw","run","blk","new","used","buff","cach","free","in","out","read","writ","int","csw","usr","sys","idl","wai","hiq","siq","epoch"
0.100,0.065,99.770,0.055,0.0,0.010,0.0,9830.400,43941.800,3034.200,0.0,0.0,628.600,6283.800,0.600,0.0,0.600,5473845248.0,218812416.0,1.47280166912e+11,15807369216.0,0.0,0.0,0.0,9830.400,628.600,6283.800,0.100,0.065,99.770,0.055,0.0,0.010,1493169742.604,
6.435,1.751,91.487,0.050,0.0,0.277,0.0,79462.400,745234121.400,620461.800,0.0,0.0,15756.800,24332.200,3.0,0.0,5.200,5624565760.0,218812416.0,1.4728026112e+11,15656554496.0,0.0,0.0,0.0,79462.400,15768.0,24354.800,6.446,1.746,91.481,0.050,0.0,0.277,1493169747.604,
6.733,2.520,90.430,0.060,0.0,0.257,0.0,116326.400,772847753.200,623829.800,0.0,0.0,18320.0,23730.200,3.600,0.0,0.0,5636706304.0,218824704.0,1.47280519168e+11,15644143616.0,0.0,0.0,0.0,116326.400,18322.0,23724.200,6.731,2.529,90.422,0.060,0.0,0.257,1493169752.604,
6.357,2.540,90.631,0.060,0.0,0.412,0.0,113049.600,732438240.400,572385.800,0.0,0.0,16241.0,22999.600,3.0,0.0,0.0,5643993088.0,218836992.0,1.47280748544e+11,15636615168.0,0.0,0.0,0.0,113049.600,16241.600,22995.600,6.362,2.535,90.631,0.060,0.0,0.412,1493169757.604,
6.699,2.781,90.223,0.050,0.0,0.246,0.0,114688.0,806701216.800,646939.0,0.0,0.0,18092.800,24905.600,4.0,0.0,0.0,5658980352.0,218845184.0,1.47280969728e+11,15621398528.0,0.0,0.0,0.0,114688.0,18080.600,24896.0,6.693,2.786,90.224,0.050,0.0,0.246,1493169762.604,
6.974,2.601,90.062,0.075,0.0,0.287,0.0,105676.800,833506700.800,647036.800,0.0,0.0,19161.800,25076.200,4.400,0.0,0.0,5639311360.0,218861568.0,1.472812032e+11,15640817664.0,0.0,0.0,0.0,105676.800,19169.800,25077.400,6.979,2.596,90.062,0.075,0.0,0.287,1493169767.604,
6.937,2.492,90.289,0.040,0.0,0.242,0.0,113049.600,822974888.600,660915.600,0.0,0.0,17422.600,26279.600,4.800,0.0,0.0,5645094912.0,218861568.0,1.47281440768e+11,15634796544.0,0.0,0.0,0.0,113049.600,17416.0,26276.0,6.937,2.492,90.289,0.040,0.0,0.242,1493169772.604,
7.161,2.298,90.133,0.106,0.0,0.302,0.0,122880.0,852327493.0,697368.400,0.0,0.0,17741.400,28451.200,3.600,0.0,4.200,5647302656.0,218869760.0,1.472817152e+11,15632306176.0,0.0,0.0,0.0,122880.0,17747.0,28465.0,7.156,2.303,90.134,0.106,0.0,0.302,1493169777.604,
6.939,2.598,89.811,0.106,0.0,0.548,0.0,130252.800,824655478.0,664566.600,0.0,0.0,18432.400,25095.200,3.600,0.0,1.200,5635473408.0,218882048.0,1.47281956864e+11,15643881472.0,0.0,0.0,0.0,130252.800,18435.0,25089.600,6.934,2.593,89.820,0.106,0.0,0.548,1493169782.604,
6.323,2.693,90.232,0.080,0.0,0.672,0.0,121241.600,727252961.800,602642.0,0.0,0.0,16417.400,21789.800,5.0,0.0,0.0,5641801728.0,218882048.0,1.47282194432e+11,15637315584.0,0.0,0.0,0.0,121241.600,16418.600,21798.800,6.329,2.688,90.231,0.080,0.0,0.672,1493169787.604,
7.496,2.282,89.683,0.171,0.0,0.368,0.0,2482995.200,847357512.0,719621.0,0.0,0.0,18516.0,26004.200,3.800,0.200,0.0,5642162176.0,218902528.0,1.47282792448e+11,15636336640.0,0.0,0.0,0.0,2482995.200,18512.200,26000.0,7.495,2.292,89.669,0.176,0.0,0.368,1493169792.604,
7.115,2.523,89.828,0.146,0.0,0.388,0.0,803635.200,792225048.200,663664.0,0.0,0.0,17627.800,24008.800,4.0,0.0,0.0,5645840384.0,218914816.0,1.47279941632e+11,15635496960.0,0.0,0.0,0.0,803635.200,17625.600,23995.200,7.121,2.518,89.832,0.141,0.0,0.388,1493169797.604,
6.573,2.859,90.080,0.060,0.0,0.427,0.0,106496.0,734506997.600,550314.200,0.0,0.0,15752.400,21829.800,3.800,0.0,0.0,5664329728.0,218914816.0,1.47280183296e+11,15616765952.0,0.0,0.0,0.0,106496.0,15747.600,21830.600,6.562,2.859,90.091,0.060,0.0,0.427,1493169802.604,
7.007,2.523,89.856,0.096,0.0,0.518,0.0,128614.400,807650259.600,670883.600,0.0,0.0,18233.600,25250.200,4.200,0.0,0.0,5662019584.0,218927104.0,1.47280416768e+11,15618830336.0,0.0,0.0,0.0,128614.400,18232.0,25250.200,7.008,2.519,89.860,0.096,0.0,0.518,1493169807.604,
6.914,2.526,90.056,0.055,0.0,0.448,0.0,114688.0,829805873.0,705128.600,0.0,0.0,18904.0,25844.800,4.600,0.0,0.200,5629149184.0,218935296.0,1.47280646144e+11,15651463168.0,0.0,0.0,0.0,114688.0,18915.200,25853.600,6.914,2.526,90.056,0.055,0.0,0.448,1493169812.604,
8.882,1.984,88.571,0.040,0.0,0.524,0.0,116326.400,978654005.400,847972.600,0.0,0.0,20764.200,29745.400,4.200,0.0,0.0,5635334144.0,218939392.0,1.47280896e+11,15645024256.0,0.0,0.0,0.0,116326.400,20762.200,29754.200,8.887,1.984,88.565,0.040,0.0,0.524,1493169817.604,
7.573,2.065,90.040,0.030,0.0,0.292,0.0,117145.600,914158405.0,806141.200,0.0,0.0,20043.800,29653.800,5.0,0.0,0.0,5635035136.0,218955776.0,1.47281145856e+11,15645057024.0,0.0,0.0,0.0,117145.600,20040.400,29645.600,7.577,2.069,90.032,0.030,0.0,0.292,1493169822.604,
7.172,2.536,89.904,0.025,0.0,0.362,0.0,113868.800,826124769.200,668345.400,0.0,0.0,17930.0,26090.400,4.600,0.0,0.0,5645324288.0,218968064.0,1.47281399808e+11,15634501632.0,0.0,0.0,0.0,113868.800,17927.200,26082.400,7.167,2.542,89.899,0.025,0.0,0.367,1493169827.604,
7.084,2.434,90.165,0.040,0.0,0.277,0.0,109772.800,816294314.200,684856.800,0.0,0.0,18681.0,25582.200,3.600,0.0,0.0,5632745472.0,218968064.0,1.47281629184e+11,15646851072.0,0.0,0.0,0.0,109772.800,18688.0,25594.400,7.085,2.429,90.174,0.040,0.0,0.272,1493169832.604,
6.748,2.246,90.613,0.045,0.0,0.347,0.0,119603.200,789985246.200,630757.800,0.0,0.0,17828.0,23403.800,4.0,0.0,0.0,5645807616.0,218976256.0,1.4728187904e+11,15633530880.0,0.0,0.0,0.0,119603.200,17831.0,23399.400,6.753,2.246,90.608,0.045,0.0,0.347,1493169837.604,
8.182,1.938,89.386,0.050,0.0,0.443,0.0,114688.0,948714436.200,795828.800,0.0,0.0,19971.200,29607.600,5.0,0.0,0.0,5647261696.0,218988544.0,1.47282128896e+11,15631814656.0,0.0,0.0,0.0,114688.0,19964.600,29607.200,8.186,1.933,89.387,0.050,0.0,0.443,1493169842.604,
8.427,1.851,89.148,0.020,0.0,0.553,0.0,115507.200,984338632.200,833601.400,0.0,0.0,21158.600,27979.800,4.800,0.0,0.0,5637861376.0,218996736.0,1.4728237056e+11,15640965120.0,0.0,0.0,0.0,115507.200,21157.800,27973.0,8.423,1.852,89.152,0.020,0.0,0.553,1493169847.604,
8.378,1.679,89.114,0.106,0.0,0.724,0.0,2723840.0,1009698585.400,882582.0,0.0,0.0,22513.400,30469.600,4.400,0.0,0.0,5644124160.0,219013120.0,1.47273592832e+11,15643463680.0,0.0,0.0,0.0,2723840.0,22518.0,30471.200,8.373,1.679,89.120,0.106,0.0,0.724,1493169852.604,
8.182,1.952,89.252,0.025,0.0,0.589,0.0,142540.800,966260123.600,826347.800,0.0,0.0,20804.200,29086.600,4.800,0.0,0.0,5646131200.0,219025408.0,1.47273854976e+11,15641182208.0,0.0,0.0,0.0,142540.800,20808.800,29098.600,8.177,1.952,89.257,0.025,0.0,0.589,1493169857.604,
8.323,2.069,89.189,0.071,0.0,0.348,0.0,111411.200,939414719.800,817157.600,0.0,0.0,21035.800,29016.400,3.800,0.0,0.0,5659545600.0,219033600.0,1.4727411712e+11,15627497472.0,0.0,0.0,0.0,111411.200,21024.400,29000.600,8.322,2.074,89.186,0.071,0.0,0.348,1493169862.604,
7.571,2.051,89.909,0.050,0.0,0.418,0.0,115507.200,928251341.0,776352.600,0.0,0.0,20261.200,27081.200,4.0,0.0,0.0,5649162240.0,219033600.0,1.47274375168e+11,15637622784.0,0.0,0.0,0.0,115507.200,20257.800,27081.400,7.572,2.052,89.907,0.050,0.0,0.418,1493169867.604,
8.179,2.023,89.184,0.075,0.0,0.539,0.0,113868.800,905859810.200,776493.200,0.0,0.0,19770.0,27786.0,3.800,0.0,0.0,5639364608.0,219041792.0,1.47274625024e+11,15647162368.0,0.0,0.0,0.0,113868.800,19779.400,27804.200,8.187,2.023,89.176,0.075,0.0,0.538,1493169872.604,
8.597,1.658,89.287,0.071,0.0,0.388,0.0,116326.400,988839264.400,827107.400,0.0,0.0,19726.200,30727.800,4.400,0.0,0.0,5654011904.0,219049984.0,1.4727487488e+11,15632257024.0,0.0,0.0,0.0,116326.400,19717.800,30713.200,8.592,1.653,89.297,0.071,0.0,0.388,1493169877.604,
8.183,1.575,89.658,0.106,0.0,0.478,0.0,113868.800,931315600.0,747693.200,0.0,0.0,18888.400,26497.600,4.0,0.0,0.0,5660147712.0,219054080.0,1.47275132928e+11,15625859072.0,0.0,0.0,0.0,113868.800,18896.600,26496.800,8.182,1.580,89.654,0.106,0.0,0.478,1493169882.604,
8.066,1.993,89.287,0.060,0.0,0.594,0.0,113868.800,927802472.800,780451.400,0.0,0.0,19910.200,27741.600,4.400,0.0,0.0,5648015360.0,219070464.0,1.47275374592e+11,15637733376.0,0.0,0.0,0.0,113868.800,19905.200,27739.600,8.067,1.993,89.286,0.060,0.0,0.594,1493169887.604,
8.117,1.975,89.209,0.070,0.0,0.628,0.0,112230.400,931170381.400,806928.800,0.0,0.0,20817.0,27774.0,4.400,0.0,0.0,5640560640.0,219082752.0,1.47275624448e+11,15644925952.0,0.0,0.0,0.0,112230.400,20828.600,27786.200,8.113,1.975,89.213,0.070,0.0,0.628,1493169892.604,
8.525,1.808,88.898,0.050,0.0,0.718,0.0,117145.600,970737643.400,832238.400,0.0,0.0,20583.800,28735.0,3.200,0.0,0.0,5651025920.0,219095040.0,1.47275890688e+11,15634182144.0,0.0,0.0,0.0,117145.600,20581.0,28733.600,8.528,1.808,88.895,0.050,0.0,0.718,1493169897.604,
8.117,1.780,89.505,0.070,0.0,0.528,0.0,121241.600,981698115.600,873995.600,0.0,0.0,20108.400,29800.600,3.200,0.0,0.0,5650485248.0,219095040.0,1.47276161024e+11,15634452480.0,0.0,0.0,0.0,121241.600,20105.0,29804.600,8.117,1.775,89.509,0.070,0.0,0.528,1493169902.604,
7.791,1.695,89.981,0.080,0.0,0.453,0.0,120422.400,947830337.400,864969.600,0.0,0.0,19656.600,30040.400,3.200,0.0,0.0,5643816960.0,219103232.0,1.47276419072e+11,15640854528.0,0.0,0.0,0.0,120422.400,19658.800,30037.200,7.785,1.705,89.972,0.080,0.0,0.458,1493169907.604,
5.743,1.839,91.941,0.131,0.0,0.347,0.0,647168.0,672806066.400,568616.0,0.0,0.0,14645.200,23524.200,2.600,0.0,1.200,5468975104.0,219119616.0,1.47276541952e+11,15815557120.0,0.0,0.0,0.0,647168.0,14633.400,23511.400,5.738,1.834,91.956,0.131,0.0,0.342,1493169912.604,
