"Dstat 0.7.2 CSV output"
"Author:","Dag Wieers <dag@wieers.com>",,,,"URL:","http://dag.wieers.com/home-made/dstat/"
"Host:","osd0.skyhook-2osds.skyhook-pg0.wisc.cloudlab.us",,,,"User:","jlefevre"
"Cmdline:","dstat -av --epoch --integer --noheaders --output 2osds.dstat-osd0.log 5",,,,"Date:","25 Apr 2017 15:01:59 CDT"

"total cpu usage",,,,,,"dsk/total",,"net/total",,"paging",,"system",,"procs",,,"memory usage",,,,"paging",,"dsk/total",,"system",,"total cpu usage",,,,,,"epoch"
"usr","sys","idl","wai","hiq","siq","read","writ","recv","send","in","out","int","csw","run","blk","new","used","buff","cach","free","in","out","read","writ","int","csw","usr","sys","idl","wai","hiq","siq","epoch"


"Host:","osd0.skyhook-2osds.skyhook-pg0.wisc.cloudlab.us",,,,"User:","jlefevre"
"Cmdline:","dstat -av --epoch --integer --noheaders --output 2osds.dstat-osd0.log 5",,,,"Date:","25 Apr 2017 15:08:52 CDT"

"total cpu usage",,,,,,"dsk/total",,"net/total",,"paging",,"system",,"procs",,,"memory usage",,,,"paging",,"dsk/total",,"system",,"total cpu usage",,,,,,"epoch"
"usr","sys","idl","wai","hiq","siq","read","writ","recv","send","in","out","int","csw","run","blk","new","used","buff","cach","free","in","out","read","writ","int","csw","usr","sys","idl","wai","hiq","siq","epoch"
0.105,1.906,97.689,0.295,0.0,0.005,1418854.400,17203.200,2674.800,22205.200,0.0,0.0,855.400,925.200,0.600,0.200,8.800,4973727744.0,1671168.0,132304896.0,1.63672489984e+11,0.0,0.0,1418854.400,17203.200,854.800,925.200,0.105,1.901,97.694,0.295,0.0,0.005,1493160297.689,
0.015,0.020,99.865,0.100,0.0,0.0,6815744.0,0.0,3122.800,21145.200,0.0,0.0,209.0,288.600,0.200,1.400,0.0,5008482304.0,1671168.0,168419328.0,1.63601620992e+11,0.0,0.0,7077888.0,0.0,211.0,292.0,0.015,0.025,99.855,0.105,0.0,0.0,1493160302.689,
0.506,1.267,88.658,9.549,0.0,0.020,490568908.800,5734.400,20816.800,37566.400,0.0,0.0,4619.200,8236.600,0.400,7.400,0.0,5019172864.0,1687552.0,2620563456.0,1.6113876992e+11,0.0,0.0,490558259.200,5734.400,4619.0,8236.200,0.511,1.267,88.649,9.554,0.0,0.020,1493160307.689,
0.496,1.153,86.513,11.828,0.0,0.010,492067225.600,0.0,22102.0,46760.200,0.0,0.0,4644.800,8268.600,0.600,7.400,0.0,5041377280.0,1687552.0,5080207360.0,1.586569216e+11,0.0,0.0,492104089.600,0.0,4644.800,8269.0,0.491,1.153,86.517,11.828,0.0,0.010,1493160312.689,
0.516,1.237,87.011,11.216,0.0,0.020,487669760.0,2457.600,20467.0,45466.200,0.0,0.0,4612.200,8134.400,1.200,6.600,0.0,5047697408.0,1695744.0,7520681984.0,1.56210118656e+11,0.0,0.0,487659110.400,2457.600,4614.200,8138.400,0.521,1.232,87.002,11.225,0.0,0.020,1493160317.689,
0.517,1.158,86.489,11.825,0.0,0.010,493766246.400,0.0,21830.200,45856.200,0.0,0.0,4731.600,8289.0,1.0,6.600,0.0,5031374848.0,1695744.0,9986985984.0,1.53760137216e+11,0.0,0.0,493766246.400,0.0,4729.600,8284.800,0.517,1.159,86.498,11.817,0.0,0.010,1493160322.689,
0.456,1.167,89.364,8.998,0.0,0.015,469089484.800,4096.0,21305.200,46260.200,0.0,0.0,4383.400,7845.800,0.800,3.400,0.0,4983377920.0,1703936.0,12331106304.0,1.51464005632e+11,0.0,0.0,469047705.600,4096.0,4383.800,7845.400,0.451,1.167,89.374,8.994,0.0,0.015,1493160327.689,
0.461,1.222,88.508,9.799,0.0,0.010,477945036.800,819.200,21365.0,45900.200,0.0,0.0,4460.0,7988.800,0.600,7.400,0.0,5026230272.0,1703936.0,14721167360.0,1.49031092224e+11,0.0,0.0,477945036.800,819.200,4459.0,7988.600,0.461,1.222,88.503,9.804,0.0,0.010,1493160332.689,
0.491,1.218,87.533,10.733,0.0,0.025,487035699.200,2457.600,22446.800,46723.600,0.0,0.0,4613.600,8160.400,0.400,7.400,0.0,5067304960.0,1712128.0,17159028736.0,1.46552147968e+11,0.0,0.0,487140556.800,2457.600,4614.600,8161.400,0.496,1.218,87.521,10.740,0.0,0.025,1493160337.689,
0.561,1.288,88.030,10.096,0.0,0.025,497436262.400,0.0,22117.600,47365.200,0.0,0.0,4744.400,8351.600,0.600,7.600,0.0,5053132800.0,1712128.0,19645890560.0,1.44079458304e+11,0.0,0.0,497357619.200,0.0,4743.600,8350.800,0.556,1.293,88.038,10.088,0.0,0.025,1493160342.689,
0.461,1.002,92.072,6.445,0.0,0.020,430420787.200,2457.600,19331.200,45199.400,0.0,0.0,4027.200,7149.800,0.400,4.400,0.0,5058310144.0,1720320.0,21797044224.0,1.41923119104e+11,0.0,0.0,430478131.200,2457.600,4028.0,7151.0,0.466,0.997,92.074,6.443,0.0,0.020,1493160347.689,
0.491,1.243,89.393,8.848,0.0,0.025,491565056.0,0.0,22592.0,45444.800,0.0,0.0,4635.800,8269.400,1.0,7.600,0.0,5087473664.0,1720320.0,24256065536.0,1.39434934272e+11,0.0,0.0,491575705.600,0.0,4635.600,8269.400,0.486,1.243,89.402,8.843,0.0,0.025,1493160352.689,
0.537,1.173,89.004,9.266,0.0,0.020,487229030.400,2457.600,21837.0,46527.400,0.0,0.0,4597.200,8148.400,0.0,7.600,0.0,5074747392.0,1728512.0,26689146880.0,1.37014571008e+11,0.0,0.0,487134822.400,2457.600,4596.600,8147.400,0.542,1.173,88.993,9.272,0.0,0.020,1493160357.689,
0.531,1.218,89.615,8.616,0.0,0.020,489488384.0,0.0,21424.400,45794.600,0.0,0.0,5180.0,8194.400,0.400,5.800,0.0,5048692736.0,1728512.0,29136846848.0,1.34592925696e+11,0.0,0.0,489540812.800,0.0,5180.400,8195.0,0.526,1.223,89.620,8.611,0.0,0.020,1493160362.689,
0.451,1.078,92.762,5.689,0.0,0.020,453771264.0,4096.0,20532.200,45168.800,0.0,0.0,4235.0,7520.600,1.0,6.200,0.0,5064712192.0,1736704.0,31408553984.0,1.32305190912e+11,0.0,0.0,453771264.0,4096.0,4235.0,7520.200,0.456,1.073,92.757,5.694,0.0,0.020,1493160367.689,
0.506,1.152,90.690,7.636,0.0,0.015,484846796.800,2457.600,21926.0,45661.600,0.0,0.0,4556.600,8123.200,0.0,7.400,0.200,5074063360.0,1744896.0,33831952384.0,1.29872433152e+11,0.0,0.0,484820582.400,2457.600,4557.400,8123.600,0.501,1.158,90.689,7.637,0.0,0.015,1493160372.689,
0.431,1.041,93.171,5.332,0.0,0.025,441697075.200,3276.800,18830.400,44192.800,0.0,0.0,4102.400,7353.400,0.400,4.0,0.0,5042208768.0,1753088.0,36037427200.0,1.27698804736e+11,0.0,0.0,441697075.200,3276.800,4101.400,7353.0,0.436,1.036,93.181,5.322,0.0,0.025,1493160377.689,
0.476,0.928,92.410,6.172,0.0,0.015,439244390.400,2457.600,20659.400,44031.200,0.0,0.0,4142.800,7400.400,1.600,4.800,0.0,5100376064.0,1761280.0,38234394624.0,1.25443661824e+11,0.0,0.0,439270604.800,2457.600,4142.800,7400.400,0.476,0.928,92.399,6.182,0.0,0.015,1493160382.689,
0.461,1.008,92.110,6.411,0.0,0.010,459873484.800,0.0,19741.400,45364.600,0.0,0.0,4290.200,7646.600,0.600,4.800,0.0,5093523456.0,1761280.0,40534827008.0,1.23150082048e+11,0.0,0.0,459873484.800,0.0,4290.200,7646.200,0.456,1.008,92.120,6.406,0.0,0.010,1493160387.689,
0.496,1.132,90.710,7.641,0.0,0.020,491927142.400,2457.600,23308.400,46416.400,0.0,0.0,4618.0,8281.0,0.600,7.600,0.0,5149483008.0,1769472.0,42995228672.0,1.2063371264e+11,0.0,0.0,491927142.400,2457.600,4618.200,8281.400,0.501,1.137,90.696,7.645,0.0,0.020,1493160392.689,
0.546,1.158,92.007,6.274,0.0,0.015,462032896.0,0.0,19593.200,45365.400,0.0,0.0,4336.0,7672.0,1.200,5.200,0.0,5100650496.0,1769472.0,45304709120.0,1.18373064704e+11,0.0,0.0,461985382.400,0.0,4336.0,7671.400,0.541,1.153,92.017,6.274,0.0,0.015,1493160397.689,
0.541,1.208,90.003,8.218,0.0,0.030,486416384.0,4096.0,21970.400,46347.200,0.0,0.0,4640.800,8159.0,0.200,7.200,0.0,5091590144.0,1777664.0,47738814464.0,1.1594801152e+11,0.0,0.0,486463897.600,4096.0,4641.0,8160.0,0.541,1.208,90.002,8.219,0.0,0.030,1493160402.689,
0.552,1.193,88.943,9.286,0.0,0.025,494217625.600,4915.200,21234.600,46087.600,0.0,0.0,4990.400,8285.800,1.0,6.400,0.0,5098020864.0,1785856.0,50209062912.0,1.1347132416e+11,0.0,0.0,494191411.200,4915.200,4990.0,8285.800,0.552,1.193,88.954,9.276,0.0,0.025,1493160407.689,
0.536,1.197,91.486,6.767,0.0,0.015,463065907.200,819.200,20230.0,45972.400,0.0,0.0,4348.800,7694.800,0.400,3.200,0.0,5074857984.0,1785856.0,52522733568.0,1.11180816384e+11,0.0,0.0,462803763.200,819.200,4347.200,7691.200,0.536,1.197,91.486,6.766,0.0,0.015,1493160412.689,
0.496,1.147,91.929,6.407,0.0,0.020,449001062.400,2457.600,21501.400,44191.0,0.0,0.0,4241.0,7462.600,1.0,6.0,0.0,5141463040.0,1794048.0,54770597888.0,1.08866338816e+11,0.0,0.0,449304985.600,2457.600,4243.0,7465.600,0.496,1.152,91.919,6.413,0.0,0.020,1493160417.689,
0.522,1.214,90.542,7.697,0.0,0.025,496911974.400,0.0,21867.0,46834.600,0.0,0.0,4682.0,8354.400,1.400,6.200,0.0,5163180032.0,1794048.0,57254899712.0,1.0636032e+11,0.0,0.0,496922624.0,0.0,4682.200,8355.400,0.532,1.214,90.536,7.692,0.0,0.025,1493160422.689,
0.581,1.338,88.409,9.652,0.0,0.020,499953664.0,2457.600,21875.200,46239.800,0.0,0.0,4729.0,8394.600,0.600,8.200,0.0,5191811072.0,1802240.0,59755556864.0,1.03831023616e+11,0.0,0.0,499953664.0,2457.600,4728.600,8394.0,0.571,1.338,88.414,9.657,0.0,0.020,1493160427.689,
0.591,1.293,89.334,8.751,0.0,0.030,500890828.800,0.0,22030.800,47589.800,0.0,0.0,4793.0,8431.0,1.0,7.800,0.0,5145542656.0,1802240.0,62258679808.0,1.01374169088e+11,0.0,0.0,500864614.400,0.0,4793.0,8430.800,0.591,1.288,89.333,8.757,0.0,0.030,1493160432.689,
0.551,1.263,90.289,7.881,0.0,0.015,496718643.200,3276.800,21326.600,45947.400,0.0,0.0,4680.400,8335.400,0.400,7.400,0.0,5183885312.0,1810432.0,64741728256.0,98852769792.0,0.0,0.0,496718643.200,3276.800,4680.400,8335.600,0.551,1.268,90.290,7.875,0.0,0.015,1493160437.689,
0.551,1.252,90.492,7.685,0.0,0.020,476486860.800,4915.200,20737.400,45967.600,0.0,0.0,4482.200,7969.600,0.800,6.200,0.0,5159129088.0,1818624.0,67122679808.0,96496566272.0,0.0,0.0,476502425.600,4915.200,4482.200,7969.200,0.551,1.252,90.497,7.679,0.0,0.020,1493160442.689,
0.587,1.283,88.956,9.164,0.0,0.010,499847168.0,0.0,21751.600,46420.0,0.0,0.0,5007.400,8396.600,0.200,8.0,0.200,5157220352.0,1818624.0,69623599104.0,93997555712.0,0.0,0.0,499831603.200,0.0,5007.600,8397.200,0.587,1.279,88.950,9.175,0.0,0.010,1493160447.689,
0.285,0.716,94.821,4.163,0.0,0.015,255333990.400,2457.600,11213.600,39157.0,0.0,0.0,2462.200,4308.0,0.400,2.800,0.0,5118394368.0,1826816.0,70899331072.0,92760641536.0,0.0,0.0,255045632.0,2457.600,2460.400,4304.400,0.285,0.716,94.831,4.154,0.0,0.015,1493160452.689,
