"Dstat 0.7.2 CSV output"
"Author:","Dag Wieers <dag@wieers.com>",,,,"URL:","http://dag.wieers.com/home-made/dstat/"
"Host:","osd1.skyhook-2osds.skyhook-pg0.wisc.cloudlab.us",,,,"User:","jlefevre"
"Cmdline:","dstat -av --epoch --integer --noheaders --output 2osds.dstat-osd1.log 5",,,,"Date:","25 Apr 2017 15:02:01 CDT"

"total cpu usage",,,,,,"dsk/total",,"net/total",,"paging",,"system",,"procs",,,"memory usage",,,,"paging",,"dsk/total",,"system",,"total cpu usage",,,,,,"epoch"
"usr","sys","idl","wai","hiq","siq","read","writ","recv","send","in","out","int","csw","run","blk","new","used","buff","cach","free","in","out","read","writ","int","csw","usr","sys","idl","wai","hiq","siq","epoch"


"Host:","osd1.skyhook-2osds.skyhook-pg0.wisc.cloudlab.us",,,,"User:","jlefevre"
"Cmdline:","dstat -av --epoch --integer --noheaders --output 2osds.dstat-osd1.log 5",,,,"Date:","25 Apr 2017 15:08:55 CDT"

"total cpu usage",,,,,,"dsk/total",,"net/total",,"paging",,"system",,"procs",,,"memory usage",,,,"paging",,"dsk/total",,"system",,"total cpu usage",,,,,,"epoch"
"usr","sys","idl","wai","hiq","siq","read","writ","recv","send","in","out","int","csw","run","blk","new","used","buff","cach","free","in","out","read","writ","int","csw","usr","sys","idl","wai","hiq","siq","epoch"
0.015,0.0,99.980,0.005,0.0,0.0,0.0,2457.600,2483.800,29317.800,0.0,0.0,130.0,116.200,0.0,0.0,0.0,5175791616.0,1540096.0,70391898112.0,93210963968.0,0.0,0.0,0.0,2457.600,129.800,115.800,0.010,0.0,99.985,0.005,0.0,0.0,1493156200.535,
0.110,0.240,99.650,0.0,0.0,0.0,0.0,0.0,65118.400,71050092.0,0.0,0.0,1300.600,347.200,0.200,0.0,0.0,5336973312.0,1540096.0,70391898112.0,93049782272.0,0.0,0.0,0.0,0.0,1300.800,347.600,0.115,0.240,99.645,0.0,0.0,0.0,1493156205.535,
0.390,1.071,98.483,0.005,0.0,0.050,0.0,2457.600,342422.200,403519291.800,0.0,0.0,7841.400,1192.600,0.400,0.0,0.0,5222588416.0,1548288.0,70391898112.0,93164158976.0,0.0,0.0,0.0,2457.600,7850.400,1192.400,0.385,1.071,98.488,0.005,0.0,0.050,1493156210.535,
0.285,0.836,98.864,0.0,0.0,0.015,0.0,0.0,218078.200,288146495.200,0.0,0.0,5591.800,954.0,0.200,0.0,0.0,5263179776.0,1548288.0,70391898112.0,93123567616.0,0.0,0.0,0.0,0.0,5583.0,954.200,0.285,0.836,98.864,0.0,0.0,0.015,1493156215.535,
0.280,0.876,98.808,0.010,0.0,0.025,0.0,4096.0,261920.400,307220589.800,0.0,0.0,6387.200,984.200,0.400,0.0,0.0,5232607232.0,1556480.0,70391898112.0,93154131968.0,0.0,0.0,0.0,4096.0,6391.800,984.400,0.280,0.876,98.808,0.010,0.0,0.025,1493156220.535,
0.310,0.935,98.729,0.005,0.0,0.020,0.0,4915.200,175260.0,287780567.200,0.0,0.0,5032.600,987.800,0.800,0.0,0.0,5382221824.0,1564672.0,70391898112.0,93004509184.0,0.0,0.0,0.0,4915.200,5033.600,987.600,0.310,0.935,98.729,0.005,0.0,0.020,1493156225.535,
0.320,1.036,98.599,0.0,0.0,0.045,0.0,0.0,334830.0,364902612.600,0.0,0.0,7820.0,1115.200,0.800,0.0,0.0,5247557632.0,1564672.0,70391898112.0,93139173376.0,0.0,0.0,0.0,0.0,7814.0,1114.800,0.325,1.036,98.594,0.0,0.0,0.045,1493156230.535,
0.381,1.106,98.483,0.005,0.0,0.025,0.0,2457.600,304360.600,364756083.600,0.0,0.0,7574.600,1205.800,0.400,0.0,0.0,5430525952.0,1572864.0,70391898112.0,92956196864.0,0.0,0.0,0.0,2457.600,7576.0,1205.800,0.376,1.107,98.488,0.005,0.0,0.025,1493156235.535,
0.526,1.418,98.011,0.0,0.0,0.045,0.0,0.0,449371.200,522608011.0,0.0,0.0,12258.200,1527.800,0.800,0.0,0.0,5417115648.0,1572864.0,70391898112.0,92969607168.0,0.0,0.0,0.0,0.0,12258.400,1529.400,0.531,1.418,98.006,0.0,0.0,0.045,1493156240.535,
0.456,1.327,98.142,0.010,0.0,0.065,0.0,2457.600,449842.800,509499743.600,0.0,0.0,9191.600,1492.0,1.0,0.0,0.0,5449224192.0,1581056.0,70391898112.0,92937490432.0,0.0,0.0,0.0,2457.600,9195.0,1490.800,0.451,1.327,98.147,0.010,0.0,0.065,1493156245.535,
0.270,0.845,98.849,0.0,0.0,0.035,25395.200,0.0,246556.200,329891671.600,0.0,0.0,4818.200,995.0,0.0,0.0,0.200,5234876416.0,1581056.0,70392025088.0,93151711232.0,0.0,0.0,25395.200,0.0,4815.0,994.600,0.270,0.845,98.849,0.0,0.0,0.035,1493156250.535,
0.305,0.971,98.699,0.0,0.0,0.025,819.200,3276.800,250436.200,333012416.200,0.0,0.0,5108.0,1053.800,1.0,0.0,0.200,5262200832.0,1589248.0,70392029184.0,93124374528.0,0.0,0.0,819.200,3276.800,5112.0,1054.400,0.305,0.971,98.699,0.0,0.0,0.025,1493156255.535,
0.566,1.613,97.765,0.020,0.0,0.035,0.0,8192.0,479127.600,552753838.600,0.0,0.0,11170.0,1636.800,1.0,0.0,0.0,5428514816.0,1605632.0,70392029184.0,92958044160.0,0.0,0.0,0.0,8192.0,11164.600,1636.600,0.571,1.613,97.760,0.020,0.0,0.035,1493156260.535,
0.541,1.513,97.886,0.0,0.0,0.060,0.0,0.0,542614.200,586989958.0,0.0,0.0,13368.0,1627.600,0.400,0.0,0.0,5368770560.0,1605632.0,70392029184.0,93017788416.0,0.0,0.0,0.0,0.0,13368.0,1627.600,0.541,1.513,97.886,0.0,0.0,0.060,1493156265.535,
0.551,1.613,97.781,0.010,0.0,0.045,0.0,2457.600,530770.600,608142133.0,0.0,0.0,13082.600,1683.800,0.800,0.0,0.0,5334077440.0,1613824.0,70392029184.0,93052473344.0,0.0,0.0,0.0,2457.600,13088.200,1684.0,0.551,1.613,97.781,0.010,0.0,0.045,1493156270.535,
0.611,1.634,97.730,0.0,0.0,0.025,0.0,0.0,569649.200,611871136.0,0.0,0.0,14476.600,1827.600,0.400,0.0,0.0,5453524992.0,1613824.0,70392033280.0,92933021696.0,0.0,0.0,0.0,0.0,14478.0,1827.200,0.611,1.634,97.730,0.0,0.0,0.025,1493156275.535,
0.551,1.618,97.771,0.005,0.0,0.055,0.0,2457.600,542779.0,605316214.600,0.0,0.0,13867.800,1674.200,1.0,0.0,0.0,5408796672.0,1622016.0,70392033280.0,92977741824.0,0.0,0.0,0.0,2457.600,13861.0,1674.600,0.551,1.618,97.771,0.005,0.0,0.055,1493156280.535,
0.607,1.719,97.634,0.0,0.0,0.040,0.0,0.0,601601.200,615743892.800,0.0,0.0,13640.800,1755.600,0.800,0.0,0.0,5467500544.0,1622016.0,70392033280.0,92919037952.0,0.0,0.0,0.0,0.0,13648.200,1755.400,0.606,1.724,97.629,0.0,0.0,0.040,1493156285.535,
0.551,1.589,97.834,0.005,0.0,0.020,0.0,4096.0,556925.200,607802589.800,0.0,0.0,12949.600,1674.800,1.400,0.0,0.0,5295345664.0,1630208.0,70392033280.0,93091184640.0,0.0,0.0,0.0,4096.0,12945.400,1675.200,0.551,1.589,97.834,0.005,0.0,0.020,1493156290.535,
0.551,1.623,97.761,0.010,0.0,0.055,0.0,5734.400,482612.600,560024225.200,0.0,0.0,12127.600,1618.200,0.800,0.0,0.0,5464440832.0,1638400.0,70392033280.0,92922081280.0,0.0,0.0,0.0,5734.400,12131.0,1617.800,0.546,1.618,97.771,0.010,0.0,0.055,1493156295.535,
0.521,1.588,97.866,0.0,0.0,0.025,0.0,0.0,497967.200,560915287.400,0.0,0.0,13345.0,1561.200,0.800,0.0,0.0,5408993280.0,1638400.0,70392033280.0,92977528832.0,0.0,0.0,0.0,0.0,13337.800,1560.800,0.526,1.588,97.861,0.0,0.0,0.025,1493156300.535,
0.601,1.722,97.622,0.005,0.0,0.050,0.0,2457.600,506348.800,606780215.200,0.0,0.0,13244.0,1740.200,1.0,0.0,0.0,5395251200.0,1646592.0,70392033280.0,92991262720.0,0.0,0.0,0.0,2457.600,13252.0,1741.0,0.601,1.722,97.622,0.005,0.0,0.050,1493156305.535,
0.546,1.648,97.761,0.0,0.0,0.045,0.0,0.0,530206.600,578663307.0,0.0,0.0,13511.400,1684.800,1.400,0.0,0.0,5466079232.0,1646592.0,70392033280.0,92920434688.0,0.0,0.0,0.0,0.0,13511.600,1686.400,0.541,1.648,97.765,0.0,0.0,0.045,1493156310.535,
0.642,1.609,97.720,0.005,0.0,0.025,0.0,2457.600,522931.400,612457510.0,0.0,0.0,13720.600,1798.200,1.0,0.0,0.0,5470334976.0,1654784.0,70392033280.0,92916170752.0,0.0,0.0,0.0,2457.600,13719.600,1796.400,0.642,1.609,97.720,0.005,0.0,0.025,1493156315.535,
0.581,1.658,97.721,0.0,0.0,0.040,0.0,0.0,567346.200,613002162.600,0.0,0.0,13005.800,1711.400,0.800,0.0,0.0,5464969216.0,1654784.0,70392033280.0,92921536512.0,0.0,0.0,0.0,0.0,13005.600,1713.600,0.581,1.658,97.721,0.0,0.0,0.040,1493156320.535,
0.521,1.452,97.982,0.010,0.0,0.035,0.0,3276.800,516763.0,568869380.600,0.0,0.0,12953.400,1532.200,1.200,0.0,0.0,5236826112.0,1662976.0,70392033280.0,93149671424.0,0.0,0.0,0.0,3276.800,12956.0,1530.200,0.521,1.457,97.972,0.010,0.0,0.040,1493156325.535,
0.491,1.338,98.121,0.005,0.0,0.045,0.0,4915.200,422105.200,516242588.200,0.0,0.0,11276.0,1483.400,0.800,0.0,0.0,5210812416.0,1671168.0,70392033280.0,93175676928.0,0.0,0.0,0.0,4915.200,11274.600,1483.200,0.491,1.333,98.131,0.005,0.0,0.040,1493156330.535,
0.501,1.468,97.996,0.0,0.0,0.035,0.0,0.0,490961.400,546563002.0,0.0,0.0,11723.0,1526.0,0.800,0.0,0.0,5197926400.0,1671168.0,70392033280.0,93188562944.0,0.0,0.0,0.0,0.0,11718.400,1525.800,0.506,1.468,97.991,0.0,0.0,0.035,1493156335.535,
0.611,1.578,97.780,0.005,0.0,0.025,0.0,2457.600,483392.400,576339131.600,0.0,0.0,12523.200,1636.600,0.800,0.0,0.0,5350686720.0,1679360.0,70392033280.0,93035794432.0,0.0,0.0,0.0,2457.600,12525.800,1636.800,0.606,1.578,97.785,0.005,0.0,0.025,1493156340.535,
0.511,1.537,97.897,0.0,0.0,0.055,0.0,0.0,491183.600,576522414.200,0.0,0.0,11972.800,1551.200,0.800,0.0,0.0,5181202432.0,1679360.0,70392033280.0,93205278720.0,0.0,0.0,0.0,0.0,11967.400,1552.400,0.516,1.537,97.892,0.0,0.0,0.055,1493156345.535,
0.375,1.106,98.473,0.010,0.0,0.035,0.0,2457.600,371736.600,403990339.400,0.0,0.0,9134.600,1187.0,0.400,0.0,0.0,5179400192.0,1687552.0,70392033280.0,93207072768.0,0.0,0.0,0.0,2457.600,9133.800,1185.200,0.370,1.106,98.478,0.010,0.0,0.035,1493156350.535,
