"Dstat 0.7.2 CSV output"
"Author:","Dag Wieers <dag@wieers.com>",,,,"URL:","http://dag.wieers.com/home-made/dstat/"
"Host:","osd0.skyhook-2osds.skyhook-pg0.wisc.cloudlab.us",,,,"User:","jlefevre"
"Cmdline:","dstat -av --epoch --integer --noheaders --output 2osds.dstat-osd0.log 5",,,,"Date:","25 Apr 2017 15:01:59 CDT"

"total cpu usage",,,,,,"dsk/total",,"net/total",,"paging",,"system",,"procs",,,"memory usage",,,,"paging",,"dsk/total",,"system",,"total cpu usage",,,,,,"epoch"
"usr","sys","idl","wai","hiq","siq","read","writ","recv","send","in","out","int","csw","run","blk","new","used","buff","cach","free","in","out","read","writ","int","csw","usr","sys","idl","wai","hiq","siq","epoch"


"Host:","osd0.skyhook-2osds.skyhook-pg0.wisc.cloudlab.us",,,,"User:","jlefevre"
"Cmdline:","dstat -av --epoch --integer --noheaders --output 2osds.dstat-osd0.log 5",,,,"Date:","25 Apr 2017 15:08:52 CDT"

"total cpu usage",,,,,,"dsk/total",,"net/total",,"paging",,"system",,"procs",,,"memory usage",,,,"paging",,"dsk/total",,"system",,"total cpu usage",,,,,,"epoch"
"usr","sys","idl","wai","hiq","siq","read","writ","recv","send","in","out","int","csw","run","blk","new","used","buff","cach","free","in","out","read","writ","int","csw","usr","sys","idl","wai","hiq","siq","epoch"
0.125,1.956,97.719,0.195,0.0,0.005,1416396.800,16384.0,4247.600,23391.0,0.0,0.0,939.0,994.200,0.800,0.0,9.400,4972699648.0,1486848.0,132521984.0,1.63673485312e+11,0.0,0.0,1416396.800,13107.200,939.0,994.200,0.120,1.956,97.729,0.190,0.0,0.005,1493158802.689,
0.015,0.045,99.770,0.170,0.0,0.0,16279142.400,0.0,2644.200,20882.200,0.0,0.0,271.600,403.200,0.200,1.200,0.0,5052198912.0,1486848.0,214122496.0,1.63512385536e+11,0.0,0.0,16619929.600,0.0,273.400,406.600,0.015,0.050,99.760,0.175,0.0,0.0,1493158807.689,
0.260,0.846,97.677,1.187,0.0,0.030,250526105.600,5734.400,87006.0,227541974.800,0.0,0.0,5321.0,4327.0,0.800,0.200,0.0,5213179904.0,1503232.0,1464565760.0,1.62100944896e+11,0.0,0.0,250473676.800,5734.400,5326.600,4327.0,0.265,0.846,97.677,1.182,0.0,0.030,1493158812.689,
0.280,0.811,97.968,0.916,0.0,0.025,239017164.800,0.0,82446.200,239914077.800,0.0,0.0,5268.200,4146.600,0.400,0.800,0.200,5271302144.0,1503232.0,2659856384.0,1.60847532032e+11,0.0,0.0,238938521.600,0.0,5264.200,4146.0,0.275,0.806,97.977,0.916,0.0,0.025,1493158817.689,
0.281,0.787,97.986,0.942,0.0,0.005,244441088.0,2457.600,110112.200,276118320.0,0.0,0.0,5948.800,4280.400,0.800,0.600,0.200,5168984064.0,1511424.0,3882037248.0,1.59727661056e+11,0.0,0.0,244283801.600,2457.600,5952.200,4282.200,0.281,0.787,97.986,0.942,0.0,0.005,1493158822.689,
0.296,0.882,97.861,0.937,0.0,0.025,270768537.600,3276.800,118048.0,264045941.400,0.0,0.0,6099.0,4672.600,0.400,0.600,0.200,5269917696.0,1519616.0,5237833728.0,1.58270922752e+11,0.0,0.0,270716108.800,3276.800,6097.600,4670.0,0.296,0.882,97.861,0.937,0.0,0.025,1493158827.689,
0.271,0.781,97.936,0.992,0.0,0.020,236922470.400,4096.0,117473.600,262874011.600,0.0,0.0,5750.600,4124.600,0.0,0.600,0.0,5201985536.0,1527808.0,6419107840.0,1.57157572608e+11,0.0,0.0,236922470.400,4096.0,5745.200,4122.600,0.276,0.781,97.931,0.992,0.0,0.020,1493158832.689,
0.286,0.832,97.921,0.942,0.0,0.020,258186444.800,4096.0,137917.0,276721182.200,0.0,0.0,6286.400,4492.400,0.600,0.600,0.200,5169737728.0,1536000.0,7711105024.0,1.5589781504e+11,0.0,0.0,258369945.600,4096.0,6288.400,4494.200,0.281,0.832,97.926,0.942,0.0,0.020,1493158837.689,
0.321,0.952,97.821,0.892,0.0,0.015,279914905.600,5734.400,157466.200,281106021.200,0.0,0.0,6798.0,4839.800,0.400,1.200,0.0,5217775616.0,1552384.0,9112821760.0,1.54448044032e+11,0.0,0.0,279941120.0,5734.400,6802.600,4841.0,0.321,0.952,97.821,0.892,0.0,0.015,1493158842.689,
0.286,0.882,97.816,1.002,0.0,0.015,259617587.200,0.0,179366.600,291913022.600,0.0,0.0,6959.800,4534.400,0.400,0.800,0.0,5124509696.0,1552384.0,10408488960.0,1.53245642752e+11,0.0,0.0,259617587.200,0.0,6955.400,4534.0,0.286,0.882,97.816,1.002,0.0,0.015,1493158847.689,
0.290,1.062,97.155,1.467,0.0,0.025,307922534.400,2457.600,245801.800,321409430.400,0.0,0.0,8525.200,5317.200,0.200,0.200,0.0,5124632576.0,1560576.0,11949592576.0,1.51704408064e+11,0.0,0.0,307712819.200,2457.600,8526.0,5315.0,0.290,1.062,97.155,1.467,0.0,0.025,1493158852.689,
0.266,0.787,97.810,1.123,0.0,0.015,257609728.0,0.0,129951.0,282089359.400,0.0,0.0,6225.600,4479.0,1.200,1.200,0.0,5079150592.0,1560576.0,13237342208.0,1.50462140416e+11,0.0,0.0,257793228.800,0.0,6229.400,4481.400,0.266,0.792,97.805,1.123,0.0,0.015,1493158857.689,
0.316,0.897,97.469,1.293,0.0,0.025,285762355.200,2457.600,154555.600,284063060.800,0.0,0.0,6804.0,4949.0,0.0,1.0,0.0,5140496384.0,1568768.0,14666825728.0,1.48971302912e+11,0.0,0.0,285788569.600,2457.600,6798.400,4948.600,0.316,0.892,97.474,1.293,0.0,0.025,1493158862.689,
0.331,0.997,97.113,1.524,0.0,0.035,316882124.800,819.200,186578.800,304455835.400,0.0,0.0,7468.400,5455.600,0.600,1.0,0.0,5272526848.0,1568768.0,16250228736.0,1.4725586944e+11,0.0,0.0,316672409.600,819.200,7467.200,5453.400,0.331,0.997,97.113,1.524,0.0,0.035,1493158867.689,
0.326,0.947,97.264,1.433,0.0,0.030,294433587.200,4096.0,206843.0,319810641.600,0.0,0.0,6769.600,5099.0,0.200,0.800,0.0,5228859392.0,1576960.0,17723432960.0,1.4582632448e+11,0.0,0.0,294643302.400,4096.0,6771.0,5101.600,0.326,0.952,97.259,1.433,0.0,0.030,1493158872.689,
0.406,1.223,95.434,2.912,0.0,0.025,357810995.200,0.0,278489.0,380631973.0,0.0,0.0,9813.0,6234.0,0.600,1.800,0.0,5206880256.0,1576960.0,19512135680.0,1.44059600896e+11,0.0,0.0,357784780.800,0.0,9812.600,6233.600,0.411,1.218,95.434,2.912,0.0,0.025,1493158877.689,
0.336,1.022,96.732,1.884,0.0,0.025,307786547.200,4915.200,273184.800,353327167.400,0.0,0.0,9466.0,5369.200,0.600,2.400,0.0,5058342912.0,1585152.0,21052198912.0,1.42668066816e+11,0.0,0.0,307812761.600,4915.200,9468.200,5369.800,0.336,1.022,96.727,1.889,0.0,0.025,1493158882.689,
0.346,0.977,96.729,1.928,0.0,0.020,290816000.0,0.0,234190.400,301741656.800,0.0,0.0,8163.0,5053.400,0.600,1.200,0.0,5073154048.0,1585152.0,22504148992.0,1.412013056e+11,0.0,0.0,290789785.600,0.0,8165.600,5054.0,0.341,0.977,96.739,1.923,0.0,0.020,1493158887.689,
0.331,0.983,96.940,1.716,0.0,0.030,315791769.600,2457.600,199169.600,306862016.400,0.0,0.0,7899.200,5433.600,0.200,2.0,0.0,5176815616.0,1593344.0,24083333120.0,1.39518451712e+11,0.0,0.0,315791769.600,2457.600,7895.0,5432.200,0.331,0.983,96.939,1.716,0.0,0.030,1493158892.689,
0.331,0.937,97.649,1.058,0.0,0.025,294894796.800,0.0,184617.600,302383187.0,0.0,0.0,7658.400,5065.400,0.800,0.800,0.0,5214130176.0,1593344.0,25557676032.0,1.3800679424e+11,0.0,0.0,294711296.0,0.0,7656.800,5063.200,0.336,0.942,97.640,1.057,0.0,0.025,1493158897.689,
0.331,1.057,97.345,1.247,0.0,0.020,297857024.0,2457.600,206877.200,311734119.600,0.0,0.0,7929.600,5194.400,0.600,1.0,0.0,5214355456.0,1601536.0,27049005056.0,1.36515231744e+11,0.0,0.0,298066739.200,2457.600,7930.800,5195.600,0.326,1.052,97.354,1.248,0.0,0.020,1493158902.689,
0.371,1.163,96.737,1.714,0.0,0.015,334932377.600,819.200,300595.0,365574043.400,0.0,0.0,10422.200,5830.200,0.600,1.600,0.0,5146046464.0,1601536.0,28722307072.0,1.3491023872e+11,0.0,0.0,334932377.600,819.200,10422.200,5831.600,0.371,1.163,96.742,1.709,0.0,0.015,1493158907.689,
0.336,0.997,97.434,1.208,0.0,0.025,297977446.400,5734.400,236003.600,329493117.200,0.0,0.0,8643.600,5175.200,0.200,0.400,0.0,5057138688.0,1609728.0,30212009984.0,1.33509435392e+11,0.0,0.0,297767731.200,5734.400,8650.0,5173.200,0.336,0.997,97.429,1.213,0.0,0.025,1493158912.689,
0.271,0.842,97.906,0.967,0.0,0.015,267948032.0,0.0,190990.200,264485823.400,0.0,0.0,7078.600,4676.400,0.0,0.200,0.0,5146783744.0,1609728.0,31549628416.0,1.32082171904e+11,0.0,0.0,267948032.0,0.0,7071.800,4675.800,0.271,0.842,97.905,0.967,0.0,0.015,1493158917.689,
0.316,0.887,97.283,1.494,0.0,0.020,310255616.0,2457.600,217488.800,320227193.600,0.0,0.0,8493.800,5424.600,0.800,1.200,0.0,5163216896.0,1617920.0,33101824000.0,1.30513534976e+11,0.0,0.0,310255616.0,2457.600,8495.600,5424.600,0.316,0.887,97.283,1.494,0.0,0.020,1493158922.689,
0.271,0.827,97.774,1.118,0.0,0.010,282050560.0,0.0,188181.800,304679850.200,0.0,0.0,7529.0,4925.0,0.400,0.400,0.0,5124206592.0,1617920.0,34512355328.0,1.29142013952e+11,0.0,0.0,282050560.0,0.0,7526.400,4925.0,0.271,0.827,97.774,1.118,0.0,0.010,1493158927.689,
0.271,0.847,97.756,1.112,0.0,0.015,273903616.0,2457.600,221108.0,302417760.0,0.0,0.0,8099.800,4852.0,0.0,0.600,0.0,5043298304.0,1626112.0,35884318720.0,1.27850950656e+11,0.0,0.0,274087116.800,2457.600,8101.200,4854.400,0.271,0.852,97.750,1.112,0.0,0.015,1493158932.689,
0.311,0.923,96.786,1.970,0.0,0.010,317967564.800,0.0,254884.0,302178279.0,0.0,0.0,8877.400,5526.400,0.600,1.400,0.0,5200707584.0,1626112.0,37471215616.0,1.2610664448e+11,0.0,0.0,317967564.800,0.0,8877.600,5526.0,0.311,0.922,96.786,1.970,0.0,0.010,1493158937.689,
0.311,0.998,96.927,1.754,0.0,0.010,329328230.400,4096.0,224969.0,323307162.0,0.0,0.0,8988.600,5725.0,0.200,2.600,0.0,5298978816.0,1634304.0,39118766080.0,1.24360814592e+11,0.0,0.0,329354444.800,4096.0,8988.400,5725.800,0.311,0.993,96.932,1.754,0.0,0.010,1493158942.689,
0.266,0.762,98.115,0.842,0.0,0.015,254976819.200,4915.200,210771.200,311887634.400,0.0,0.0,7815.600,4515.600,0.200,0.800,0.200,5081628672.0,1642496.0,40391577600.0,1.23305345024e+11,0.0,0.0,254767104.0,4915.200,7814.200,4512.800,0.271,0.762,98.110,0.842,0.0,0.015,1493158947.689,
0.346,1.017,97.495,1.122,0.0,0.020,304614604.800,0.0,180265.400,300228741.800,0.0,0.0,7598.0,5289.800,1.400,0.800,0.0,5184692224.0,1642496.0,41915719680.0,1.21678139392e+11,0.0,0.0,304614604.800,0.0,7601.600,5290.200,0.341,1.017,97.500,1.122,0.0,0.020,1493158952.689,
0.341,1.002,97.580,1.052,0.0,0.025,296347238.400,5734.400,211781.200,313612280.600,0.0,0.0,8182.0,5159.0,0.600,1.600,0.0,5162647552.0,1650688.0,43399815168.0,1.20216080384e+11,0.0,0.0,296609382.400,5734.400,8186.600,5162.800,0.341,1.002,97.580,1.052,0.0,0.025,1493158957.689,
0.280,0.951,97.882,0.861,0.0,0.025,262112870.400,0.0,201402.0,287637423.400,0.0,0.0,7598.0,4563.0,0.600,0.600,0.0,5105786880.0,1650688.0,44707885056.0,1.18964871168e+11,0.0,0.0,261850726.400,0.0,7592.0,4559.600,0.285,0.952,97.876,0.861,0.0,0.025,1493158962.689,
0.361,1.102,96.898,1.608,0.0,0.030,321537638.400,2457.600,227651.800,327494801.400,0.0,0.0,8825.800,5532.200,1.0,1.200,0.0,5151043584.0,1658880.0,46317056000.0,1.17310435328e+11,0.0,0.0,321537638.400,2457.600,8825.800,5531.400,0.356,1.102,96.904,1.608,0.0,0.030,1493158967.689,
0.376,1.253,95.765,2.561,0.0,0.045,356972953.600,0.0,268066.800,363112198.0,0.0,0.0,8998.600,6168.200,0.200,2.200,0.0,5211422720.0,1658880.0,48103731200.0,1.15463380992e+11,0.0,0.0,357261312.0,0.0,9003.0,6171.400,0.376,1.253,95.761,2.566,0.0,0.045,1493158972.689,
0.492,1.314,94.758,3.391,0.0,0.045,404783923.200,3276.800,334215.200,417005528.200,0.0,0.0,9842.800,6985.800,0.600,2.200,0.0,5237669888.0,1667072.0,50125697024.0,1.13415159808e+11,0.0,0.0,404705280.0,3276.800,9842.0,6984.800,0.492,1.319,94.758,3.386,0.0,0.045,1493158977.689,
0.386,1.173,96.691,1.720,0.0,0.030,345517260.800,2457.600,308130.0,374530642.400,0.0,0.0,8370.400,5978.600,0.400,2.0,0.0,5175656448.0,1675264.0,51855462400.0,1.1174739968e+11,0.0,0.0,345543475.200,2457.600,8366.400,5979.200,0.386,1.168,96.691,1.725,0.0,0.030,1493158982.689,
0.381,1.172,96.854,1.558,0.0,0.035,336112025.600,0.0,275857.600,360691035.400,0.0,0.0,8279.0,5800.800,0.600,1.800,0.0,5139619840.0,1675264.0,53534789632.0,1.10104109056e+11,0.0,0.0,336138240.0,0.0,8284.0,5800.800,0.381,1.177,96.853,1.553,0.0,0.035,1493158987.689,
0.502,1.404,94.704,3.350,0.0,0.040,421843763.200,2457.600,302276.600,395437343.600,0.0,0.0,9314.0,7270.200,0.800,3.200,0.0,5363294208.0,1683456.0,55644114944.0,1.07771101184e+11,0.0,0.0,421791334.400,2457.600,9310.800,7270.200,0.501,1.399,94.710,3.350,0.0,0.040,1493158992.689,
0.471,1.228,95.568,2.667,0.0,0.065,381911040.0,0.0,272853.600,410984394.600,0.0,0.0,8803.0,6631.600,0.600,2.800,0.0,5303783424.0,1683456.0,57553391616.0,1.05921335296e+11,0.0,0.0,381884825.600,0.0,8800.600,6630.400,0.471,1.229,95.567,2.668,0.0,0.065,1493158997.689,
0.446,1.244,95.470,2.794,0.0,0.045,385198489.600,3276.800,310196.800,400743222.400,0.0,0.0,8825.0,6712.400,0.600,1.800,0.0,5329240064.0,1691648.0,59480670208.0,1.03968591872e+11,0.0,0.0,385277132.800,3276.800,8827.400,6713.400,0.446,1.249,95.460,2.799,0.0,0.045,1493159002.689,
0.331,1.012,97.244,1.398,0.0,0.015,292524851.200,0.0,168151.200,288983286.200,0.0,0.0,6393.400,5040.800,0.400,0.600,0.0,5410906112.0,1691648.0,60942352384.0,1.02425243648e+11,0.0,0.0,292262707.200,0.0,6394.0,5038.600,0.331,1.007,97.254,1.393,0.0,0.015,1493159007.689,
0.361,1.053,96.981,1.575,0.0,0.030,322319155.200,3276.800,217210.600,343432788.800,0.0,0.0,8655.400,5562.200,0.600,1.400,0.0,5376835584.0,1699840.0,62555107328.0,1.0084655104e+11,0.0,0.0,322570649.600,3276.800,8658.600,5566.800,0.361,1.058,96.976,1.575,0.0,0.030,1493159012.689,
0.396,1.178,96.984,1.413,0.0,0.030,332389580.800,2457.600,260137.0,343939821.800,0.0,0.0,9383.0,5715.200,0.200,2.0,0.200,5410889728.0,1708032.0,64215617536.0,99151978496.0,0.0,0.0,332374016.0,2457.600,9377.0,5712.200,0.396,1.173,96.983,1.418,0.0,0.030,1493159017.689,
0.331,1.042,97.419,1.183,0.0,0.025,305007820.800,0.0,239842.800,344693658.800,0.0,0.0,8053.600,5277.400,0.200,1.800,0.200,5297754112.0,1708032.0,65740677120.0,97740054528.0,0.0,0.0,304981606.400,0.0,8053.600,5277.800,0.336,1.043,97.424,1.173,0.0,0.025,1493159022.689,
0.381,1.083,97.001,1.514,0.0,0.020,335718809.600,5734.400,256874.600,342763040.200,0.0,0.0,7781.200,5747.200,0.800,0.800,0.200,5328551936.0,1724416.0,67419295744.0,96030621696.0,0.0,0.0,335708160.0,5734.400,7781.0,5746.600,0.381,1.083,96.996,1.519,0.0,0.020,1493159027.689,
0.406,1.232,96.619,1.713,0.0,0.030,347095040.0,0.0,248221.600,357422825.600,0.0,0.0,7761.600,5961.200,0.800,2.400,0.200,5369335808.0,1724416.0,69153918976.0,94255214592.0,0.0,0.0,347053260.800,0.0,7761.600,5961.800,0.406,1.232,96.619,1.713,0.0,0.030,1493159032.689,
0.401,1.233,96.079,2.256,0.0,0.030,348746547.200,5734.400,387644.800,412493396.200,0.0,0.0,8964.200,6104.600,1.200,1.800,0.0,5136609280.0,1740800.0,70899306496.0,92742537216.0,0.0,0.0,348589260.800,5734.400,8963.0,6102.200,0.396,1.233,96.085,2.256,0.0,0.030,1493159037.689,
0.015,0.005,99.980,0.0,0.0,0.0,0.0,3276.800,2134.0,29699.200,0.0,0.0,136.400,144.800,0.0,0.0,0.0,5136261120.0,1748992.0,70899306496.0,92742877184.0,0.0,0.0,0.0,3276.800,136.600,144.800,0.015,0.010,99.975,0.0,0.0,0.0,1493159042.689,
