"Dstat 0.7.2 CSV output"
"Author:","Dag Wieers <dag@wieers.com>",,,,"URL:","http://dag.wieers.com/home-made/dstat/"
"Host:","osd1.skyhook-2osds.skyhook-pg0.wisc.cloudlab.us",,,,"User:","jlefevre"
"Cmdline:","dstat -av --epoch --integer --noheaders --output 2osds.dstat-osd1.log 5",,,,"Date:","25 Apr 2017 15:02:01 CDT"

"total cpu usage",,,,,,"dsk/total",,"net/total",,"paging",,"system",,"procs",,,"memory usage",,,,"paging",,"dsk/total",,"system",,"total cpu usage",,,,,,"epoch"
"usr","sys","idl","wai","hiq","siq","read","writ","recv","send","in","out","int","csw","run","blk","new","used","buff","cach","free","in","out","read","writ","int","csw","usr","sys","idl","wai","hiq","siq","epoch"


"Host:","osd1.skyhook-2osds.skyhook-pg0.wisc.cloudlab.us",,,,"User:","jlefevre"
"Cmdline:","dstat -av --epoch --integer --noheaders --output 2osds.dstat-osd1.log 5",,,,"Date:","25 Apr 2017 15:08:55 CDT"

"total cpu usage",,,,,,"dsk/total",,"net/total",,"paging",,"system",,"procs",,,"memory usage",,,,"paging",,"dsk/total",,"system",,"total cpu usage",,,,,,"epoch"
"usr","sys","idl","wai","hiq","siq","read","writ","recv","send","in","out","int","csw","run","blk","new","used","buff","cach","free","in","out","read","writ","int","csw","usr","sys","idl","wai","hiq","siq","epoch"
0.120,1.280,98.535,0.065,0.0,0.0,14745.600,18841.600,3106.200,22803.400,0.0,0.0,612.800,642.200,0.600,0.0,9.0,5081260032.0,1789952.0,24217694208.0,1.394794496e+11,0.0,0.0,14745.600,18841.600,613.200,642.600,0.120,1.285,98.530,0.065,0.0,0.0,1493160300.535,
0.356,1.277,92.984,5.369,0.0,0.015,286119526.400,17203.200,13891.200,29860.400,0.0,0.0,3095.400,5266.200,0.600,3.600,4.600,5069365248.0,1822720.0,1556852736.0,1.62152153088e+11,0.0,0.0,286355456.0,17203.200,3096.800,5268.400,0.356,1.272,92.979,5.379,0.0,0.015,1493160305.535,
0.446,1.012,92.308,6.215,0.0,0.020,432114073.600,3276.800,19570.0,44327.200,0.0,0.0,4062.400,7239.800,0.800,5.0,0.0,5067186176.0,1830912.0,3716173824.0,1.5999500288e+11,0.0,0.0,432140288.0,3276.800,4062.400,7240.400,0.446,1.012,92.312,6.211,0.0,0.020,1493160310.535,
0.446,0.967,92.246,6.325,0.0,0.015,442535116.800,2457.600,19403.400,44571.400,0.0,0.0,4109.800,7349.600,0.800,4.600,0.0,5071921152.0,1839104.0,5929152512.0,1.57777281024e+11,0.0,0.0,442508902.400,2457.600,4109.400,7349.200,0.451,0.967,92.242,6.325,0.0,0.015,1493160315.535,
0.531,1.118,91.776,6.565,0.0,0.010,480539443.200,0.0,21369.200,45532.0,0.0,0.0,4529.0,8026.800,0.800,4.800,0.0,5052780544.0,1839104.0,8331816960.0,1.55393757184e+11,0.0,0.0,480539443.200,0.0,4529.600,8028.200,0.526,1.118,91.781,6.565,0.0,0.010,1493160320.535,
0.516,1.158,90.440,7.866,0.0,0.020,500535296.0,2457.600,22905.400,46252.800,0.0,0.0,4704.400,8429.800,0.600,8.600,0.0,5093400576.0,1847296.0,10834952192.0,1.52849993728e+11,0.0,0.0,500561510.400,2457.600,4704.800,8429.400,0.516,1.163,90.431,7.870,0.0,0.020,1493160325.535,
0.551,1.168,90.831,7.435,0.0,0.015,482761932.800,0.0,21256.600,46501.600,0.0,0.0,4713.200,8058.0,1.0,5.200,0.0,5081145344.0,1847296.0,13247971328.0,1.50449229824e+11,0.0,0.0,482735718.400,0.0,4713.400,8056.800,0.557,1.168,90.834,7.426,0.0,0.015,1493160330.535,
0.541,1.238,91.549,6.656,0.0,0.015,486390988.800,4096.0,21347.800,47438.800,0.0,0.0,4733.400,8125.0,0.800,6.800,0.0,5094735872.0,1855488.0,15679324160.0,1.48004278272e+11,0.0,0.0,486390988.800,4096.0,4732.200,8124.800,0.541,1.233,91.555,6.656,0.0,0.015,1493160335.535,
0.461,1.012,94.102,4.410,0.0,0.015,414451302.400,819.200,18679.800,43612.200,0.0,0.0,3867.200,6845.0,0.200,4.200,0.0,5055545344.0,1855488.0,17750794240.0,1.4597199872e+11,0.0,0.0,414398873.600,819.200,3866.800,6845.0,0.456,1.017,94.102,4.410,0.0,0.015,1493160340.535,
0.531,1.243,90.476,7.714,0.0,0.035,481368473.600,2457.600,22918.200,45910.400,0.0,0.0,4560.0,8121.400,0.400,8.600,0.0,5102231552.0,1863680.0,20159815680.0,1.4351628288e+11,0.0,0.0,481420902.400,2457.600,4560.800,8122.600,0.531,1.238,90.471,7.725,0.0,0.035,1493160345.535,
0.551,1.253,90.385,7.785,0.0,0.025,496319692.800,0.0,21870.800,47109.400,0.0,0.0,4684.200,8317.800,0.200,8.200,0.0,5095002112.0,1863680.0,22641721344.0,1.41041606656e+11,0.0,0.0,496345907.200,0.0,4684.800,8320.400,0.551,1.253,90.385,7.785,0.0,0.025,1493160350.535,
0.516,1.208,91.642,6.614,0.0,0.020,482726707.200,2457.600,21931.200,46569.0,0.0,0.0,4521.800,8085.800,1.0,5.800,0.0,5165457408.0,1871872.0,25052934144.0,1.38559930368e+11,0.0,0.0,482742272.0,2457.600,4522.0,8082.600,0.516,1.208,91.642,6.614,0.0,0.020,1493160355.535,
0.577,1.249,90.873,7.287,0.0,0.015,492277760.0,0.0,21092.200,46144.800,0.0,0.0,4653.400,8215.0,0.800,7.0,0.0,5169717248.0,1871872.0,27516583936.0,1.36092020736e+11,0.0,0.0,492262195.200,0.0,4652.600,8215.200,0.577,1.254,90.874,7.281,0.0,0.015,1493160360.535,
0.516,1.228,90.241,7.995,0.0,0.020,492953600.0,2457.600,22711.200,46997.0,0.0,0.0,4653.200,8280.800,0.600,7.600,0.200,5133025280.0,1880064.0,29980794880.0,1.33664493568e+11,0.0,0.0,492953600.0,2457.600,4653.0,8281.0,0.516,1.228,90.236,8.000,0.0,0.020,1493160365.535,
0.541,1.183,89.777,8.483,0.0,0.015,497612390.400,0.0,21185.200,47131.0,0.0,0.0,4711.400,8327.600,1.0,6.800,0.200,5124042752.0,1880064.0,32469458944.0,1.31184812032e+11,0.0,0.0,497586176.0,0.0,4711.400,8328.800,0.541,1.178,89.787,8.478,0.0,0.015,1493160370.535,
0.491,1.212,90.507,7.765,0.0,0.025,490994073.600,7372.800,22553.0,46239.200,0.0,0.0,4750.600,8216.800,0.0,8.800,0.0,5191401472.0,1896448.0,34925608960.0,1.28661286912e+11,0.0,0.0,491020288.0,7372.800,4750.600,8215.400,0.491,1.212,90.506,7.766,0.0,0.025,1493160375.535,
0.511,1.208,89.569,8.702,0.0,0.010,498568396.800,2457.600,21548.400,47393.200,0.0,0.0,4683.800,8398.0,1.200,8.0,0.0,5147033600.0,1904640.0,37418516480.0,1.26212739072e+11,0.0,0.0,498594611.200,2457.600,4684.600,8398.400,0.516,1.208,89.560,8.705,0.0,0.010,1493160380.535,
0.486,1.143,91.151,7.211,0.0,0.010,486972620.800,0.0,22255.0,46774.600,0.0,0.0,4539.0,8205.800,1.200,6.200,0.0,5182869504.0,1904640.0,39852482560.0,1.23742937088e+11,0.0,0.0,486972620.800,0.0,4538.600,8205.800,0.486,1.147,91.151,7.205,0.0,0.010,1493160385.535,
0.581,1.293,89.090,9.011,0.0,0.025,498762547.200,2457.600,21737.800,46808.0,0.0,0.0,4733.400,8382.400,0.600,8.400,0.0,5157773312.0,1912832.0,42344906752.0,1.21275600896e+11,0.0,0.0,498710118.400,2457.600,4733.200,8382.0,0.576,1.293,89.089,9.017,0.0,0.025,1493160390.535,
0.567,1.229,90.712,7.478,0.0,0.015,488167833.600,0.0,22751.600,47390.800,0.0,0.0,4617.0,8187.200,1.0,6.200,0.0,5180248064.0,1912832.0,44788727808.0,1.18809305088e+11,0.0,0.0,488194048.0,0.0,4617.200,8187.600,0.572,1.224,90.711,7.478,0.0,0.015,1493160395.535,
0.616,1.303,89.085,8.965,0.0,0.030,496812032.0,2457.600,20916.0,46658.600,0.0,0.0,4751.600,8275.400,0.800,7.400,0.0,5124706304.0,1921024.0,47271624704.0,1.1638194176e+11,0.0,0.0,496785817.600,2457.600,4754.0,8278.400,0.616,1.303,89.091,8.960,0.0,0.030,1493160400.535,
0.541,1.293,89.910,8.230,0.0,0.025,487177420.800,0.0,21085.200,46259.200,0.0,0.0,4574.400,8127.800,0.400,6.400,0.0,5185011712.0,1921024.0,49708576768.0,1.13884684288e+11,0.0,0.0,487203635.200,0.0,4572.400,8124.800,0.536,1.293,89.910,8.236,0.0,0.025,1493160405.535,
0.557,1.264,89.503,8.661,0.0,0.015,490516480.0,4915.200,22246.200,46493.200,0.0,0.0,4623.600,8226.600,0.800,7.400,0.0,5207080960.0,1929216.0,52160573440.0,1.11410610176e+11,0.0,0.0,490516480.0,4915.200,4623.200,8226.0,0.557,1.269,89.499,8.661,0.0,0.015,1493160410.535,
0.592,1.314,89.435,8.644,0.0,0.015,498751897.600,4915.200,22215.200,47244.0,0.0,0.0,5038.400,8338.200,1.400,6.400,0.0,5163757568.0,1937408.0,54654013440.0,1.08960485376e+11,0.0,0.0,498751897.600,4915.200,5038.200,8338.0,0.597,1.309,89.440,8.640,0.0,0.015,1493160415.535,
0.486,1.163,93.103,5.233,0.0,0.015,451479961.600,0.0,19236.200,46206.200,0.0,0.0,4491.200,7477.0,0.600,3.600,0.0,5159120896.0,1937408.0,56908955648.0,1.0671017984e+11,0.0,0.0,451427532.800,0.0,4490.800,7476.800,0.481,1.163,93.108,5.233,0.0,0.015,1493160420.535,
0.476,1.073,93.720,4.711,0.0,0.020,424832204.800,2457.600,19185.400,44384.800,0.0,0.0,3965.800,7077.600,0.800,3.400,0.0,5166874624.0,1945600.0,59035447296.0,1.04575926272e+11,0.0,0.0,424858419.200,2457.600,3966.0,7078.200,0.476,1.078,93.710,4.716,0.0,0.020,1493160425.535,
0.456,1.012,94.522,3.995,0.0,0.015,415269683.200,0.0,18073.0,43472.600,0.0,0.0,3866.200,6854.200,0.800,2.400,0.0,5178888192.0,1945600.0,61110411264.0,1.02488948736e+11,0.0,0.0,415295897.600,0.0,3866.400,6854.200,0.456,1.008,94.531,3.990,0.0,0.015,1493160430.535,
0.522,1.048,93.621,4.784,0.0,0.025,453000396.800,2457.600,20115.200,44728.800,0.0,0.0,4217.200,7463.400,1.400,3.400,0.0,5177176064.0,1953792.0,63375785984.0,1.00225277952e+11,0.0,0.0,452947968.0,2457.600,4217.200,7462.800,0.527,1.048,93.617,4.784,0.0,0.025,1493160435.535,
0.542,1.179,91.930,6.324,0.0,0.025,478002380.800,0.0,22090.400,46361.200,0.0,0.0,4511.800,7938.800,1.0,5.0,0.0,5191647232.0,1953792.0,65766621184.0,97819971584.0,0.0,0.0,478028595.200,0.0,4512.800,7938.800,0.537,1.179,91.930,6.330,0.0,0.025,1493160440.535,
0.541,1.238,91.487,6.713,0.0,0.020,481823948.800,6553.600,19812.0,45816.0,0.0,0.0,4508.0,8027.0,0.200,6.0,0.0,5177876480.0,1961984.0,68174569472.0,95425785856.0,0.0,0.0,481771520.0,6553.600,4507.200,8027.400,0.541,1.243,91.489,6.707,0.0,0.020,1493160445.535,
0.476,1.128,92.547,5.824,0.0,0.025,443358412.800,2457.600,19228.600,44857.400,0.0,0.0,4165.200,7403.0,1.200,4.0,0.200,5166522368.0,1970176.0,70391631872.0,93220069376.0,0.0,0.0,443174912.0,2457.600,4163.200,7400.0,0.476,1.123,92.556,5.820,0.0,0.025,1493160450.535,
