"Dstat 0.7.2 CSV output"
"Author:","Dag Wieers <dag@wieers.com>",,,,"URL:","http://dag.wieers.com/home-made/dstat/"
"Host:","client0.skyhook-2osds.skyhook-pg0.wisc.cloudlab.us",,,,"User:","jlefevre"
"Cmdline:","dstat -av --epoch --integer --noheaders --output 2osds.dstat-client0.log 5",,,,"Date:","25 Apr 2017 15:01:58 CDT"

"total cpu usage",,,,,,"dsk/total",,"net/total",,"paging",,"system",,"procs",,,"memory usage",,,,"paging",,"dsk/total",,"system",,"total cpu usage",,,,,,"epoch"
"usr","sys","idl","wai","hiq","siq","read","writ","recv","send","in","out","int","csw","run","blk","new","used","buff","cach","free","in","out","read","writ","int","csw","usr","sys","idl","wai","hiq","siq","epoch"


"Host:","client0.skyhook-2osds.skyhook-pg0.wisc.cloudlab.us",,,,"User:","jlefevre"
"Cmdline:","dstat -av --epoch --integer --noheaders --output 2osds.dstat-client0.log 5",,,,"Date:","25 Apr 2017 15:08:47 CDT"

"total cpu usage",,,,,,"dsk/total",,"net/total",,"paging",,"system",,"procs",,,"memory usage",,,,"paging",,"dsk/total",,"system",,"total cpu usage",,,,,,"epoch"
"usr","sys","idl","wai","hiq","siq","read","writ","recv","send","in","out","int","csw","run","blk","new","used","buff","cach","free","in","out","read","writ","int","csw","usr","sys","idl","wai","hiq","siq","epoch"
0.045,0.040,99.840,0.075,0.0,0.0,0.0,85196.800,46930.800,1922.0,0.0,0.0,1006.800,7240.400,0.0,0.0,0.0,5488836608.0,196493312.0,1.47320352768e+11,15774511104.0,0.0,0.0,0.0,85196.800,1005.800,7198.400,0.045,0.035,99.845,0.075,0.0,0.0,1493159542.604,
0.186,1.204,98.490,0.070,0.0,0.050,0.0,65536.0,119768833.200,66414.0,0.0,0.0,3268.0,9012.600,1.200,0.0,5.0,5649039360.0,196526080.0,1.47320410112e+11,15614218240.0,0.0,0.0,0.0,65536.0,3271.800,9014.800,0.186,1.214,98.481,0.070,0.0,0.050,1493159547.604,
0.703,3.795,95.150,0.065,0.0,0.286,0.0,90931.200,516486994.800,195160.600,0.0,0.0,10826.0,12697.200,2.600,0.0,0.0,5646901248.0,196554752.0,1.4732056576e+11,15616172032.0,0.0,0.0,0.0,90931.200,10833.200,12740.600,0.703,3.795,95.150,0.065,0.0,0.286,1493159552.604,
0.716,3.737,95.075,0.025,0.0,0.446,0.0,96665.600,515702916.400,205802.400,0.0,0.0,10346.0,12848.200,2.200,0.0,0.0,5650780160.0,196558848.0,1.47320762368e+11,15612092416.0,0.0,0.0,0.0,96665.600,10335.400,12814.200,0.716,3.737,95.075,0.025,0.0,0.446,1493159557.604,
0.625,3.564,95.041,0.010,0.0,0.760,0.0,98304.0,542916663.400,254813.600,0.0,0.0,16054.200,14566.800,1.600,0.0,0.0,5653790720.0,196575232.0,1.4732095488e+11,15608872960.0,0.0,0.0,0.0,98304.0,16054.600,14556.600,0.630,3.559,95.042,0.010,0.0,0.760,1493159562.604,
0.668,3.189,95.816,0.015,0.0,0.311,0.0,97484.800,530028628.600,274279.200,0.0,0.0,10754.600,15126.800,2.400,0.0,0.0,5659930624.0,196603904.0,1.47321147392e+11,15602511872.0,0.0,0.0,0.0,97484.800,10757.800,15176.400,0.663,3.190,95.821,0.015,0.0,0.311,1493159567.604,
0.739,3.571,95.464,0.060,0.0,0.166,0.0,100761.600,563356127.200,334756.600,0.0,0.0,12212.800,16209.800,1.800,0.0,0.200,5650538496.0,196636672.0,1.47321348096e+11,15611670528.0,0.0,0.0,0.0,100761.600,12211.800,16169.800,0.744,3.565,95.464,0.060,0.0,0.166,1493159572.604,
0.719,3.575,95.424,0.055,0.0,0.226,0.0,104857.600,516228493.200,271431.400,0.0,0.0,11959.0,14327.400,2.0,0.0,0.0,5648019456.0,196685824.0,1.47321532416e+11,15613956096.0,0.0,0.0,0.0,104857.600,11961.0,14316.400,0.719,3.580,95.419,0.055,0.0,0.226,1493159577.604,
0.732,3.585,95.216,0.050,0.0,0.416,0.0,97484.800,557246914.0,305124.600,0.0,0.0,11413.600,15065.0,2.600,0.0,0.0,5653282816.0,196694016.0,1.47321741312e+11,15608475648.0,0.0,0.0,0.0,97484.800,11409.200,15076.400,0.727,3.581,95.226,0.050,0.0,0.416,1493159582.604,
0.753,3.413,95.447,0.060,0.0,0.326,0.0,102400.0,607694635.600,336388.200,0.0,0.0,14587.0,17291.600,2.400,0.0,0.0,5654859776.0,196722688.0,1.47321942016e+11,15606669312.0,0.0,0.0,0.0,102400.0,14588.200,17289.600,0.753,3.423,95.438,0.060,0.0,0.326,1493159587.604,
0.814,2.780,96.109,0.010,0.0,0.287,0.0,101580.800,671370096.0,480740.600,0.0,0.0,13496.800,21844.200,1.600,0.0,0.0,5632749568.0,196734976.0,1.473221632e+11,15628546048.0,0.0,0.0,0.0,101580.800,13497.200,21837.600,0.820,2.770,96.109,0.010,0.0,0.292,1493159592.604,
0.926,2.713,96.014,0.040,0.0,0.307,0.0,107315.200,696173963.600,531029.600,0.0,0.0,14706.200,22602.800,1.800,0.0,0.0,5654937600.0,196763648.0,1.47322384384e+11,15606108160.0,0.0,0.0,0.0,107315.200,14717.800,22612.0,0.921,2.713,96.023,0.040,0.0,0.302,1493159597.604,
0.816,3.299,95.688,0.010,0.0,0.186,0.0,97484.800,575317724.800,387907.0,0.0,0.0,12986.200,16703.200,2.0,0.0,0.400,5653032960.0,196767744.0,1.47322597376e+11,15607795712.0,0.0,0.0,0.0,97484.800,12975.200,16701.200,0.816,3.299,95.688,0.010,0.0,0.186,1493159602.604,
0.895,3.325,95.518,0.010,0.0,0.252,0.0,110592.0,586003711.0,360566.600,0.0,0.0,12584.600,16653.200,2.200,0.0,0.0,5645811712.0,196784128.0,1.4732279808e+11,15614799872.0,0.0,0.0,0.0,110592.0,12593.800,16644.200,0.900,3.330,95.508,0.010,0.0,0.251,1493159607.604,
0.905,2.575,96.208,0.045,0.0,0.267,0.0,109772.800,613167688.200,430501.400,0.0,0.0,12706.800,18952.200,2.200,0.0,0.800,5673394176.0,196800512.0,1.47323011072e+11,15586988032.0,0.0,0.0,0.0,109772.800,12706.400,18967.800,0.900,2.570,96.217,0.045,0.0,0.267,1493159612.604,
0.815,3.068,95.831,0.025,0.0,0.262,0.0,109772.800,647152329.600,419874.200,0.0,0.0,13109.600,19429.400,1.600,0.0,0.200,5669179392.0,196829184.0,1.47323232256e+11,15590952960.0,0.0,0.0,0.0,109772.800,13105.800,19427.0,0.815,3.078,95.821,0.025,0.0,0.262,1493159617.604,
0.815,3.002,95.887,0.045,0.0,0.251,0.0,116326.400,629401155.400,431639.0,0.0,0.0,12936.800,19653.0,1.0,0.0,0.600,5664137216.0,196853760.0,1.47323457536e+11,15595745280.0,0.0,0.0,0.0,116326.400,12929.200,19638.800,0.815,2.997,95.892,0.045,0.0,0.251,1493159622.604,
0.699,3.393,95.587,0.055,0.0,0.266,0.0,103219.200,583974246.800,349573.200,0.0,0.0,12289.200,17047.0,2.600,0.0,0.0,5660286976.0,196866048.0,1.47323654144e+11,15599386624.0,0.0,0.0,0.0,103219.200,12289.800,17061.600,0.704,3.393,95.581,0.055,0.0,0.266,1493159627.604,
0.934,2.903,95.183,0.075,0.0,0.905,0.0,109772.800,650434840.800,469197.400,0.0,0.0,13591.200,20273.800,2.200,0.0,1.0,5672075264.0,196882432.0,1.47323867136e+11,15587368960.0,0.0,0.0,0.0,109772.800,13591.0,20265.800,0.934,2.903,95.183,0.075,0.0,0.904,1493159632.604,
0.823,3.063,95.677,0.065,0.0,0.372,0.0,121241.600,672084590.0,439925.0,0.0,0.0,13683.800,20282.0,2.200,0.0,0.0,5658316800.0,196890624.0,1.47324092416e+11,15600893952.0,0.0,0.0,0.0,121241.600,13689.400,20278.0,0.818,3.063,95.682,0.065,0.0,0.372,1493159637.604,
0.815,3.092,95.792,0.055,0.0,0.246,0.0,113868.800,607843664.400,395243.400,0.0,0.0,12678.0,18735.200,1.600,0.0,0.800,5654945792.0,196907008.0,1.47324305408e+11,15604035584.0,0.0,0.0,0.0,113868.800,12674.0,18752.800,0.824,3.097,95.777,0.055,0.0,0.246,1493159642.604,
0.810,3.334,95.584,0.040,0.0,0.231,0.0,117145.600,575865339.600,366471.600,0.0,0.0,13036.0,17050.0,1.0,0.0,0.0,5653618688.0,196939776.0,1.473245184e+11,15605116928.0,0.0,0.0,0.0,117145.600,13045.200,17048.400,0.800,3.325,95.603,0.040,0.0,0.231,1493159647.604,
0.886,3.153,95.503,0.267,0.0,0.191,0.0,6744473.600,613248764.200,436328.400,0.0,0.0,13665.400,18815.600,1.400,0.200,0.800,5648863232.0,196984832.0,1.4734389248e+11,15590453248.0,0.0,0.0,0.0,6744473.600,13655.800,18797.600,0.891,3.157,95.494,0.267,0.0,0.191,1493159652.604,
0.888,3.099,95.381,0.115,0.0,0.517,0.0,504627.200,606598054.0,432993.200,0.0,0.0,16471.0,18695.800,2.400,0.0,0.0,5648228352.0,197001216.0,1.47312521216e+11,15622443008.0,0.0,0.0,0.0,504627.200,16474.800,18727.600,0.883,3.100,95.385,0.115,0.0,0.517,1493159657.604,
0.869,3.009,95.705,0.075,0.0,0.342,0.0,112230.400,646195081.200,437729.400,0.0,0.0,13208.200,19662.800,1.200,0.0,0.800,5634449408.0,197017600.0,1.473127424e+11,15635984384.0,0.0,0.0,0.0,112230.400,13214.0,19647.0,0.869,3.004,95.710,0.075,0.0,0.342,1493159662.604,
0.901,2.547,96.204,0.070,0.0,0.277,0.0,105676.800,698671144.400,528689.0,0.0,0.0,14221.800,22602.600,1.800,0.0,0.400,5643440128.0,197042176.0,1.47312963584e+11,15626747904.0,0.0,0.0,0.0,105676.800,14211.200,22587.400,0.901,2.557,96.194,0.070,0.0,0.277,1493159667.604,
0.765,2.632,96.256,0.081,0.0,0.267,0.0,155648.0,561949969.600,385686.600,0.0,0.0,11700.800,17877.400,2.400,0.0,0.400,5645619200.0,197062656.0,1.47313184768e+11,15624327168.0,0.0,0.0,0.0,155648.0,11707.400,17915.800,0.765,2.627,96.261,0.081,0.0,0.267,1493159672.604,
0.925,2.781,95.987,0.060,0.0,0.246,0.0,105676.800,645409407.600,472802.800,0.0,0.0,13284.800,20899.800,1.800,0.0,0.400,5661388800.0,197083136.0,1.4731337728e+11,15608344576.0,0.0,0.0,0.0,105676.800,13289.200,20862.200,0.930,2.781,95.982,0.060,0.0,0.246,1493159677.604,
0.865,2.996,95.838,0.065,0.0,0.236,0.0,109772.800,630010217.600,444702.600,0.0,0.0,13046.400,20188.600,1.600,0.0,0.400,5651636224.0,197107712.0,1.47313594368e+11,15617855488.0,0.0,0.0,0.0,109772.800,13036.0,20189.400,0.865,2.996,95.838,0.065,0.0,0.236,1493159682.604,
0.833,2.951,95.669,0.075,0.0,0.472,0.0,116326.400,618302452.800,374571.800,0.0,0.0,12526.200,18356.0,1.800,0.0,0.400,5656694784.0,197152768.0,1.47313815552e+11,15612530688.0,0.0,0.0,0.0,116326.400,12530.800,18378.600,0.833,2.956,95.664,0.075,0.0,0.472,1493159687.604,
0.924,2.691,95.758,0.085,0.0,0.542,0.0,110592.0,708402705.800,549082.400,0.0,0.0,15636.400,22019.400,2.400,0.0,0.400,5653954560.0,197156864.0,1.4731403264e+11,15615049728.0,0.0,0.0,0.0,110592.0,15635.800,22000.600,0.924,2.685,95.763,0.085,0.0,0.542,1493159692.604,
0.830,3.118,95.740,0.045,0.0,0.267,0.0,113049.600,607356270.0,404987.400,0.0,0.0,12742.600,18099.200,1.800,0.0,0.800,5658673152.0,197189632.0,1.4731425792e+11,15610073088.0,0.0,0.0,0.0,113049.600,12744.400,18095.400,0.825,3.114,95.744,0.045,0.0,0.272,1493159697.604,
0.850,2.802,96.040,0.030,0.0,0.277,0.0,114688.0,654239651.200,466901.0,0.0,0.0,13604.800,20367.0,3.0,0.0,0.0,5658103808.0,197206016.0,1.47314475008e+11,15610408960.0,0.0,0.0,0.0,114688.0,13609.0,20399.600,0.850,2.802,96.041,0.030,0.0,0.277,1493159702.604,
0.749,3.206,95.714,0.060,0.0,0.271,0.0,125337.600,570139592.400,356711.800,0.0,0.0,11908.800,17386.800,1.600,0.0,0.800,5654753280.0,197230592.0,1.47314688e+11,15613521920.0,0.0,0.0,0.0,125337.600,11897.600,17357.600,0.749,3.216,95.709,0.060,0.0,0.266,1493159707.604,
0.976,2.731,95.961,0.050,0.0,0.282,0.0,108134.400,709117331.200,542107.800,0.0,0.0,14952.0,23134.600,2.0,0.0,0.400,5642719232.0,197238784.0,1.473148928e+11,15625342976.0,0.0,0.0,0.0,108134.400,14961.400,23144.200,0.976,2.726,95.966,0.050,0.0,0.282,1493159712.604,
0.966,2.772,95.900,0.075,0.0,0.287,0.0,118784.0,692046996.600,514535.0,0.0,0.0,14390.200,22191.200,3.0,0.0,0.400,5653053440.0,197259264.0,1.47315134464e+11,15614746624.0,0.0,0.0,0.0,118784.0,14390.200,22194.800,0.966,2.777,95.895,0.075,0.0,0.287,1493159717.604,
0.734,3.464,95.480,0.075,0.0,0.246,0.0,114688.0,558520836.800,300612.200,0.0,0.0,11992.600,15532.800,1.600,0.0,0.400,5643862016.0,197287936.0,1.47315351552e+11,15623692288.0,0.0,0.0,0.0,114688.0,11997.800,15529.0,0.734,3.460,95.484,0.075,0.0,0.246,1493159722.604,
0.777,2.838,95.779,0.055,0.0,0.551,0.0,110592.0,577358984.200,389486.400,0.0,0.0,12077.200,18037.600,1.400,0.0,0.400,5653114880.0,197308416.0,1.4731554816e+11,15614222336.0,0.0,0.0,0.0,110592.0,12062.400,18021.800,0.777,2.842,95.774,0.055,0.0,0.551,1493159727.604,
0.818,3.048,95.325,0.336,0.0,0.472,0.0,5595136.0,591745655.600,390707.400,0.0,0.0,12361.600,18420.200,2.800,0.200,0.400,5648199680.0,197328896.0,1.4731204608e+11,15622619136.0,0.0,0.0,0.0,5595136.0,12362.0,18437.200,0.819,3.043,95.330,0.336,0.0,0.472,1493159732.604,
0.820,3.385,95.493,0.045,0.0,0.257,0.0,110592.0,554024773.400,328096.0,0.0,0.0,12316.600,15725.800,1.800,0.0,0.400,5659168768.0,197341184.0,1.47312246784e+11,15611437056.0,0.0,0.0,0.0,110592.0,12319.800,15717.0,0.820,3.390,95.488,0.045,0.0,0.257,1493159737.604,
0.801,2.989,95.564,0.045,0.0,0.601,0.0,143360.0,631023966.200,395409.600,0.0,0.0,12528.0,18910.0,1.600,0.0,1.0,5648347136.0,197345280.0,1.47312451584e+11,15622049792.0,0.0,0.0,0.0,143360.0,12525.200,18902.200,0.801,2.984,95.570,0.045,0.0,0.601,1493159742.604,
0.789,2.961,95.958,0.020,0.0,0.271,0.0,107315.200,572790864.800,355710.600,0.0,0.0,11864.200,17297.600,2.600,0.0,0.0,5641617408.0,197369856.0,1.47312656384e+11,15628550144.0,0.0,0.0,0.0,107315.200,11875.400,17329.200,0.789,2.961,95.958,0.020,0.0,0.271,1493159747.604,
0.691,3.400,95.393,0.080,0.0,0.436,0.0,113049.600,498026861.0,247187.600,0.0,0.0,10188.400,14108.600,2.200,0.0,0.800,5645602816.0,197386240.0,1.47312848896e+11,15624355840.0,0.0,0.0,0.0,113049.600,10187.0,14110.400,0.691,3.404,95.389,0.080,0.0,0.436,1493159752.604,
0.693,3.169,95.782,0.080,0.0,0.276,0.0,103219.200,498525772.0,271405.0,0.0,0.0,10231.800,14619.600,1.400,0.0,0.400,5660872704.0,197390336.0,1.473130496e+11,15608881152.0,0.0,0.0,0.0,103219.200,10222.400,14588.600,0.698,3.159,95.786,0.080,0.0,0.276,1493159757.604,
0.820,3.022,95.801,0.060,0.0,0.297,0.0,113868.800,580646787.200,390954.400,0.0,0.0,12488.0,17925.200,1.200,0.0,0.400,5643665408.0,197402624.0,1.47313246208e+11,15625879552.0,0.0,0.0,0.0,113868.800,12486.800,17922.400,0.820,3.027,95.796,0.060,0.0,0.297,1493159762.604,
0.764,3.469,95.480,0.055,0.0,0.231,0.0,111411.200,577511368.800,348408.600,0.0,0.0,12290.400,16667.600,2.0,0.0,0.600,5645766656.0,197414912.0,1.47313455104e+11,15623557120.0,0.0,0.0,0.0,111411.200,12295.400,16673.600,0.759,3.469,95.485,0.055,0.0,0.231,1493159767.604,
0.875,3.023,95.825,0.050,0.0,0.226,0.0,112230.400,616239269.0,407169.400,0.0,0.0,12916.0,18883.600,1.600,0.0,0.600,5641609216.0,197451776.0,1.47313672192e+11,15627460608.0,0.0,0.0,0.0,112230.400,12920.400,18895.200,0.880,3.018,95.825,0.050,0.0,0.226,1493159772.604,
0.779,3.227,95.667,0.060,0.0,0.266,0.0,119603.200,588996108.200,356748.200,0.0,0.0,12248.0,17732.0,1.600,0.0,0.400,5642989568.0,197472256.0,1.47313872896e+11,15625859072.0,0.0,0.0,0.0,119603.200,12248.200,17723.200,0.774,3.237,95.663,0.060,0.0,0.266,1493159777.604,
0.844,3.013,95.766,0.075,0.0,0.301,0.0,119603.200,625852393.800,438027.0,0.0,0.0,12966.400,20331.200,1.800,0.0,0.400,5653008384.0,197492736.0,1.4731409408e+11,15615598592.0,0.0,0.0,0.0,119603.200,12961.800,20328.600,0.844,3.014,95.766,0.075,0.0,0.301,1493159782.604,
0.808,2.892,95.873,0.075,0.0,0.351,0.0,112230.400,657665868.800,463529.200,0.0,0.0,13370.800,21460.800,1.800,0.0,0.400,5653327872.0,197525504.0,1.47314302976e+11,15615037440.0,0.0,0.0,0.0,112230.400,13369.800,21456.0,0.808,2.882,95.883,0.075,0.0,0.351,1493159787.604,
0.603,2.688,96.417,0.065,0.0,0.226,0.0,120422.400,420153116.600,230029.800,0.0,0.0,10718.400,13695.0,1.200,0.0,1.800,5471666176.0,197537792.0,1.47314507776e+11,15796482048.0,0.0,0.0,0.0,120422.400,10715.600,13695.600,0.603,2.688,96.418,0.065,0.0,0.226,1493159792.604,
