"Dstat 0.7.2 CSV output"
"Author:","Dag Wieers <dag@wieers.com>",,,,"URL:","http://dag.wieers.com/home-made/dstat/"
"Host:","client0.skyhook-2osds.skyhook-pg0.wisc.cloudlab.us",,,,"User:","jlefevre"
"Cmdline:","dstat -av --epoch --integer --noheaders --output 2osds.dstat-client0.log 5",,,,"Date:","25 Apr 2017 15:01:58 CDT"

"total cpu usage",,,,,,"dsk/total",,"net/total",,"paging",,"system",,"procs",,,"memory usage",,,,"paging",,"dsk/total",,"system",,"total cpu usage",,,,,,"epoch"
"usr","sys","idl","wai","hiq","siq","read","writ","recv","send","in","out","int","csw","run","blk","new","used","buff","cach","free","in","out","read","writ","int","csw","usr","sys","idl","wai","hiq","siq","epoch"


"Host:","client0.skyhook-2osds.skyhook-pg0.wisc.cloudlab.us",,,,"User:","jlefevre"
"Cmdline:","dstat -av --epoch --integer --noheaders --output 2osds.dstat-client0.log 5",,,,"Date:","25 Apr 2017 15:08:47 CDT"

"total cpu usage",,,,,,"dsk/total",,"net/total",,"paging",,"system",,"procs",,,"memory usage",,,,"paging",,"dsk/total",,"system",,"total cpu usage",,,,,,"epoch"
"usr","sys","idl","wai","hiq","siq","read","writ","recv","send","in","out","int","csw","run","blk","new","used","buff","cach","free","in","out","read","writ","int","csw","usr","sys","idl","wai","hiq","siq","epoch"
0.095,0.055,99.835,0.015,0.0,0.0,0.0,13926.400,44613.0,4333.800,0.0,0.0,880.400,7130.600,0.0,0.0,0.600,5467697152.0,206483456.0,1.47317833728e+11,15788179456.0,0.0,0.0,0.0,13926.400,880.400,7130.600,0.095,0.055,99.835,0.015,0.0,0.0,1493162572.604,
0.572,2.001,97.227,0.025,0.0,0.176,0.0,40140.800,273437535.400,157181.600,0.0,0.0,6759.800,10847.400,1.600,0.0,9.200,5636141056.0,206491648.0,1.47317891072e+11,15619670016.0,0.0,0.0,0.0,40140.800,6766.600,10859.200,0.567,2.001,97.232,0.025,0.0,0.176,1493162577.604,
0.819,3.679,95.125,0.085,0.0,0.292,0.0,120422.400,513225064.0,246647.800,0.0,0.0,11128.0,13770.0,2.0,0.0,1.200,5641625600.0,206508032.0,1.47318059008e+11,15614001152.0,0.0,0.0,0.0,120422.400,11123.200,13762.200,0.824,3.683,95.116,0.085,0.0,0.291,1493162582.604,
0.894,3.414,95.220,0.241,0.0,0.231,0.0,2846720.0,567734401.0,284270.400,0.0,0.0,11455.800,15661.400,2.0,0.200,0.0,5636857856.0,206532608.0,1.47311034368e+11,15625768960.0,0.0,0.0,0.0,2846720.0,11454.600,15659.0,0.889,3.425,95.214,0.241,0.0,0.231,1493162587.604,
0.824,3.370,95.500,0.075,0.0,0.231,0.0,102400.0,558897208.600,302740.800,0.0,0.0,11003.0,16337.800,1.800,0.0,0.0,5640654848.0,206536704.0,1.47311194112e+11,15621808128.0,0.0,0.0,0.0,102400.0,11010.400,16343.0,0.824,3.360,95.510,0.075,0.0,0.231,1493162592.604,
0.813,3.309,95.521,0.075,0.0,0.281,0.0,99123.200,548184725.400,297046.400,0.0,0.0,11115.800,15498.800,2.400,0.0,0.0,5633679360.0,206548992.0,1.47311403008e+11,15628562432.0,0.0,0.0,0.0,99123.200,11117.600,15499.0,0.814,3.305,95.525,0.075,0.0,0.281,1493162597.604,
0.794,3.623,95.281,0.065,0.0,0.236,0.0,122880.0,549618123.200,266360.800,0.0,0.0,11554.400,14112.800,1.800,0.0,0.0,5629157376.0,206553088.0,1.47311591424e+11,15632891904.0,0.0,0.0,0.0,122880.0,11546.200,14106.200,0.794,3.623,95.281,0.065,0.0,0.236,1493162602.604,
0.844,3.465,95.325,0.080,0.0,0.286,0.0,106496.0,513896571.400,261914.0,0.0,0.0,10372.400,14192.200,1.800,0.0,0.0,5640474624.0,206569472.0,1.4731180032e+11,15621349376.0,0.0,0.0,0.0,106496.0,10377.800,14192.200,0.849,3.470,95.315,0.080,0.0,0.286,1493162607.604,
0.793,3.628,95.182,0.065,0.0,0.331,0.0,102400.0,539463208.400,263374.800,0.0,0.0,11245.200,14644.200,1.800,0.0,0.200,5639725056.0,206602240.0,1.47311968256e+11,15621898240.0,0.0,0.0,0.0,102400.0,11238.600,14644.400,0.788,3.633,95.182,0.065,0.0,0.331,1493162612.604,
0.778,3.719,95.142,0.040,0.0,0.321,0.0,104038.400,529365474.400,204409.400,0.0,0.0,10681.800,12543.600,2.0,0.0,0.0,5648789504.0,206602240.0,1.47312173056e+11,15612628992.0,0.0,0.0,0.0,104038.400,10683.600,12543.400,0.783,3.714,95.142,0.040,0.0,0.321,1493162617.604,
0.753,3.555,95.361,0.030,0.0,0.301,0.0,108953.600,482965193.600,218934.600,0.0,0.0,10213.600,12662.800,1.400,0.200,0.0,5640450048.0,206618624.0,1.47312377856e+11,15620747264.0,0.0,0.0,0.0,108953.600,10215.800,12662.800,0.753,3.555,95.361,0.030,0.0,0.301,1493162622.604,
0.785,3.541,94.993,0.035,0.0,0.645,0.0,102400.0,508392434.600,242249.200,0.0,0.0,10595.200,13770.800,1.800,0.0,0.0,5648560128.0,206626816.0,1.4731255808e+11,15612448768.0,0.0,0.0,0.0,102400.0,10596.0,13771.0,0.785,3.542,94.993,0.035,0.0,0.645,1493162627.604,
0.803,3.545,95.345,0.015,0.0,0.291,0.0,97484.800,533577268.800,239432.0,0.0,0.0,10765.800,13582.800,1.800,0.0,0.0,5652725760.0,206639104.0,1.47312738304e+11,15608090624.0,0.0,0.0,0.0,97484.800,10760.600,13582.800,0.798,3.540,95.355,0.015,0.0,0.291,1493162632.604,
0.782,3.554,95.163,0.045,0.0,0.456,0.0,95027.200,525619297.400,239719.400,0.0,0.0,10576.800,14026.0,1.800,0.0,0.0,5644767232.0,206667776.0,1.4731296768e+11,15615791104.0,0.0,0.0,0.0,95027.200,10582.0,14029.600,0.787,3.553,95.159,0.045,0.0,0.456,1493162637.604,
0.783,3.789,95.077,0.065,0.0,0.286,0.0,97484.800,468148708.800,149985.0,0.0,0.0,9418.600,11031.800,2.800,0.0,0.0,5645414400.0,206675968.0,1.47313160192e+11,15614943232.0,0.0,0.0,0.0,97484.800,9421.400,11028.0,0.783,3.793,95.063,0.065,0.0,0.296,1493162642.604,
0.718,3.354,95.652,0.015,0.0,0.261,0.0,94208.0,472811933.0,198939.600,0.0,0.0,9221.200,12395.200,2.200,0.0,0.0,5649846272.0,206684160.0,1.47313303552e+11,15610359808.0,0.0,0.0,0.0,94208.0,9217.600,12396.200,0.713,3.364,95.656,0.015,0.0,0.251,1493162647.604,
0.764,3.557,95.358,0.040,0.0,0.281,0.0,99123.200,532252464.800,286523.0,0.0,0.0,10726.400,15333.200,2.0,0.0,0.0,5644038144.0,206684160.0,1.4731347968e+11,15615991808.0,0.0,0.0,0.0,99123.200,10721.800,15331.800,0.764,3.543,95.371,0.040,0.0,0.281,1493162652.604,
0.708,3.770,95.201,0.030,0.0,0.291,0.0,99123.200,495708411.800,178123.800,0.0,0.0,9653.800,12344.0,2.200,0.0,0.0,5638451200.0,206692352.0,1.47313721344e+11,15621328896.0,0.0,0.0,0.0,99123.200,9654.800,12344.400,0.713,3.779,95.187,0.030,0.0,0.291,1493162657.604,
0.778,3.715,95.090,0.110,0.0,0.306,0.0,748748.800,475234920.200,196522.600,0.0,0.0,9619.0,12123.600,2.0,0.200,0.0,5645979648.0,206704640.0,1.47313713152e+11,15613796352.0,0.0,0.0,0.0,748748.800,9628.800,12125.800,0.778,3.710,95.091,0.110,0.0,0.311,1493162662.604,
0.792,3.652,95.215,0.075,0.0,0.266,0.0,101580.800,561952142.0,269171.200,0.0,0.0,10965.200,15337.0,1.800,0.0,0.0,5642039296.0,206725120.0,1.47313901568e+11,15617527808.0,0.0,0.0,0.0,101580.800,10958.200,15336.400,0.793,3.652,95.219,0.075,0.0,0.261,1493162667.604,
0.849,3.325,95.515,0.070,0.0,0.241,0.0,113868.800,605220173.200,333109.800,0.0,0.0,12111.0,17327.800,1.400,0.0,0.200,5634560000.0,206725120.0,1.4731411456e+11,15624794112.0,0.0,0.0,0.0,113868.800,12116.600,17342.400,0.849,3.319,95.521,0.070,0.0,0.241,1493162672.604,
0.944,3.380,95.329,0.075,0.0,0.271,0.0,116326.400,590793014.0,328777.200,0.0,0.0,11868.400,16795.0,2.0,0.0,0.0,5636907008.0,206733312.0,1.47314315264e+11,15622238208.0,0.0,0.0,0.0,116326.400,11859.0,16778.400,0.939,3.391,95.323,0.075,0.0,0.271,1493162677.604,
0.838,3.694,94.930,0.136,0.0,0.402,0.0,102400.0,488661512.400,211535.0,0.0,0.0,10372.0,12348.800,2.200,0.400,0.0,5647228928.0,206741504.0,1.47314556928e+11,15611666432.0,0.0,0.0,0.0,102400.0,10382.200,12348.800,0.843,3.689,94.931,0.136,0.0,0.402,1493162682.604,
0.813,3.726,95.074,0.070,0.0,0.316,0.0,99942.400,529511868.800,202143.600,0.0,0.0,10765.200,13063.600,1.800,0.0,0.0,5654818816.0,206741504.0,1.47314712576e+11,15603920896.0,0.0,0.0,0.0,99942.400,10755.0,13063.800,0.813,3.726,95.074,0.070,0.0,0.316,1493162687.604,
0.940,3.347,95.377,0.080,0.0,0.256,0.0,107315.200,597054146.0,344721.200,0.0,0.0,12269.0,17127.600,1.600,0.0,0.0,5636091904.0,206757888.0,1.47314950144e+11,15622393856.0,0.0,0.0,0.0,107315.200,12270.600,17129.400,0.935,3.352,95.377,0.080,0.0,0.256,1493162692.604,
0.833,3.272,95.503,0.075,0.0,0.316,0.0,106496.0,535819272.200,308160.600,0.0,0.0,11173.400,16106.0,1.600,0.0,0.0,5640613888.0,206774272.0,1.47315146752e+11,15617658880.0,0.0,0.0,0.0,106496.0,11173.0,16107.800,0.838,3.267,95.503,0.075,0.0,0.316,1493162697.604,
0.839,3.592,95.297,0.080,0.0,0.191,0.0,111411.200,557367832.0,298892.600,0.0,0.0,11655.0,15414.0,2.200,0.0,0.0,5632684032.0,206790656.0,1.47315306496e+11,15625412608.0,0.0,0.0,0.0,111411.200,11669.200,15425.800,0.839,3.587,95.297,0.080,0.0,0.196,1493162702.604,
0.809,3.749,95.151,0.065,0.0,0.226,0.0,101580.800,506966200.0,218775.200,0.0,0.0,10492.0,12589.800,2.400,0.0,0.0,5644603392.0,206790656.0,1.47315511296e+11,15613288448.0,0.0,0.0,0.0,101580.800,10485.800,12577.0,0.804,3.749,95.160,0.065,0.0,0.221,1493162707.604,
0.748,3.506,95.429,0.065,0.0,0.251,0.0,97484.800,531662493.400,265720.200,0.0,0.0,10532.400,14893.0,1.800,0.0,0.200,5649960960.0,206798848.0,1.47315695616e+11,15607738368.0,0.0,0.0,0.0,97484.800,10528.400,14898.200,0.748,3.510,95.425,0.065,0.0,0.251,1493162712.604,
0.738,3.207,95.674,0.045,0.0,0.336,0.0,98304.0,492865861.0,251406.0,0.0,0.0,10050.800,14469.400,1.800,0.0,0.0,5650624512.0,206798848.0,1.4731589632e+11,15606874112.0,0.0,0.0,0.0,98304.0,10051.400,14463.200,0.738,3.206,95.675,0.045,0.0,0.336,1493162717.604,
0.742,3.259,95.492,0.020,0.0,0.486,0.0,95027.200,452273762.600,222333.200,0.0,0.0,9618.800,12916.800,1.600,0.0,0.0,5639860224.0,206815232.0,1.4731608064e+11,15617437696.0,0.0,0.0,0.0,95027.200,9621.0,12923.200,0.747,3.264,95.482,0.020,0.0,0.486,1493162722.604,
0.794,3.355,95.635,0.010,0.0,0.206,0.0,97484.800,600987198.800,341054.400,0.0,0.0,11983.400,17800.800,2.0,0.0,0.0,5650907136.0,206827520.0,1.47316269056e+11,15606190080.0,0.0,0.0,0.0,97484.800,11977.0,17795.0,0.789,3.356,95.640,0.010,0.0,0.206,1493162727.604,
0.834,3.312,95.618,0.025,0.0,0.211,0.0,103219.200,607370641.600,351809.0,0.0,0.0,12225.200,17612.800,1.600,0.0,0.0,5636009984.0,206848000.0,1.47316473856e+11,15620861952.0,0.0,0.0,0.0,103219.200,12223.800,17610.400,0.834,3.311,95.613,0.025,0.0,0.216,1493162732.604,
0.853,3.598,95.297,0.005,0.0,0.246,0.0,95027.200,555197363.600,247113.600,0.0,0.0,10986.600,14139.800,2.0,0.0,0.0,5659217920.0,206856192.0,1.47316670464e+11,15597449216.0,0.0,0.0,0.0,95027.200,10986.400,14140.400,0.853,3.593,95.307,0.005,0.0,0.241,1493162737.604,
0.848,3.618,95.188,0.045,0.0,0.301,0.0,103219.200,570300648.400,292396.400,0.0,0.0,11461.400,14811.200,1.800,0.0,0.0,5649903616.0,206868480.0,1.47316875264e+11,15606546432.0,0.0,0.0,0.0,103219.200,11463.600,14812.800,0.848,3.618,95.188,0.045,0.0,0.301,1493162742.604,
0.824,3.555,95.310,0.045,0.0,0.266,0.0,108953.600,542984610.0,284692.0,0.0,0.0,11460.600,15428.0,1.600,0.0,0.0,5648543744.0,206876672.0,1.4731708416e+11,15607689216.0,0.0,0.0,0.0,108953.600,11461.600,15426.600,0.824,3.555,95.310,0.045,0.0,0.266,1493162747.604,
0.748,3.390,95.580,0.055,0.0,0.226,0.0,94208.0,521992114.600,242260.800,0.0,0.0,10276.0,14339.200,1.800,0.0,0.0,5657235456.0,206876672.0,1.4731726848e+11,15598813184.0,0.0,0.0,0.0,94208.0,10275.600,14343.0,0.748,3.395,95.575,0.055,0.0,0.226,1493162752.604,
0.843,3.473,95.377,0.040,0.0,0.266,0.0,98304.0,547715569.800,247376.200,0.0,0.0,10667.400,14812.600,2.0,0.0,0.0,5653454848.0,206893056.0,1.47317465088e+11,15602380800.0,0.0,0.0,0.0,98304.0,10669.200,14811.0,0.843,3.468,95.383,0.040,0.0,0.266,1493162757.604,
0.782,3.668,94.970,0.040,0.0,0.541,0.0,96665.600,506785096.400,240100.600,0.0,0.0,10757.200,13524.200,1.800,0.0,0.0,5645795328.0,206917632.0,1.47317665792e+11,15609815040.0,0.0,0.0,0.0,96665.600,10755.0,13521.600,0.782,3.668,94.969,0.040,0.0,0.541,1493162762.604,
0.813,3.677,95.084,0.055,0.0,0.371,0.0,100761.600,495579222.400,234883.0,0.0,0.0,10232.800,12990.400,2.800,0.0,0.0,5645717504.0,206938112.0,1.47317850112e+11,15609688064.0,0.0,0.0,0.0,100761.600,10233.200,12990.400,0.813,3.677,95.084,0.055,0.0,0.371,1493162767.604,
0.824,3.701,95.119,0.040,0.0,0.316,0.0,94208.0,472757332.400,203580.800,0.0,0.0,10005.400,11895.200,2.0,0.0,0.0,5637603328.0,206942208.0,1.47318050816e+11,15617597440.0,0.0,0.0,0.0,94208.0,10009.0,11899.200,0.829,3.706,95.109,0.040,0.0,0.316,1493162772.604,
0.838,3.601,95.115,0.030,0.0,0.416,0.0,104857.600,511569512.600,233813.200,0.0,0.0,10340.400,13729.800,1.600,0.0,0.0,5651664896.0,206950400.0,1.47318235136e+11,15603343360.0,0.0,0.0,0.0,104857.600,10336.0,13726.200,0.838,3.596,95.120,0.030,0.0,0.416,1493162777.604,
0.713,3.825,95.152,0.025,0.0,0.286,0.0,102400.0,448282896.200,128528.600,0.0,0.0,8643.0,10462.200,1.800,0.0,0.0,5648687104.0,206974976.0,1.47318448128e+11,15606083584.0,0.0,0.0,0.0,102400.0,8653.800,10471.400,0.708,3.825,95.156,0.025,0.0,0.286,1493162782.604,
0.648,3.300,95.811,0.005,0.0,0.236,0.0,90931.200,450833394.0,171169.800,0.0,0.0,8661.600,12209.400,1.800,0.0,0.0,5663416320.0,206979072.0,1.47318583296e+11,15591215104.0,0.0,0.0,0.0,90931.200,8651.400,12203.400,0.653,3.300,95.806,0.005,0.0,0.236,1493162787.604,
0.793,3.378,95.538,0.035,0.0,0.256,0.0,99123.200,583710776.800,331862.200,0.0,0.0,12222.400,17238.600,2.0,0.0,0.0,5640847360.0,206987264.0,1.47318767616e+11,15613591552.0,0.0,0.0,0.0,99123.200,12230.400,17242.600,0.793,3.383,95.533,0.035,0.0,0.256,1493162792.604,
0.769,3.532,95.398,0.030,0.0,0.271,0.0,99942.400,565706966.200,248040.800,0.0,0.0,11051.800,14420.600,2.200,0.0,0.0,5654585344.0,206995456.0,1.47318984704e+11,15599628288.0,0.0,0.0,0.0,99942.400,11044.600,14417.200,0.769,3.527,95.403,0.030,0.0,0.271,1493162797.604,
0.727,3.451,95.481,0.055,0.0,0.286,0.0,94208.0,461672685.600,216373.600,0.0,0.0,9078.400,12517.0,1.200,0.0,0.200,5651910656.0,207015936.0,1.47319177216e+11,15602089984.0,0.0,0.0,0.0,94208.0,9082.200,12518.0,0.727,3.451,95.481,0.055,0.0,0.286,1493162802.604,
0.752,3.484,95.288,0.050,0.0,0.426,0.0,95846.400,530637949.200,245895.0,0.0,0.0,10679.800,14744.200,1.600,0.0,0.0,5651243008.0,207048704.0,1.47319341056e+11,15602561024.0,0.0,0.0,0.0,95846.400,10676.600,14738.600,0.747,3.484,95.293,0.050,0.0,0.426,1493162807.604,
0.803,3.560,95.350,0.030,0.0,0.256,0.0,107315.200,558740616.600,233508.200,0.0,0.0,11107.0,13828.600,1.400,0.0,0.200,5642039296.0,207077376.0,1.47319533568e+11,15611543552.0,0.0,0.0,0.0,107315.200,11111.400,13830.0,0.808,3.565,95.340,0.030,0.0,0.256,1493162812.604,
0.768,3.620,95.280,0.065,0.0,0.266,0.0,101580.800,507046332.600,198856.800,0.0,0.0,9790.0,13200.400,2.200,0.0,0.200,5655085056.0,207114240.0,1.47319730176e+11,15598264320.0,0.0,0.0,0.0,101580.800,9781.800,13202.800,0.768,3.616,95.285,0.065,0.0,0.266,1493162817.604,
0.787,3.448,95.299,0.065,0.0,0.401,0.0,106496.0,525230789.400,246327.0,0.0,0.0,10265.0,14689.800,2.400,0.0,0.0,5641580544.0,207134720.0,1.47319926784e+11,15611551744.0,0.0,0.0,0.0,106496.0,10270.0,14686.0,0.782,3.453,95.294,0.065,0.0,0.406,1493162822.604,
0.751,3.802,94.951,0.045,0.0,0.451,0.0,104038.400,517875805.600,187191.400,0.0,0.0,9882.800,12670.200,2.200,0.0,0.0,5652832256.0,207163392.0,1.47320119296e+11,15600078848.0,0.0,0.0,0.0,104038.400,9887.600,12673.0,0.751,3.797,94.956,0.045,0.0,0.451,1493162827.604,
0.833,3.623,95.203,0.070,0.0,0.271,0.0,119603.200,516611438.800,206688.400,0.0,0.0,10018.600,12965.200,2.0,0.200,0.0,5638541312.0,207179776.0,1.47320315904e+11,15614156800.0,0.0,0.0,0.0,119603.200,10017.400,12965.200,0.833,3.628,95.203,0.070,0.0,0.266,1493162832.604,
0.788,3.874,94.892,0.045,0.0,0.401,0.0,99942.400,508328745.600,161232.0,0.0,0.0,10437.800,11652.200,1.800,0.200,0.0,5654700032.0,207192064.0,1.4732050432e+11,15597797376.0,0.0,0.0,0.0,99942.400,10430.0,11649.800,0.788,3.869,94.897,0.045,0.0,0.401,1493162837.604,
0.784,3.684,94.669,0.065,0.0,0.799,0.0,102400.0,541617893.600,228803.200,0.0,0.0,10710.0,13552.200,1.800,0.0,0.0,5648105472.0,207216640.0,1.47320680448e+11,15604191232.0,0.0,0.0,0.0,102400.0,10717.200,13555.200,0.784,3.684,94.669,0.065,0.0,0.799,1493162842.604,
0.703,3.750,95.226,0.050,0.0,0.271,0.0,104038.400,499077405.400,169779.600,0.0,0.0,9568.400,12073.600,1.600,0.200,0.0,5660659712.0,207228928.0,1.47320885248e+11,15591419904.0,0.0,0.0,0.0,104038.400,9560.600,12073.0,0.703,3.745,95.231,0.050,0.0,0.271,1493162847.604,
0.748,3.745,95.176,0.090,0.0,0.241,0.0,100761.600,511539902.0,208581.800,0.0,0.0,9899.600,12836.800,2.200,0.400,0.0,5654781952.0,207241216.0,1.47321065472e+11,15597105152.0,0.0,0.0,0.0,100761.600,9902.200,12835.600,0.748,3.745,95.176,0.090,0.0,0.241,1493162852.604,
0.422,1.992,97.395,0.080,0.0,0.110,0.0,107315.200,290753394.800,133653.400,0.0,0.0,5959.600,11301.800,1.0,0.200,1.0,5476626432.0,207245312.0,1.47321290752e+11,15775031296.0,0.0,0.0,0.0,107315.200,5956.600,11300.200,0.421,1.997,97.391,0.080,0.0,0.110,1493162857.604,
