"Dstat 0.7.2 CSV output"
"Author:","Dag Wieers <dag@wieers.com>",,,,"URL:","http://dag.wieers.com/home-made/dstat/"
"Host:","osd1.skyhook-2osds.skyhook-pg0.wisc.cloudlab.us",,,,"User:","jlefevre"
"Cmdline:","dstat -av --epoch --integer --noheaders --output 2osds.dstat-osd1.log 5",,,,"Date:","25 Apr 2017 15:02:01 CDT"

"total cpu usage",,,,,,"dsk/total",,"net/total",,"paging",,"system",,"procs",,,"memory usage",,,,"paging",,"dsk/total",,"system",,"total cpu usage",,,,,,"epoch"
"usr","sys","idl","wai","hiq","siq","read","writ","recv","send","in","out","int","csw","run","blk","new","used","buff","cach","free","in","out","read","writ","int","csw","usr","sys","idl","wai","hiq","siq","epoch"


"Host:","osd1.skyhook-2osds.skyhook-pg0.wisc.cloudlab.us",,,,"User:","jlefevre"
"Cmdline:","dstat -av --epoch --integer --noheaders --output 2osds.dstat-osd1.log 5",,,,"Date:","25 Apr 2017 15:08:55 CDT"

"total cpu usage",,,,,,"dsk/total",,"net/total",,"paging",,"system",,"procs",,,"memory usage",,,,"paging",,"dsk/total",,"system",,"total cpu usage",,,,,,"epoch"
"usr","sys","idl","wai","hiq","siq","read","writ","recv","send","in","out","int","csw","run","blk","new","used","buff","cach","free","in","out","read","writ","int","csw","usr","sys","idl","wai","hiq","siq","epoch"
0.120,0.775,99.065,0.040,0.0,0.0,7372.800,20480.0,4135.0,22245.400,0.0,0.0,503.0,558.400,0.400,0.0,8.600,5171478528.0,1265664.0,45423587328.0,1.18183862272e+11,0.0,0.0,7372.800,20480.0,503.400,558.400,0.120,0.780,99.060,0.040,0.0,0.0,1493169740.535,
0.240,1.822,94.638,3.274,0.0,0.025,193557299.200,11468.800,147565.800,186293889.400,0.0,0.0,4759.600,3927.400,0.400,3.400,4.600,5140729856.0,1282048.0,1123082240.0,1.62515099648e+11,0.0,0.0,193819443.200,11468.800,4760.400,3930.0,0.240,1.822,94.633,3.279,0.0,0.025,1493169745.535,
0.395,1.296,94.284,3.979,0.0,0.045,364557107.200,3276.800,309978.600,391077151.0,0.0,0.0,8747.200,6351.600,0.800,1.600,0.200,5101260800.0,1290240.0,2944487424.0,1.60733155328e+11,0.0,0.0,364530892.800,3276.800,8748.800,6351.200,0.400,1.291,94.289,3.974,0.0,0.045,1493169750.535,
0.356,1.097,95.652,2.855,0.0,0.040,340610252.800,2457.600,293543.200,354814783.400,0.0,0.0,7905.400,5845.0,0.600,2.800,0.0,5095895040.0,1298432.0,4648378368.0,1.59034621952e+11,0.0,0.0,340610252.800,2457.600,7904.0,5845.200,0.351,1.097,95.657,2.856,0.0,0.040,1493169755.535,
0.396,1.168,94.847,3.554,0.0,0.035,374235955.200,0.0,269714.600,373407794.800,0.0,0.0,8602.0,6404.800,0.600,2.800,0.0,5190922240.0,1298432.0,6518530048.0,1.57069443072e+11,0.0,0.0,374157312.0,0.0,8601.800,6404.200,0.396,1.168,94.847,3.554,0.0,0.035,1493169760.535,
0.406,1.203,94.465,3.886,0.0,0.040,380254617.600,2457.600,344536.400,405328911.600,0.0,0.0,9146.400,6555.600,1.200,2.0,0.0,5154148352.0,1306624.0,8419414016.0,1.552053248e+11,0.0,0.0,380333260.800,2457.600,9146.600,6556.0,0.406,1.203,94.465,3.886,0.0,0.040,1493169765.535,
0.446,1.269,92.568,5.677,0.0,0.040,423825408.0,0.0,334497.200,414171016.200,0.0,0.0,9479.800,7301.200,1.0,3.600,0.200,5296074752.0,1306624.0,10538639360.0,1.52944173056e+11,0.0,0.0,423799193.600,0.0,9480.800,7301.0,0.446,1.269,92.568,5.676,0.0,0.040,1493169770.535,
0.441,1.303,93.454,4.747,0.0,0.055,400800153.600,4096.0,319046.0,416418229.600,0.0,0.0,9340.0,6893.0,0.600,2.0,0.0,5307215872.0,1314816.0,12542459904.0,1.509292032e+11,0.0,0.0,400800153.600,4096.0,9338.800,6893.400,0.446,1.303,93.449,4.746,0.0,0.055,1493169775.535,
0.461,1.304,92.767,5.437,0.0,0.030,409340313.600,1638.400,363989.800,434308803.400,0.0,0.0,9827.0,7094.600,0.600,3.200,0.0,5279383552.0,1314816.0,14590046208.0,1.48909449216e+11,0.0,0.0,409366528.0,1638.400,9827.200,7094.400,0.456,1.304,92.772,5.438,0.0,0.030,1493169780.535,
0.416,1.187,94.832,3.515,0.0,0.050,334550630.400,4915.200,369069.0,385765577.0,0.0,0.0,8865.800,6013.600,0.200,0.600,4.0,5119926272.0,1323008.0,16261271552.0,1.4739767296e+11,0.0,0.0,334498201.600,4915.200,8870.600,6013.200,0.416,1.192,94.823,3.520,0.0,0.050,1493169785.535,
0.345,1.096,95.474,3.039,0.0,0.045,319005491.200,10649.600,280038.200,335698278.800,0.0,0.0,7939.0,5655.800,1.0,1.600,0.800,5118119936.0,1331200.0,17857130496.0,1.4580361216e+11,0.0,0.0,319031705.600,10649.600,7939.0,5656.400,0.350,1.091,95.479,3.034,0.0,0.045,1493169790.535,
0.517,1.620,88.365,9.449,0.0,0.050,475129446.400,10649.600,421333.200,453428154.200,0.0,0.0,10866.400,8256.600,1.400,5.200,0.0,5327458304.0,1347584.0,20232720384.0,1.4321866752e+11,0.0,0.0,475129446.400,10649.600,10866.200,8256.600,0.512,1.620,88.364,9.454,0.0,0.050,1493169795.535,
0.376,1.113,94.579,3.891,0.0,0.040,356925440.0,0.0,292157.200,380137599.800,0.0,0.0,8350.0,6173.200,0.800,2.0,0.0,5300449280.0,1347584.0,22018859008.0,1.4145953792e+11,0.0,0.0,356977868.800,0.0,8349.0,6173.400,0.381,1.113,94.574,3.891,0.0,0.040,1493169800.535,
0.346,1.148,95.024,3.443,0.0,0.040,343556096.0,2457.600,278349.600,374961350.800,0.0,0.0,8219.200,5927.200,0.200,1.800,0.0,5226455040.0,1355776.0,23735402496.0,1.3981698048e+11,0.0,0.0,343556096.0,2457.600,8219.200,5929.400,0.341,1.147,95.024,3.447,0.0,0.040,1493169805.535,
0.451,1.384,92.118,6.007,0.0,0.040,412768665.600,0.0,342011.800,417953507.800,0.0,0.0,9507.400,7144.0,1.400,2.600,0.0,5287342080.0,1355776.0,25798549504.0,1.37692946432e+11,0.0,0.0,412663808.0,0.0,9508.600,7142.0,0.451,1.389,92.122,5.997,0.0,0.040,1493169810.535,
0.437,1.390,92.062,6.067,0.0,0.045,424853504.0,6553.600,437808.800,444497457.400,0.0,0.0,10293.600,7350.400,0.800,3.0,0.0,5293137920.0,1363968.0,27925622784.0,1.3556006912e+11,0.0,0.0,424932147.200,6553.600,10292.600,7350.600,0.437,1.390,92.057,6.071,0.0,0.045,1493169815.535,
0.496,1.749,87.410,10.270,0.0,0.075,482673459.200,2457.600,469558.0,501811810.400,0.0,0.0,11658.400,8488.800,1.400,6.800,0.0,5314109440.0,1372160.0,30338355200.0,1.33126356992e+11,0.0,0.0,482715238.400,2457.600,11655.200,8488.600,0.501,1.744,87.405,10.275,0.0,0.075,1493169820.535,
0.426,1.324,92.090,6.125,0.0,0.035,406755737.600,4915.200,345617.800,444101889.600,0.0,0.0,9767.400,7032.0,1.200,4.0,0.0,5224091648.0,1372160.0,32372887552.0,1.31181842432e+11,0.0,0.0,406740172.800,4915.200,9772.600,7031.800,0.426,1.329,92.085,6.125,0.0,0.035,1493169825.535,
0.441,1.343,92.316,5.880,0.0,0.020,406493593.600,2457.600,352345.600,412664811.400,0.0,0.0,9797.400,7017.200,0.200,3.600,0.0,5301940224.0,1380352.0,34404433920.0,1.29072439296e+11,0.0,0.0,406519808.0,2457.600,9792.0,7018.0,0.441,1.338,92.321,5.880,0.0,0.020,1493169830.535,
0.461,1.408,91.945,6.145,0.0,0.040,422803046.400,0.0,328691.800,419889826.400,0.0,0.0,9561.400,7286.600,0.400,3.800,0.0,5401112576.0,1380352.0,36519370752.0,1.26858330112e+11,0.0,0.0,422750617.600,0.0,9561.0,7285.600,0.456,1.409,91.959,6.136,0.0,0.040,1493169835.535,
0.441,1.504,91.772,6.237,0.0,0.045,428035276.800,2457.600,405772.0,485005097.800,0.0,0.0,11584.800,7469.200,0.600,4.200,0.0,5234487296.0,1388544.0,38657794048.0,1.24886523904e+11,0.0,0.0,428035276.800,2457.600,11585.800,7470.0,0.446,1.504,91.763,6.242,0.0,0.045,1493169840.535,
0.502,1.470,87.763,10.240,0.0,0.025,473289523.200,0.0,453434.0,498490377.200,0.0,0.0,13093.200,8285.0,0.400,6.800,0.0,5224259584.0,1388544.0,41026510848.0,1.22528034816e+11,0.0,0.0,473341952.0,0.0,13098.600,8284.800,0.497,1.470,87.757,10.251,0.0,0.025,1493169845.535,
0.486,1.414,90.101,7.948,0.0,0.050,470804070.400,3276.800,433435.600,496396511.400,0.0,0.0,14218.800,8253.0,1.0,4.600,0.0,5193015296.0,1396736.0,43378884608.0,1.20206897152e+11,0.0,0.0,470751641.600,3276.800,14213.200,8253.0,0.486,1.414,90.111,7.938,0.0,0.050,1493169850.535,
0.492,1.470,86.637,11.357,0.0,0.045,495292416.0,2457.600,401682.600,515392038.800,0.0,0.0,11536.0,8730.200,0.800,8.400,0.0,5229584384.0,1404928.0,45857280000.0,1.1769192448e+11,0.0,0.0,495318630.400,2457.600,11540.800,8730.200,0.492,1.470,86.632,11.361,0.0,0.045,1493169855.535,
0.441,1.389,89.128,9.007,0.0,0.035,467412582.400,0.0,468236.800,482117951.600,0.0,0.0,12769.0,8187.400,1.800,5.400,0.0,5257134080.0,1404928.0,48193953792.0,1.15327700992e+11,0.0,0.0,467412582.400,0.0,12764.800,8187.400,0.446,1.389,89.122,9.007,0.0,0.035,1493169860.535,
0.466,1.428,90.888,7.167,0.0,0.050,446132224.0,2457.600,396753.400,474824901.600,0.0,0.0,14155.600,7758.200,0.600,3.400,0.0,5220786176.0,1413120.0,50423046144.0,1.13134948352e+11,0.0,0.0,446106009.600,2457.600,14158.800,7758.200,0.466,1.428,90.889,7.166,0.0,0.050,1493169865.535,
0.506,1.519,90.920,7.025,0.0,0.030,437602713.600,0.0,370034.400,432380499.600,0.0,0.0,12386.800,7527.600,0.400,4.200,0.0,5351411712.0,1413120.0,52611784704.0,1.10815584256e+11,0.0,0.0,437550284.800,0.0,12384.200,7527.0,0.506,1.519,90.925,7.019,0.0,0.030,1493169870.535,
0.547,1.756,87.377,10.270,0.0,0.050,489316352.0,2457.600,435199.0,519554767.600,0.0,0.0,15231.400,8563.600,1.200,6.600,0.0,5317177344.0,1421312.0,55058632704.0,1.08402962432e+11,0.0,0.0,489421209.600,2457.600,15235.200,8564.0,0.542,1.756,87.376,10.275,0.0,0.050,1493169875.535,
0.441,1.414,92.600,5.505,0.0,0.040,399101132.800,0.0,385683.400,442476397.600,0.0,0.0,13180.800,6940.200,0.600,3.0,0.0,5191307264.0,1421312.0,57051955200.0,1.06535510016e+11,0.0,0.0,399048704.0,0.0,13175.200,6939.800,0.441,1.414,92.605,5.500,0.0,0.040,1493169880.535,
0.486,1.474,92.116,5.874,0.0,0.050,428371148.800,4096.0,375198.800,439699385.600,0.0,0.0,13315.400,7423.400,0.800,4.600,0.0,5243092992.0,1429504.0,59195871232.0,1.04339800064e+11,0.0,0.0,428423577.600,4096.0,13323.600,7423.800,0.491,1.474,92.106,5.879,0.0,0.050,1493169885.535,
0.416,1.254,93.982,4.313,0.0,0.035,379892531.200,4915.200,334791.200,398137414.600,0.0,0.0,12223.600,6530.400,0.600,2.400,0.0,5239242752.0,1437696.0,61093744640.0,1.02445768704e+11,0.0,0.0,379866316.800,4915.200,12215.200,6531.600,0.416,1.254,93.986,4.308,0.0,0.035,1493169890.535,
0.522,1.695,91.007,6.736,0.0,0.040,468570931.200,0.0,477748.800,495033186.0,0.0,0.0,15012.200,8143.800,0.800,4.600,0.0,5214228480.0,1437696.0,63438028800.0,1.00126498816e+11,0.0,0.0,468597145.600,0.0,15012.600,8142.600,0.517,1.695,91.012,6.736,0.0,0.040,1493169895.535,
0.512,1.611,90.337,7.496,0.0,0.045,461855948.800,2457.600,425843.800,469072335.600,0.0,0.0,14458.200,8042.200,0.800,6.400,0.0,5292523520.0,1445888.0,65747795968.0,97738428416.0,0.0,0.0,461829734.400,2457.600,14458.400,8042.800,0.512,1.611,90.332,7.501,0.0,0.045,1493169900.535,
0.517,1.631,90.304,7.508,0.0,0.040,460648448.0,0.0,442220.0,496419547.400,0.0,0.0,14678.0,8034.600,0.800,4.800,0.0,5228924928.0,1445888.0,68049416192.0,95500406784.0,0.0,0.0,460596019.200,0.0,14685.800,8034.400,0.517,1.636,90.310,7.497,0.0,0.040,1493169905.535,
0.461,1.444,93.296,4.758,0.0,0.040,415041126.400,2457.600,386681.400,420219212.0,0.0,0.0,12776.200,7120.800,0.600,3.0,0.200,5294137344.0,1454080.0,70125895680.0,93358706688.0,0.0,0.0,415041126.400,2457.600,12769.200,7120.0,0.461,1.439,93.296,4.763,0.0,0.040,1493169910.535,
0.080,0.200,99.254,0.460,0.0,0.005,59141324.800,0.0,84918.800,80124260.400,0.0,0.0,2555.200,1130.0,0.0,0.0,0.0,5204500480.0,1454080.0,70420697088.0,93153542144.0,0.0,0.0,58931609.600,0.0,2552.200,1127.200,0.080,0.200,99.259,0.455,0.0,0.005,1493169915.535,
