"Dstat 0.7.2 CSV output"
"Author:","Dag Wieers <dag@wieers.com>",,,,"URL:","http://dag.wieers.com/home-made/dstat/"
"Host:","osd1.skyhook-2osds.skyhook-pg0.wisc.cloudlab.us",,,,"User:","jlefevre"
"Cmdline:","dstat -av --epoch --integer --noheaders --output 2osds.dstat-osd1.log 5",,,,"Date:","25 Apr 2017 15:02:01 CDT"

"total cpu usage",,,,,,"dsk/total",,"net/total",,"paging",,"system",,"procs",,,"memory usage",,,,"paging",,"dsk/total",,"system",,"total cpu usage",,,,,,"epoch"
"usr","sys","idl","wai","hiq","siq","read","writ","recv","send","in","out","int","csw","run","blk","new","used","buff","cach","free","in","out","read","writ","int","csw","usr","sys","idl","wai","hiq","siq","epoch"


"Host:","osd1.skyhook-2osds.skyhook-pg0.wisc.cloudlab.us",,,,"User:","jlefevre"
"Cmdline:","dstat -av --epoch --integer --noheaders --output 2osds.dstat-osd1.log 5",,,,"Date:","25 Apr 2017 15:08:55 CDT"

"total cpu usage",,,,,,"dsk/total",,"net/total",,"paging",,"system",,"procs",,,"memory usage",,,,"paging",,"dsk/total",,"system",,"total cpu usage",,,,,,"epoch"
"usr","sys","idl","wai","hiq","siq","read","writ","recv","send","in","out","int","csw","run","blk","new","used","buff","cach","free","in","out","read","writ","int","csw","usr","sys","idl","wai","hiq","siq","epoch"
0.010,0.005,99.975,0.010,0.0,0.0,0.0,2457.600,1930.600,23957.0,0.0,0.0,126.400,123.400,0.0,0.0,0.0,5176098816.0,1794048.0,70392066048.0,93210234880.0,0.0,0.0,0.0,2457.600,126.400,123.400,0.010,0.005,99.975,0.010,0.0,0.0,1493161710.535,
0.100,0.185,99.705,0.0,0.0,0.010,0.0,0.0,21078.600,40659744.0,0.0,0.0,775.800,281.800,0.200,0.0,0.0,5364494336.0,1794048.0,70392066048.0,93021839360.0,0.0,0.0,0.0,0.0,776.0,282.200,0.100,0.190,99.700,0.0,0.0,0.010,1493161715.535,
0.235,0.656,99.094,0.005,0.0,0.010,0.0,3276.800,97671.200,260607457.0,0.0,0.0,3804.800,785.800,0.0,0.0,0.0,5234962432.0,1802240.0,70392066048.0,93151363072.0,0.0,0.0,0.0,3276.800,3804.600,785.400,0.230,0.651,99.104,0.005,0.0,0.010,1493161720.535,
0.245,0.665,99.084,0.005,0.0,0.0,0.0,4915.200,105332.200,251139202.400,0.0,0.0,3808.600,802.400,0.0,0.0,0.0,5191974912.0,1810432.0,70392066048.0,93194342400.0,0.0,0.0,0.0,4915.200,3808.600,802.400,0.245,0.666,99.084,0.005,0.0,0.0,1493161725.535,
0.245,0.711,99.029,0.0,0.0,0.015,0.0,0.0,102368.400,257812942.400,0.0,0.0,3855.800,855.200,1.200,0.0,0.0,5221916672.0,1810432.0,70392066048.0,93164400640.0,0.0,0.0,0.0,0.0,3860.800,857.200,0.250,0.711,99.024,0.0,0.0,0.015,1493161730.535,
0.230,0.621,99.139,0.005,0.0,0.005,0.0,2457.600,125630.800,243940111.400,0.0,0.0,4017.400,778.800,0.400,0.0,0.0,5212090368.0,1818624.0,70392066048.0,93174218752.0,0.0,0.0,0.0,2457.600,4012.800,777.200,0.225,0.621,99.144,0.005,0.0,0.005,1493161735.535,
0.260,0.755,98.974,0.0,0.0,0.010,0.0,0.0,126882.800,254607241.400,0.0,0.0,4028.400,855.0,0.800,0.0,0.0,5304623104.0,1818624.0,70392066048.0,93081686016.0,0.0,0.0,0.0,0.0,4034.200,856.600,0.260,0.760,98.969,0.0,0.0,0.010,1493161740.535,
0.215,0.666,99.114,0.005,0.0,0.0,0.0,2457.600,106742.200,255507424.0,0.0,0.0,3824.600,796.200,0.600,0.0,0.0,5233426432.0,1826816.0,70392066048.0,93152874496.0,0.0,0.0,0.0,2457.600,3818.600,794.200,0.220,0.661,99.114,0.005,0.0,0.0,1493161745.535,
0.290,0.786,98.914,0.0,0.0,0.010,0.0,0.0,153003.400,292463870.200,0.0,0.0,4789.0,969.800,0.0,0.0,0.0,5275680768.0,1826816.0,70392066048.0,93110620160.0,0.0,0.0,0.0,0.0,4788.800,969.800,0.285,0.786,98.919,0.0,0.0,0.010,1493161750.535,
0.260,0.771,98.944,0.010,0.0,0.015,0.0,3276.800,150067.200,262547666.800,0.0,0.0,4413.0,908.0,0.400,0.0,0.0,5417590784.0,1835008.0,70392066048.0,92968701952.0,0.0,0.0,0.0,3276.800,4413.0,908.0,0.260,0.771,98.944,0.010,0.0,0.015,1493161755.535,
0.260,0.731,99.004,0.005,0.0,0.0,0.0,2457.600,91346.200,270814813.800,0.0,0.0,3887.200,851.0,0.600,0.0,0.0,5401149440.0,1843200.0,70392066048.0,92985135104.0,0.0,0.0,0.0,2457.600,3892.0,851.800,0.260,0.731,99.004,0.005,0.0,0.0,1493161760.535,
0.260,0.731,99.004,0.0,0.0,0.005,0.0,0.0,99864.200,272719124.800,0.0,0.0,4031.200,848.400,0.0,0.0,0.0,5388926976.0,1843200.0,70392070144.0,92997353472.0,0.0,0.0,0.0,0.0,4028.600,848.200,0.260,0.731,99.004,0.0,0.0,0.005,1493161765.535,
0.250,0.666,99.069,0.005,0.0,0.010,0.0,2457.600,99201.600,254095694.200,0.0,0.0,3717.400,849.600,0.400,0.0,0.0,5402001408.0,1851392.0,70392070144.0,92984270848.0,0.0,0.0,0.0,2457.600,3715.200,849.0,0.250,0.666,99.069,0.005,0.0,0.010,1493161770.535,
0.245,0.751,99.004,0.0,0.0,0.0,0.0,0.0,108371.600,281871090.800,0.0,0.0,4026.400,835.400,1.0,0.0,0.0,5304844288.0,1851392.0,70392070144.0,93081427968.0,0.0,0.0,0.0,0.0,4030.800,835.800,0.245,0.750,99.004,0.0,0.0,0.0,1493161775.535,
0.235,0.686,99.059,0.010,0.0,0.010,0.0,2457.600,117298.0,275164219.600,0.0,0.0,4008.400,798.200,0.0,0.0,0.0,5176012800.0,1859584.0,70392070144.0,93210251264.0,0.0,0.0,0.0,2457.600,4004.0,797.800,0.240,0.686,99.054,0.010,0.0,0.010,1493161780.535,
0.190,0.480,99.324,0.0,0.0,0.005,0.0,0.0,66563.400,200537915.400,0.0,0.0,2922.800,663.800,0.200,0.0,0.0,5175169024.0,1859584.0,70392070144.0,93211095040.0,0.0,0.0,0.0,0.0,2922.800,663.800,0.185,0.481,99.329,0.0,0.0,0.005,1493161785.535,
0.230,0.631,99.129,0.005,0.0,0.005,0.0,4096.0,90449.800,223404619.600,0.0,0.0,3404.200,775.600,0.200,0.0,0.0,5290614784.0,1867776.0,70392070144.0,93095641088.0,0.0,0.0,0.0,4096.0,3408.400,775.800,0.230,0.636,99.124,0.005,0.0,0.005,1493161790.535,
0.270,0.791,98.919,0.005,0.0,0.015,0.0,4915.200,118522.400,263219104.0,0.0,0.0,4106.800,877.400,0.600,0.0,0.0,5447614464.0,1875968.0,70392070144.0,92938633216.0,0.0,0.0,0.0,4915.200,4102.800,877.600,0.270,0.786,98.924,0.005,0.0,0.015,1493161795.535,
0.240,0.700,99.035,0.0,0.0,0.025,0.0,0.0,97185.600,266862535.0,0.0,0.0,3596.600,804.0,0.200,0.0,0.0,5376409600.0,1875968.0,70392070144.0,93009838080.0,0.0,0.0,0.0,0.0,3596.400,803.600,0.245,0.700,99.030,0.0,0.0,0.025,1493161800.535,
0.250,0.751,98.989,0.010,0.0,0.0,0.0,2457.600,118575.400,273150005.600,0.0,0.0,4026.800,826.0,0.200,0.0,0.0,5333872640.0,1884160.0,70392070144.0,93052366848.0,0.0,0.0,0.0,2457.600,4026.800,826.0,0.245,0.751,98.994,0.010,0.0,0.0,1493161805.535,
0.225,0.606,99.159,0.0,0.0,0.010,0.0,0.0,82915.0,240399305.800,0.0,0.0,3390.800,749.400,0.0,0.0,0.200,5264146432.0,1884160.0,70392070144.0,93122093056.0,0.0,0.0,0.0,0.0,3394.200,749.400,0.230,0.606,99.154,0.0,0.0,0.010,1493161810.535,
0.285,0.836,98.869,0.005,0.0,0.005,0.0,2457.600,166976.600,284460635.200,0.0,0.0,4750.400,934.400,0.200,0.0,0.0,5390233600.0,1892352.0,70392070144.0,92995997696.0,0.0,0.0,0.0,2457.600,4747.0,934.400,0.280,0.836,98.874,0.005,0.0,0.005,1493161815.535,
0.225,0.681,99.089,0.0,0.0,0.005,0.0,0.0,129579.0,274311932.600,0.0,0.0,4300.800,802.400,0.400,0.0,0.0,5248843776.0,1892352.0,70392070144.0,93137387520.0,0.0,0.0,0.0,0.0,4300.800,802.400,0.230,0.681,99.084,0.0,0.0,0.005,1493161820.535,
0.310,0.861,98.804,0.005,0.0,0.020,0.0,3276.800,157587.800,296055362.800,0.0,0.0,4831.200,958.600,0.800,0.0,0.0,5333598208.0,1900544.0,70392070144.0,93052624896.0,0.0,0.0,0.0,3276.800,4831.600,959.0,0.305,0.866,98.804,0.005,0.0,0.020,1493161825.535,
0.225,0.721,99.014,0.035,0.0,0.005,53248.0,4915.200,107875.400,249997771.800,0.0,0.0,3764.200,860.800,0.600,0.0,0.600,5350473728.0,2068480.0,70392098816.0,93035552768.0,0.0,0.0,53248.0,4915.200,3764.200,860.800,0.225,0.716,99.019,0.035,0.0,0.005,1493161830.535,
0.315,0.851,98.814,0.0,0.0,0.020,0.0,14745.600,178580.0,295945318.0,0.0,0.0,4932.400,952.600,0.400,0.0,0.0,5497032704.0,2076672.0,70392188928.0,92888895488.0,0.0,0.0,0.0,14745.600,4936.600,952.600,0.315,0.851,98.814,0.0,0.0,0.020,1493161835.535,
0.250,0.666,99.069,0.005,0.0,0.010,0.0,2457.600,128983.200,270377529.800,0.0,0.0,4164.0,799.400,0.800,0.0,0.0,5404168192.0,2084864.0,70392188928.0,92981751808.0,0.0,0.0,0.0,2457.600,4168.0,799.800,0.255,0.671,99.059,0.005,0.0,0.010,1493161840.535,
0.270,0.771,98.944,0.0,0.0,0.015,0.0,0.0,157166.400,301189738.400,0.0,0.0,4822.0,895.600,0.600,0.0,0.0,5341380608.0,2084864.0,70392188928.0,93044539392.0,0.0,0.0,0.0,0.0,4813.800,895.200,0.270,0.771,98.944,0.0,0.0,0.015,1493161845.535,
0.290,0.851,98.829,0.010,0.0,0.020,0.0,2457.600,170320.200,297130455.800,0.0,0.0,5030.400,953.400,0.400,0.0,0.0,5438861312.0,2093056.0,70392193024.0,92947046400.0,0.0,0.0,0.0,2457.600,5030.400,953.400,0.290,0.851,98.829,0.010,0.0,0.020,1493161850.535,
0.270,0.736,98.984,0.0,0.0,0.010,0.0,0.0,145915.200,269586580.400,0.0,0.0,4279.400,852.800,0.200,0.0,0.0,5524295680.0,2093056.0,70392193024.0,92861612032.0,0.0,0.0,0.0,0.0,4279.0,852.400,0.265,0.731,98.994,0.0,0.0,0.010,1493161855.535,
0.200,0.651,99.134,0.005,0.0,0.010,0.0,4096.0,127002.200,265336486.200,0.0,0.0,4125.0,754.200,1.0,0.0,0.0,5356855296.0,2101248.0,70392193024.0,93029044224.0,0.0,0.0,0.0,4096.0,4129.0,755.800,0.205,0.651,99.129,0.005,0.0,0.010,1493161860.535,
0.270,0.786,98.923,0.005,0.0,0.015,0.0,4915.200,188605.400,304593886.400,0.0,0.0,5285.400,937.600,0.600,0.0,0.0,5326622720.0,2109440.0,70392193024.0,93059268608.0,0.0,0.0,0.0,4915.200,5281.400,936.0,0.265,0.786,98.928,0.005,0.0,0.015,1493161865.535,
0.255,0.766,98.969,0.0,0.0,0.010,0.0,9011.200,135077.200,270101981.400,0.0,0.0,4335.200,907.0,0.600,0.0,0.0,5465178112.0,2109440.0,70392193024.0,92920713216.0,0.0,0.0,0.0,9011.200,4336.200,907.400,0.255,0.766,98.969,0.0,0.0,0.010,1493161870.535,
0.280,0.751,98.949,0.010,0.0,0.010,0.0,2457.600,122594.600,287982667.600,0.0,0.0,4327.600,874.0,0.0,0.0,0.0,5454102528.0,2117632.0,70392193024.0,92931780608.0,0.0,0.0,0.0,2457.600,4327.0,874.0,0.280,0.751,98.949,0.010,0.0,0.010,1493161875.535,
0.235,0.731,99.029,0.0,0.0,0.005,0.0,0.0,116067.800,289812600.600,0.0,0.0,4280.800,851.200,0.600,0.0,0.200,5356896256.0,2117632.0,70392193024.0,93028986880.0,0.0,0.0,0.0,0.0,4284.800,851.0,0.240,0.731,99.024,0.0,0.0,0.005,1493161880.535,
0.225,0.666,99.104,0.005,0.0,0.0,0.0,2457.600,99554.800,244960858.800,0.0,0.0,3604.200,775.800,0.400,0.0,0.0,5341401088.0,2125824.0,70392193024.0,93044473856.0,0.0,0.0,0.0,2457.600,3600.200,776.0,0.225,0.666,99.104,0.005,0.0,0.0,1493161885.535,
0.295,0.791,98.899,0.0,0.0,0.015,0.0,0.0,128799.200,269188881.400,0.0,0.0,4302.400,940.800,0.800,0.0,0.0,5507506176.0,2125824.0,70392193024.0,92878368768.0,0.0,0.0,0.0,0.0,4305.400,941.0,0.290,0.791,98.904,0.0,0.0,0.015,1493161890.535,
0.245,0.716,99.024,0.005,0.0,0.010,0.0,3276.800,110233.600,275025280.0,0.0,0.0,4073.0,828.400,0.400,0.0,0.0,5408186368.0,2134016.0,70392193024.0,92977680384.0,0.0,0.0,0.0,3276.800,4072.0,827.800,0.250,0.716,99.019,0.005,0.0,0.010,1493161895.535,
0.330,0.911,98.733,0.010,0.0,0.015,0.0,4915.200,216842.0,329003710.600,0.0,0.0,5893.200,992.200,0.200,0.0,0.0,5450715136.0,2142208.0,70392193024.0,92935143424.0,0.0,0.0,0.0,4915.200,5890.800,992.200,0.325,0.911,98.738,0.010,0.0,0.015,1493161900.535,
0.275,0.811,98.904,0.0,0.0,0.010,0.0,0.0,223099.600,303533957.600,0.0,0.0,5776.600,923.800,0.0,0.0,0.0,5353119744.0,2142208.0,70392193024.0,93032738816.0,0.0,0.0,0.0,0.0,5776.600,923.800,0.275,0.811,98.904,0.0,0.0,0.010,1493161905.535,
0.295,0.851,98.839,0.005,0.0,0.010,0.0,2457.600,168551.600,285700735.800,0.0,0.0,4947.800,957.200,0.800,0.0,0.0,5465460736.0,2150400.0,70392193024.0,92920389632.0,0.0,0.0,0.0,2457.600,4956.0,957.600,0.295,0.851,98.839,0.005,0.0,0.010,1493161910.535,
0.300,0.856,98.824,0.0,0.0,0.020,0.0,0.0,187701.600,299159323.600,0.0,0.0,5381.0,928.800,0.0,0.0,0.0,5465550848.0,2150400.0,70392193024.0,92920299520.0,0.0,0.0,0.0,0.0,5373.0,928.400,0.300,0.856,98.824,0.0,0.0,0.020,1493161915.535,
0.295,0.851,98.829,0.005,0.0,0.020,0.0,2457.600,181483.400,308733582.600,0.0,0.0,5456.600,943.0,0.600,0.0,0.0,5451567104.0,2158592.0,70392193024.0,92934275072.0,0.0,0.0,0.0,2457.600,5457.0,944.600,0.300,0.851,98.824,0.005,0.0,0.020,1493161920.535,
0.300,0.831,98.864,0.0,0.0,0.005,0.0,0.0,159643.800,295078592.400,0.0,0.0,4857.600,906.0,0.600,0.0,0.0,5439770624.0,2158592.0,70392193024.0,92946071552.0,0.0,0.0,0.0,0.0,4862.800,904.600,0.300,0.831,98.864,0.0,0.0,0.005,1493161925.535,
0.235,0.641,99.109,0.010,0.0,0.005,0.0,4096.0,142461.400,276711067.800,0.0,0.0,4227.800,810.800,0.800,0.0,0.0,5271162880.0,2166784.0,70392197120.0,93114667008.0,0.0,0.0,0.0,4096.0,4227.0,812.600,0.235,0.646,99.104,0.010,0.0,0.005,1493161930.535,
0.190,0.525,99.269,0.005,0.0,0.010,0.0,4915.200,125328.200,214438380.200,0.0,0.0,3576.400,684.600,0.0,0.0,0.0,5203095552.0,2174976.0,70392197120.0,93182726144.0,0.0,0.0,0.0,4915.200,3571.600,683.0,0.185,0.520,99.279,0.005,0.0,0.010,1493161935.535,
0.290,0.856,98.819,0.0,0.0,0.035,0.0,0.0,212806.0,293272887.800,0.0,0.0,5744.800,929.600,0.400,0.0,0.0,5301288960.0,2174976.0,70392197120.0,93084532736.0,0.0,0.0,0.0,0.0,5744.600,929.200,0.290,0.856,98.819,0.0,0.0,0.035,1493161940.535,
0.240,0.636,99.109,0.005,0.0,0.010,0.0,2457.600,148734.800,272504734.400,0.0,0.0,4698.200,811.400,0.400,0.0,0.0,5185818624.0,2183168.0,70392197120.0,93199994880.0,0.0,0.0,0.0,2457.600,4698.400,811.800,0.240,0.636,99.109,0.005,0.0,0.010,1493161945.535,
0.235,0.656,99.104,0.0,0.0,0.005,0.0,0.0,149174.0,248754240.200,0.0,0.0,4448.800,812.600,0.400,0.0,0.200,5220659200.0,2183168.0,70392197120.0,93165154304.0,0.0,0.0,0.0,0.0,4451.600,812.600,0.240,0.661,99.094,0.0,0.0,0.005,1493161950.535,
0.255,0.746,98.979,0.010,0.0,0.010,0.0,2457.600,178224.0,272573490.800,0.0,0.0,5096.800,884.800,0.600,0.0,0.0,5268852736.0,2191360.0,70392197120.0,93116952576.0,0.0,0.0,0.0,2457.600,5094.200,884.800,0.250,0.741,98.989,0.010,0.0,0.010,1493161955.535,
0.250,0.776,98.974,0.0,0.0,0.0,0.0,0.0,189990.800,288656665.600,0.0,0.0,5334.800,879.400,0.200,0.0,0.0,5255634944.0,2191360.0,70392197120.0,93130170368.0,0.0,0.0,0.0,0.0,5334.400,879.0,0.250,0.776,98.974,0.0,0.0,0.0,1493161960.535,
0.290,0.886,98.804,0.005,0.0,0.015,0.0,3276.800,189615.600,294890549.200,0.0,0.0,5304.400,932.400,0.600,0.0,0.0,5326688256.0,2199552.0,70392197120.0,93059108864.0,0.0,0.0,0.0,3276.800,5306.200,933.400,0.290,0.886,98.804,0.005,0.0,0.015,1493161965.535,
0.280,0.811,98.894,0.005,0.0,0.010,0.0,4915.200,158693.800,296198851.0,0.0,0.0,4909.0,921.200,0.600,0.0,0.0,5281423360.0,2207744.0,70392197120.0,93104365568.0,0.0,0.0,0.0,4915.200,4907.200,920.200,0.285,0.811,98.889,0.005,0.0,0.010,1493161970.535,
0.260,0.681,99.054,0.0,0.0,0.005,0.0,0.0,162888.0,276885288.800,0.0,0.0,4583.800,835.200,1.0,0.0,0.0,5207953408.0,2207744.0,70392197120.0,93177835520.0,0.0,0.0,0.0,0.0,4585.0,837.200,0.260,0.681,99.054,0.0,0.0,0.005,1493161975.535,
0.290,0.841,98.854,0.005,0.0,0.010,0.0,2457.600,198940.400,299930605.600,0.0,0.0,5501.200,965.200,0.200,0.0,0.0,5271175168.0,2215936.0,70392197120.0,93114605568.0,0.0,0.0,0.0,2457.600,5504.800,963.400,0.290,0.841,98.854,0.005,0.0,0.010,1493161980.535,
0.130,0.375,99.490,0.0,0.0,0.005,0.0,0.0,97029.0,148319707.600,0.0,0.0,2594.800,482.0,0.0,0.0,0.0,5183139840.0,2215936.0,70392197120.0,93202640896.0,0.0,0.0,0.0,0.0,2590.0,481.800,0.130,0.375,99.490,0.0,0.0,0.005,1493161985.535,
