"Dstat 0.7.2 CSV output"
"Author:","Dag Wieers <dag@wieers.com>",,,,"URL:","http://dag.wieers.com/home-made/dstat/"
"Host:","client0.skyhook-2osds.skyhook-pg0.wisc.cloudlab.us",,,,"User:","jlefevre"
"Cmdline:","dstat -av --epoch --integer --noheaders --output 2osds.dstat-client0.log 5",,,,"Date:","25 Apr 2017 15:01:58 CDT"

"total cpu usage",,,,,,"dsk/total",,"net/total",,"paging",,"system",,"procs",,,"memory usage",,,,"paging",,"dsk/total",,"system",,"total cpu usage",,,,,,"epoch"
"usr","sys","idl","wai","hiq","siq","read","writ","recv","send","in","out","int","csw","run","blk","new","used","buff","cach","free","in","out","read","writ","int","csw","usr","sys","idl","wai","hiq","siq","epoch"


"Host:","client0.skyhook-2osds.skyhook-pg0.wisc.cloudlab.us",,,,"User:","jlefevre"
"Cmdline:","dstat -av --epoch --integer --noheaders --output 2osds.dstat-client0.log 5",,,,"Date:","25 Apr 2017 15:08:47 CDT"

"total cpu usage",,,,,,"dsk/total",,"net/total",,"paging",,"system",,"procs",,,"memory usage",,,,"paging",,"dsk/total",,"system",,"total cpu usage",,,,,,"epoch"
"usr","sys","idl","wai","hiq","siq","read","writ","recv","send","in","out","int","csw","run","blk","new","used","buff","cach","free","in","out","read","writ","int","csw","usr","sys","idl","wai","hiq","siq","epoch"
0.090,0.075,99.805,0.015,0.0,0.015,0.0,10649.600,43269.800,3007.800,0.0,0.0,666.0,6791.800,0.600,0.0,0.600,5474578432.0,215404544.0,1.4728767488e+11,15802535936.0,0.0,0.0,0.0,10649.600,666.200,6801.800,0.090,0.075,99.805,0.015,0.0,0.015,1493168052.604,
5.550,1.210,92.758,0.050,0.0,0.432,0.0,42598.400,678219881.400,440912.200,0.0,0.0,13927.200,18681.600,3.0,0.0,5.200,5717827584.0,215416832.0,1.47287719936e+11,15559229440.0,0.0,0.0,0.0,42598.400,13929.0,18674.400,5.559,1.205,92.753,0.050,0.0,0.432,1493168057.604,
7.889,1.643,89.879,0.071,0.0,0.519,0.0,108134.400,974424769.600,639272.400,0.0,0.0,20555.0,22378.200,4.600,0.0,0.0,5717458944.0,215433216.0,1.47287973888e+11,15559327744.0,0.0,0.0,0.0,108134.400,20558.800,22381.200,7.888,1.648,89.874,0.071,0.0,0.519,1493168062.604,
8.000,1.689,89.577,0.070,0.0,0.663,0.0,111411.200,975281992.400,636323.600,0.0,0.0,20423.800,23084.0,4.400,0.0,0.0,5695713280.0,215445504.0,1.47288231936e+11,15580803072.0,0.0,0.0,0.0,111411.200,20424.600,23096.400,8.001,1.684,89.581,0.070,0.0,0.663,1493168067.604,
8.193,1.352,89.268,0.025,0.0,1.162,0.0,108134.400,1005337181.400,762014.0,0.0,0.0,18798.600,27862.600,4.400,0.0,0.0,5706498048.0,215445504.0,1.47288485888e+11,15569764352.0,0.0,0.0,0.0,108134.400,18804.200,27858.800,8.191,1.362,89.260,0.025,0.0,1.162,1493168072.604,
8.053,1.423,89.731,0.040,0.0,0.754,0.0,117964.800,1007182527.800,809787.800,0.0,0.0,20111.800,28092.0,3.600,0.0,0.0,5687848960.0,215453696.0,1.47288743936e+11,15588147200.0,0.0,0.0,0.0,117964.800,20109.200,28082.600,8.058,1.423,89.725,0.040,0.0,0.754,1493168077.604,
8.369,1.510,89.547,0.045,0.0,0.528,0.0,112230.400,1000447668.600,716906.200,0.0,0.0,19029.200,26272.200,4.400,0.0,0.0,5703528448.0,215457792.0,1.47289014272e+11,15572193280.0,0.0,0.0,0.0,112230.400,19029.400,26290.400,8.361,1.505,89.560,0.045,0.0,0.529,1493168082.604,
8.208,1.512,89.711,0.060,0.0,0.509,0.0,115507.200,993346963.400,794508.600,0.0,0.0,22048.200,26712.800,3.800,0.0,0.0,5715243008.0,215465984.0,1.47289284608e+11,15560200192.0,0.0,0.0,0.0,115507.200,22047.0,26699.600,8.212,1.511,89.708,0.060,0.0,0.509,1493168087.604,
7.752,1.405,90.313,0.055,0.0,0.474,0.0,113868.800,943724433.0,677971.200,0.0,0.0,17882.200,25171.600,4.600,0.0,0.0,5693804544.0,215482368.0,1.47289542656e+11,15581364224.0,0.0,0.0,0.0,113868.800,17883.400,25180.0,7.753,1.405,90.313,0.055,0.0,0.474,1493168092.604,
7.987,1.444,89.939,0.060,0.0,0.569,0.0,114688.0,978664185.200,768802.600,0.0,0.0,19209.600,26595.400,4.0,0.0,0.0,5697261568.0,215494656.0,1.472898048e+11,15577632768.0,0.0,0.0,0.0,114688.0,19209.400,26592.800,7.987,1.439,89.945,0.060,0.0,0.569,1493168097.604,
8.292,1.386,89.647,0.096,0.0,0.580,0.0,115507.200,989742535.600,784918.600,0.0,0.0,19679.0,27051.400,4.0,0.0,0.0,5682774016.0,215523328.0,1.47290066944e+11,15591829504.0,0.0,0.0,0.0,115507.200,19679.600,27046.200,8.291,1.391,89.642,0.096,0.0,0.580,1493168102.604,
8.340,1.542,89.629,0.066,0.0,0.423,0.0,113049.600,1014402735.200,832571.800,0.0,0.0,20253.600,27490.400,4.600,0.0,0.0,5680209920.0,215531520.0,1.47290341376e+11,15594110976.0,0.0,0.0,0.0,113049.600,20251.600,27483.800,8.346,1.547,89.618,0.066,0.0,0.423,1493168107.604,
7.981,1.542,89.867,0.066,0.0,0.544,0.0,124518.400,1007814847.200,880704.400,0.0,0.0,20289.0,27892.400,5.200,0.0,0.200,5686079488.0,215547904.0,1.4729060352e+11,15587962880.0,0.0,0.0,0.0,124518.400,20293.600,27916.400,7.976,1.537,89.878,0.065,0.0,0.544,1493168112.604,
8.256,1.451,89.484,0.055,0.0,0.753,0.0,109772.800,1004024451.800,826965.800,0.0,0.0,20899.400,28438.800,4.800,0.0,0.0,5703356416.0,215560192.0,1.47290865664e+11,15570411520.0,0.0,0.0,0.0,109772.800,20896.200,28422.0,8.251,1.446,89.494,0.055,0.0,0.753,1493168117.604,
8.183,1.457,89.293,0.015,0.0,1.052,0.0,113049.600,1014019921.600,799498.600,0.0,0.0,19794.400,27774.800,4.0,0.0,0.0,5711671296.0,215592960.0,1.47291127808e+11,15561801728.0,0.0,0.0,0.0,113049.600,19790.600,27767.800,8.184,1.457,89.292,0.015,0.0,1.052,1493168122.604,
8.059,1.419,89.519,0.035,0.0,0.968,0.0,113049.600,998536748.400,787006.200,0.0,0.0,19953.200,27523.400,5.400,0.0,0.0,5704290304.0,215621632.0,1.47291394048e+11,15568887808.0,0.0,0.0,0.0,113049.600,19961.0,27533.400,8.064,1.419,89.514,0.035,0.0,0.968,1493168127.604,
7.844,1.535,89.907,0.070,0.0,0.644,0.0,111411.200,932241609.0,685117.800,0.0,0.0,19387.0,23145.200,4.400,0.0,0.0,5677871104.0,215662592.0,1.47291664384e+11,15594995712.0,0.0,0.0,0.0,111411.200,19382.800,23139.400,7.844,1.540,89.902,0.070,0.0,0.644,1493168132.604,
8.366,1.483,89.452,0.060,0.0,0.639,0.0,112230.400,1017254505.200,806614.600,0.0,0.0,20113.200,28157.600,4.0,0.0,0.0,5680181248.0,215674880.0,1.47291926528e+11,15592411136.0,0.0,0.0,0.0,112230.400,20114.800,28161.200,8.375,1.488,89.438,0.060,0.0,0.638,1493168137.604,
8.094,1.585,89.662,0.035,0.0,0.624,0.0,107315.200,985405486.0,633687.0,0.0,0.0,19224.600,23506.800,4.0,0.0,0.0,5687709696.0,215683072.0,1.47292176384e+11,15584624640.0,0.0,0.0,0.0,107315.200,19224.200,23509.400,8.079,1.580,89.677,0.035,0.0,0.629,1493168142.604,
8.245,1.422,89.464,0.065,0.0,0.804,0.0,119603.200,999338135.400,763346.600,0.0,0.0,18837.400,27062.200,3.600,0.0,0.0,5724057600.0,215699456.0,1.4729244672e+11,15547990016.0,0.0,0.0,0.0,119603.200,18828.600,27047.600,8.250,1.417,89.469,0.065,0.0,0.799,1493168147.604,
8.082,1.498,89.865,0.025,0.0,0.529,0.0,108953.600,997610623.400,757753.200,0.0,0.0,20365.800,26376.800,3.600,0.0,0.0,5704839168.0,215707648.0,1.47292704768e+11,15566942208.0,0.0,0.0,0.0,108953.600,20372.0,26387.800,8.079,1.503,89.864,0.025,0.0,0.530,1493168152.604,
8.393,1.345,89.603,0.040,0.0,0.620,0.0,116326.400,1019490923.600,721194.400,0.0,0.0,18844.0,27233.200,4.600,0.0,0.0,5691588608.0,215728128.0,1.47292975104e+11,15579901952.0,0.0,0.0,0.0,116326.400,18841.200,27242.0,8.403,1.340,89.598,0.040,0.0,0.620,1493168157.604,
8.187,1.447,89.622,0.050,0.0,0.694,0.0,119603.200,1003012437.0,825090.0,0.0,0.0,20254.200,27583.200,3.600,0.0,0.0,5698027520.0,215736320.0,1.47293249536e+11,15573180416.0,0.0,0.0,0.0,119603.200,20256.400,27565.200,8.176,1.447,89.633,0.050,0.0,0.694,1493168162.604,
7.734,1.435,89.958,0.040,0.0,0.833,0.0,111411.200,975922296.600,800099.800,0.0,0.0,19136.200,27554.800,4.200,0.0,0.0,5699702784.0,215740416.0,1.47293507584e+11,15571243008.0,0.0,0.0,0.0,111411.200,19138.800,27572.600,7.749,1.439,89.934,0.040,0.0,0.838,1493168167.604,
8.121,1.415,89.890,0.055,0.0,0.519,0.0,113049.600,986224017.200,749971.0,0.0,0.0,18758.600,26613.200,4.0,0.0,0.0,5700276224.0,215764992.0,1.47293773824e+11,15570378752.0,0.0,0.0,0.0,113049.600,18762.200,26605.800,8.117,1.410,89.904,0.055,0.0,0.514,1493168172.604,
7.854,1.490,90.082,0.076,0.0,0.498,0.0,111411.200,947117979.600,747089.400,0.0,0.0,19403.200,24561.400,4.600,0.0,0.0,5693947904.0,215773184.0,1.47294031872e+11,15576440832.0,0.0,0.0,0.0,111411.200,19401.600,24557.600,7.844,1.495,90.087,0.076,0.0,0.498,1493168177.604,
8.088,1.455,89.127,0.396,0.0,0.933,0.0,9673932.800,965631770.800,780141.600,0.0,0.0,18717.600,26382.400,4.200,0.200,0.0,5687074816.0,215826432.0,1.47306627072e+11,15570665472.0,0.0,0.0,0.0,9673932.800,18716.400,26391.400,8.088,1.455,89.127,0.396,0.0,0.933,1493168182.604,
8.358,1.444,89.508,0.126,0.0,0.564,0.0,1206681.600,987650807.800,727201.400,0.0,0.0,18600.800,26472.800,4.0,0.0,0.0,5673779200.0,215846912.0,1.47279302656e+11,15611265024.0,0.0,0.0,0.0,1206681.600,18598.800,26470.0,8.364,1.439,89.507,0.126,0.0,0.564,1493168187.604,
8.431,1.542,89.463,0.055,0.0,0.509,0.0,114688.0,1008791696.0,721184.0,0.0,0.0,20225.800,26169.200,4.800,0.0,0.0,5691801600.0,215867392.0,1.47279560704e+11,15592964096.0,0.0,0.0,0.0,114688.0,20219.600,26158.600,8.430,1.542,89.463,0.055,0.0,0.509,1493168192.604,
8.139,1.416,89.876,0.081,0.0,0.489,0.0,113868.800,984558099.400,693608.400,0.0,0.0,19266.600,25790.200,4.400,0.0,0.0,5663715328.0,215883776.0,1.47279835136e+11,15620759552.0,0.0,0.0,0.0,113868.800,19268.0,25787.800,8.130,1.416,89.885,0.081,0.0,0.489,1493168197.604,
8.515,1.512,89.429,0.045,0.0,0.499,0.0,113049.600,1000557534.400,764771.0,0.0,0.0,20216.600,26546.400,4.400,0.0,0.0,5685559296.0,215896064.0,1.47280105472e+11,15598632960.0,0.0,0.0,0.0,113049.600,20224.0,26566.600,8.528,1.516,89.407,0.045,0.0,0.504,1493168202.604,
0.942,0.210,98.772,0.050,0.0,0.025,0.0,110592.0,93569932.800,80995.800,0.0,0.0,2547.400,9402.200,0.200,0.0,1.0,5501976576.0,215908352.0,1.47280334848e+11,15781974016.0,0.0,0.0,0.0,110592.0,2536.0,9380.400,0.927,0.211,98.792,0.050,0.0,0.020,1493168207.604,
