"Dstat 0.7.2 CSV output"
"Author:","Dag Wieers <dag@wieers.com>",,,,"URL:","http://dag.wieers.com/home-made/dstat/"
"Host:","osd0.skyhook-2osds.skyhook-pg0.wisc.cloudlab.us",,,,"User:","jlefevre"
"Cmdline:","dstat -av --epoch --integer --noheaders --output 2osds.dstat-osd0.log 5",,,,"Date:","25 Apr 2017 15:01:59 CDT"

"total cpu usage",,,,,,"dsk/total",,"net/total",,"paging",,"system",,"procs",,,"memory usage",,,,"paging",,"dsk/total",,"system",,"total cpu usage",,,,,,"epoch"
"usr","sys","idl","wai","hiq","siq","read","writ","recv","send","in","out","int","csw","run","blk","new","used","buff","cach","free","in","out","read","writ","int","csw","usr","sys","idl","wai","hiq","siq","epoch"


"Host:","osd0.skyhook-2osds.skyhook-pg0.wisc.cloudlab.us",,,,"User:","jlefevre"
"Cmdline:","dstat -av --epoch --integer --noheaders --output 2osds.dstat-osd0.log 5",,,,"Date:","25 Apr 2017 15:08:52 CDT"

"total cpu usage",,,,,,"dsk/total",,"net/total",,"paging",,"system",,"procs",,,"memory usage",,,,"paging",,"dsk/total",,"system",,"total cpu usage",,,,,,"epoch"
"usr","sys","idl","wai","hiq","siq","read","writ","recv","send","in","out","int","csw","run","blk","new","used","buff","cach","free","in","out","read","writ","int","csw","usr","sys","idl","wai","hiq","siq","epoch"
0.065,1.686,98.079,0.165,0.0,0.005,1410662.400,17203.200,2891.400,21302.400,0.0,0.0,729.200,837.800,0.600,0.0,5.0,4976885760.0,1327104.0,163979264.0,1.63638001664e+11,0.0,0.0,1410662.400,17203.200,728.800,837.0,0.060,1.681,98.089,0.165,0.0,0.005,1493169097.689,
0.891,0.270,96.393,2.436,0.0,0.010,105916006.400,3276.800,11858.800,9883011.600,0.0,0.0,1476.600,1885.600,2.0,0.800,0.0,5049126912.0,1335296.0,692531200.0,1.63037200384e+11,0.0,0.0,106178150.400,3276.800,1478.400,1889.400,0.895,0.275,96.378,2.441,0.0,0.010,1493169102.689,
3.912,1.297,84.782,9.983,0.0,0.025,475670118.400,2457.600,45910.400,49618970.800,0.0,0.0,6566.0,7915.600,2.200,6.200,0.0,5071081472.0,1343488.0,3074945024.0,1.60632823808e+11,0.0,0.0,475696332.800,2457.600,6570.800,7917.400,3.912,1.292,84.777,9.993,0.0,0.025,1493169107.689,
4.079,1.278,83.439,11.124,0.0,0.080,471857561.600,0.0,46011.800,50843701.800,0.0,0.0,6596.400,7844.400,2.400,6.200,0.0,5050126336.0,1343488.0,5432365056.0,1.58296358912e+11,0.0,0.0,471857561.600,0.0,6591.400,7842.0,4.079,1.283,83.435,11.123,0.0,0.080,1493169112.689,
3.963,1.217,85.280,9.459,0.0,0.080,459930828.800,2457.600,43402.400,48637678.200,0.0,0.0,6250.800,7650.600,1.800,4.400,0.0,5062889472.0,1351680.0,7730712576.0,1.55985240064e+11,0.0,0.0,459852185.600,2457.600,6253.400,7651.200,3.969,1.213,85.283,9.455,0.0,0.080,1493169117.689,
3.926,1.268,84.307,10.454,0.0,0.045,465116364.800,0.0,46341.0,49828853.800,0.0,0.0,6309.600,7772.0,2.0,5.0,0.0,5049925632.0,1351680.0,10056491008.0,1.53672425472e+11,0.0,0.0,465195008.0,0.0,6306.800,7771.200,3.916,1.273,84.318,10.448,0.0,0.045,1493169122.689,
3.771,1.212,86.488,8.464,0.0,0.065,439448371.200,4096.0,38512.200,46728421.800,0.0,0.0,5828.600,7313.200,3.200,2.600,0.0,5053874176.0,1359872.0,12252487680.0,1.51472472064e+11,0.0,0.0,439474585.600,4096.0,5829.0,7313.800,3.771,1.207,86.487,8.469,0.0,0.065,1493169127.689,
3.742,1.182,86.686,8.345,0.0,0.045,456571289.600,819.200,43732.400,47280881.0,0.0,0.0,5808.800,7593.200,2.0,5.0,0.0,5104574464.0,1359872.0,14538387456.0,1.49135872e+11,0.0,0.0,456545075.200,819.200,5808.800,7593.0,3.742,1.182,86.680,8.350,0.0,0.045,1493169132.689,
4.032,1.302,85.755,8.855,0.0,0.055,465104896.0,2457.600,46853.400,50000534.800,0.0,0.0,6064.800,7750.400,2.800,5.0,0.0,5083025408.0,1368064.0,16863993856.0,1.46831806464e+11,0.0,0.0,465078681.600,2457.600,6065.400,7750.0,4.037,1.302,85.759,8.846,0.0,0.055,1493169137.689,
4.158,1.308,83.337,11.117,0.0,0.080,478437376.0,0.0,50620.200,51531359.800,0.0,0.0,6608.200,8012.0,1.400,6.800,0.0,5058576384.0,1368064.0,19254767616.0,1.44465481728e+11,0.0,0.0,478489804.800,0.0,6607.600,8012.200,4.153,1.312,83.329,11.126,0.0,0.080,1493169142.689,
3.548,1.067,88.540,6.800,0.0,0.045,410066944.0,2457.600,41095.0,43718972.800,0.0,0.0,5698.200,6795.400,1.400,4.0,0.200,5052293120.0,1376256.0,21304516608.0,1.42422007808e+11,0.0,0.0,410014515.200,2457.600,5697.800,6795.0,3.548,1.067,88.549,6.790,0.0,0.045,1493169147.689,
3.903,1.323,86.096,8.633,0.0,0.045,461551206.400,0.0,44303.600,48508315.600,0.0,0.0,6147.800,7688.0,1.600,5.600,0.0,5080571904.0,1376256.0,23610658816.0,1.40087586816e+11,0.0,0.0,461551206.400,0.0,6148.400,7689.200,3.908,1.318,86.096,8.633,0.0,0.045,1493169152.689,
4.039,1.303,84.820,9.747,0.0,0.090,470495232.0,2457.600,46151.800,49460521.200,0.0,0.0,6341.0,7878.600,2.200,5.800,0.0,5099282432.0,1384448.0,25963536384.0,1.37715990528e+11,0.0,0.0,470521446.400,2457.600,6346.600,7879.400,4.039,1.308,84.812,9.751,0.0,0.090,1493169157.689,
4.166,1.228,84.959,9.616,0.0,0.030,464329113.600,0.0,50286.200,50576077.200,0.0,0.0,6107.400,7734.0,1.400,5.600,0.0,5051920384.0,1384448.0,28286574592.0,1.35440314368e+11,0.0,0.0,464302899.200,0.0,6102.400,7732.600,4.162,1.228,84.968,9.612,0.0,0.030,1493169162.689,
3.744,1.173,87.358,7.684,0.0,0.040,443978547.200,4096.0,43781.400,46150054.400,0.0,0.0,5703.0,7331.800,2.200,5.400,0.0,5106466816.0,1392640.0,30506315776.0,1.3316601856e+11,0.0,0.0,444004761.600,4096.0,5702.200,7331.600,3.744,1.173,87.349,7.694,0.0,0.040,1493169167.689,
3.889,1.283,85.578,9.220,0.0,0.030,464670720.0,4915.200,46646.0,48795606.600,0.0,0.0,5945.600,7732.400,2.600,5.800,0.0,5130543104.0,1400832.0,32831868928.0,1.30816380928e+11,0.0,0.0,464660070.400,4915.200,5946.400,7732.600,3.894,1.278,85.577,9.221,0.0,0.030,1493169172.689,
4.014,1.198,86.278,8.470,0.0,0.040,446661427.200,0.0,44996.600,48805428.400,0.0,0.0,6215.600,7385.800,2.200,4.200,0.0,5076451328.0,1400832.0,35063857152.0,1.2863848448e+11,0.0,0.0,446645862.400,0.0,6214.600,7387.400,4.014,1.198,86.288,8.459,0.0,0.040,1493169177.689,
3.211,0.972,89.591,6.186,0.0,0.040,382718771.200,2457.600,38544.800,39526149.800,0.0,0.0,4840.200,6353.800,2.600,2.400,0.0,5141549056.0,1409024.0,36977774592.0,1.2665946112e+11,0.0,0.0,382718771.200,2457.600,4841.200,6352.0,3.206,0.977,89.581,6.196,0.0,0.040,1493169182.689,
4.006,1.397,83.066,11.481,0.0,0.050,475564441.600,0.0,43619.800,50311318.400,0.0,0.0,6628.800,7926.600,2.200,5.800,0.0,5150605312.0,1409024.0,39355265024.0,1.24272914432e+11,0.0,0.0,475564441.600,0.0,6628.600,7925.800,4.010,1.397,83.072,11.470,0.0,0.050,1493169187.689,
3.708,1.201,86.743,8.287,0.0,0.060,423311769.600,2457.600,39185.200,45826390.200,0.0,0.0,5467.400,7005.400,1.800,3.400,0.0,5116022784.0,1417216.0,41471336448.0,1.22191417344e+11,0.0,0.0,423337984.0,2457.600,5467.0,7006.800,3.703,1.196,86.739,8.302,0.0,0.060,1493169192.689,
4.028,1.303,81.859,12.715,0.0,0.095,478471782.400,0.0,43245.600,50315974.400,0.0,0.0,6656.0,8003.200,1.600,6.0,0.200,5153693696.0,1417216.0,43863048192.0,1.19762034688e+11,0.0,0.0,478445568.0,0.0,6655.400,8002.200,4.038,1.303,81.858,12.706,0.0,0.095,1493169197.689,
3.706,1.097,87.364,7.763,0.0,0.070,426997350.400,6553.600,38239.800,45483332.600,0.0,0.0,5540.0,7095.0,1.600,4.400,0.0,5143650304.0,1433600.0,46000427008.0,1.1763468288e+11,0.0,0.0,426997350.400,6553.600,5540.800,7095.400,3.696,1.102,87.364,7.768,0.0,0.070,1493169202.689,
4.141,1.357,81.316,13.110,0.0,0.075,481651097.600,4915.200,45590.0,50557912.800,0.0,0.0,6358.800,8089.0,3.600,5.400,0.0,5180567552.0,1441792.0,48408940544.0,1.15189243904e+11,0.0,0.0,481624883.200,4915.200,6357.800,8088.400,4.151,1.357,81.308,13.109,0.0,0.075,1493169207.689,
4.078,1.232,82.872,11.747,0.0,0.070,468780646.400,0.0,46642.600,50310697.600,0.0,0.0,6321.600,7809.0,1.800,6.800,0.0,5160603648.0,1441792.0,50751315968.0,1.12866832384e+11,0.0,0.0,468848640.0,0.0,6322.0,7810.0,4.073,1.227,82.886,11.743,0.0,0.070,1493169212.689,
3.620,0.996,87.827,7.506,0.0,0.050,409083084.800,2457.600,42924.0,44297459.0,0.0,0.0,5305.600,6768.0,2.200,3.400,0.0,5113425920.0,1449984.0,52794998784.0,1.10870319104e+11,0.0,0.0,409015091.200,2457.600,5305.200,6767.0,3.615,1.002,87.832,7.501,0.0,0.050,1493169217.689,
3.734,1.083,85.429,9.714,0.0,0.040,460628787.200,0.0,43623.600,47852633.200,0.0,0.0,5810.400,7665.200,1.400,6.600,0.0,5172752384.0,1449984.0,55100448768.0,1.08505542656e+11,0.0,0.0,460681216.0,0.0,5810.600,7665.400,3.739,1.083,85.419,9.719,0.0,0.040,1493169222.689,
4.115,1.183,83.038,11.639,0.0,0.025,476372172.800,2457.600,44020.600,50290697.200,0.0,0.0,6452.200,7969.200,3.0,5.600,0.0,5186744320.0,1458176.0,57481687040.0,1.06110304256e+11,0.0,0.0,476324659.200,2457.600,6452.800,7969.200,4.115,1.183,83.039,11.638,0.0,0.025,1493169227.689,
4.113,1.277,83.092,11.467,0.0,0.050,480565657.600,0.0,48960.200,50577558.0,0.0,0.0,6466.600,8022.200,1.200,7.400,0.0,5213593600.0,1458176.0,59883786240.0,1.03681355776e+11,0.0,0.0,480534528.0,0.0,6467.0,8021.800,4.113,1.273,83.100,11.464,0.0,0.050,1493169232.689,
4.094,1.313,81.616,12.922,0.0,0.055,485080268.800,4915.200,47848.800,51537771.600,0.0,0.0,6504.800,8164.400,1.600,6.800,0.200,5211062272.0,1466368.0,62311002112.0,1.0125666304e+11,0.0,0.0,485158912.0,4915.200,6503.800,8165.400,4.093,1.318,81.599,12.935,0.0,0.055,1493169237.689,
4.162,1.377,83.552,10.868,0.0,0.040,466400051.200,4915.200,46422.600,50278325.200,0.0,0.0,6208.800,7752.200,2.800,5.200,0.0,5187674112.0,1474560.0,64641441792.0,98949603328.0,0.0,0.0,466415616.0,4915.200,6208.800,7752.0,4.157,1.372,83.566,10.864,0.0,0.040,1493169242.689,
3.781,1.217,86.598,8.334,0.0,0.070,442090291.200,0.0,42937.400,47036157.800,0.0,0.0,5880.400,7310.0,3.0,4.0,0.0,5185822720.0,1474560.0,66851987456.0,96740909056.0,0.0,0.0,442048512.0,0.0,5880.400,7309.800,3.791,1.217,86.595,8.327,0.0,0.070,1493169247.689,
4.092,1.312,83.475,11.050,0.0,0.070,479078809.600,2457.600,46830.800,50877501.200,0.0,0.0,6677.200,7972.600,2.400,6.0,0.0,5193338880.0,1482752.0,69250048000.0,94335324160.0,0.0,0.0,479105024.0,2457.600,6677.200,7972.800,4.083,1.313,83.482,11.052,0.0,0.070,1493169252.689,
2.934,0.956,89.366,6.709,0.0,0.035,336720691.200,0.0,33988.200,36849880.800,0.0,0.0,4428.800,5627.600,0.200,4.400,0.0,5138878464.0,1482752.0,70930595840.0,92709236736.0,0.0,0.0,336432332.800,0.0,4427.400,5624.400,2.934,0.956,89.376,6.699,0.0,0.035,1493169257.689,
