"Dstat 0.7.2 CSV output"
"Author:","Dag Wieers <dag@wieers.com>",,,,"URL:","http://dag.wieers.com/home-made/dstat/"
"Host:","osd0.skyhook-2osds.skyhook-pg0.wisc.cloudlab.us",,,,"User:","jlefevre"
"Cmdline:","dstat -av --epoch --integer --noheaders --output 2osds.dstat-osd0.log 5",,,,"Date:","25 Apr 2017 15:01:59 CDT"

"total cpu usage",,,,,,"dsk/total",,"net/total",,"paging",,"system",,"procs",,,"memory usage",,,,"paging",,"dsk/total",,"system",,"total cpu usage",,,,,,"epoch"
"usr","sys","idl","wai","hiq","siq","read","writ","recv","send","in","out","int","csw","run","blk","new","used","buff","cach","free","in","out","read","writ","int","csw","usr","sys","idl","wai","hiq","siq","epoch"


"Host:","osd0.skyhook-2osds.skyhook-pg0.wisc.cloudlab.us",,,,"User:","jlefevre"
"Cmdline:","dstat -av --epoch --integer --noheaders --output 2osds.dstat-osd0.log 5",,,,"Date:","25 Apr 2017 15:08:52 CDT"

"total cpu usage",,,,,,"dsk/total",,"net/total",,"paging",,"system",,"procs",,,"memory usage",,,,"paging",,"dsk/total",,"system",,"total cpu usage",,,,,,"epoch"
"usr","sys","idl","wai","hiq","siq","read","writ","recv","send","in","out","int","csw","run","blk","new","used","buff","cach","free","in","out","read","writ","int","csw","usr","sys","idl","wai","hiq","siq","epoch"
0.070,0.725,98.915,0.290,0.0,0.0,1409843.200,11468.800,2975.600,22029.800,0.0,0.0,491.0,586.400,0.200,0.200,4.600,4970340352.0,1622016.0,132644864.0,1.6367558656e+11,0.0,0.0,1409843.200,11468.800,490.400,586.400,0.070,0.725,98.915,0.290,0.0,0.0,1493162572.689,
0.466,0.631,97.707,1.181,0.0,0.015,155757772.800,3276.800,84129.0,143493508.200,0.0,0.0,3712.800,2822.800,0.0,0.200,2.400,5081841664.0,1630208.0,910819328.0,1.62785902592e+11,0.0,0.0,156046131.200,3276.800,3714.200,2825.600,0.465,0.626,97.713,1.181,0.0,0.015,1493162577.689,
0.746,1.282,96.208,1.728,0.0,0.035,277049344.0,13926.400,125895.400,267123332.800,0.0,0.0,6567.200,5035.600,0.200,1.0,2.800,5185609728.0,1646592.0,2296344576.0,1.61296592896e+11,0.0,0.0,276996915.200,13926.400,6567.0,5035.600,0.746,1.282,96.203,1.733,0.0,0.035,1493162582.689,
0.771,1.207,95.939,2.048,0.0,0.035,277961113.600,8192.0,141850.800,300872795.800,0.0,0.0,6907.400,4822.200,0.600,0.800,0.0,5138632704.0,1654784.0,3684794368.0,1.59955111936e+11,0.0,0.0,277725184.0,8192.0,6906.0,4819.400,0.771,1.212,95.938,2.043,0.0,0.035,1493162587.689,
0.746,1.362,95.764,2.078,0.0,0.050,306669977.600,2457.600,155586.0,290996253.600,0.0,0.0,6590.600,5361.0,0.800,1.200,0.0,5283667968.0,1662976.0,5219586048.0,1.582752768e+11,0.0,0.0,306879692.800,2457.600,6592.400,5363.800,0.751,1.357,95.755,2.088,0.0,0.050,1493162592.689,
0.641,1.117,96.508,1.703,0.0,0.030,253415424.0,0.0,146006.600,282646937.0,0.0,0.0,6550.600,4436.600,0.800,1.200,0.0,5199147008.0,1662976.0,6485557248.0,1.5709382656e+11,0.0,0.0,253415424.0,0.0,6550.0,4436.200,0.641,1.117,96.513,1.698,0.0,0.030,1493162597.689,
0.656,1.147,96.444,1.723,0.0,0.030,261295308.800,8192.0,129776.600,271610940.800,0.0,0.0,6601.800,4572.600,0.800,1.0,0.0,5212459008.0,1671168.0,7792115712.0,1.55773947904e+11,0.0,0.0,261284659.200,8192.0,6604.200,4572.800,0.656,1.152,96.444,1.718,0.0,0.030,1493162602.689,
0.656,1.082,96.784,1.438,0.0,0.040,256052428.800,1638.400,129285.200,260547089.800,0.0,0.0,6405.400,4466.600,0.800,0.400,0.0,5251411968.0,1671168.0,9073143808.0,1.54453966848e+11,0.0,0.0,255853363.200,1638.400,6404.400,4464.400,0.656,1.077,96.789,1.438,0.0,0.040,1493162607.689,
0.606,1.037,96.890,1.427,0.0,0.040,230872678.400,4915.200,136176.600,277595748.0,0.0,0.0,6215.400,4077.600,0.800,1.0,0.0,5068787712.0,1679360.0,10228514816.0,1.53481211904e+11,0.0,0.0,231108608.0,4915.200,6214.400,4079.600,0.601,1.037,96.895,1.427,0.0,0.040,1493162612.689,
0.606,1.106,96.791,1.482,0.0,0.015,247160012.800,0.0,98543.400,262098306.600,0.0,0.0,5911.800,4294.200,0.800,1.200,0.0,5061484544.0,1679360.0,11462541312.0,1.52254488576e+11,0.0,0.0,247133798.400,0.0,5911.400,4294.200,0.611,1.106,96.786,1.482,0.0,0.015,1493162617.689,
0.571,0.946,97.082,1.371,0.0,0.030,221456793.600,2457.600,107656.800,238834723.200,0.0,0.0,5480.800,3884.800,0.600,0.200,0.0,5019521024.0,1687552.0,12568236032.0,1.51190749184e+11,0.0,0.0,221247078.400,2457.600,5485.400,3882.800,0.566,0.946,97.087,1.371,0.0,0.030,1493162622.689,
0.686,1.067,96.478,1.749,0.0,0.020,264797388.800,0.0,117418.0,244024747.600,0.0,0.0,5990.800,4562.800,0.400,1.400,0.0,5187858432.0,1687552.0,13894868992.0,1.49695778816e+11,0.0,0.0,265127526.400,0.0,5992.400,4565.800,0.686,1.077,96.465,1.753,0.0,0.020,1493162627.689,
0.601,1.057,97.036,1.292,0.0,0.015,228791091.200,2457.600,123263.400,270879812.600,0.0,0.0,6197.200,4030.200,0.800,1.0,0.0,5036105728.0,1695744.0,15037317120.0,1.487050752e+11,0.0,0.0,228460953.600,2457.600,6190.800,4026.800,0.606,1.047,97.044,1.288,0.0,0.015,1493162632.689,
0.806,1.307,95.968,1.888,0.0,0.030,296153088.0,0.0,124618.400,267200724.600,0.0,0.0,6822.800,5104.400,0.400,0.600,0.0,5237915648.0,1695744.0,16518488064.0,1.47022094336e+11,0.0,0.0,296153088.0,0.0,6821.800,5104.400,0.802,1.307,95.972,1.889,0.0,0.030,1493162637.689,
0.596,0.992,97.164,1.228,0.0,0.020,234364108.800,6553.600,81135.800,241900978.0,0.0,0.0,5488.400,4106.400,0.600,0.800,0.0,5254266880.0,1703936.0,17692176384.0,1.45832046592e+11,0.0,0.0,234547609.600,6553.600,5490.200,4108.200,0.596,0.997,97.159,1.228,0.0,0.020,1493162642.689,
0.626,1.173,96.617,1.559,0.0,0.025,256403865.600,2457.600,106285.200,267011933.400,0.0,0.0,6185.800,4478.400,0.600,2.200,0.0,5261111296.0,1712128.0,18972520448.0,1.4454484992e+11,0.0,0.0,256220364.800,2457.600,6185.200,4476.600,0.632,1.168,96.617,1.559,0.0,0.025,1493162647.689,
0.611,1.001,97.231,1.132,0.0,0.025,217178931.200,0.0,156326.0,268362260.400,0.0,0.0,6332.200,3860.400,0.200,1.0,0.0,5066526720.0,1712128.0,20057010176.0,1.43654944768e+11,0.0,0.0,217388646.400,0.0,6332.200,3862.800,0.606,1.001,97.236,1.132,0.0,0.025,1493162652.689,
0.546,0.987,97.311,1.142,0.0,0.015,217178931.200,2457.600,91503.800,226417283.200,0.0,0.0,5219.600,3774.800,0.600,0.200,0.0,5077450752.0,1720320.0,21144039424.0,1.42556983296e+11,0.0,0.0,216969216.0,2457.600,5220.200,3772.400,0.546,0.987,97.310,1.142,0.0,0.015,1493162657.689,
0.656,1.067,96.895,1.362,0.0,0.020,244477132.800,0.0,91932.400,227755045.800,0.0,0.0,5434.200,4234.600,0.400,1.0,0.0,5202866176.0,1720320.0,22365622272.0,1.41209985024e+11,0.0,0.0,244608204.800,0.0,5433.400,4236.0,0.656,1.066,96.891,1.367,0.0,0.020,1493162662.689,
0.696,1.107,96.623,1.558,0.0,0.015,253793075.200,2457.600,140366.600,279807893.800,0.0,0.0,6575.400,4445.0,0.800,1.0,0.0,5153599488.0,1728512.0,23635083264.0,1.39989782528e+11,0.0,0.0,253871718.400,2457.600,6575.600,4445.600,0.696,1.112,96.623,1.553,0.0,0.015,1493162667.689,
0.832,1.363,95.511,2.264,0.0,0.030,305086464.0,0.0,171274.600,301232954.0,0.0,0.0,7568.200,5241.200,1.0,1.0,0.0,5228621824.0,1728512.0,25162194944.0,1.38387648512e+11,0.0,0.0,305060249.600,0.0,7568.800,5241.600,0.832,1.363,95.511,2.264,0.0,0.030,1493162672.689,
0.727,1.163,96.337,1.744,0.0,0.030,266951884.800,4096.0,166420.600,294418322.600,0.0,0.0,7193.600,4683.600,0.400,0.800,0.0,5182390272.0,1736704.0,26495979520.0,1.37100087296e+11,0.0,0.0,266925670.400,4096.0,7193.400,4683.200,0.727,1.158,96.342,1.744,0.0,0.030,1493162677.689,
0.651,1.022,96.989,1.317,0.0,0.020,238406041.600,4915.200,106092.800,245103101.200,0.0,0.0,5759.600,4153.0,0.400,0.800,0.0,5178019840.0,1744896.0,27687907328.0,1.35912521728e+11,0.0,0.0,238248755.200,4915.200,5761.400,4151.200,0.651,1.027,96.985,1.317,0.0,0.020,1493162682.689,
0.636,1.142,96.670,1.537,0.0,0.015,248896716.800,0.0,104867.0,270453103.0,0.0,0.0,6041.200,4334.600,1.400,0.800,0.0,5139451904.0,1744896.0,28932816896.0,1.34706180096e+11,0.0,0.0,249095782.400,0.0,6045.0,4337.0,0.636,1.137,96.674,1.538,0.0,0.015,1493162687.689,
0.696,1.197,96.588,1.498,0.0,0.020,263014809.600,2457.600,173863.400,290749227.200,0.0,0.0,7084.600,4580.0,1.200,1.400,0.0,5064388608.0,1753088.0,30246649856.0,1.3346740224e+11,0.0,0.0,263051673.600,2457.600,7078.800,4580.0,0.701,1.197,96.584,1.498,0.0,0.020,1493162692.689,
0.681,1.162,96.595,1.532,0.0,0.030,256498073.600,0.0,153434.400,255415013.600,0.0,0.0,6619.800,4446.800,0.600,1.0,0.0,5127311360.0,1753088.0,31530958848.0,1.32120170496e+11,0.0,0.0,256498073.600,0.0,6630.400,4447.200,0.676,1.162,96.596,1.537,0.0,0.030,1493162697.689,
0.701,1.247,96.118,1.919,0.0,0.015,278847488.0,2457.600,146516.600,276982558.400,0.0,0.0,6772.400,4844.400,0.600,1.200,0.0,5209534464.0,1761280.0,32925634560.0,1.30643263488e+11,0.0,0.0,278847488.0,2457.600,6762.400,4844.0,0.701,1.248,96.117,1.919,0.0,0.015,1493162702.689,
0.616,1.096,96.992,1.271,0.0,0.025,232031027.200,0.0,112926.600,254398829.800,0.0,0.0,5806.400,4049.400,1.400,0.600,0.0,5155315712.0,1761280.0,34086305792.0,1.29536811008e+11,0.0,0.0,232031027.200,0.0,5805.800,4049.600,0.621,1.096,96.987,1.271,0.0,0.025,1493162707.689,
0.626,1.017,97.150,1.192,0.0,0.015,224048742.400,3276.800,126743.600,256224960.800,0.0,0.0,5962.400,3959.0,0.400,0.600,0.200,5057789952.0,1769472.0,35203399680.0,1.28517234688e+11,0.0,0.0,223812812.800,3276.800,5961.0,3956.200,0.621,1.017,97.160,1.187,0.0,0.015,1493162712.689,
0.506,0.851,97.577,1.041,0.0,0.025,197435392.0,4915.200,115577.400,206950142.200,0.0,0.0,4989.600,3469.200,0.400,0.800,0.0,5039595520.0,1777664.0,36191895552.0,1.27546925056e+11,0.0,0.0,197435392.0,4915.200,4989.600,3469.200,0.506,0.851,97.577,1.041,0.0,0.025,1493162717.689,
0.551,0.902,97.320,1.207,0.0,0.020,222358732.800,0.0,114555.800,214967838.600,0.0,0.0,5184.200,3918.200,0.800,0.400,0.0,5126647808.0,1777664.0,37304467456.0,1.26347300864e+11,0.0,0.0,222699520.0,0.0,5195.800,3922.600,0.551,0.907,97.315,1.207,0.0,0.020,1493162722.689,
0.782,1.308,95.281,2.605,0.0,0.025,308352614.400,2457.600,176987.600,297505323.400,0.0,0.0,7748.800,5351.800,0.600,1.600,0.0,5265047552.0,1785856.0,38845558784.0,1.246678016e+11,0.0,0.0,308221542.400,2457.600,7739.200,5349.400,0.782,1.303,95.280,2.610,0.0,0.025,1493162727.689,
0.606,1.037,96.989,1.342,0.0,0.025,247748198.400,0.0,177247.0,294044811.200,0.0,0.0,7257.800,4373.200,1.600,0.0,0.0,5118058496.0,1785856.0,40084160512.0,1.23576188928e+11,0.0,0.0,247538483.200,0.0,7259.200,4372.400,0.611,1.037,96.989,1.338,0.0,0.025,1493162732.689,
0.626,1.042,96.865,1.442,0.0,0.025,263512883.200,2457.600,121502.200,267616462.600,0.0,0.0,6360.800,4563.0,1.0,1.0,0.0,5132931072.0,1794048.0,41402871808.0,1.22242596864e+11,0.0,0.0,263775027.200,2457.600,6360.800,4564.400,0.621,1.041,96.866,1.447,0.0,0.025,1493162737.689,
0.721,1.147,96.259,1.853,0.0,0.020,294947225.600,0.0,150618.400,288666624.0,0.0,0.0,6951.800,5097.400,0.600,0.800,0.0,5228580864.0,1794048.0,42877243392.0,1.20672575488e+11,0.0,0.0,294685081.600,0.0,6948.400,5094.800,0.721,1.147,96.264,1.848,0.0,0.020,1493162742.689,
0.581,0.962,97.180,1.257,0.0,0.020,245053849.600,6553.600,148000.200,279431550.600,0.0,0.0,6538.0,4315.800,1.0,1.200,0.0,5114134528.0,1802240.0,44103557120.0,1.19560699904e+11,0.0,0.0,245237350.400,6553.600,6539.200,4318.200,0.581,0.962,97.175,1.262,0.0,0.020,1493162747.689,
0.541,0.921,97.316,1.217,0.0,0.005,229472665.600,2457.600,121026.800,243222249.400,0.0,0.0,5783.0,4041.200,1.0,1.0,0.0,5120315392.0,1802240.0,45249658880.0,1.1840841728e+11,0.0,0.0,229446451.200,2457.600,5787.800,4041.0,0.541,0.921,97.321,1.212,0.0,0.005,1493162752.689,
0.621,1.007,96.578,1.763,0.0,0.030,272262758.400,2457.600,124312.400,265243674.0,0.0,0.0,6400.800,4687.600,0.600,0.600,0.0,5203591168.0,1810432.0,46611730432.0,1.1696306176e+11,0.0,0.0,272262758.400,2457.600,6400.800,4687.600,0.626,1.012,96.569,1.763,0.0,0.030,1493162757.689,
0.561,0.951,97.371,1.102,0.0,0.015,240057548.800,0.0,118554.600,251206446.0,0.0,0.0,5857.200,4189.200,0.200,0.800,0.0,5208637440.0,1810432.0,47811645440.0,1.1575810048e+11,0.0,0.0,240083763.200,0.0,5852.400,4189.600,0.556,0.946,97.381,1.101,0.0,0.015,1493162762.689,
0.591,0.966,97.001,1.422,0.0,0.020,242432409.600,2457.600,122026.400,242813964.200,0.0,0.0,5751.800,4237.800,0.400,1.800,0.0,5256327168.0,1818624.0,49022681088.0,1.14499366912e+11,0.0,0.0,242379980.800,2457.600,5751.200,4236.400,0.591,0.966,97.001,1.422,0.0,0.020,1493162767.689,
0.606,1.007,97.266,1.107,0.0,0.015,226101657.600,0.0,101771.0,242745442.400,0.0,0.0,5712.400,3946.400,1.0,0.0,0.0,5228969984.0,1818624.0,50154078208.0,1.13395326976e+11,0.0,0.0,225970585.600,0.0,5711.800,3945.200,0.606,1.007,97.266,1.107,0.0,0.015,1493162772.689,
0.571,1.051,97.457,0.906,0.0,0.015,222017945.600,2457.600,116925.0,254937510.600,0.0,0.0,5735.400,3918.600,0.400,0.200,0.0,5133316096.0,1826816.0,51263676416.0,1.12381374464e+11,0.0,0.0,222175232.0,2457.600,5736.200,3920.0,0.571,1.056,97.452,0.906,0.0,0.015,1493162777.689,
0.556,0.946,97.417,1.076,0.0,0.005,209519411.200,819.200,67817.0,223371673.400,0.0,0.0,4943.200,3684.0,0.800,0.400,0.0,5111607296.0,1826816.0,52310925312.0,1.11355834368e+11,0.0,0.0,209362124.800,819.200,4945.400,3682.600,0.556,0.946,97.417,1.076,0.0,0.005,1493162782.689,
0.470,0.886,97.678,0.946,0.0,0.020,194614886.400,3276.800,78085.600,191077983.800,0.0,0.0,4533.400,3409.800,0.200,0.400,0.0,5168594944.0,1835008.0,53284028416.0,1.10325735424e+11,0.0,0.0,194614886.400,3276.800,4530.400,3409.800,0.470,0.881,97.683,0.946,0.0,0.020,1493162787.689,
0.731,1.288,96.087,1.859,0.0,0.035,293028659.200,0.0,172501.400,292546932.0,0.0,0.0,7376.400,5055.0,1.200,1.200,0.0,5247549440.0,1835008.0,54751481856.0,1.08779327488e+11,0.0,0.0,293238374.400,0.0,7377.800,5057.800,0.731,1.288,96.082,1.864,0.0,0.035,1493162792.689,
0.776,1.332,95.779,2.073,0.0,0.040,298370662.400,2457.600,130097.800,281533113.600,0.0,0.0,6847.800,5103.200,0.800,1.400,0.0,5410283520.0,1843200.0,56242331648.0,1.07125735424e+11,0.0,0.0,298344448.0,2457.600,6847.400,5103.200,0.776,1.337,95.780,2.068,0.0,0.040,1493162797.689,
0.656,1.091,96.947,1.276,0.0,0.030,242196480.0,0.0,118364.200,259549933.400,0.0,0.0,5559.0,4245.0,0.800,0.800,0.0,5370830848.0,1843200.0,57452060672.0,1.05955459072e+11,0.0,0.0,242196480.0,0.0,5563.600,4244.800,0.656,1.086,96.952,1.276,0.0,0.030,1493162802.689,
0.696,1.191,96.512,1.552,0.0,0.050,262501171.200,2457.600,133940.800,288046272.200,0.0,0.0,5987.200,4580.200,1.200,1.800,0.0,5313617920.0,1851392.0,58765008896.0,1.04699715584e+11,0.0,0.0,262527385.600,2457.600,5983.0,4580.400,0.696,1.191,96.506,1.557,0.0,0.050,1493162807.689,
0.827,1.313,95.741,2.089,0.0,0.030,302648524.800,0.0,122679.400,301432568.400,0.0,0.0,6851.800,5204.400,0.400,1.600,0.0,5386473472.0,1851392.0,60278980608.0,1.0311288832e+11,0.0,0.0,302648524.800,0.0,6852.400,5203.600,0.827,1.313,95.746,2.084,0.0,0.030,1493162812.689,
0.711,1.137,96.613,1.528,0.0,0.010,261085593.600,4096.0,112955.600,275543411.0,0.0,0.0,6269.800,4503.800,0.200,1.0,0.0,5366370304.0,1859584.0,61584429056.0,1.01827534848e+11,0.0,0.0,261085593.600,4096.0,6269.400,4503.800,0.711,1.142,96.604,1.533,0.0,0.010,1493162817.689,
0.676,1.167,96.298,1.823,0.0,0.035,259423436.800,4915.200,128148.800,278572021.600,0.0,0.0,6461.800,4563.600,1.0,0.600,0.0,5340037120.0,1867776.0,62880493568.0,1.00557795328e+11,0.0,0.0,259371008.0,4915.200,6461.200,4563.400,0.676,1.162,96.308,1.818,0.0,0.035,1493162822.689,
0.686,1.211,96.712,1.346,0.0,0.045,260351590.400,2457.600,94298.200,261894898.600,0.0,0.0,5989.400,4486.200,0.800,0.600,0.0,5388357632.0,1867776.0,64182124544.0,99207843840.0,0.0,0.0,260404019.200,2457.600,5989.600,4486.400,0.691,1.211,96.707,1.346,0.0,0.045,1493162827.689,
0.621,1.126,96.951,1.272,0.0,0.030,240387686.400,2457.600,102916.800,269627463.600,0.0,0.0,5939.600,4186.400,0.400,0.600,0.0,5307166720.0,1875968.0,65384706048.0,98086445056.0,0.0,0.0,240177971.200,2457.600,5938.400,4184.400,0.616,1.127,96.956,1.272,0.0,0.030,1493162832.689,
0.591,1.036,97.087,1.251,0.0,0.035,222227660.800,0.0,82217.400,261388975.0,0.0,0.0,5416.600,3871.600,0.200,1.200,0.0,5166501888.0,1875968.0,66495987712.0,97115828224.0,0.0,0.0,222463590.400,0.0,5417.800,3874.0,0.590,1.041,97.078,1.256,0.0,0.035,1493162837.689,
0.736,1.262,96.215,1.752,0.0,0.035,274181324.800,2457.600,110401.400,266406972.200,0.0,0.0,6305.800,4738.600,0.600,1.200,0.200,5270343680.0,1884160.0,67866324992.0,95641640960.0,0.0,0.0,273945395.200,2457.600,6306.800,4736.400,0.736,1.257,96.225,1.747,0.0,0.035,1493162842.689,
0.666,1.142,96.785,1.377,0.0,0.030,262673203.200,0.0,93590.600,255288032.600,0.0,0.0,5834.600,4519.600,1.600,0.200,0.200,5360218112.0,1884160.0,69180620800.0,94237470720.0,0.0,0.0,262882918.400,0.0,5838.0,4521.600,0.671,1.142,96.779,1.377,0.0,0.030,1493162847.689,
0.646,1.136,97.027,1.141,0.0,0.050,245043200.0,3276.800,104549.200,258718267.600,0.0,0.0,5929.600,4274.800,1.200,0.800,0.0,5352009728.0,1892352.0,70403399680.0,93022892032.0,0.0,0.0,244833484.800,3276.800,5924.0,4272.600,0.646,1.136,97.028,1.141,0.0,0.050,1493162852.689,
0.290,0.450,98.649,0.601,0.0,0.010,98717696.0,2457.600,70036.0,150099870.400,0.0,0.0,3155.200,1839.200,0.600,0.400,0.0,5118877696.0,1900544.0,70899363840.0,92760051712.0,0.0,0.0,98717696.0,2457.600,3155.600,1839.200,0.285,0.456,98.648,0.601,0.0,0.010,1493162857.689,
