"Dstat 0.7.2 CSV output"
"Author:","Dag Wieers <dag@wieers.com>",,,,"URL:","http://dag.wieers.com/home-made/dstat/"
"Host:","osd1.skyhook-2osds.skyhook-pg0.wisc.cloudlab.us",,,,"User:","jlefevre"
"Cmdline:","dstat -av --epoch --integer --noheaders --output 2osds.dstat-osd1.log 5",,,,"Date:","25 Apr 2017 15:02:01 CDT"

"total cpu usage",,,,,,"dsk/total",,"net/total",,"paging",,"system",,"procs",,,"memory usage",,,,"paging",,"dsk/total",,"system",,"total cpu usage",,,,,,"epoch"
"usr","sys","idl","wai","hiq","siq","read","writ","recv","send","in","out","int","csw","run","blk","new","used","buff","cach","free","in","out","read","writ","int","csw","usr","sys","idl","wai","hiq","siq","epoch"


"Host:","osd1.skyhook-2osds.skyhook-pg0.wisc.cloudlab.us",,,,"User:","jlefevre"
"Cmdline:","dstat -av --epoch --integer --noheaders --output 2osds.dstat-osd1.log 5",,,,"Date:","25 Apr 2017 15:08:55 CDT"

"total cpu usage",,,,,,"dsk/total",,"net/total",,"paging",,"system",,"procs",,,"memory usage",,,,"paging",,"dsk/total",,"system",,"total cpu usage",,,,,,"epoch"
"usr","sys","idl","wai","hiq","siq","read","writ","recv","send","in","out","int","csw","run","blk","new","used","buff","cach","free","in","out","read","writ","int","csw","usr","sys","idl","wai","hiq","siq","epoch"
0.115,0.065,99.785,0.035,0.0,0.0,13107.200,13107.200,3642.600,22923.800,0.0,0.0,363.800,332.200,0.200,0.0,9.200,5188505600.0,1544192.0,70093975552.0,93496168448.0,0.0,0.0,13107.200,13107.200,365.200,332.600,0.115,0.065,99.785,0.035,0.0,0.0,1493160860.535,
0.115,2.002,97.158,0.721,0.0,0.005,45073203.200,11468.800,13214.800,19764969.400,0.0,0.0,1419.400,1624.400,0.800,0.0,4.800,5167280128.0,1601536.0,350330880.0,1.63260981248e+11,0.0,0.0,45282918.400,11468.800,1421.200,1626.200,0.115,2.001,97.158,0.721,0.0,0.005,1493160865.535,
0.215,0.656,97.977,1.142,0.0,0.010,210174771.200,0.0,78637.0,225441603.400,0.0,0.0,4744.600,3722.400,0.400,0.200,0.200,5130915840.0,1601536.0,1400954880.0,1.62246721536e+11,0.0,0.0,209965056.0,0.0,4741.400,3720.200,0.220,0.656,97.972,1.142,0.0,0.010,1493160870.535,
0.230,0.641,97.751,1.357,0.0,0.020,217178931.200,5734.400,71915.600,227140072.400,0.0,0.0,4778.200,3795.0,0.0,0.400,0.0,5128355840.0,1617920.0,2486337536.0,1.61163882496e+11,0.0,0.0,217178931.200,5734.400,4778.200,3795.0,0.225,0.641,97.756,1.357,0.0,0.020,1493160875.535,
0.225,0.706,97.577,1.477,0.0,0.015,222819942.400,0.0,81802.400,228676939.200,0.0,0.0,4762.400,3871.800,0.200,0.600,0.0,5153480704.0,1617920.0,3601731584.0,1.60023363584e+11,0.0,0.0,222819942.400,0.0,4765.400,3872.200,0.225,0.706,97.577,1.477,0.0,0.015,1493160880.535,
0.205,0.656,98.118,1.006,0.0,0.015,195925606.400,2457.600,87911.200,226039892.200,0.0,0.0,4663.200,3469.0,0.200,0.400,0.0,5049896960.0,1626112.0,4582371328.0,1.59146299392e+11,0.0,0.0,196109107.200,2457.600,4661.400,3470.800,0.210,0.656,98.113,1.006,0.0,0.015,1493160885.535,
0.245,0.696,98.056,0.992,0.0,0.010,235615846.400,0.0,78402.800,221122607.400,0.0,0.0,5171.0,4094.600,0.0,1.200,0.0,5172969472.0,1626112.0,5756583936.0,1.57849014272e+11,0.0,0.0,235432345.600,0.0,5169.800,4092.400,0.240,0.696,98.061,0.992,0.0,0.010,1493160890.535,
0.256,0.747,97.905,1.062,0.0,0.030,249829785.600,4096.0,86053.200,251746508.400,0.0,0.0,5164.0,4335.0,1.0,1.0,0.0,5224284160.0,1634304.0,7008358400.0,1.56545916928e+11,0.0,0.0,250039500.800,4096.0,5166.0,4337.600,0.256,0.752,97.895,1.067,0.0,0.030,1493160895.535,
0.215,0.735,98.309,0.705,0.0,0.035,207930982.400,819.200,71396.400,254537840.600,0.0,0.0,4771.800,3666.600,0.600,0.800,0.0,5032951808.0,1634304.0,8047394816.0,1.55698212864e+11,0.0,0.0,207930982.400,819.200,4772.0,3667.200,0.215,0.731,98.319,0.701,0.0,0.035,1493160900.535,
0.220,0.725,98.174,0.856,0.0,0.025,219747942.400,2457.600,83616.800,206242433.400,0.0,0.0,4341.800,3807.200,0.600,0.600,0.0,5154349056.0,1642496.0,9145081856.0,1.54479120384e+11,0.0,0.0,219747942.400,2457.600,4341.600,3806.200,0.225,0.725,98.169,0.856,0.0,0.025,1493160905.535,
0.281,0.786,97.886,1.022,0.0,0.025,268495257.600,0.0,75767.400,251959049.0,0.0,0.0,5306.400,4646.600,0.600,1.0,0.200,5302804480.0,1642496.0,10487365632.0,1.52988381184e+11,0.0,0.0,268442828.800,0.0,5306.600,4646.800,0.281,0.786,97.886,1.022,0.0,0.025,1493160910.535,
0.240,0.811,98.007,0.916,0.0,0.025,241436262.400,2457.600,100932.800,258832986.400,0.0,0.0,5199.200,4176.800,0.400,0.200,0.0,5269176320.0,1650688.0,11695628288.0,1.51813738496e+11,0.0,0.0,241278976.0,2457.600,5199.400,4180.600,0.240,0.811,98.007,0.916,0.0,0.025,1493160915.535,
0.270,0.751,97.807,1.146,0.0,0.025,231763968.0,0.0,68511.200,238938986.200,0.0,0.0,4839.0,4027.600,0.400,1.200,0.0,5289975808.0,1650688.0,12855463936.0,1.5063310336e+11,0.0,0.0,231973683.200,0.0,4838.0,4023.800,0.265,0.756,97.807,1.146,0.0,0.025,1493160920.535,
0.265,0.881,97.733,1.106,0.0,0.015,237042892.800,2457.600,96347.0,251615100.0,0.0,0.0,5405.0,4090.200,0.200,0.600,0.0,5276913664.0,1658880.0,14039474176.0,1.49462147072e+11,0.0,0.0,236990464.0,2457.600,5404.800,4089.800,0.270,0.876,97.733,1.106,0.0,0.015,1493160925.535,
0.255,0.841,97.671,1.227,0.0,0.005,247087923.200,0.0,94388.200,254439492.200,0.0,0.0,5444.600,4271.800,0.600,1.0,0.0,5308047360.0,1658880.0,15276097536.0,1.48194390016e+11,0.0,0.0,247140352.0,0.0,5444.600,4272.200,0.250,0.841,97.676,1.227,0.0,0.005,1493160930.535,
0.195,0.636,98.437,0.726,0.0,0.005,189487513.600,4096.0,95145.800,242967682.200,0.0,0.0,4974.200,3344.200,0.0,0.600,0.0,5085798400.0,1667072.0,16222715904.0,1.47470012416e+11,0.0,0.0,189277798.400,4096.0,4973.400,3342.0,0.195,0.636,98.437,0.726,0.0,0.005,1493160935.535,
0.245,0.696,97.766,1.272,0.0,0.020,222977228.800,4915.200,81888.800,233809705.400,0.0,0.0,5043.400,3867.200,0.200,1.200,0.0,5087850496.0,1675264.0,17338564608.0,1.46352103424e+11,0.0,0.0,223134515.200,4915.200,5047.200,3869.0,0.245,0.696,97.766,1.272,0.0,0.020,1493160940.535,
0.165,0.476,98.693,0.651,0.0,0.015,159075532.800,0.0,63251.800,159881455.0,0.0,0.0,3721.400,2821.600,0.400,0.200,0.0,5126123520.0,1675264.0,18133512192.0,1.45518882816e+11,0.0,0.0,159075532.800,0.0,3718.200,2821.0,0.170,0.476,98.688,0.651,0.0,0.015,1493160945.535,
0.290,0.841,97.521,1.322,0.0,0.025,255381504.0,2457.600,106627.600,241220595.0,0.0,0.0,5705.200,4406.200,0.400,0.400,0.0,5244280832.0,1683456.0,19409600512.0,1.44124628992e+11,0.0,0.0,255224217.600,2457.600,5704.800,4406.600,0.285,0.841,97.526,1.322,0.0,0.025,1493160950.535,
0.295,0.831,97.557,1.292,0.0,0.025,252608512.0,0.0,112121.200,240358560.800,0.0,0.0,5729.600,4353.0,0.200,1.0,0.0,5360050176.0,1683456.0,20674732032.0,1.42743728128e+11,0.0,0.0,252818227.200,0.0,5730.600,4354.200,0.295,0.831,97.557,1.292,0.0,0.025,1493160955.535,
0.260,0.696,97.811,1.202,0.0,0.030,216643993.600,2457.600,88430.600,247209874.600,0.0,0.0,5227.200,3800.800,0.200,0.800,0.0,5273583616.0,1691648.0,21756481536.0,1.41748436992e+11,0.0,0.0,216565350.400,2457.600,5230.200,3801.200,0.265,0.696,97.807,1.202,0.0,0.030,1493160960.535,
0.296,0.882,97.501,1.302,0.0,0.020,264078950.400,0.0,116167.800,271431397.200,0.0,0.0,6179.800,4572.0,0.200,1.0,0.0,5296205824.0,1691648.0,23077081088.0,1.40405215232e+11,0.0,0.0,263947878.400,0.0,6176.200,4568.600,0.296,0.881,97.501,1.302,0.0,0.020,1493160965.535,
0.235,0.741,98.158,0.851,0.0,0.015,211537920.0,3276.800,112899.200,241421582.200,0.0,0.0,5256.200,3729.200,0.200,0.600,0.0,5199503360.0,1699840.0,24134352896.0,1.39444637696e+11,0.0,0.0,211537920.0,3276.800,5255.200,3729.200,0.230,0.746,98.158,0.851,0.0,0.015,1493160970.535,
0.321,0.962,97.104,1.593,0.0,0.020,297752166.400,4915.200,157267.200,292100884.0,0.0,0.0,7105.800,5099.800,0.600,0.600,0.0,5298065408.0,1708032.0,25623011328.0,1.37857409024e+11,0.0,0.0,297909452.800,4915.200,7108.0,5101.800,0.321,0.957,97.109,1.594,0.0,0.020,1493160975.535,
0.311,0.867,97.660,1.143,0.0,0.020,267539251.200,0.0,152722.800,297236926.200,0.0,0.0,6912.600,4637.0,1.0,1.800,0.0,5213638656.0,1708032.0,26963058688.0,1.36601788416e+11,0.0,0.0,267617894.400,0.0,6912.200,4638.200,0.311,0.867,97.655,1.148,0.0,0.020,1493160980.535,
0.331,0.988,97.168,1.489,0.0,0.025,303513600.0,2457.600,181931.600,304638369.600,0.0,0.0,7595.200,5246.0,0.800,1.800,0.0,5282852864.0,1716224.0,28477673472.0,1.35017951232e+11,0.0,0.0,303487385.600,2457.600,7598.600,5245.200,0.331,0.992,97.173,1.479,0.0,0.025,1493160985.535,
0.281,0.947,97.210,1.538,0.0,0.025,284781772.800,0.0,147547.0,279464909.800,0.0,0.0,6781.200,4916.0,0.200,0.800,0.0,5369331712.0,1716224.0,29902721024.0,1.33506424832e+11,0.0,0.0,284572057.600,0.0,6778.600,4913.800,0.281,0.942,97.209,1.543,0.0,0.025,1493160990.535,
0.275,0.836,97.918,0.961,0.0,0.010,254841651.200,2457.600,141287.200,286220027.600,0.0,0.0,6457.0,4452.800,0.600,0.200,0.0,5276401664.0,1724416.0,31178428416.0,1.32323639296e+11,0.0,0.0,255051366.400,2457.600,6464.600,4454.400,0.275,0.841,97.913,0.961,0.0,0.010,1493160995.535,
0.281,0.907,97.235,1.548,0.0,0.030,292425728.0,0.0,196011.200,311247336.200,0.0,0.0,7741.400,5082.600,0.400,1.600,0.0,5247705088.0,1724416.0,32641634304.0,1.30889129984e+11,0.0,0.0,292425728.0,0.0,7735.400,5083.400,0.286,0.902,97.235,1.548,0.0,0.030,1493161000.535,
0.250,0.731,97.922,1.082,0.0,0.015,247522918.400,4096.0,107623.800,249969112.400,0.0,0.0,5655.400,4299.400,0.400,1.0,0.0,5291544576.0,1732608.0,33877852160.0,1.29609064448e+11,0.0,0.0,247470489.600,4096.0,5653.600,4298.800,0.250,0.731,97.922,1.082,0.0,0.015,1493161005.535,
0.276,0.761,97.681,1.267,0.0,0.015,271360819.200,4915.200,123990.200,264303372.200,0.0,0.0,5814.800,4694.600,0.600,1.400,0.0,5392928768.0,1740800.0,35233783808.0,1.28151740416e+11,0.0,0.0,271334604.800,4915.200,5818.200,4695.600,0.271,0.761,97.685,1.267,0.0,0.015,1493161010.535,
0.230,0.702,97.875,1.168,0.0,0.025,258291302.400,0.0,101480.400,266163717.600,0.0,0.0,5387.600,4489.400,0.0,1.200,0.0,5423079424.0,1740800.0,36525064192.0,1.26830309376e+11,0.0,0.0,258317516.800,0.0,5383.200,4488.800,0.235,0.701,97.866,1.172,0.0,0.025,1493161015.535,
0.220,0.686,98.037,1.047,0.0,0.010,232476672.0,2457.600,118322.400,257455676.200,0.0,0.0,5596.800,4070.600,0.400,0.400,0.0,5343158272.0,1748992.0,37687840768.0,1.2574744576e+11,0.0,0.0,232319385.600,2457.600,5598.200,4068.200,0.220,0.686,98.042,1.042,0.0,0.010,1493161020.535,
0.241,0.666,98.106,0.972,0.0,0.015,236922470.400,0.0,148678.400,274399031.600,0.0,0.0,6237.800,4145.800,0.200,0.800,0.0,5219958784.0,1748992.0,38871142400.0,1.24687343616e+11,0.0,0.0,236922470.400,0.0,6235.0,4145.800,0.241,0.666,98.106,0.972,0.0,0.015,1493161025.535,
0.311,0.877,97.009,1.779,0.0,0.025,314911129.600,2457.600,153962.800,294019676.200,0.0,0.0,7228.800,5412.0,0.400,1.0,0.0,5388169216.0,1757184.0,40446824448.0,1.22943442944e+11,0.0,0.0,315094630.400,2457.600,7232.0,5414.400,0.306,0.877,97.013,1.779,0.0,0.025,1493161030.535,
0.286,0.797,97.459,1.434,0.0,0.025,274574540.800,0.0,138329.400,295826896.400,0.0,0.0,6690.600,4753.200,0.200,0.800,0.0,5351698432.0,1757184.0,41817731072.0,1.21609007104e+11,0.0,0.0,274391040.0,0.0,6693.0,4753.200,0.286,0.797,97.459,1.434,0.0,0.025,1493161035.535,
0.240,0.766,97.952,1.027,0.0,0.015,224156876.800,3276.800,110863.400,245685049.0,0.0,0.0,5535.600,3931.400,0.800,0.200,0.0,5306269696.0,1765376.0,42940850176.0,1.20531308544e+11,0.0,0.0,224340377.600,3276.800,5534.0,3931.200,0.240,0.766,97.952,1.027,0.0,0.015,1493161040.535,
0.266,0.922,97.639,1.158,0.0,0.015,282863206.400,4915.200,147500.0,289549143.200,0.0,0.0,6833.200,4890.600,0.400,1.200,0.0,5340471296.0,1773568.0,44355268608.0,1.1908268032e+11,0.0,0.0,282863206.400,4915.200,6830.200,4890.200,0.271,0.922,97.629,1.163,0.0,0.015,1493161045.535,
0.281,0.882,97.760,1.052,0.0,0.025,271554150.400,0.0,123561.800,272191177.400,0.0,0.0,6349.0,4716.200,0.400,1.400,0.200,5392596992.0,1773568.0,45712134144.0,1.17673689088e+11,0.0,0.0,271580364.800,0.0,6354.600,4716.600,0.276,0.882,97.770,1.047,0.0,0.025,1493161050.535,
0.290,0.886,97.816,0.977,0.0,0.030,259198156.800,2457.600,141737.600,279812349.600,0.0,0.0,6425.600,4485.0,0.200,0.600,0.0,5368307712.0,1781760.0,47008071680.0,1.1640203264e+11,0.0,0.0,259198156.800,2457.600,6421.0,4484.200,0.290,0.891,97.812,0.977,0.0,0.030,1493161055.535,
0.331,0.987,97.209,1.448,0.0,0.025,290066432.0,0.0,190850.600,313455763.0,0.0,0.0,7630.400,4998.200,0.600,1.0,0.0,5309120512.0,1781760.0,48458354688.0,1.15010936832e+11,0.0,0.0,290066432.0,0.0,7629.800,5000.400,0.331,0.982,97.214,1.448,0.0,0.025,1493161060.535,
0.316,0.862,97.635,1.167,0.0,0.020,260131225.600,2457.600,156790.200,291014983.600,0.0,0.0,6942.200,4542.0,0.200,1.0,0.0,5215510528.0,1789952.0,49758932992.0,1.1380396032e+11,0.0,0.0,259921510.400,2457.600,6941.600,4538.400,0.316,0.862,97.635,1.167,0.0,0.020,1493161065.535,
0.336,0.993,97.007,1.639,0.0,0.025,311959552.0,0.0,164658.600,296831946.200,0.0,0.0,7288.400,5354.0,0.800,0.800,0.0,5370572800.0,1789952.0,51319283712.0,1.12088547328e+11,0.0,0.0,312116838.400,0.0,7290.200,5355.600,0.336,0.993,97.007,1.639,0.0,0.025,1493161070.535,
0.351,1.032,96.968,1.634,0.0,0.015,305558323.200,4096.0,194192.600,314745343.600,0.0,0.0,7804.200,5238.200,1.600,1.0,0.0,5391581184.0,1798144.0,52847910912.0,1.10538903552e+11,0.0,0.0,305610752.0,4096.0,7803.200,5239.600,0.351,1.032,96.968,1.634,0.0,0.015,1493161075.535,
0.310,0.911,97.907,0.846,0.0,0.025,259659366.400,4915.200,139945.200,281120331.800,0.0,0.0,6588.200,4514.0,0.200,0.400,0.0,5351878656.0,1806336.0,54144847872.0,1.09281660928e+11,0.0,0.0,259449651.200,4915.200,6590.400,4511.400,0.310,0.911,97.907,0.846,0.0,0.025,1493161080.535,
0.311,0.847,97.568,1.248,0.0,0.025,275083264.0,0.0,170312.200,289291890.400,0.0,0.0,7029.200,4759.600,0.800,0.400,0.0,5350498304.0,1806336.0,55519838208.0,1.07908050944e+11,0.0,0.0,275240550.400,0.0,7026.600,4761.600,0.311,0.852,97.563,1.248,0.0,0.025,1493161085.535,
0.270,0.846,98.137,0.736,0.0,0.010,235429068.800,2457.600,136476.0,275647995.800,0.0,0.0,6146.400,4138.0,0.600,0.200,0.200,5204824064.0,1814528.0,56696578048.0,1.06876977152e+11,0.0,0.0,235271782.400,2457.600,6145.200,4135.600,0.270,0.841,98.142,0.736,0.0,0.010,1493161090.535,
0.210,0.681,98.508,0.591,0.0,0.010,205330841.600,3276.800,123160.400,223636401.400,0.0,0.0,5184.400,3607.0,0.200,0.400,0.0,5160378368.0,1822720.0,57724600320.0,1.05893392384e+11,0.0,0.0,205540556.800,3276.800,5190.0,3609.400,0.210,0.686,98.503,0.591,0.0,0.010,1493161095.535,
0.261,0.772,97.901,1.032,0.0,0.035,245761638.400,2457.600,134694.0,231127533.200,0.0,0.0,5824.800,4253.400,1.0,1.600,0.0,5298663424.0,1830912.0,58953797632.0,1.04525901824e+11,0.0,0.0,245787852.800,2457.600,5827.800,4254.200,0.261,0.767,97.906,1.032,0.0,0.035,1493161100.535,
0.266,0.837,97.835,1.043,0.0,0.020,250280345.600,0.0,172494.400,287222239.200,0.0,0.0,6785.800,4327.800,0.600,1.200,0.0,5183475712.0,1830912.0,60204367872.0,1.03390519296e+11,0.0,0.0,250227916.800,0.0,6778.600,4326.200,0.271,0.842,97.820,1.047,0.0,0.020,1493161105.535,
0.306,0.832,97.815,1.032,0.0,0.015,257599078.400,3276.800,169847.0,269555789.400,0.0,0.0,6948.0,4523.200,0.600,0.400,0.400,5175078912.0,1839104.0,61490487296.0,1.0211278848e+11,0.0,0.0,257415577.600,3276.800,6946.600,4521.600,0.301,0.827,97.830,1.027,0.0,0.015,1493161110.535,
0.316,0.937,97.435,1.282,0.0,0.030,285501030.400,15564.800,192197.400,289831571.400,0.0,0.0,6966.400,4988.200,0.200,0.800,0.0,5224529920.0,1855488.0,62920761344.0,1.0063304704e+11,0.0,0.0,285658316.800,15564.800,6967.600,4989.800,0.316,0.942,97.431,1.282,0.0,0.030,1493161115.535,
0.300,0.941,97.471,1.262,0.0,0.025,281421414.400,0.0,199763.400,289309218.800,0.0,0.0,6312.400,4855.0,0.600,1.0,0.400,5246640128.0,1855488.0,64326230016.0,99205468160.0,0.0,0.0,281264128.0,0.0,6311.200,4853.400,0.300,0.936,97.476,1.262,0.0,0.025,1493161120.535,
0.391,1.118,96.320,2.156,0.0,0.015,340610252.800,7372.800,267486.400,345636117.0,0.0,0.0,9385.0,5894.0,0.200,1.800,0.0,5304614912.0,1871872.0,66029395968.0,97444311040.0,0.0,0.0,340793753.600,7372.800,9391.0,5896.600,0.391,1.118,96.320,2.156,0.0,0.015,1493161125.535,
0.276,0.927,97.495,1.283,0.0,0.020,261782732.800,10649.600,178459.200,283079502.800,0.0,0.0,7132.600,4603.800,0.400,1.400,0.400,5263597568.0,1880064.0,67339534336.0,96175181824.0,0.0,0.0,261782732.800,10649.600,7127.800,4603.600,0.275,0.932,97.491,1.282,0.0,0.020,1493161130.535,
0.240,0.811,98.052,0.866,0.0,0.030,238678835.200,2457.600,146597.400,259818394.400,0.0,0.0,6252.400,4224.0,0.600,1.0,0.400,5220622336.0,1888256.0,68533411840.0,95024271360.0,0.0,0.0,238731264.0,2457.600,6258.0,4224.400,0.240,0.811,98.052,0.866,0.0,0.030,1493161135.535,
0.336,0.942,97.651,1.052,0.0,0.020,279429120.0,4915.200,167669.200,280346577.800,0.0,0.0,6957.400,4846.600,0.400,0.400,0.0,5267566592.0,1896448.0,69930799104.0,93579931648.0,0.0,0.0,279324262.400,4915.200,6958.600,4846.600,0.336,0.937,97.656,1.052,0.0,0.020,1493161140.535,
0.110,0.330,99.239,0.305,0.0,0.015,92316467.200,8192.0,63462.0,115325575.800,0.0,0.0,2675.800,1760.800,0.400,0.0,0.400,5174616064.0,1912832.0,70392061952.0,93211602944.0,0.0,0.0,92185395.200,8192.0,2668.0,1758.400,0.110,0.330,99.239,0.305,0.0,0.015,1493161145.535,
