"Dstat 0.7.2 CSV output"
"Author:","Dag Wieers <dag@wieers.com>",,,,"URL:","http://dag.wieers.com/home-made/dstat/"
"Host:","osd0.skyhook-2osds.skyhook-pg0.wisc.cloudlab.us",,,,"User:","jlefevre"
"Cmdline:","dstat -av --epoch --integer --noheaders --output 2osds.dstat-osd0.log 5",,,,"Date:","25 Apr 2017 15:01:59 CDT"

"total cpu usage",,,,,,"dsk/total",,"net/total",,"paging",,"system",,"procs",,,"memory usage",,,,"paging",,"dsk/total",,"system",,"total cpu usage",,,,,,"epoch"
"usr","sys","idl","wai","hiq","siq","read","writ","recv","send","in","out","int","csw","run","blk","new","used","buff","cach","free","in","out","read","writ","int","csw","usr","sys","idl","wai","hiq","siq","epoch"


"Host:","osd0.skyhook-2osds.skyhook-pg0.wisc.cloudlab.us",,,,"User:","jlefevre"
"Cmdline:","dstat -av --epoch --integer --noheaders --output 2osds.dstat-osd0.log 5",,,,"Date:","25 Apr 2017 15:08:52 CDT"

"total cpu usage",,,,,,"dsk/total",,"net/total",,"paging",,"system",,"procs",,,"memory usage",,,,"paging",,"dsk/total",,"system",,"total cpu usage",,,,,,"epoch"
"usr","sys","idl","wai","hiq","siq","read","writ","recv","send","in","out","int","csw","run","blk","new","used","buff","cach","free","in","out","read","writ","int","csw","usr","sys","idl","wai","hiq","siq","epoch"
0.070,1.625,98.130,0.175,0.0,0.0,1408204.800,11468.800,3021.400,22137.800,0.0,0.0,710.400,813.0,0.600,0.0,4.600,4976365568.0,1593344.0,132595712.0,1.63669639168e+11,0.0,0.0,1408204.800,11468.800,709.800,813.0,0.070,1.620,98.134,0.175,0.0,0.0,1493156647.689,
0.105,0.245,98.349,1.296,0.0,0.005,99540992.0,3276.800,6056.600,23460.600,0.0,0.0,1034.400,1777.200,0.400,2.600,0.0,4994732032.0,1601536.0,629108736.0,1.63154751488e+11,0.0,0.0,99776921.600,3276.800,1036.200,1782.200,0.105,0.245,98.344,1.301,0.0,0.005,1493156652.689,
0.526,1.248,90.531,7.681,0.0,0.015,491800985.600,2457.600,22347.800,39190.0,0.0,0.0,4639.200,8232.800,0.600,7.600,0.0,5008715776.0,1609728.0,3090251776.0,1.60679616512e+11,0.0,0.0,491853414.400,2457.600,4638.600,8230.800,0.531,1.247,90.522,7.685,0.0,0.015,1493156657.689,
0.536,1.198,89.115,9.136,0.0,0.015,493515571.200,0.0,20433.200,46206.800,0.0,0.0,4737.0,8255.400,0.400,6.600,0.0,5041844224.0,1609728.0,5555003392.0,1.58181736448e+11,0.0,0.0,493572915.200,0.0,4737.800,8256.600,0.536,1.202,89.114,9.132,0.0,0.015,1493156662.689,
0.536,1.228,90.262,7.964,0.0,0.010,488281702.400,2457.600,22151.400,46019.200,0.0,0.0,4621.800,8188.600,0.800,7.0,0.0,5037035520.0,1617920.0,7997657088.0,1.55743883264e+11,0.0,0.0,488239923.200,2457.600,4622.600,8187.600,0.531,1.228,90.269,7.961,0.0,0.010,1493156667.689,
0.536,1.272,90.212,7.960,0.0,0.020,491554406.400,0.0,20804.200,46114.200,0.0,0.0,4624.400,8215.200,1.0,6.400,0.0,5041876992.0,1617920.0,10455953408.0,1.53280745472e+11,0.0,0.0,491528192.0,0.0,4623.400,8215.400,0.536,1.272,90.212,7.960,0.0,0.020,1493156672.689,
0.466,1.067,92.611,5.816,0.0,0.040,460953190.400,4096.0,20199.0,45665.200,0.0,0.0,4286.0,7711.800,0.800,3.600,0.0,5028945920.0,1626112.0,12761108480.0,1.5098851328e+11,0.0,0.0,460926976.0,4096.0,4285.400,7711.200,0.471,1.062,92.606,5.821,0.0,0.040,1493156677.689,
0.531,1.163,91.691,6.610,0.0,0.005,478704435.200,1638.400,20894.600,46222.0,0.0,0.0,4488.200,8010.0,0.0,6.800,0.0,5002604544.0,1626112.0,15154626560.0,1.48621336576e+11,0.0,0.0,478688870.400,1638.400,4488.400,8010.800,0.526,1.163,91.701,6.605,0.0,0.005,1493156682.689,
0.516,1.297,90.736,7.426,0.0,0.025,496572006.400,4915.200,22252.200,46734.200,0.0,0.0,4694.800,8359.0,1.400,7.600,0.0,5052907520.0,1634304.0,17637187584.0,1.46088464384e+11,0.0,0.0,496624435.200,4915.200,4695.0,8359.200,0.516,1.297,90.730,7.432,0.0,0.025,1493156687.689,
0.541,1.247,91.148,7.044,0.0,0.020,491690393.600,0.0,21336.800,47121.800,0.0,0.0,4642.600,8231.800,0.800,6.600,0.0,5035479040.0,1634304.0,20094083072.0,1.43648997376e+11,0.0,0.0,491664179.200,0.0,4642.600,8231.0,0.541,1.247,91.153,7.039,0.0,0.020,1493156692.689,
0.471,1.037,92.883,5.593,0.0,0.015,433676288.0,2457.600,20289.0,45408.400,0.0,0.0,4083.200,7259.0,0.400,5.0,0.0,5037731840.0,1642496.0,22263160832.0,1.41477658624e+11,0.0,0.0,433754931.200,2457.600,4083.600,7260.200,0.471,1.037,92.879,5.598,0.0,0.015,1493156697.689,
0.511,1.203,90.599,7.662,0.0,0.025,490249420.800,0.0,20897.600,44528.400,0.0,0.0,5127.0,8236.600,0.800,7.400,0.0,5081030656.0,1642496.0,24715292672.0,1.38982227968e+11,0.0,0.0,490196992.0,0.0,5126.600,8236.0,0.511,1.203,90.599,7.662,0.0,0.025,1493156702.689,
0.537,1.113,91.303,7.031,0.0,0.015,485656166.400,2457.600,21633.600,46616.400,0.0,0.0,4586.0,8160.200,0.400,7.400,0.0,5077827584.0,1650688.0,27142266880.0,1.3655844864e+11,0.0,0.0,485629952.0,2457.600,4587.400,8163.200,0.542,1.113,91.303,7.026,0.0,0.015,1493156707.689,
0.501,1.093,91.688,6.698,0.0,0.020,486767820.800,0.0,20729.600,45169.200,0.0,0.0,4537.200,8192.200,0.400,5.600,0.0,5059674112.0,1650688.0,29578412032.0,1.3414045696e+11,0.0,0.0,486767820.800,0.0,4535.600,8188.400,0.496,1.098,91.688,6.697,0.0,0.020,1493156712.689,
0.441,1.043,93.072,5.424,0.0,0.020,463354265.600,6553.600,20586.600,45448.400,0.0,0.0,4330.800,7707.200,0.0,6.0,0.0,5042286592.0,1658880.0,31892791296.0,1.31843457024e+11,0.0,0.0,463380480.0,6553.600,4331.0,7707.800,0.441,1.038,93.076,5.425,0.0,0.020,1493156717.689,
0.511,1.097,91.817,6.545,0.0,0.030,485436620.800,2457.600,20950.400,45923.600,0.0,0.0,4539.400,8152.400,0.800,7.0,0.0,5078405120.0,1667072.0,34321444864.0,1.29378676736e+11,0.0,0.0,485436620.800,2457.600,4539.200,8152.800,0.511,1.098,91.816,6.545,0.0,0.030,1493156722.689,
0.401,0.887,95.010,3.688,0.0,0.015,395583488.0,0.0,17389.400,42952.200,0.0,0.0,3670.600,6586.0,0.400,3.200,0.600,5053984768.0,1667072.0,36298080256.0,1.27426461696e+11,0.0,0.0,395557273.600,0.0,3670.400,6585.0,0.401,0.892,95.010,3.682,0.0,0.015,1493156727.689,
0.541,1.268,90.476,7.694,0.0,0.020,485891276.800,2457.600,22834.600,46381.600,0.0,0.0,4627.400,8211.800,1.0,6.600,0.0,5079351296.0,1675264.0,38727467008.0,1.24971700224e+11,0.0,0.0,485917491.200,2457.600,4627.600,8211.800,0.546,1.268,90.467,7.699,0.0,0.020,1493156732.689,
0.496,1.108,93.502,4.884,0.0,0.010,451234201.600,8192.0,20151.0,46158.800,0.0,0.0,4269.400,7512.800,0.600,5.0,0.400,5117861888.0,1683456.0,40984576000.0,1.22676072448e+11,0.0,0.0,451234201.600,8192.0,4269.600,7513.200,0.491,1.103,93.506,4.889,0.0,0.010,1493156737.689,
0.561,1.268,90.076,8.064,0.0,0.030,494977843.200,7372.800,22355.800,47027.0,0.0,0.0,4766.200,8383.0,0.600,7.400,0.0,5128888320.0,1699840.0,43461734400.0,1.20187871232e+11,0.0,0.0,495004057.600,7372.800,4766.200,8383.400,0.561,1.273,90.067,8.069,0.0,0.030,1493156742.689,
0.526,1.202,92.836,5.421,0.0,0.015,454714163.200,4915.200,20443.600,46180.800,0.0,0.0,4697.0,7607.0,0.200,4.800,0.400,5078126592.0,1708032.0,45733007360.0,1.17967351808e+11,0.0,0.0,454714163.200,4915.200,4697.0,7606.800,0.526,1.197,92.841,5.421,0.0,0.015,1493156747.689,
0.556,1.298,90.328,7.783,0.0,0.035,492582502.400,3276.800,21705.0,46175.0,0.0,0.0,4684.800,8251.200,0.600,8.200,0.400,5137846272.0,1716224.0,48197894144.0,1.15442737152e+11,0.0,0.0,492530073.600,3276.800,4684.800,8250.600,0.556,1.298,90.342,7.768,0.0,0.035,1493156752.689,
0.557,1.259,90.809,7.356,0.0,0.020,493866188.800,10649.600,21776.600,46577.200,0.0,0.0,4688.600,8301.200,0.600,6.200,0.0,5130473472.0,1732608.0,50666614784.0,1.12981372928e+11,0.0,0.0,493892403.200,10649.600,4688.600,8302.200,0.557,1.258,90.800,7.365,0.0,0.020,1493156757.689,
0.556,1.032,93.053,5.343,0.0,0.015,433497702.400,4915.200,19786.400,46100.600,0.0,0.0,4110.800,7282.0,0.800,3.800,0.400,5096980480.0,1740800.0,52834648064.0,1.10846824448e+11,0.0,0.0,433471488.0,4915.200,4110.800,7281.400,0.556,1.032,93.054,5.342,0.0,0.015,1493156762.689,
0.551,1.258,91.255,6.921,0.0,0.015,486762905.600,12288.0,22849.200,45879.200,0.0,0.0,4613.400,8172.800,0.600,6.800,0.0,5130473472.0,1757184.0,55267078144.0,1.08380884992e+11,0.0,0.0,486762905.600,12288.0,4613.600,8173.0,0.551,1.258,91.254,6.921,0.0,0.015,1493156767.689,
0.556,1.313,89.668,8.432,0.0,0.030,498993561.600,9830.400,22181.600,47775.0,0.0,0.0,4760.800,8433.600,0.800,7.400,0.400,5135892480.0,1765376.0,57762574336.0,1.058799616e+11,0.0,0.0,498941132.800,9830.400,4760.800,8433.0,0.557,1.314,89.666,8.434,0.0,0.030,1493156772.689,
0.566,1.368,89.819,8.227,0.0,0.020,500178944.0,7372.800,21626.400,46580.800,0.0,0.0,4743.0,8420.600,2.400,6.400,0.400,5188325376.0,1781760.0,60263694336.0,1.0332639232e+11,0.0,0.0,500220723.200,7372.800,4742.800,8421.400,0.566,1.368,89.820,8.226,0.0,0.020,1493156777.689,
0.577,1.309,89.526,8.574,0.0,0.015,500329676.800,0.0,21621.0,47379.800,0.0,0.0,4746.400,8410.600,1.0,7.800,0.0,5131292672.0,1781760.0,62764302336.0,1.00882817024e+11,0.0,0.0,500287897.600,0.0,4746.400,8409.400,0.577,1.309,89.524,8.575,0.0,0.015,1493156782.689,
0.567,1.253,90.219,7.941,0.0,0.020,496488448.0,9011.200,21537.400,45827.200,0.0,0.0,4984.800,8296.200,0.200,7.800,0.400,5203980288.0,1798144.0,65248923648.0,98325491712.0,0.0,0.0,496540876.800,9011.200,4984.800,8297.400,0.571,1.258,90.211,7.939,0.0,0.020,1493156787.689,
0.551,1.228,92.103,6.093,0.0,0.025,473131417.600,9830.400,21698.0,46770.200,0.0,0.0,4546.800,7919.400,1.200,4.800,0.0,5160075264.0,1814528.0,67613556736.0,96004747264.0,0.0,0.0,473173196.800,9830.400,4547.0,7919.400,0.546,1.223,92.117,6.089,0.0,0.025,1493156792.689,
0.576,1.298,89.688,8.417,0.0,0.020,497376460.800,12288.0,22114.0,46721.0,0.0,0.0,4761.0,8373.0,0.400,9.0,0.600,5164101632.0,1822720.0,70100209664.0,93514059776.0,0.0,0.0,497334681.600,12288.0,4760.800,8372.600,0.576,1.298,89.689,8.416,0.0,0.020,1493156797.689,
0.190,0.425,97.042,2.332,0.0,0.010,159950438.400,4096.0,7904.0,37191.200,0.0,0.0,1614.800,2801.400,0.200,1.400,0.400,5115514880.0,1830912.0,70899204096.0,92763643904.0,0.0,0.0,159688294.400,4096.0,1613.200,2798.200,0.190,0.430,97.042,2.327,0.0,0.010,1493156802.689,
