"Dstat 0.7.2 CSV output"
"Author:","Dag Wieers <dag@wieers.com>",,,,"URL:","http://dag.wieers.com/home-made/dstat/"
"Host:","osd0.skyhook-2osds.skyhook-pg0.wisc.cloudlab.us",,,,"User:","jlefevre"
"Cmdline:","dstat -av --epoch --integer --noheaders --output 2osds.dstat-osd0.log 5",,,,"Date:","25 Apr 2017 15:01:59 CDT"

"total cpu usage",,,,,,"dsk/total",,"net/total",,"paging",,"system",,"procs",,,"memory usage",,,,"paging",,"dsk/total",,"system",,"total cpu usage",,,,,,"epoch"
"usr","sys","idl","wai","hiq","siq","read","writ","recv","send","in","out","int","csw","run","blk","new","used","buff","cach","free","in","out","read","writ","int","csw","usr","sys","idl","wai","hiq","siq","epoch"


"Host:","osd0.skyhook-2osds.skyhook-pg0.wisc.cloudlab.us",,,,"User:","jlefevre"
"Cmdline:","dstat -av --epoch --integer --noheaders --output 2osds.dstat-osd0.log 5",,,,"Date:","25 Apr 2017 15:08:52 CDT"

"total cpu usage",,,,,,"dsk/total",,"net/total",,"paging",,"system",,"procs",,,"memory usage",,,,"paging",,"dsk/total",,"system",,"total cpu usage",,,,,,"epoch"
"usr","sys","idl","wai","hiq","siq","read","writ","recv","send","in","out","int","csw","run","blk","new","used","buff","cach","free","in","out","read","writ","int","csw","usr","sys","idl","wai","hiq","siq","epoch"
0.065,0.830,98.940,0.165,0.0,0.0,1404928.0,17203.200,2661.600,21891.400,0.0,0.0,565.0,597.200,0.400,0.0,4.400,4983640064.0,1478656.0,132603904.0,1.63662471168e+11,0.0,0.0,1404928.0,17203.200,564.400,597.200,0.065,0.830,98.940,0.165,0.0,0.0,1493160862.689,
0.135,0.435,98.133,1.286,0.0,0.010,138162995.200,3276.800,48284.600,119077299.400,0.0,0.0,2736.600,2437.400,0.0,0.400,0.0,5107654656.0,1486848.0,822943744.0,1.62848108544e+11,0.0,0.0,138398924.800,3276.800,2740.0,2440.200,0.135,0.430,98.133,1.291,0.0,0.010,1493160867.689,
0.260,0.821,97.442,1.457,0.0,0.020,253887283.200,2457.600,78541.800,233799027.200,0.0,0.0,5050.800,4352.400,0.200,1.0,0.0,5259894784.0,1495040.0,2091614208.0,1.6142718976e+11,0.0,0.0,253651353.600,2457.600,5047.200,4349.600,0.265,0.821,97.442,1.452,0.0,0.020,1493160872.689,
0.250,0.806,97.612,1.307,0.0,0.025,248555929.600,0.0,92629.600,253179299.0,0.0,0.0,5192.600,4297.800,0.800,1.200,0.0,5292363776.0,1495040.0,3334516736.0,1.6015181824e+11,0.0,0.0,248765644.800,0.0,5199.0,4301.400,0.250,0.811,97.602,1.311,0.0,0.025,1493160877.689,
0.255,0.761,97.752,1.212,0.0,0.020,233750528.0,2457.600,88880.800,258371993.400,0.0,0.0,5070.0,4094.600,0.400,0.600,0.0,5217263616.0,1503232.0,4503138304.0,1.5905828864e+11,0.0,0.0,233540812.800,2457.600,5063.600,4091.0,0.250,0.756,97.767,1.207,0.0,0.020,1493160882.689,
0.275,0.781,97.593,1.326,0.0,0.025,237457408.0,0.0,97826.600,250746548.200,0.0,0.0,5201.600,4137.400,0.200,1.0,0.0,5209276416.0,1503232.0,5692076032.0,1.57877338112e+11,0.0,0.0,237667123.200,0.0,5203.200,4140.400,0.275,0.781,97.588,1.331,0.0,0.025,1493160887.689,
0.240,0.731,97.607,1.397,0.0,0.025,225109606.400,4096.0,83263.0,241766269.600,0.0,0.0,5048.0,3890.0,0.400,0.0,0.0,5179084800.0,1511424.0,6816841728.0,1.5678275584e+11,0.0,0.0,224899891.200,4096.0,5046.400,3887.0,0.245,0.731,97.607,1.392,0.0,0.025,1493160892.689,
0.260,0.786,97.942,0.996,0.0,0.015,241630412.800,819.200,73340.800,240580111.800,0.0,0.0,5261.800,4184.600,0.600,0.800,0.0,5250564096.0,1511424.0,8025563136.0,1.55502555136e+11,0.0,0.0,241840128.0,819.200,5263.200,4187.0,0.260,0.786,97.942,0.996,0.0,0.015,1493160897.689,
0.260,0.676,97.772,1.272,0.0,0.020,225981235.200,2457.600,74255.200,232762300.0,0.0,0.0,4894.200,3934.400,0.600,1.0,0.0,5268819968.0,1519616.0,9155432448.0,1.5435442176e+11,0.0,0.0,225981235.200,2457.600,4893.800,3934.200,0.255,0.676,97.776,1.272,0.0,0.020,1493160902.689,
0.230,0.581,98.057,1.107,0.0,0.025,203668684.800,0.0,89466.800,243349087.0,0.0,0.0,4624.600,3579.400,0.0,0.600,0.0,5116432384.0,1519616.0,10172661760.0,1.53489580032e+11,0.0,0.0,203458969.600,0.0,4623.800,3577.600,0.230,0.581,98.057,1.107,0.0,0.025,1493160907.689,
0.230,0.721,97.476,1.542,0.0,0.030,239750348.800,2457.600,94915.200,262635527.200,0.0,0.0,5178.200,4180.0,0.200,0.400,0.200,5067415552.0,1527808.0,11371937792.0,1.5233931264e+11,0.0,0.0,239750348.800,2457.600,5179.600,4179.600,0.230,0.726,97.471,1.542,0.0,0.030,1493160912.689,
0.220,0.651,97.486,1.618,0.0,0.025,231003750.400,0.0,85150.400,252442775.200,0.0,0.0,4983.400,4026.0,0.0,1.800,0.0,5029449728.0,1527808.0,12527267840.0,1.51221948416e+11,0.0,0.0,231213465.600,0.0,4986.400,4028.800,0.220,0.646,97.485,1.623,0.0,0.025,1493160917.689,
0.250,0.771,97.362,1.607,0.0,0.010,250091929.600,2457.600,95753.200,244851404.800,0.0,0.0,5217.400,4321.400,0.600,1.800,0.0,5112680448.0,1536000.0,13777686528.0,1.49888290816e+11,0.0,0.0,250144358.400,2457.600,5214.400,4322.200,0.255,0.776,97.352,1.607,0.0,0.010,1493160922.689,
0.240,0.681,97.776,1.277,0.0,0.025,229289164.800,0.0,84220.0,254521123.0,0.0,0.0,4999.400,3996.400,0.600,0.400,0.0,5033107456.0,1536000.0,14922264576.0,1.4882328576e+11,0.0,0.0,229236736.0,0.0,4999.0,3995.600,0.235,0.681,97.786,1.272,0.0,0.025,1493160927.689,
0.240,0.771,97.316,1.647,0.0,0.025,250317209.600,6553.600,83754.0,220386469.0,0.0,0.0,4760.400,4268.800,0.400,1.200,0.0,5241556992.0,1544192.0,16176001024.0,1.47361091584e+11,0.0,0.0,250343424.0,6553.600,4760.600,4268.200,0.240,0.766,97.321,1.647,0.0,0.025,1493160932.689,
0.240,0.831,97.538,1.351,0.0,0.040,249919078.400,0.0,110055.600,255490085.400,0.0,0.0,5174.400,4300.600,0.200,1.0,0.0,5270970368.0,1544192.0,17426497536.0,1.46081181696e+11,0.0,0.0,249919078.400,0.0,5174.600,4301.600,0.245,0.831,97.528,1.356,0.0,0.040,1493160937.689,
0.260,0.731,97.557,1.432,0.0,0.020,229383372.800,2457.600,80729.400,234971457.200,0.0,0.0,4733.600,3963.400,0.400,1.200,0.0,5292011520.0,1552384.0,18571943936.0,1.44914685952e+11,0.0,0.0,229330944.0,2457.600,4732.800,3962.400,0.255,0.731,97.562,1.432,0.0,0.020,1493160942.689,
0.220,0.631,98.143,0.976,0.0,0.030,200177254.400,0.0,81464.800,212299299.0,0.0,0.0,4266.400,3508.400,0.400,0.400,0.0,5278339072.0,1552384.0,19574120448.0,1.43926181888e+11,0.0,0.0,200203468.800,0.0,4272.800,3509.600,0.220,0.631,98.143,0.976,0.0,0.030,1493160947.689,
0.210,0.616,98.147,1.007,0.0,0.020,198405324.800,2457.600,95856.600,254822197.400,0.0,0.0,4740.0,3505.0,0.0,0.600,0.0,5058985984.0,1560576.0,20564226048.0,1.43155421184e+11,0.0,0.0,198457753.600,2457.600,4738.800,3505.0,0.215,0.616,98.142,1.007,0.0,0.020,1493160952.689,
0.225,0.661,97.888,1.196,0.0,0.030,209099980.800,0.0,74094.400,215494537.800,0.0,0.0,4396.800,3637.200,0.200,0.200,0.0,5077962752.0,1560576.0,21609881600.0,1.42090788864e+11,0.0,0.0,208837836.800,0.0,4391.200,3634.200,0.220,0.666,97.892,1.191,0.0,0.030,1493160957.689,
0.245,0.761,97.387,1.577,0.0,0.030,239082700.800,4915.200,99474.0,248335677.200,0.0,0.0,5142.600,4177.800,0.0,1.800,0.0,5095952384.0,1568768.0,22806953984.0,1.40875718656e+11,0.0,0.0,239318630.400,4915.200,5144.800,4180.0,0.245,0.761,97.382,1.582,0.0,0.030,1493160962.689,
0.275,0.836,96.995,1.863,0.0,0.030,266049945.600,819.200,107693.400,262070785.800,0.0,0.0,5565.800,4567.0,0.0,0.400,0.0,5166362624.0,1568768.0,24137596928.0,1.39474665472e+11,0.0,0.0,265971302.400,819.200,5565.0,4565.800,0.275,0.836,97.001,1.858,0.0,0.030,1493160967.689,
0.286,0.787,97.049,1.854,0.0,0.025,270506393.600,2457.600,129398.600,265477437.200,0.0,0.0,5718.400,4656.0,0.400,0.400,0.0,5254742016.0,1576960.0,25487794176.0,1.3803608064e+11,0.0,0.0,270349107.200,2457.600,5716.600,4654.600,0.291,0.782,97.049,1.854,0.0,0.025,1493160972.689,
0.250,0.886,96.842,1.992,0.0,0.030,256666009.600,0.0,167792.800,277874208.600,0.0,0.0,5739.0,4456.200,0.400,1.0,0.0,5201293312.0,1576960.0,26771021824.0,1.36806301696e+11,0.0,0.0,256666009.600,0.0,5744.0,4456.600,0.245,0.891,96.842,1.992,0.0,0.030,1493160977.689,
0.325,0.976,96.883,1.791,0.0,0.025,281720422.400,2457.600,163790.0,299462545.600,0.0,0.0,6235.600,4886.200,0.600,0.400,0.0,5188866048.0,1585152.0,28179812352.0,1.3540993024e+11,0.0,0.0,281930137.600,2457.600,6231.800,4888.200,0.330,0.971,96.883,1.791,0.0,0.025,1493160982.689,
0.295,0.871,96.996,1.797,0.0,0.040,269038387.200,0.0,151773.800,290104728.600,0.0,0.0,5945.800,4672.400,0.200,1.600,0.0,5138468864.0,1585152.0,29526413312.0,1.34113726464e+11,0.0,0.0,269038387.200,0.0,5945.800,4672.200,0.290,0.871,97.001,1.798,0.0,0.040,1493160987.689,
0.255,0.756,97.607,1.357,0.0,0.025,233341747.200,2457.600,141131.800,263044981.0,0.0,0.0,5585.200,4076.200,0.800,0.600,0.0,5052997632.0,1593344.0,30691049472.0,1.33034553344e+11,0.0,0.0,233132032.0,2457.600,5585.800,4074.0,0.255,0.756,97.607,1.357,0.0,0.025,1493160992.689,
0.290,0.961,96.696,2.033,0.0,0.020,288069222.400,0.0,175909.400,287244066.400,0.0,0.0,6304.0,4975.0,0.600,1.400,0.0,5130809344.0,1593344.0,32134246400.0,1.31513544704e+11,0.0,0.0,288357580.800,0.0,6305.200,4977.600,0.295,0.966,96.686,2.033,0.0,0.020,1493160997.689,
0.270,0.831,96.639,2.229,0.0,0.030,269101465.600,4096.0,135494.600,283502251.600,0.0,0.0,5784.0,4677.600,0.400,1.0,0.0,5125767168.0,1601536.0,33477525504.0,1.30175299584e+11,0.0,0.0,269038387.200,4096.0,5782.200,4677.0,0.270,0.826,96.640,2.233,0.0,0.030,1493161002.689,
0.245,0.791,97.493,1.451,0.0,0.020,239271116.800,4915.200,116386.200,252972971.400,0.0,0.0,5242.0,4145.600,0.200,0.800,0.0,5109559296.0,1609728.0,34675593216.0,1.28993431552e+11,0.0,0.0,239281766.400,4915.200,5242.400,4146.200,0.240,0.791,97.498,1.451,0.0,0.020,1493161007.689,
0.210,0.651,98.038,1.086,0.0,0.015,210515558.400,0.0,103973.200,221471932.800,0.0,0.0,4574.0,3680.400,0.400,0.200,0.0,5109501952.0,1609728.0,35727749120.0,1.27941332992e+11,0.0,0.0,210489344.0,0.0,4573.400,3680.0,0.210,0.651,98.038,1.086,0.0,0.015,1493161012.689,
0.190,0.525,98.243,1.021,0.0,0.020,179254067.200,2457.600,77687.800,186349937.600,0.0,0.0,3907.600,3165.0,0.200,1.0,0.0,5119086592.0,1617920.0,36623769600.0,1.2703571968e+11,0.0,0.0,179254067.200,2457.600,3907.800,3165.200,0.195,0.525,98.239,1.021,0.0,0.020,1493161017.689,
0.270,0.776,96.245,2.674,0.0,0.035,280451481.600,0.0,134773.800,272615722.400,0.0,0.0,5736.800,4855.600,0.400,1.600,0.0,5209784320.0,1617920.0,38024683520.0,1.25544108032e+11,0.0,0.0,280241766.400,0.0,5735.600,4853.200,0.265,0.781,96.250,2.669,0.0,0.035,1493161022.689,
0.230,0.711,97.246,1.793,0.0,0.020,254684364.800,2457.600,123417.200,263692084.200,0.0,0.0,5370.400,4406.600,0.200,0.600,0.0,5232328704.0,1626112.0,39300378624.0,1.24245860352e+11,0.0,0.0,254867865.600,2457.600,5371.400,4409.0,0.230,0.706,97.245,1.798,0.0,0.020,1493161027.689,
0.230,0.721,97.666,1.352,0.0,0.030,247376281.600,2457.600,158034.0,281273994.400,0.0,0.0,5708.200,4319.600,0.0,1.400,0.0,5115998208.0,1626112.0,40536977408.0,1.23125592064e+11,0.0,0.0,247402496.0,2457.600,5713.800,4319.600,0.235,0.721,97.666,1.347,0.0,0.030,1493161032.689,
0.275,0.771,97.406,1.512,0.0,0.035,277709619.200,3276.800,127810.0,284641883.800,0.0,0.0,5807.600,4795.200,0.200,1.200,0.0,5155241984.0,1634304.0,41925857280.0,1.21697460224e+11,0.0,0.0,277683404.800,3276.800,5802.200,4795.200,0.270,0.771,97.406,1.517,0.0,0.035,1493161037.689,
0.245,0.721,97.692,1.312,0.0,0.030,258962227.200,2457.600,111146.400,258569356.400,0.0,0.0,5375.200,4507.200,0.800,0.200,0.0,5213327360.0,1642496.0,43220406272.0,1.20344817664e+11,0.0,0.0,258988441.600,2457.600,5380.600,4507.600,0.245,0.721,97.697,1.307,0.0,0.030,1493161042.689,
0.220,0.581,97.997,1.162,0.0,0.040,222819123.200,0.0,119495.800,254584626.0,0.0,0.0,5048.400,3937.0,0.600,0.600,0.200,5117153280.0,1642496.0,44334370816.0,1.193270272e+11,0.0,0.0,222819123.200,0.0,5043.0,3936.800,0.220,0.581,97.997,1.162,0.0,0.040,1493161047.689,
0.230,0.646,97.652,1.442,0.0,0.030,231805747.200,2457.600,129132.0,247887140.400,0.0,0.0,5173.800,4056.800,0.200,0.200,0.0,5093187584.0,1650688.0,45493743616.0,1.18191611904e+11,0.0,0.0,231805747.200,2457.600,5174.0,4056.600,0.235,0.646,97.642,1.447,0.0,0.030,1493161052.689,
0.321,0.812,96.627,2.230,0.0,0.010,304981606.400,0.0,166945.400,290187888.600,0.0,0.0,6261.600,5231.800,0.600,0.400,0.0,5225668608.0,1650688.0,47016394752.0,1.16536479744e+11,0.0,0.0,304850534.400,0.0,6266.0,5231.600,0.316,0.817,96.632,2.225,0.0,0.010,1493161057.689,
0.331,0.932,96.287,2.410,0.0,0.040,302963097.600,2457.600,183000.0,311426350.800,0.0,0.0,6554.200,5223.0,0.600,0.400,0.0,5262356480.0,1658880.0,48531296256.0,1.14984882176e+11,0.0,0.0,302884454.400,2457.600,6553.200,5221.200,0.331,0.932,96.287,2.410,0.0,0.040,1493161062.689,
0.310,0.846,96.866,1.933,0.0,0.045,273652121.600,0.0,146844.0,285630598.600,0.0,0.0,5947.400,4728.200,0.0,1.0,0.0,5269143552.0,1658880.0,49901002752.0,1.13608388608e+11,0.0,0.0,273888051.200,0.0,5943.800,4730.400,0.310,0.846,96.861,1.937,0.0,0.045,1493161067.689,
0.295,0.946,96.983,1.736,0.0,0.040,269929676.800,4096.0,199360.800,315079716.400,0.0,0.0,6419.0,4698.600,0.200,1.200,0.0,5109403648.0,1667072.0,51251216384.0,1.12417906688e+11,0.0,0.0,269929676.800,4096.0,6423.800,4698.800,0.295,0.941,96.987,1.737,0.0,0.040,1493161072.689,
0.260,0.796,97.090,1.823,0.0,0.030,256797081.600,4915.200,165066.400,270610260.600,0.0,0.0,5787.600,4455.600,0.600,1.0,0.0,5096685568.0,1675264.0,52534829056.0,1.11147003904e+11,0.0,0.0,256797081.600,4915.200,5783.0,4454.600,0.260,0.801,97.085,1.823,0.0,0.030,1493161077.689,
0.260,0.811,97.337,1.562,0.0,0.030,255025152.0,0.0,149413.600,253919271.400,0.0,0.0,5565.600,4421.400,0.400,0.800,0.0,5166735360.0,1675264.0,53808197632.0,1.09803585536e+11,0.0,0.0,254998937.600,0.0,5568.800,4421.800,0.260,0.806,97.346,1.557,0.0,0.030,1493161082.689,
0.306,0.757,97.063,1.844,0.0,0.030,281515622.400,2457.600,135548.0,264469785.200,0.0,0.0,5747.800,4818.600,0.200,1.0,0.0,5318426624.0,1683456.0,55216775168.0,1.08243308544e+11,0.0,0.0,281305907.200,2457.600,5744.0,4816.400,0.306,0.757,97.063,1.844,0.0,0.030,1493161087.689,
0.290,0.911,97.010,1.753,0.0,0.035,284174745.600,2457.600,171481.800,281361324.800,0.0,0.0,6279.200,4976.600,0.0,1.0,0.200,5387898880.0,1691648.0,56638181376.0,1.06752421888e+11,0.0,0.0,284358246.400,2457.600,6285.200,4979.200,0.290,0.916,97.005,1.753,0.0,0.035,1493161092.689,
0.275,0.791,97.412,1.492,0.0,0.030,249803571.200,3276.800,125593.800,258744291.400,0.0,0.0,5479.800,4319.200,0.400,1.200,0.0,5401370624.0,1699840.0,57887133696.0,1.05489989632e+11,0.0,0.0,249829785.600,3276.800,5474.200,4319.0,0.275,0.791,97.412,1.492,0.0,0.030,1493161097.689,
0.356,0.917,96.214,2.464,0.0,0.050,298763878.400,5734.400,200316.0,318306981.200,0.0,0.0,6751.400,5208.800,0.400,1.600,0.0,5373296640.0,1708032.0,59381186560.0,1.0402400256e+11,0.0,0.0,298763878.400,5734.400,6751.200,5208.200,0.361,0.912,96.209,2.469,0.0,0.050,1493161102.689,
0.365,1.051,96.085,2.473,0.0,0.025,308064256.0,819.200,177327.800,318004207.800,0.0,0.0,7133.600,5302.400,0.400,1.600,0.0,5409005568.0,1708032.0,60921880576.0,1.02447599616e+11,0.0,0.0,308090470.400,819.200,7133.800,5303.200,0.360,1.051,96.090,2.473,0.0,0.025,1493161107.689,
0.361,0.962,96.238,2.405,0.0,0.035,304012492.800,2457.600,183446.200,321827169.200,0.0,0.0,7132.200,5272.0,0.200,2.600,0.400,5389197312.0,1716224.0,62443429888.0,1.00945850368e+11,0.0,0.0,304064921.600,2457.600,7135.0,5272.800,0.361,0.967,96.233,2.405,0.0,0.035,1493161112.689,
0.326,0.947,96.858,1.839,0.0,0.030,295439564.800,4915.200,202966.800,314330287.400,0.0,0.0,7753.0,5106.600,0.800,0.600,0.0,5366448128.0,1724416.0,63916904448.0,99495116800.0,0.0,0.0,295151206.400,4915.200,7751.600,5103.400,0.331,0.942,96.863,1.834,0.0,0.030,1493161117.689,
0.366,0.996,96.695,1.903,0.0,0.040,296163737.600,7372.800,234743.600,316162393.600,0.0,0.0,8174.0,5181.600,0.600,1.800,0.400,5344923648.0,1740800.0,65399377920.0,98034151424.0,0.0,0.0,296399667.200,7372.800,8173.800,5184.600,0.361,0.996,96.690,1.913,0.0,0.040,1493161122.689,
0.306,0.882,96.988,1.809,0.0,0.015,271502540.800,4915.200,240795.600,307092359.600,0.0,0.0,8045.600,4740.0,0.600,1.800,0.400,5236408320.0,1748992.0,66756902912.0,96785133568.0,0.0,0.0,271502540.800,4915.200,8044.800,4739.0,0.306,0.882,96.998,1.799,0.0,0.015,1493161127.689,
0.351,0.977,95.986,2.661,0.0,0.025,315151974.400,9011.200,187810.200,290110428.200,0.0,0.0,7598.400,5397.200,0.600,1.200,0.0,5417402368.0,1765376.0,68331528192.0,95029497856.0,0.0,0.0,314916044.800,9011.200,7596.800,5396.200,0.356,0.977,95.981,2.661,0.0,0.025,1493161132.689,
0.306,0.902,96.974,1.788,0.0,0.030,278113484.800,0.0,164845.800,306085305.200,0.0,0.0,7216.200,4840.0,0.800,1.0,0.400,5345730560.0,1765376.0,69722431488.0,93710266368.0,0.0,0.0,278270771.200,0.0,7218.200,4841.800,0.301,0.907,96.975,1.788,0.0,0.030,1493161137.689,
0.245,0.767,97.605,1.363,0.0,0.020,235218534.400,12288.0,148090.0,271864434.200,0.0,0.0,6218.800,4161.800,0.200,1.0,0.0,5225193472.0,1781760.0,70899339264.0,92653879296.0,0.0,0.0,235061248.0,12288.0,6216.800,4158.800,0.246,0.762,97.610,1.363,0.0,0.020,1493161142.689,
0.025,0.020,99.925,0.025,0.0,0.005,0.0,11468.800,10529.0,20338142.200,0.0,0.0,416.400,196.0,0.0,0.0,0.400,5123915776.0,1798144.0,70899343360.0,92755136512.0,0.0,0.0,0.0,11468.800,416.800,196.400,0.025,0.020,99.925,0.025,0.0,0.005,1493161147.689,
