"Dstat 0.7.2 CSV output"
"Author:","Dag Wieers <dag@wieers.com>",,,,"URL:","http://dag.wieers.com/home-made/dstat/"
"Host:","osd1.skyhook-2osds.skyhook-pg0.wisc.cloudlab.us",,,,"User:","jlefevre"
"Cmdline:","dstat -av --epoch --integer --noheaders --output 2osds.dstat-osd1.log 5",,,,"Date:","25 Apr 2017 15:02:01 CDT"

"total cpu usage",,,,,,"dsk/total",,"net/total",,"paging",,"system",,"procs",,,"memory usage",,,,"paging",,"dsk/total",,"system",,"total cpu usage",,,,,,"epoch"
"usr","sys","idl","wai","hiq","siq","read","writ","recv","send","in","out","int","csw","run","blk","new","used","buff","cach","free","in","out","read","writ","int","csw","usr","sys","idl","wai","hiq","siq","epoch"


"Host:","osd1.skyhook-2osds.skyhook-pg0.wisc.cloudlab.us",,,,"User:","jlefevre"
"Cmdline:","dstat -av --epoch --integer --noheaders --output 2osds.dstat-osd1.log 5",,,,"Date:","25 Apr 2017 15:08:55 CDT"

"total cpu usage",,,,,,"dsk/total",,"net/total",,"paging",,"system",,"procs",,,"memory usage",,,,"paging",,"dsk/total",,"system",,"total cpu usage",,,,,,"epoch"
"usr","sys","idl","wai","hiq","siq","read","writ","recv","send","in","out","int","csw","run","blk","new","used","buff","cach","free","in","out","read","writ","int","csw","usr","sys","idl","wai","hiq","siq","epoch"
0.110,0.050,99.790,0.050,0.0,0.0,11468.800,10649.600,3677.800,22765.800,0.0,0.0,330.400,337.600,0.200,0.0,8.600,5185179648.0,1650688.0,70306844672.0,93286518784.0,0.0,0.0,11468.800,10649.600,331.400,338.0,0.110,0.050,99.790,0.050,0.0,0.0,1493162570.535,
0.225,2.051,96.834,0.880,0.0,0.010,60622438.400,11468.800,24565.0,30217364.200,0.0,0.0,1726.600,2027.400,1.0,0.600,4.800,5191467008.0,1675264.0,429260800.0,1.6315779072e+11,0.0,0.0,60858368.0,11468.800,1732.400,2030.0,0.230,2.051,96.824,0.885,0.0,0.010,1493162575.535,
0.581,1.006,97.101,1.292,0.0,0.020,227255091.200,3276.800,115736.600,245828214.200,0.0,0.0,5773.800,4006.0,1.0,1.200,0.0,5155901440.0,1683456.0,1565401088.0,1.62057207808e+11,0.0,0.0,227202662.400,3276.800,5768.600,4005.600,0.581,1.011,97.101,1.287,0.0,0.020,1493162580.535,
0.696,1.122,96.814,1.332,0.0,0.035,243775078.400,2457.600,156368.400,272370595.200,0.0,0.0,6639.200,4444.0,0.800,1.600,4.0,5069979648.0,1691648.0,2781097984.0,1.60927424512e+11,0.0,0.0,243591577.600,2457.600,6643.200,4441.600,0.691,1.122,96.819,1.332,0.0,0.035,1493162585.535,
0.676,1.097,96.185,1.993,0.0,0.050,259748659.200,12288.0,139604.400,262131836.200,0.0,0.0,6407.0,4670.200,1.0,0.800,0.800,5128376320.0,1699840.0,4081836032.0,1.595682816e+11,0.0,0.0,259905945.600,12288.0,6403.200,4672.800,0.681,1.097,96.179,1.993,0.0,0.050,1493162590.535,
0.596,1.061,96.756,1.562,0.0,0.025,237127270.400,10649.600,145157.200,257140546.400,0.0,0.0,6352.0,4197.800,0.800,2.0,0.0,5060538368.0,1716224.0,5270122496.0,1.58447816704e+11,0.0,0.0,237195264.0,10649.600,6352.0,4197.800,0.591,1.061,96.761,1.562,0.0,0.025,1493162595.535,
0.726,1.272,95.859,2.103,0.0,0.040,288587776.0,0.0,148263.200,274616616.600,0.0,0.0,6868.0,4988.400,1.400,1.200,0.0,5195694080.0,1716224.0,6709919744.0,1.56872863744e+11,0.0,0.0,288519782.400,0.0,6867.600,4987.800,0.726,1.267,95.864,2.103,0.0,0.040,1493162600.535,
0.566,1.007,97.290,1.097,0.0,0.040,227097804.800,9011.200,142310.0,269729302.400,0.0,0.0,6227.400,4021.400,0.600,0.800,0.0,5046984704.0,1724416.0,7846309888.0,1.55885174784e+11,0.0,0.0,226940518.400,9011.200,6225.800,4019.200,0.566,1.007,97.290,1.097,0.0,0.040,1493162605.535,
0.676,1.127,96.302,1.859,0.0,0.035,282653491.200,1638.400,130372.400,258386544.800,0.0,0.0,6549.400,4906.200,0.400,1.0,0.0,5220175872.0,1724416.0,9260990464.0,1.5429730304e+11,0.0,0.0,282863206.400,1638.400,6557.400,4909.200,0.676,1.127,96.302,1.859,0.0,0.035,1493162610.535,
0.671,1.072,96.778,1.458,0.0,0.020,269468467.200,4915.200,126057.0,265172262.800,0.0,0.0,6558.200,4641.600,1.0,0.400,0.0,5303980032.0,1732608.0,10606600192.0,1.5286788096e+11,0.0,0.0,269442252.800,4915.200,6551.600,4641.0,0.671,1.077,96.769,1.463,0.0,0.020,1493162615.535,
0.596,1.056,96.867,1.426,0.0,0.055,236271206.400,0.0,105713.800,249623451.400,0.0,0.0,5692.200,4142.0,0.800,1.0,0.0,5302910976.0,1732608.0,11786756096.0,1.51688794112e+11,0.0,0.0,236297420.800,0.0,5693.0,4141.400,0.596,1.056,96.867,1.426,0.0,0.055,1493162620.535,
0.631,0.996,96.907,1.411,0.0,0.055,231895040.0,2457.600,104620.0,252263192.400,0.0,0.0,5704.0,4056.600,1.0,0.800,0.0,5249531904.0,1740800.0,12946366464.0,1.50582554624e+11,0.0,0.0,231895040.0,2457.600,5708.600,4057.800,0.631,1.001,96.902,1.411,0.0,0.055,1493162625.535,
0.641,1.047,96.928,1.363,0.0,0.020,244639334.400,0.0,131109.0,265024035.0,0.0,0.0,6215.0,4284.200,1.200,1.0,0.0,5217107968.0,1740800.0,14170148864.0,1.4939119616e+11,0.0,0.0,244586905.600,0.0,6214.0,4283.400,0.646,1.037,96.938,1.358,0.0,0.020,1493162630.535,
0.681,1.112,96.806,1.367,0.0,0.035,252508569.600,2457.600,125659.200,264943570.0,0.0,0.0,6260.600,4412.0,0.200,0.800,0.0,5204791296.0,1748992.0,15433019392.0,1.48140634112e+11,0.0,0.0,252351283.200,2457.600,6257.400,4409.800,0.676,1.116,96.806,1.367,0.0,0.035,1493162635.535,
0.556,0.887,97.310,1.237,0.0,0.010,210001920.0,0.0,86365.0,244498711.800,0.0,0.0,5244.200,3710.200,0.400,0.400,0.0,5087727616.0,1748992.0,16483864576.0,1.47206852608e+11,0.0,0.0,210185420.800,0.0,5246.200,3712.600,0.556,0.881,97.310,1.242,0.0,0.010,1493162640.535,
0.471,0.922,97.260,1.342,0.0,0.005,205923123.200,6553.600,90521.400,217773650.600,0.0,0.0,5026.200,3620.0,0.800,0.0,0.0,5090418688.0,1757184.0,17513713664.0,1.46174304256e+11,0.0,0.0,205923123.200,6553.600,5023.200,3620.0,0.471,0.926,97.256,1.342,0.0,0.005,1493162645.535,
0.571,0.991,96.775,1.622,0.0,0.040,236057395.200,1638.400,109952.800,229685563.400,0.0,0.0,5580.600,4137.800,1.0,1.200,0.0,5180911616.0,1765376.0,18693881856.0,1.44903634944e+11,0.0,0.0,236031180.800,1638.400,5584.600,4138.600,0.576,0.987,96.780,1.618,0.0,0.040,1493162650.535,
0.696,1.212,95.974,2.073,0.0,0.045,279728128.0,819.200,106738.600,261181146.800,0.0,0.0,6389.800,4810.200,0.800,1.800,0.0,5320540160.0,1765376.0,20092887040.0,1.43365001216e+11,0.0,0.0,279780556.800,819.200,6386.200,4809.400,0.691,1.217,95.970,2.078,0.0,0.045,1493162655.535,
0.616,1.052,96.764,1.548,0.0,0.020,247444275.200,2457.600,93672.0,260257585.0,0.0,0.0,5810.600,4276.400,0.400,0.600,0.0,5320261632.0,1773568.0,21330317312.0,1.4212784128e+11,0.0,0.0,247418060.800,2457.600,5810.400,4275.800,0.616,1.052,96.769,1.543,0.0,0.020,1493162660.535,
0.620,1.101,96.837,1.416,0.0,0.025,233168896.0,0.0,112493.600,266687144.0,0.0,0.0,5855.200,4102.200,0.600,1.0,0.0,5217013760.0,1773568.0,22495735808.0,1.41065670656e+11,0.0,0.0,233195110.400,0.0,5857.800,4102.800,0.626,1.096,96.837,1.416,0.0,0.025,1493162665.535,
0.681,1.187,96.099,1.988,0.0,0.045,268367462.400,2457.600,153607.600,293973922.200,0.0,0.0,6940.200,4703.200,0.600,0.800,0.0,5157322752.0,1781760.0,23838720000.0,1.3978236928e+11,0.0,0.0,268367462.400,2457.600,6937.400,4703.800,0.676,1.192,96.095,1.993,0.0,0.045,1493162670.535,
0.796,1.347,95.033,2.779,0.0,0.045,313406259.200,0.0,177870.400,308856599.600,0.0,0.0,7788.800,5404.0,1.0,1.400,0.0,5245378560.0,1781760.0,25403711488.0,1.38129321984e+11,0.0,0.0,313196544.0,0.0,7788.0,5401.0,0.801,1.342,95.037,2.774,0.0,0.045,1493162675.535,
0.621,0.957,96.945,1.467,0.0,0.010,234490265.600,4096.0,116412.600,262769557.0,0.0,0.0,5740.800,4124.0,0.400,1.600,0.0,5164564480.0,1789952.0,26576093184.0,1.37037746176e+11,0.0,0.0,234726195.200,4096.0,5742.400,4126.400,0.616,0.962,96.940,1.473,0.0,0.010,1493162680.535,
0.596,1.072,96.775,1.532,0.0,0.025,245152972.800,4915.200,101828.400,234933510.800,0.0,0.0,5631.200,4259.0,1.200,0.800,0.0,5271875584.0,1798144.0,27803041792.0,1.35703478272e+11,0.0,0.0,245048115.200,4915.200,5630.200,4258.600,0.596,1.071,96.776,1.532,0.0,0.025,1493162685.535,
0.697,1.158,95.933,2.186,0.0,0.025,280016486.400,2457.600,145951.0,294976118.200,0.0,0.0,7002.200,4859.0,1.200,1.200,0.0,5258563584.0,1798144.0,29202366464.0,1.343174656e+11,0.0,0.0,280042700.800,2457.600,7001.800,4858.800,0.697,1.153,95.943,2.182,0.0,0.025,1493162690.535,
0.822,1.313,95.135,2.691,0.0,0.040,306491392.0,2457.600,163712.400,298411406.0,0.0,0.0,7491.600,5282.400,0.600,0.600,0.0,5369434112.0,1806336.0,30735101952.0,1.32673851392e+11,0.0,0.0,306334105.600,2457.600,7498.400,5280.800,0.822,1.313,95.135,2.691,0.0,0.040,1493162695.535,
0.626,1.007,96.514,1.823,0.0,0.030,255339724.800,0.0,155126.0,284519993.0,0.0,0.0,6755.600,4486.800,0.800,1.200,0.0,5293355008.0,1806336.0,32011702272.0,1.31473330176e+11,0.0,0.0,255523225.600,0.0,6750.200,4490.200,0.626,1.007,96.514,1.823,0.0,0.030,1493162700.535,
0.581,0.947,96.824,1.618,0.0,0.030,252351283.200,2457.600,137647.600,263447972.800,0.0,0.0,6208.600,4419.0,1.0,0.600,0.0,5285167104.0,1814528.0,33272651776.0,1.30220560384e+11,0.0,0.0,252167782.400,2457.600,6210.800,4415.800,0.581,0.952,96.819,1.618,0.0,0.030,1493162705.535,
0.586,1.032,96.725,1.647,0.0,0.010,260710400.0,0.0,124016.400,261411556.200,0.0,0.0,6307.0,4595.800,0.600,2.200,0.200,5353431040.0,1814528.0,34576769024.0,1.288481792e+11,0.0,0.0,260946329.600,0.0,6307.200,4598.0,0.591,1.027,96.725,1.648,0.0,0.010,1493162710.535,
0.651,1.012,96.462,1.844,0.0,0.030,275686195.200,3276.800,132482.400,280516716.800,0.0,0.0,6621.400,4808.0,0.400,1.400,0.0,5387313152.0,1822720.0,35955347456.0,1.27435710464e+11,0.0,0.0,275659980.800,3276.800,6619.400,4808.400,0.651,1.012,96.458,1.849,0.0,0.030,1493162715.535,
0.536,0.861,96.966,1.607,0.0,0.030,225105510.400,2457.600,112785.0,241595415.800,0.0,0.0,5584.800,3972.600,1.0,0.200,0.0,5376987136.0,1830912.0,37078695936.0,1.26322679808e+11,0.0,0.0,224937574.400,2457.600,5582.600,3969.600,0.536,0.861,96.971,1.602,0.0,0.030,1493162720.535,
0.631,1.021,96.491,1.827,0.0,0.030,252665856.0,0.0,164942.600,300725186.0,0.0,0.0,6942.600,4459.0,1.0,1.600,0.0,5201670144.0,1830912.0,38343933952.0,1.25232758784e+11,0.0,0.0,252807577.600,0.0,6943.800,4461.400,0.631,1.021,96.491,1.827,0.0,0.030,1493162725.535,
0.686,1.226,95.571,2.482,0.0,0.035,298134732.800,2457.600,159342.800,300164169.0,0.0,0.0,7281.400,5167.200,0.800,0.600,0.0,5259194368.0,1839104.0,39834382336.0,1.23684777984e+11,0.0,0.0,298108518.400,2457.600,7290.200,5166.800,0.686,1.226,95.566,2.487,0.0,0.035,1493162730.535,
0.736,1.107,95.422,2.705,0.0,0.030,307603046.400,0.0,165092.0,300050254.800,0.0,0.0,7431.800,5290.400,1.0,1.600,0.0,5359882240.0,1839104.0,41373618176.0,1.22044854272e+11,0.0,0.0,307655475.200,0.0,7426.400,5290.600,0.731,1.107,95.432,2.700,0.0,0.030,1493162735.535,
0.601,1.002,96.472,1.899,0.0,0.025,260314726.400,2457.600,131863.600,287472340.600,0.0,0.0,6426.800,4542.400,0.200,0.800,0.0,5297991680.0,1847296.0,42675269632.0,1.20805085184e+11,0.0,0.0,260314726.400,2457.600,6423.600,4541.600,0.606,1.002,96.463,1.904,0.0,0.025,1493162740.535,
0.651,1.107,96.589,1.623,0.0,0.030,258464153.600,0.0,143336.400,270450219.600,0.0,0.0,6482.200,4497.400,0.800,1.0,0.0,5294555136.0,1847296.0,43966939136.0,1.19516852224e+11,0.0,0.0,258411724.800,0.0,6484.600,4498.800,0.651,1.107,96.594,1.618,0.0,0.030,1493162745.535,
0.716,1.127,96.424,1.688,0.0,0.045,272341401.600,4096.0,110102.200,261267628.200,0.0,0.0,6248.200,4720.800,0.400,0.600,0.0,5405671424.0,1855488.0,45328515072.0,1.18044151808e+11,0.0,0.0,272367616.0,4096.0,6245.200,4720.200,0.711,1.127,96.424,1.693,0.0,0.045,1493162750.535,
0.666,1.127,96.550,1.618,0.0,0.040,256613580.800,4915.200,131790.400,281320350.800,0.0,0.0,6552.200,4483.200,0.800,1.0,0.0,5354192896.0,1863680.0,46612062208.0,1.16812075008e+11,0.0,0.0,256613580.800,4915.200,6554.400,4483.600,0.666,1.127,96.550,1.617,0.0,0.040,1493162755.535,
0.746,1.122,96.363,1.728,0.0,0.040,273206476.800,2457.600,132854.600,282834297.800,0.0,0.0,6661.200,4716.400,1.0,1.600,0.0,5370474496.0,1863680.0,47978655744.0,1.15429199872e+11,0.0,0.0,273258905.600,2457.600,6658.800,4716.200,0.746,1.122,96.363,1.728,0.0,0.040,1493162760.535,
0.571,0.986,97.176,1.242,0.0,0.025,218127564.800,2457.600,116573.0,251883146.400,0.0,0.0,5684.200,3818.0,0.400,0.600,0.0,5249552384.0,1871872.0,49068371968.0,1.14460397568e+11,0.0,0.0,217891635.200,2457.600,5683.600,3815.800,0.576,0.986,97.176,1.237,0.0,0.025,1493162765.535,
0.546,0.887,97.295,1.247,0.0,0.025,215889510.400,0.0,106187.400,228617081.0,0.0,0.0,5331.800,3788.400,1.0,1.0,0.0,5243322368.0,1871872.0,50148364288.0,1.13386635264e+11,0.0,0.0,216088576.0,0.0,5333.200,3790.600,0.546,0.887,97.290,1.252,0.0,0.025,1493162770.535,
0.666,1.056,96.455,1.782,0.0,0.040,252314419.200,2457.600,106764.200,247591660.800,0.0,0.0,5806.400,4371.0,0.600,0.600,0.0,5321490432.0,1880064.0,51408871424.0,1.12047951872e+11,0.0,0.0,252115353.600,2457.600,5804.400,4368.600,0.661,1.061,96.460,1.777,0.0,0.040,1493162775.535,
0.596,0.972,96.835,1.573,0.0,0.025,233609625.600,0.0,88691.0,230925465.800,0.0,0.0,5388.800,4064.400,0.600,0.800,0.0,5391253504.0,1880064.0,52578013184.0,1.1080904704e+11,0.0,0.0,233793126.400,0.0,5390.0,4066.800,0.596,0.967,96.840,1.573,0.0,0.025,1493162780.535,
0.591,1.027,96.784,1.568,0.0,0.030,240230400.0,3276.800,72385.400,244428943.600,0.0,0.0,5597.400,4180.400,0.400,0.400,0.0,5429121024.0,1888256.0,53778292736.0,1.09570891776e+11,0.0,0.0,240046899.200,3276.800,5597.800,4178.200,0.591,1.027,96.784,1.568,0.0,0.030,1493162785.535,
0.681,1.097,96.182,1.989,0.0,0.050,265887744.0,2457.600,141409.600,288417691.800,0.0,0.0,6776.800,4655.0,1.600,1.200,0.0,5384871936.0,1896448.0,55107940352.0,1.08285485056e+11,0.0,0.0,266097459.200,2457.600,6783.0,4658.0,0.681,1.102,96.167,1.994,0.0,0.055,1493162790.535,
0.611,1.087,96.685,1.588,0.0,0.030,238233190.400,0.0,148303.0,291399768.800,0.0,0.0,6603.200,4194.400,0.400,1.200,0.0,5172064256.0,1896448.0,56300003328.0,1.0730622976e+11,0.0,0.0,238154547.200,0.0,6596.200,4193.200,0.611,1.082,96.699,1.583,0.0,0.025,1493162795.535,
0.526,0.867,97.365,1.222,0.0,0.020,212287488.0,2457.600,104354.200,218200575.200,0.0,0.0,5167.800,3748.800,0.400,1.0,0.0,5194756096.0,1904640.0,57360269312.0,1.06223263744e+11,0.0,0.0,212156416.0,2457.600,5167.400,3747.0,0.526,0.867,97.365,1.222,0.0,0.020,1493162800.535,
0.566,0.956,97.026,1.422,0.0,0.030,226018099.200,0.0,94265.600,222709488.400,0.0,0.0,5251.400,3948.400,0.600,1.200,0.0,5269102592.0,1904640.0,58491621376.0,1.05017565184e+11,0.0,0.0,226201600.0,0.0,5257.600,3951.400,0.566,0.961,97.021,1.422,0.0,0.030,1493162805.535,
0.621,1.207,96.590,1.552,0.0,0.030,257059225.600,2457.600,141737.600,281734731.0,0.0,0.0,6591.400,4507.800,0.400,0.800,0.0,5202657280.0,1912832.0,59776548864.0,1.03799074816e+11,0.0,0.0,257074790.400,2457.600,6586.600,4506.600,0.626,1.202,96.581,1.562,0.0,0.030,1493162810.535,
0.586,0.926,97.071,1.387,0.0,0.030,219228569.600,0.0,70820.800,223529725.800,0.0,0.0,4968.0,3789.200,0.0,1.0,0.0,5227593728.0,1912832.0,60872945664.0,1.02677741568e+11,0.0,0.0,219029504.0,0.0,4970.800,3787.800,0.581,0.931,97.081,1.377,0.0,0.030,1493162815.535,
0.591,0.967,96.914,1.498,0.0,0.030,232277606.400,3276.800,122471.0,256350453.600,0.0,0.0,5935.600,4074.600,0.400,0.600,0.0,5170991104.0,1921024.0,62033346560.0,1.01573935104e+11,0.0,0.0,232434892.800,3276.800,5933.0,4076.200,0.591,0.962,96.919,1.498,0.0,0.030,1493162820.535,
0.586,1.011,96.992,1.381,0.0,0.030,228329881.600,2457.600,104294.0,237743590.400,0.0,0.0,5590.600,4023.200,0.200,1.200,0.0,5185953792.0,1929216.0,63174172672.0,1.00418138112e+11,0.0,0.0,228434739.200,2457.600,5593.600,4024.0,0.586,1.011,96.992,1.382,0.0,0.030,1493162825.535,
0.661,1.051,96.586,1.662,0.0,0.040,250159923.200,0.0,98065.600,247253048.200,0.0,0.0,6006.0,4338.800,0.800,0.800,0.0,5251760128.0,1929216.0,64425377792.0,99101126656.0,0.0,0.0,249897779.200,0.0,6001.600,4336.0,0.666,1.051,96.581,1.662,0.0,0.040,1493162830.535,
0.621,1.042,96.743,1.578,0.0,0.015,249987072.0,2457.600,87023.800,247695823.0,0.0,0.0,5664.0,4342.200,0.600,0.800,0.0,5320888320.0,1937408.0,65675472896.0,97781895168.0,0.0,0.0,250144358.400,2457.600,5664.600,4344.400,0.616,1.042,96.743,1.583,0.0,0.015,1493162835.535,
0.651,1.107,96.277,1.954,0.0,0.010,255145574.400,0.0,107276.800,267317649.0,0.0,0.0,6027.400,4406.600,1.400,0.400,0.0,5316120576.0,1937408.0,66951335936.0,96510799872.0,0.0,0.0,255198003.200,0.0,6032.0,4406.400,0.651,1.112,96.277,1.949,0.0,0.010,1493162840.535,
0.616,1.052,96.820,1.487,0.0,0.025,239480832.0,2457.600,92055.400,274824414.200,0.0,0.0,5935.400,4211.200,0.800,0.600,0.0,5204172800.0,1945600.0,68149084160.0,95424991232.0,0.0,0.0,239271116.800,2457.600,5929.800,4209.0,0.621,1.047,96.820,1.488,0.0,0.025,1493162845.535,
0.601,1.051,96.907,1.406,0.0,0.035,237613875.200,0.0,90278.400,226982723.600,0.0,0.0,5444.400,4154.600,1.800,0.800,0.200,5312581632.0,1945600.0,69336551424.0,94129115136.0,0.0,0.0,237823590.400,0.0,5450.400,4157.600,0.596,1.056,96.902,1.411,0.0,0.035,1493162850.535,
0.531,0.976,97.191,1.277,0.0,0.025,210871910.400,4096.0,109649.800,247336517.0,0.0,0.0,5566.0,3706.400,0.800,0.600,0.0,5175951360.0,1953792.0,70392287232.0,93210001408.0,0.0,0.0,210662195.200,4096.0,5559.800,3703.400,0.536,0.971,97.197,1.272,0.0,0.025,1493162855.535,
