"Dstat 0.7.2 CSV output"
"Author:","Dag Wieers <dag@wieers.com>",,,,"URL:","http://dag.wieers.com/home-made/dstat/"
"Host:","osd1.skyhook-2osds.skyhook-pg0.wisc.cloudlab.us",,,,"User:","jlefevre"
"Cmdline:","dstat -av --epoch --integer --noheaders --output 2osds.dstat-osd1.log 5",,,,"Date:","25 Apr 2017 15:02:01 CDT"

"total cpu usage",,,,,,"dsk/total",,"net/total",,"paging",,"system",,"procs",,,"memory usage",,,,"paging",,"dsk/total",,"system",,"total cpu usage",,,,,,"epoch"
"usr","sys","idl","wai","hiq","siq","read","writ","recv","send","in","out","int","csw","run","blk","new","used","buff","cach","free","in","out","read","writ","int","csw","usr","sys","idl","wai","hiq","siq","epoch"


"Host:","osd1.skyhook-2osds.skyhook-pg0.wisc.cloudlab.us",,,,"User:","jlefevre"
"Cmdline:","dstat -av --epoch --integer --noheaders --output 2osds.dstat-osd1.log 5",,,,"Date:","25 Apr 2017 15:08:55 CDT"

"total cpu usage",,,,,,"dsk/total",,"net/total",,"paging",,"system",,"procs",,,"memory usage",,,,"paging",,"dsk/total",,"system",,"total cpu usage",,,,,,"epoch"
"usr","sys","idl","wai","hiq","siq","read","writ","recv","send","in","out","int","csw","run","blk","new","used","buff","cach","free","in","out","read","writ","int","csw","usr","sys","idl","wai","hiq","siq","epoch"
0.100,0.660,99.190,0.045,0.0,0.005,13107.200,10649.600,3495.800,23059.600,0.0,0.0,465.0,586.600,0.400,0.0,8.600,5147873280.0,1437696.0,50647351296.0,1.1298353152e+11,0.0,0.0,13107.200,10649.600,465.400,587.400,0.100,0.660,99.190,0.045,0.0,0.005,1493157210.535,
0.170,1.612,96.721,1.487,0.0,0.010,103724646.400,11468.800,46686.400,71227309.600,0.0,0.0,2721.200,2420.200,0.400,0.400,4.800,5210083328.0,1470464.0,641212416.0,1.62927427584e+11,0.0,0.0,103934361.600,11468.800,2722.400,2422.400,0.170,1.612,96.717,1.492,0.0,0.010,1493157215.535,
0.255,0.831,97.541,1.362,0.0,0.010,238993408.0,3276.800,167484.400,280873455.800,0.0,0.0,6597.600,4190.0,1.0,1.0,0.0,5063430144.0,1478656.0,1838297088.0,1.61876987904e+11,0.0,0.0,238982758.400,3276.800,6602.0,4190.0,0.255,0.836,97.541,1.357,0.0,0.010,1493157220.535,
0.300,0.946,97.117,1.612,0.0,0.025,272420044.800,2457.600,161342.800,269084926.400,0.0,0.0,6747.600,4725.400,0.600,1.200,0.0,5141315584.0,1486848.0,3201306624.0,1.60436084736e+11,0.0,0.0,272456908.800,2457.600,6744.0,4724.800,0.305,0.941,97.112,1.617,0.0,0.025,1493157225.535,
0.290,0.886,97.431,1.372,0.0,0.020,262820659.200,0.0,198075.200,293042741.200,0.0,0.0,7362.400,4559.0,0.800,1.0,0.0,5036089344.0,1486848.0,4514324480.0,1.5922829312e+11,0.0,0.0,262794444.800,0.0,7361.200,4558.200,0.285,0.887,97.441,1.367,0.0,0.020,1493157230.535,
0.270,0.821,97.311,1.567,0.0,0.030,255093145.600,2457.600,141746.200,243580585.0,0.0,0.0,6236.0,4401.400,0.600,0.400,0.0,5163069440.0,1495040.0,5788975104.0,1.57826654208e+11,0.0,0.0,255040716.800,2457.600,6236.600,4402.800,0.275,0.821,97.306,1.567,0.0,0.030,1493157235.535,
0.281,0.842,97.626,1.237,0.0,0.015,262231654.400,0.0,99955.0,261724980.200,0.0,0.0,5797.200,4502.200,0.400,1.0,0.0,5218127872.0,1495040.0,7100706816.0,1.56459864064e+11,0.0,0.0,262257868.800,0.0,5800.0,4502.0,0.276,0.842,97.630,1.237,0.0,0.015,1493157240.535,
0.270,0.926,97.202,1.571,0.0,0.030,266203136.0,4096.0,202024.0,304107470.600,0.0,0.0,6469.200,4630.600,0.0,1.400,0.0,5099655168.0,1503232.0,8431321088.0,1.55247714304e+11,0.0,0.0,266203136.0,4096.0,6470.200,4630.400,0.270,0.926,97.198,1.576,0.0,0.030,1493157245.535,
0.346,0.997,96.778,1.849,0.0,0.030,322114355.200,1638.400,213220.200,312885000.600,0.0,0.0,8050.0,5566.600,0.400,1.800,0.0,5219573760.0,1503232.0,10044522496.0,1.53514594304e+11,0.0,0.0,322166784.0,1638.400,8049.400,5566.400,0.351,0.997,96.773,1.849,0.0,0.030,1493157250.535,
0.356,1.027,96.276,2.310,0.0,0.030,327797145.600,4915.200,273121.200,340661614.0,0.0,0.0,9444.200,5669.400,0.600,1.200,0.0,5222858752.0,1511424.0,11681439744.0,1.51874383872e+11,0.0,0.0,327561216.0,4915.200,9442.600,5667.400,0.356,1.027,96.281,2.306,0.0,0.030,1493157255.535,
0.336,1.002,96.422,2.210,0.0,0.030,301909606.400,0.0,243242.400,315554867.800,0.0,0.0,8516.200,5227.600,0.600,1.200,0.0,5230469120.0,1511424.0,13190619136.0,1.50357594112e+11,0.0,0.0,302145536.0,0.0,8519.0,5231.800,0.331,1.002,96.422,2.215,0.0,0.030,1493157260.535,
0.361,1.172,96.049,2.384,0.0,0.035,326995148.800,2457.600,223838.400,326828638.800,0.0,0.0,8615.600,5616.600,0.600,2.200,0.0,5303185408.0,1519616.0,14827823104.0,1.48647665664e+11,0.0,0.0,327021363.200,2457.600,8613.200,5615.0,0.366,1.172,96.049,2.379,0.0,0.035,1493157265.535,
0.296,0.882,97.439,1.348,0.0,0.035,265195520.0,0.0,231023.0,326434787.800,0.0,0.0,8249.800,4665.600,0.400,1.800,0.0,5079052288.0,1519616.0,16152686592.0,1.47546935296e+11,0.0,0.0,264933376.0,0.0,8246.0,4662.600,0.296,0.882,97.439,1.348,0.0,0.035,1493157270.535,
0.280,0.901,97.392,1.402,0.0,0.025,257164083.200,2457.600,183691.400,269697753.600,0.0,0.0,6993.600,4457.800,0.200,1.200,0.0,5072662528.0,1527808.0,17438035968.0,1.46267967488e+11,0.0,0.0,257373798.400,2457.600,6995.400,4460.800,0.275,0.901,97.397,1.402,0.0,0.025,1493157275.535,
0.300,0.982,96.830,1.863,0.0,0.025,290014003.200,0.0,203672.400,279328069.200,0.0,0.0,7690.0,4985.600,1.0,0.600,0.0,5198962688.0,1527808.0,18887397376.0,1.4469230592e+11,0.0,0.0,289804288.0,0.0,7688.800,4982.800,0.305,0.982,96.825,1.863,0.0,0.025,1493157280.535,
0.405,1.151,95.705,2.713,0.0,0.025,334518681.600,6553.600,252085.200,329456723.200,0.0,0.0,9003.200,5788.400,0.800,1.800,0.0,5303599104.0,1536000.0,20563427328.0,1.4291163136e+11,0.0,0.0,334754611.200,6553.600,9011.400,5792.800,0.400,1.161,95.696,2.718,0.0,0.025,1493157285.535,
0.462,1.510,90.889,7.099,0.0,0.040,434263654.400,2457.600,368151.400,488274770.0,0.0,0.0,11545.200,7654.0,1.0,4.400,0.0,5141438464.0,1544192.0,22734557184.0,1.40902653952e+11,0.0,0.0,434316083.200,2457.600,11542.400,7654.800,0.462,1.500,90.892,7.106,0.0,0.040,1493157290.535,
0.527,1.576,89.618,8.223,0.0,0.055,471360307.200,0.0,345398.400,486478181.800,0.0,0.0,13044.400,8222.600,1.200,4.400,0.0,5177901056.0,1544192.0,25089720320.0,1.38511028224e+11,0.0,0.0,471334092.800,0.0,13040.400,8220.400,0.527,1.576,89.613,8.228,0.0,0.055,1493157295.535,
0.486,1.485,90.717,7.277,0.0,0.035,470730342.400,2457.600,307926.600,491629664.800,0.0,0.0,13010.600,8217.0,1.0,5.0,0.0,5187743744.0,1552384.0,27443535872.0,1.36147361792e+11,0.0,0.0,470730342.400,2457.600,13010.200,8217.200,0.486,1.484,90.723,7.271,0.0,0.035,1493157300.535,
0.476,1.509,90.343,7.636,0.0,0.035,470180659.200,0.0,387013.400,496916850.600,0.0,0.0,14013.200,8275.600,0.600,6.400,0.0,5163646976.0,1552384.0,29795680256.0,1.33819314176e+11,0.0,0.0,470180659.200,0.0,14019.0,8276.0,0.476,1.509,90.343,7.636,0.0,0.035,1493157305.535,
0.487,1.545,89.054,8.879,0.0,0.035,491978752.0,2457.600,343254.600,519787441.400,0.0,0.0,13311.200,8660.200,1.400,6.400,0.0,5145911296.0,1560576.0,32254042112.0,1.31378679808e+11,0.0,0.0,491994316.800,2457.600,13310.800,8660.400,0.487,1.550,89.054,8.874,0.0,0.035,1493157310.535,
0.486,1.499,88.240,9.744,0.0,0.030,485740544.0,0.0,316885.200,499802494.800,0.0,0.0,12147.600,8552.600,0.600,6.400,0.0,5179949056.0,1560576.0,34683383808.0,1.28915300352e+11,0.0,0.0,485698764.800,0.0,12142.200,8553.0,0.491,1.494,88.235,9.749,0.0,0.030,1493157315.535,
0.542,1.660,87.061,10.703,0.0,0.035,497572249.600,4096.0,364441.0,522924547.400,0.0,0.0,13800.600,8714.0,0.800,6.400,0.0,5173215232.0,1568768.0,37171412992.0,1.264339968e+11,0.0,0.0,497519820.800,4096.0,13805.600,8712.400,0.542,1.660,87.071,10.693,0.0,0.035,1493157320.535,
0.527,1.620,91.100,6.707,0.0,0.045,467528089.600,4915.200,360139.400,484237567.200,0.0,0.0,13115.200,8183.800,1.0,5.800,0.0,5212319744.0,1576960.0,39508946944.0,1.24057350144e+11,0.0,0.0,467606732.800,4915.200,13114.800,8185.200,0.522,1.621,91.095,6.718,0.0,0.045,1493157325.535,
0.542,1.776,87.937,9.705,0.0,0.040,494075904.0,0.0,341056.0,523305032.200,0.0,0.0,13562.800,8685.200,0.200,7.200,0.0,5173903360.0,1576960.0,41979916288.0,1.21624797184e+11,0.0,0.0,494049689.600,0.0,13558.400,8684.400,0.542,1.776,87.942,9.700,0.0,0.040,1493157330.535,
0.507,1.620,90.034,7.790,0.0,0.050,470477209.600,2457.600,329271.600,474971156.200,0.0,0.0,12595.800,8163.200,1.400,4.400,0.200,5266563072.0,1585152.0,44332429312.0,1.19179616256e+11,0.0,0.0,470492774.400,2457.600,12596.0,8162.600,0.512,1.620,90.024,7.794,0.0,0.050,1493157335.535,
0.527,1.807,87.799,9.827,0.0,0.040,495963340.800,3276.800,408852.0,536431936.200,0.0,0.0,14675.200,8731.400,1.0,7.400,0.0,5184159744.0,1593344.0,46812966912.0,1.16781473792e+11,0.0,0.0,495973990.400,3276.800,14677.800,8732.0,0.522,1.807,87.805,9.826,0.0,0.040,1493157340.535,
0.531,1.764,89.696,7.974,0.0,0.035,478201446.400,2457.600,343941.800,500553808.200,0.0,0.0,13309.0,8343.200,0.800,6.200,0.0,5186535424.0,1601536.0,49202212864.0,1.14389843968e+11,0.0,0.0,478201446.400,2457.600,13312.600,8343.600,0.531,1.769,89.695,7.969,0.0,0.035,1493157345.535,
0.537,1.731,89.205,8.497,0.0,0.030,483894886.400,0.0,318811.200,506720200.0,0.0,0.0,13438.0,8508.200,1.400,6.600,0.0,5199929344.0,1601536.0,51623129088.0,1.11955533824e+11,0.0,0.0,483921100.800,0.0,13439.800,8508.400,0.537,1.730,89.201,8.502,0.0,0.030,1493157350.535,
0.512,1.766,87.865,9.812,0.0,0.045,491528192.0,3276.800,332347.0,491072244.400,0.0,0.0,12925.200,8556.0,0.400,6.600,0.0,5303033856.0,1609728.0,54080401408.0,1.093951488e+11,0.0,0.0,491465113.600,3276.800,12916.800,8554.800,0.517,1.761,87.871,9.807,0.0,0.045,1493157355.535,
0.482,1.455,92.049,5.970,0.0,0.045,431946137.600,4915.200,327873.0,477354626.400,0.0,0.0,11232.600,7533.400,0.800,4.200,0.0,5176868864.0,1617920.0,56238718976.0,1.07362988032e+11,0.0,0.0,431983001.600,4915.200,11233.400,7533.800,0.477,1.455,92.053,5.971,0.0,0.045,1493157360.535,
0.436,1.279,93.390,4.830,0.0,0.065,403714867.200,0.0,303532.800,424109860.600,0.0,0.0,9631.600,7015.800,0.400,4.0,0.0,5169070080.0,1617920.0,58257207296.0,1.05352298496e+11,0.0,0.0,403662438.400,0.0,9637.600,7015.200,0.436,1.279,93.390,4.830,0.0,0.065,1493157365.535,
0.482,1.416,92.689,5.378,0.0,0.035,433409228.800,2457.600,311419.600,448740553.200,0.0,0.0,12267.400,7540.400,1.600,5.200,0.0,5198258176.0,1626112.0,60426076160.0,1.03154233344e+11,0.0,0.0,433461657.600,2457.600,12260.800,7541.200,0.482,1.421,92.684,5.378,0.0,0.035,1493157370.535,
0.487,1.485,93.832,4.165,0.0,0.030,434211225.600,819.200,327884.200,451168375.200,0.0,0.0,12589.400,7509.200,0.800,4.600,0.0,5220487168.0,1626112.0,62596784128.0,1.00961296384e+11,0.0,0.0,434237440.0,819.200,12589.400,7509.200,0.492,1.480,93.833,4.165,0.0,0.030,1493157375.535,
0.557,1.755,91.331,6.327,0.0,0.030,474295500.800,2457.600,344720.400,492753721.200,0.0,0.0,13349.400,8271.400,0.800,6.0,0.0,5244452864.0,1634304.0,64968175616.0,98565931008.0,0.0,0.0,474269286.400,2457.600,13349.600,8271.0,0.552,1.755,91.335,6.328,0.0,0.030,1493157380.535,
0.571,1.785,89.839,7.745,0.0,0.060,483685171.200,0.0,314753.200,507219912.400,0.0,0.0,13204.600,8443.600,1.200,5.600,0.0,5240676352.0,1634304.0,67385335808.0,96152547328.0,0.0,0.0,483711385.600,0.0,13211.0,8447.0,0.576,1.785,89.834,7.745,0.0,0.060,1493157385.535,
0.492,1.576,91.979,5.913,0.0,0.040,457782067.200,4096.0,320849.400,480319959.200,0.0,0.0,12689.400,7992.800,0.600,5.400,0.0,5234593792.0,1642496.0,69675147264.0,93868810240.0,0.0,0.0,457782067.200,4096.0,12682.800,7990.0,0.492,1.576,91.983,5.909,0.0,0.040,1493157390.535,
0.180,0.545,97.308,1.947,0.0,0.020,143436185.600,4915.200,144270.200,162204942.400,0.0,0.0,4453.800,2583.600,0.200,1.400,0.0,5171359744.0,1650688.0,70391922688.0,93215260672.0,0.0,0.0,143147827.200,4915.200,4452.0,2580.0,0.175,0.545,97.313,1.947,0.0,0.020,1493157395.535,
