"Dstat 0.7.2 CSV output"
"Author:","Dag Wieers <dag@wieers.com>",,,,"URL:","http://dag.wieers.com/home-made/dstat/"
"Host:","osd1.skyhook-2osds.skyhook-pg0.wisc.cloudlab.us",,,,"User:","jlefevre"
"Cmdline:","dstat -av --epoch --integer --noheaders --output 2osds.dstat-osd1.log 5",,,,"Date:","25 Apr 2017 15:02:01 CDT"

"total cpu usage",,,,,,"dsk/total",,"net/total",,"paging",,"system",,"procs",,,"memory usage",,,,"paging",,"dsk/total",,"system",,"total cpu usage",,,,,,"epoch"
"usr","sys","idl","wai","hiq","siq","read","writ","recv","send","in","out","int","csw","run","blk","new","used","buff","cach","free","in","out","read","writ","int","csw","usr","sys","idl","wai","hiq","siq","epoch"


"Host:","osd1.skyhook-2osds.skyhook-pg0.wisc.cloudlab.us",,,,"User:","jlefevre"
"Cmdline:","dstat -av --epoch --integer --noheaders --output 2osds.dstat-osd1.log 5",,,,"Date:","25 Apr 2017 15:08:55 CDT"

"total cpu usage",,,,,,"dsk/total",,"net/total",,"paging",,"system",,"procs",,,"memory usage",,,,"paging",,"dsk/total",,"system",,"total cpu usage",,,,,,"epoch"
"usr","sys","idl","wai","hiq","siq","read","writ","recv","send","in","out","int","csw","run","blk","new","used","buff","cach","free","in","out","read","writ","int","csw","usr","sys","idl","wai","hiq","siq","epoch"
0.025,0.010,99.965,0.0,0.0,0.0,0.0,8192.0,2712.600,21510.400,0.0,0.0,184.200,217.800,0.0,0.0,0.400,5219495936.0,1605632.0,70420721664.0,93138370560.0,0.0,0.0,0.0,8192.0,184.200,217.800,0.025,0.010,99.965,0.0,0.0,0.0,1493171340.535,
1.316,0.500,98.159,0.010,0.0,0.015,0.0,12288.0,71180.400,116066134.600,0.0,0.0,2367.200,587.200,0.600,0.0,1.200,5405880320.0,1622016.0,70420733952.0,92951957504.0,0.0,0.0,0.0,12288.0,2368.400,587.800,1.321,0.500,98.154,0.010,0.0,0.015,1493171345.535,
3.616,1.482,94.862,0.0,0.0,0.040,7372.800,6553.600,391795.200,452936025.800,0.0,0.0,10885.800,1374.0,1.0,0.0,0.200,5223563264.0,1630208.0,70420770816.0,93134229504.0,0.0,0.0,7372.800,6553.600,10884.600,1373.400,3.611,1.482,94.867,0.0,0.0,0.040,1493171350.535,
4.544,1.874,93.533,0.015,0.0,0.035,0.0,12288.0,502458.600,524668481.400,0.0,0.0,14007.600,1624.800,1.600,0.0,0.800,5336539136.0,1646592.0,70420762624.0,93021245440.0,0.0,0.0,0.0,12288.0,14011.200,1628.600,4.553,1.873,93.523,0.015,0.0,0.035,1493171355.535,
4.940,1.904,93.085,0.010,0.0,0.060,0.0,5734.400,568794.400,583746907.600,0.0,0.0,15942.600,1715.400,2.800,0.200,0.0,5306150912.0,1662976.0,70420766720.0,93051613184.0,0.0,0.0,0.0,12288.0,15947.0,1712.400,4.936,1.904,93.090,0.010,0.0,0.060,1493171360.535,
5.328,2.095,92.527,0.010,0.0,0.040,0.0,7372.800,571231.200,606085962.200,0.0,0.0,15047.600,1818.600,3.600,0.0,1.200,5459632128.0,1662976.0,70420774912.0,92898123776.0,0.0,0.0,0.0,819.200,15048.400,1818.600,5.337,2.095,92.519,0.010,0.0,0.040,1493171365.535,
5.009,2.059,92.868,0.015,0.0,0.050,0.0,10649.600,632831.0,606685084.200,0.0,0.0,17182.400,1764.400,2.400,0.0,0.400,5390467072.0,1679360.0,70420783104.0,92967264256.0,0.0,0.0,0.0,10649.600,17185.200,1765.200,4.999,2.059,92.877,0.015,0.0,0.050,1493171370.535,
4.453,1.848,93.629,0.015,0.0,0.055,0.0,8192.0,551606.400,549479370.600,0.0,0.0,16019.600,1642.800,3.0,0.0,0.400,5301768192.0,1687552.0,70420783104.0,93055954944.0,0.0,0.0,0.0,8192.0,16018.0,1643.800,4.453,1.848,93.629,0.015,0.0,0.055,1493171375.535,
4.848,1.973,93.094,0.020,0.0,0.065,0.0,7372.800,595091.0,555201630.200,0.0,0.0,16232.600,1693.600,3.400,0.0,0.400,5413056512.0,1703936.0,70420791296.0,92944642048.0,0.0,0.0,0.0,7372.800,16230.400,1693.0,4.848,1.973,93.093,0.020,0.0,0.065,1493171380.535,
4.667,1.918,93.319,0.0,0.0,0.095,0.0,10649.600,493683.600,544613627.400,0.0,0.0,15686.200,1688.600,2.200,0.0,0.800,5478772736.0,1712128.0,70420787200.0,92878921728.0,0.0,0.0,0.0,10649.600,15688.0,1687.400,4.667,1.918,93.320,0.0,0.0,0.095,1493171385.535,
4.565,2.002,93.293,0.020,0.0,0.120,0.0,14745.600,593311.0,590486634.400,0.0,0.0,15836.0,1737.200,3.200,0.0,0.800,5295558656.0,1728512.0,70420791296.0,93062115328.0,0.0,0.0,0.0,14745.600,15834.400,1737.0,4.569,2.007,93.284,0.020,0.0,0.120,1493171390.535,
5.230,1.979,92.730,0.010,0.0,0.050,0.0,9830.400,643893.200,611133562.800,0.0,0.0,17096.200,1758.800,2.0,0.0,0.0,5362860032.0,1744896.0,70420795392.0,92994793472.0,0.0,0.0,0.0,9830.400,17099.200,1758.800,5.231,1.974,92.735,0.010,0.0,0.050,1493171395.535,
5.127,1.918,92.855,0.005,0.0,0.095,0.0,9830.400,627664.0,601339687.800,0.0,0.0,16153.400,1838.800,2.400,0.0,0.800,5502377984.0,1753088.0,70420803584.0,92855259136.0,0.0,0.0,0.0,9830.400,16148.0,1839.0,5.117,1.918,92.865,0.005,0.0,0.095,1493171400.535,
4.910,1.944,93.091,0.015,0.0,0.040,0.0,7372.800,615042.800,591450221.0,0.0,0.0,16189.800,1709.400,3.0,0.0,0.800,5444722688.0,1769472.0,70420803584.0,92912898048.0,0.0,0.0,0.0,7372.800,16185.800,1709.200,4.919,1.944,93.082,0.015,0.0,0.040,1493171405.535,
5.505,2.114,92.322,0.0,0.0,0.060,0.0,0.0,559602.800,651500598.800,0.0,0.0,14323.0,1918.0,2.400,0.0,0.400,5549772800.0,1769472.0,70420803584.0,92807847936.0,0.0,0.0,0.0,0.0,14322.200,1917.400,5.500,2.119,92.321,0.0,0.0,0.060,1493171410.535,
4.515,1.834,93.576,0.015,0.0,0.060,0.0,10649.600,530792.0,580051006.600,0.0,0.0,15486.0,1656.400,3.200,0.0,0.400,5360132096.0,1785856.0,70420811776.0,92997464064.0,0.0,0.0,0.0,10649.600,15493.600,1657.600,4.520,1.829,93.571,0.015,0.0,0.065,1493171415.535,
5.040,2.089,92.781,0.005,0.0,0.085,0.0,9011.200,588301.0,612881917.600,0.0,0.0,15969.0,1781.800,2.800,0.0,0.0,5365776384.0,1794048.0,70420811776.0,92991811584.0,0.0,0.0,0.0,9011.200,15964.600,1781.200,5.034,2.094,92.787,0.005,0.0,0.080,1493171420.535,
5.266,2.034,92.625,0.015,0.0,0.060,0.0,13107.200,586761.200,583763828.400,0.0,0.0,16829.800,1796.0,2.800,0.0,0.800,5521096704.0,1810432.0,70420815872.0,92836470784.0,0.0,0.0,0.0,13107.200,16834.200,1796.0,5.267,2.029,92.629,0.015,0.0,0.060,1493171425.535,
5.135,2.129,92.651,0.005,0.0,0.080,0.0,9830.400,605686.800,615180679.600,0.0,0.0,16321.400,1789.0,3.0,0.0,0.400,5512757248.0,1826816.0,70420815872.0,92844793856.0,0.0,0.0,0.0,9830.400,16318.600,1789.200,5.135,2.134,92.646,0.005,0.0,0.080,1493171430.535,
5.119,1.970,92.865,0.0,0.0,0.045,0.0,4915.200,662741.600,587399614.800,0.0,0.0,18241.0,1687.800,3.0,0.0,0.0,5506650112.0,1835008.0,70420815872.0,92850892800.0,0.0,0.0,0.0,4915.200,18244.800,1687.400,5.119,1.965,92.870,0.0,0.0,0.045,1493171435.535,
4.841,1.907,93.101,0.010,0.0,0.140,0.0,12288.0,502687.200,568341148.800,0.0,0.0,14451.0,1698.200,2.600,0.0,0.400,5521555456.0,1851392.0,70420824064.0,92835962880.0,0.0,0.0,0.0,12288.0,14451.400,1698.400,4.841,1.912,93.096,0.010,0.0,0.140,1493171440.535,
4.031,1.618,94.321,0.0,0.0,0.030,0.0,4915.200,454112.200,496357578.200,0.0,0.0,12928.600,1433.800,1.800,0.0,0.400,5312471040.0,1859584.0,70420824064.0,93045039104.0,0.0,0.0,0.0,4915.200,12928.0,1433.600,4.026,1.613,94.331,0.0,0.0,0.030,1493171445.535,
4.071,1.582,94.286,0.010,0.0,0.050,0.0,2457.600,440759.0,484160050.600,0.0,0.0,10579.800,1457.0,1.800,0.0,0.0,5236363264.0,1867776.0,70420819968.0,93121142784.0,0.0,0.0,0.0,2457.600,10571.200,1457.0,4.071,1.582,94.286,0.010,0.0,0.050,1493171450.535,
4.445,1.752,93.732,0.010,0.0,0.060,0.0,4915.200,501602.800,521758212.800,0.0,0.0,11944.600,1539.600,2.800,0.0,0.0,5254709248.0,1875968.0,70420819968.0,93102788608.0,0.0,0.0,0.0,4915.200,11958.800,1539.600,4.451,1.752,93.727,0.010,0.0,0.060,1493171455.535,
4.469,1.829,93.628,0.020,0.0,0.055,0.0,13926.400,582972.800,523092231.600,0.0,0.0,15006.200,1575.200,2.400,0.0,0.400,5346492416.0,1892352.0,70420828160.0,93010980864.0,0.0,0.0,0.0,13926.400,14999.600,1576.200,4.473,1.833,93.618,0.020,0.0,0.055,1493171460.535,
4.380,1.697,93.834,0.005,0.0,0.085,0.0,9830.400,431853.200,477107465.0,0.0,0.0,10777.800,1514.800,2.600,0.0,0.600,5492142080.0,1908736.0,70420819968.0,92865323008.0,0.0,0.0,0.0,9830.400,10770.600,1513.800,4.380,1.692,93.838,0.005,0.0,0.085,1493171465.535,
3.886,1.678,94.396,0.0,0.0,0.040,0.0,0.0,356771.200,476605244.200,0.0,0.0,10725.0,1414.200,1.800,0.0,0.0,5390893056.0,1908736.0,70420828160.0,92966563840.0,0.0,0.0,0.0,0.0,10729.200,1414.600,3.881,1.682,94.397,0.0,0.0,0.040,1493171470.535,
4.518,1.813,93.594,0.015,0.0,0.060,0.0,10649.600,599354.400,563946024.400,0.0,0.0,14201.800,1650.400,1.800,0.0,0.0,5287534592.0,1925120.0,70420832256.0,93069901824.0,0.0,0.0,0.0,10649.600,14196.600,1649.600,4.518,1.808,93.599,0.015,0.0,0.060,1493171475.535,
0.010,0.015,99.975,0.0,0.0,0.0,0.0,8192.0,9013.600,11533543.400,0.0,0.0,270.200,153.800,0.0,0.0,0.0,5221597184.0,1933312.0,70420832256.0,93135831040.0,0.0,0.0,0.0,8192.0,270.200,153.800,0.005,0.015,99.980,0.0,0.0,0.0,1493171480.535,
