"Dstat 0.7.2 CSV output"
"Author:","Dag Wieers <dag@wieers.com>",,,,"URL:","http://dag.wieers.com/home-made/dstat/"
"Host:","osd1.skyhook-2osds.skyhook-pg0.wisc.cloudlab.us",,,,"User:","jlefevre"
"Cmdline:","dstat -av --epoch --integer --noheaders --output 2osds.dstat-osd1.log 5",,,,"Date:","25 Apr 2017 15:02:01 CDT"

"total cpu usage",,,,,,"dsk/total",,"net/total",,"paging",,"system",,"procs",,,"memory usage",,,,"paging",,"dsk/total",,"system",,"total cpu usage",,,,,,"epoch"
"usr","sys","idl","wai","hiq","siq","read","writ","recv","send","in","out","int","csw","run","blk","new","used","buff","cach","free","in","out","read","writ","int","csw","usr","sys","idl","wai","hiq","siq","epoch"


"Host:","osd1.skyhook-2osds.skyhook-pg0.wisc.cloudlab.us",,,,"User:","jlefevre"
"Cmdline:","dstat -av --epoch --integer --noheaders --output 2osds.dstat-osd1.log 5",,,,"Date:","25 Apr 2017 15:08:55 CDT"

"total cpu usage",,,,,,"dsk/total",,"net/total",,"paging",,"system",,"procs",,,"memory usage",,,,"paging",,"dsk/total",,"system",,"total cpu usage",,,,,,"epoch"
"usr","sys","idl","wai","hiq","siq","read","writ","recv","send","in","out","int","csw","run","blk","new","used","buff","cach","free","in","out","read","writ","int","csw","usr","sys","idl","wai","hiq","siq","epoch"
0.100,1.721,98.124,0.055,0.0,0.0,16384.0,16384.0,3570.200,22179.400,0.0,0.0,711.800,775.400,0.800,0.0,8.600,5056880640.0,1351680.0,6882516992.0,1.5683944448e+11,0.0,0.0,16384.0,16384.0,712.200,775.800,0.105,1.726,98.114,0.055,0.0,0.0,1493169100.535,
2.875,1.107,90.373,5.600,0.0,0.045,353995980.800,11468.800,33056.800,36220088.600,0.0,0.0,4732.800,6206.800,0.600,6.200,4.800,5107650560.0,1368064.0,1924493312.0,1.61746681856e+11,0.0,0.0,354258124.800,11468.800,4734.400,6209.800,2.875,1.102,90.373,5.605,0.0,0.045,1493169105.535,
3.536,1.132,88.559,6.702,0.0,0.070,435789004.800,3276.800,45039.400,46648448.400,0.0,0.0,5796.800,7260.200,2.0,3.200,0.0,5087461376.0,1376256.0,4103487488.0,1.59587868672e+11,0.0,0.0,435804569.600,3276.800,5798.400,7260.400,3.536,1.132,88.560,6.702,0.0,0.070,1493169110.535,
3.500,1.072,90.180,5.193,0.0,0.055,413419110.400,2457.600,37801.400,42824138.800,0.0,0.0,5402.0,6861.600,2.800,2.800,0.0,5135130624.0,1384448.0,6171156480.0,1.5747252224e+11,0.0,0.0,413403545.600,2457.600,5401.0,6860.400,3.501,1.077,90.179,5.189,0.0,0.055,1493169115.535,
3.945,1.113,87.212,7.650,0.0,0.080,458715136.0,0.0,44244.800,48794996.600,0.0,0.0,6072.400,7639.600,1.400,5.800,0.0,5143089152.0,1384448.0,8462405632.0,1.5517331456e+11,0.0,0.0,458715136.0,0.0,6071.600,7640.400,3.945,1.108,87.212,7.655,0.0,0.080,1493169120.535,
4.253,1.267,84.476,9.953,0.0,0.050,482494873.600,2457.600,43272.600,51761841.400,0.0,0.0,6200.800,8076.200,2.0,6.600,0.0,5124407296.0,1392640.0,10875662336.0,1.5277873152e+11,0.0,0.0,482521088.0,2457.600,6202.600,8076.200,4.253,1.267,84.471,9.958,0.0,0.050,1493169125.535,
3.834,1.223,87.100,7.808,0.0,0.035,450274099.200,0.0,42090.200,48158903.800,0.0,0.0,6145.0,7490.800,0.800,6.200,0.0,5116981248.0,1392640.0,13129408512.0,1.50532411392e+11,0.0,0.0,450300313.600,0.0,6144.0,7491.0,3.834,1.223,87.101,7.808,0.0,0.035,1493169130.535,
3.911,1.243,86.037,8.749,0.0,0.060,468424294.400,4096.0,43299.200,49385410.600,0.0,0.0,6214.0,7779.400,1.600,5.400,0.0,5128949760.0,1400832.0,15469289472.0,1.48180553728e+11,0.0,0.0,468319436.800,4096.0,6213.400,7778.0,3.911,1.243,86.042,8.744,0.0,0.060,1493169135.535,
3.442,1.047,89.629,5.827,0.0,0.055,407510220.800,819.200,39477.600,42796607.800,0.0,0.0,5470.600,6738.400,3.400,2.200,0.0,5149040640.0,1400832.0,17506488320.0,1.46123264e+11,0.0,0.0,407300505.600,819.200,5469.800,6736.400,3.447,1.047,89.629,5.822,0.0,0.055,1493169140.535,
3.676,1.197,87.288,7.783,0.0,0.055,436218265.600,2457.600,46492.200,45498736.400,0.0,0.0,5847.200,7305.400,2.0,5.800,0.0,5195685888.0,1409024.0,19689619456.0,1.43893479424e+11,0.0,0.0,436454195.200,2457.600,5849.400,7308.400,3.676,1.202,87.274,7.793,0.0,0.055,1493169145.535,
4.169,1.323,84.879,9.570,0.0,0.060,472234393.600,0.0,43274.600,50587948.200,0.0,0.0,6256.400,7883.200,2.400,6.200,0.200,5183594496.0,1409024.0,22049755136.0,1.41545435136e+11,0.0,0.0,472260608.0,0.0,6255.800,7883.400,4.169,1.318,84.888,9.565,0.0,0.060,1493169150.535,
3.852,1.202,86.086,8.800,0.0,0.060,465525145.600,2457.600,44229.200,49955380.600,0.0,0.0,6494.0,7712.400,3.200,4.200,0.0,5159968768.0,1417216.0,24378798080.0,1.39240009728e+11,0.0,0.0,465472716.800,2457.600,6494.400,7716.400,3.851,1.202,86.082,8.805,0.0,0.060,1493169155.535,
3.942,1.272,86.245,8.476,0.0,0.065,467161088.0,0.0,47302.800,49451048.600,0.0,0.0,6392.800,7819.600,2.0,6.0,0.0,5176848384.0,1417216.0,26714791936.0,1.36887136256e+11,0.0,0.0,467239731.200,0.0,6391.600,7815.800,3.932,1.272,86.250,8.481,0.0,0.065,1493169160.535,
4.109,1.263,85.719,8.844,0.0,0.065,473587712.0,2457.600,47408.400,50260334.800,0.0,0.0,6258.0,7909.600,3.800,4.400,0.0,5177913344.0,1425408.0,29080567808.0,1.34520287232e+11,0.0,0.0,473587712.0,2457.600,6258.600,7909.200,4.119,1.263,85.713,8.840,0.0,0.065,1493169165.535,
4.129,1.388,84.738,9.695,0.0,0.050,486291046.400,0.0,51176.600,51480286.200,0.0,0.0,6400.600,8168.400,2.400,5.400,0.0,5185843200.0,1425408.0,31513300992.0,1.32079624192e+11,0.0,0.0,486291046.400,0.0,6400.200,8168.800,4.123,1.388,84.744,9.695,0.0,0.050,1493169170.535,
4.016,1.347,86.801,7.766,0.0,0.070,462820966.400,4096.0,45706.0,49395565.400,0.0,0.0,6080.600,7698.800,2.0,4.800,0.0,5175267328.0,1433600.0,33828540416.0,1.29774952448e+11,0.0,0.0,462768537.600,4096.0,6081.0,7698.600,4.016,1.352,86.800,7.762,0.0,0.070,1493169175.535,
4.159,1.363,84.333,10.061,0.0,0.085,478448025.600,4915.200,49836.200,49982249.600,0.0,0.0,6171.400,7968.400,2.200,7.200,0.0,5227343872.0,1441792.0,36218003456.0,1.27333404672e+11,0.0,0.0,478474240.0,4915.200,6171.400,7968.600,4.164,1.363,84.327,10.061,0.0,0.085,1493169180.535,
3.947,1.302,86.421,8.264,0.0,0.065,457629696.0,0.0,49425.800,49712183.200,0.0,0.0,5995.800,7596.800,1.400,5.800,0.0,5172690944.0,1441792.0,38509375488.0,1.25096685568e+11,0.0,0.0,457629696.0,0.0,5996.0,7597.0,3.936,1.302,86.423,8.273,0.0,0.065,1493169185.535,
4.022,1.292,84.642,9.998,0.0,0.045,478084300.800,2457.600,44687.0,49995192.600,0.0,0.0,6108.400,7959.400,1.200,8.200,0.200,5215055872.0,1449984.0,40899039232.0,1.22664648704e+11,0.0,0.0,478110515.200,2457.600,6107.600,7959.800,4.023,1.288,84.640,10.005,0.0,0.045,1493169190.535,
3.968,1.162,86.960,7.845,0.0,0.065,465330176.0,3276.800,45932.800,50502128.600,0.0,0.0,6114.0,7772.200,1.400,5.0,0.0,5149982720.0,1458176.0,43224735744.0,1.20404017152e+11,0.0,0.0,465330176.0,3276.800,6119.400,7773.400,3.973,1.162,86.970,7.830,0.0,0.065,1493169195.535,
3.888,1.222,85.632,9.203,0.0,0.055,474705920.0,2457.600,47991.400,48501546.0,0.0,0.0,6497.600,7914.200,2.0,6.0,0.0,5259882496.0,1466368.0,45600796672.0,1.17918048256e+11,0.0,0.0,474695270.400,2457.600,6492.200,7912.400,3.888,1.222,85.627,9.208,0.0,0.055,1493169200.535,
4.084,1.173,85.729,8.949,0.0,0.065,474473267.200,0.0,51290.800,50873714.800,0.0,0.0,6518.400,7924.400,2.200,6.400,0.0,5241208832.0,1466368.0,47970332672.0,1.1556718592e+11,0.0,0.0,474483916.800,0.0,6519.800,7924.0,4.084,1.173,85.734,8.944,0.0,0.065,1493169205.535,
3.791,1.137,86.688,8.324,0.0,0.060,460434636.800,3276.800,47995.400,49062066.600,0.0,0.0,6046.200,7732.600,1.800,6.400,0.0,5235544064.0,1474560.0,50274422784.0,1.13268752384e+11,0.0,0.0,460408422.400,3276.800,6044.600,7733.0,3.791,1.137,86.684,8.328,0.0,0.060,1493169210.535,
4.065,1.303,83.759,10.853,0.0,0.020,476990668.800,4915.200,47823.400,50560454.0,0.0,0.0,6030.600,7949.800,0.600,7.400,0.0,5241761792.0,1482752.0,52658647040.0,1.10878302208e+11,0.0,0.0,476990668.800,4915.200,6030.400,7949.800,4.061,1.303,83.762,10.854,0.0,0.020,1493169215.535,
4.292,1.273,83.280,11.085,0.0,0.070,477635379.200,0.0,47685.600,50349280.400,0.0,0.0,6316.400,7952.0,2.0,6.600,0.0,5269848064.0,1482752.0,55047733248.0,1.08461129728e+11,0.0,0.0,477661593.600,0.0,6317.400,7952.400,4.291,1.273,83.277,11.089,0.0,0.070,1493169220.535,
3.520,1.072,89.715,5.608,0.0,0.085,393559244.800,2457.600,40537.600,43419514.600,0.0,0.0,5331.0,6515.800,2.200,1.600,0.0,5194506240.0,1490944.0,57011470336.0,1.06572726272e+11,0.0,0.0,393401958.400,2457.600,5330.0,6513.400,3.525,1.072,89.720,5.598,0.0,0.085,1493169225.535,
3.753,1.142,87.819,7.220,0.0,0.065,434112102.400,819.200,47172.400,44628240.0,0.0,0.0,5624.800,7203.600,1.400,4.600,0.0,5269520384.0,1490944.0,59185541120.0,1.04323641344e+11,0.0,0.0,434243174.400,819.200,5626.200,7205.600,3.748,1.147,87.814,7.226,0.0,0.065,1493169230.535,
3.430,1.102,89.901,5.508,0.0,0.060,392160051.200,2457.600,43326.400,42441397.600,0.0,0.0,5267.800,6475.400,1.200,3.200,0.0,5231362048.0,1499136.0,61144088576.0,1.02403244032e+11,0.0,0.0,392160051.200,2457.600,5266.600,6475.200,3.434,1.096,89.902,5.507,0.0,0.060,1493169235.535,
3.642,1.167,87.913,7.233,0.0,0.045,434829721.600,0.0,46978.200,46426436.400,0.0,0.0,5763.200,7207.400,2.200,4.0,0.0,5227823104.0,1499136.0,63320666112.0,1.0023020544e+11,0.0,0.0,434829721.600,0.0,5763.600,7207.800,3.637,1.167,87.918,7.233,0.0,0.045,1493169240.535,
3.978,1.233,86.768,7.961,0.0,0.060,446614732.800,4096.0,50830.400,47877356.0,0.0,0.0,6285.0,7403.800,2.400,4.600,0.0,5211963392.0,1507328.0,65552003072.0,98014720000.0,0.0,0.0,446614732.800,4096.0,6285.400,7403.400,3.978,1.233,86.773,7.956,0.0,0.060,1493169245.535,
4.073,1.293,85.791,8.783,0.0,0.060,460722995.200,4915.200,48650.0,47877146.600,0.0,0.0,6021.200,7687.600,1.800,5.600,0.0,5266059264.0,1515520.0,67856822272.0,95655796736.0,0.0,0.0,460696780.800,4915.200,6020.800,7687.200,4.079,1.293,85.780,8.788,0.0,0.060,1493169250.535,
3.804,1.168,87.078,7.894,0.0,0.055,453755699.200,0.0,46783.200,48208139.600,0.0,0.0,5893.800,7577.800,3.0,4.200,0.0,5265514496.0,1515520.0,70125461504.0,93387702272.0,0.0,0.0,453808128.0,0.0,5893.800,7578.400,3.799,1.173,87.079,7.894,0.0,0.055,1493169255.535,
0.545,0.160,98.479,0.815,0.0,0.0,59240448.0,2457.600,8204.600,7515658.400,0.0,0.0,896.0,1095.400,0.0,0.0,0.0,5201100800.0,1523712.0,70420692992.0,93156876288.0,0.0,0.0,58952089.600,2457.600,893.800,1092.0,0.550,0.155,98.489,0.805,0.0,0.0,1493169260.535,
