"Dstat 0.7.2 CSV output"
"Author:","Dag Wieers <dag@wieers.com>",,,,"URL:","http://dag.wieers.com/home-made/dstat/"
"Host:","osd1.skyhook-2osds.skyhook-pg0.wisc.cloudlab.us",,,,"User:","jlefevre"
"Cmdline:","dstat -av --epoch --integer --noheaders --output 2osds.dstat-osd1.log 5",,,,"Date:","25 Apr 2017 15:02:01 CDT"

"total cpu usage",,,,,,"dsk/total",,"net/total",,"paging",,"system",,"procs",,,"memory usage",,,,"paging",,"dsk/total",,"system",,"total cpu usage",,,,,,"epoch"
"usr","sys","idl","wai","hiq","siq","read","writ","recv","send","in","out","int","csw","run","blk","new","used","buff","cach","free","in","out","read","writ","int","csw","usr","sys","idl","wai","hiq","siq","epoch"


"Host:","osd1.skyhook-2osds.skyhook-pg0.wisc.cloudlab.us",,,,"User:","jlefevre"
"Cmdline:","dstat -av --epoch --integer --noheaders --output 2osds.dstat-osd1.log 5",,,,"Date:","25 Apr 2017 15:08:55 CDT"

"total cpu usage",,,,,,"dsk/total",,"net/total",,"paging",,"system",,"procs",,,"memory usage",,,,"paging",,"dsk/total",,"system",,"total cpu usage",,,,,,"epoch"
"usr","sys","idl","wai","hiq","siq","read","writ","recv","send","in","out","int","csw","run","blk","new","used","buff","cach","free","in","out","read","writ","int","csw","usr","sys","idl","wai","hiq","siq","epoch"
0.120,1.776,97.999,0.105,0.0,0.0,190873.600,13107.200,3332.600,22761.600,0.0,0.0,825.800,837.200,0.800,0.0,9.800,5047885824.0,1540096.0,5742837760.0,1.57987930112e+11,0.0,0.0,190873.600,13107.200,826.200,837.600,0.115,1.781,97.999,0.105,0.0,0.0,1493158230.535,
0.511,1.117,92.785,5.553,0.0,0.035,363654348.800,31129.600,32198.800,37188381.0,0.0,0.0,4327.200,6434.400,1.0,4.400,4.600,5062504448.0,1597440.0,1945772032.0,1.61770319872e+11,0.0,0.0,363890278.400,31129.600,4334.0,6439.0,0.511,1.112,92.789,5.554,0.0,0.035,1493158235.535,
0.556,1.163,91.574,6.682,0.0,0.025,451569254.400,4915.200,39539.0,47491257.800,0.0,0.0,5100.200,7532.600,0.200,5.400,0.0,5063573504.0,1605632.0,4201353216.0,1.5951366144e+11,0.0,0.0,451595468.800,4915.200,5094.800,7530.200,0.561,1.163,91.565,6.686,0.0,0.025,1493158240.535,
0.506,1.207,92.002,6.270,0.0,0.015,442562969.600,2457.600,39526.600,45442095.600,0.0,0.0,5104.200,7358.200,0.400,5.400,0.0,5106044928.0,1613824.0,6417719296.0,1.57254815744e+11,0.0,0.0,442589184.0,2457.600,5104.200,7358.800,0.501,1.207,92.002,6.275,0.0,0.015,1493158245.535,
0.596,1.268,91.872,6.244,0.0,0.020,479999590.400,0.0,44800.400,50443297.800,0.0,0.0,5454.0,8010.400,1.0,4.600,0.0,5106540544.0,1613824.0,8815816704.0,1.5485622272e+11,0.0,0.0,479947161.600,0.0,5453.600,8010.0,0.601,1.268,91.868,6.243,0.0,0.020,1493158250.535,
0.576,1.273,90.600,7.526,0.0,0.025,495360409.600,2457.600,43935.400,51625974.200,0.0,0.0,5580.400,8313.200,1.600,7.200,0.0,5115187200.0,1622016.0,11293233152.0,1.52370151424e+11,0.0,0.0,495375974.400,2457.600,5581.0,8313.400,0.576,1.273,90.609,7.517,0.0,0.025,1493158255.535,
0.631,1.373,90.046,7.935,0.0,0.015,482217984.0,0.0,38946.800,49542058.800,0.0,0.0,5401.200,8063.600,0.800,6.600,0.0,5162594304.0,1622016.0,13704568832.0,1.4991140864e+11,0.0,0.0,482228633.600,0.0,5400.600,8064.0,0.626,1.373,90.041,7.945,0.0,0.015,1493158260.535,
0.591,1.298,91.035,7.046,0.0,0.030,466617958.400,4915.200,41427.600,50119275.400,0.0,0.0,5730.600,7794.200,0.400,6.200,0.0,5100261376.0,1630208.0,16036532224.0,1.47641769984e+11,0.0,0.0,466591744.0,4915.200,5730.600,7793.400,0.591,1.298,91.040,7.040,0.0,0.030,1493158265.535,
0.501,1.112,93.025,5.352,0.0,0.010,415227904.0,1638.400,38605.800,42711863.400,0.0,0.0,4662.200,6896.400,1.600,2.800,0.0,5139009536.0,1630208.0,18114142208.0,1.4552541184e+11,0.0,0.0,415254118.400,1638.400,4663.0,6896.600,0.506,1.117,93.016,5.351,0.0,0.010,1493158270.535,
0.627,1.349,89.948,8.051,0.0,0.025,498401280.0,4915.200,41838.600,52269703.0,0.0,0.0,5632.800,8332.200,0.400,8.400,0.0,5140889600.0,1638400.0,20605366272.0,1.4303229952e+11,0.0,0.0,498401280.0,4915.200,5632.600,8332.600,0.622,1.344,89.953,8.057,0.0,0.025,1493158275.535,
0.641,1.348,88.995,9.000,0.0,0.015,494458470.400,0.0,38634.800,51963361.800,0.0,0.0,5617.400,8294.200,0.600,7.200,0.0,5128544256.0,1638400.0,23079649280.0,1.40570361856e+11,0.0,0.0,494484684.800,0.0,5617.200,8293.800,0.641,1.353,88.995,8.995,0.0,0.015,1493158280.535,
0.616,1.358,88.790,9.205,0.0,0.030,483155968.0,2457.600,41930.400,50136038.800,0.0,0.0,5414.400,8096.200,1.400,5.400,0.0,5160751104.0,1646592.0,25492840448.0,1.38124955648e+11,0.0,0.0,483129753.600,2457.600,5414.800,8098.0,0.621,1.353,88.791,9.205,0.0,0.030,1493158285.535,
0.571,1.307,90.638,7.459,0.0,0.025,491386470.400,0.0,40454.800,51881117.0,0.0,0.0,5551.600,8207.400,1.0,5.800,0.0,5144940544.0,1646592.0,27949527040.0,1.35684079616e+11,0.0,0.0,491334041.600,0.0,5551.0,8205.800,0.571,1.312,90.629,7.463,0.0,0.025,1493158290.535,
0.501,1.183,89.626,8.669,0.0,0.020,496687513.600,2457.600,44006.400,50674717.200,0.0,0.0,5578.800,8328.200,1.0,8.200,0.0,5206831104.0,1654784.0,30433210368.0,1.33138497536e+11,0.0,0.0,496766156.800,2457.600,5579.0,8328.0,0.496,1.183,89.634,8.666,0.0,0.020,1493158295.535,
0.586,1.193,90.353,7.838,0.0,0.030,494447820.800,0.0,42390.800,52525233.800,0.0,0.0,5546.0,8336.0,0.600,7.400,0.0,5165854720.0,1654784.0,32907554816.0,1.30705129472e+11,0.0,0.0,494395392.0,0.0,5545.400,8335.200,0.591,1.188,90.353,7.838,0.0,0.030,1493158300.535,
0.566,1.202,90.397,7.815,0.0,0.020,491596185.600,6553.600,45871.400,51590292.400,0.0,0.0,5501.800,8309.400,0.600,8.600,0.0,5167128576.0,1662976.0,35365142528.0,1.28246259712e+11,0.0,0.0,491622400.0,6553.600,5502.200,8310.200,0.561,1.202,90.402,7.815,0.0,0.020,1493158305.535,
0.591,1.188,90.860,7.336,0.0,0.025,493278822.400,2457.600,42714.600,52174773.200,0.0,0.0,5961.800,8280.600,0.200,6.800,0.0,5135917056.0,1671168.0,37829185536.0,1.25813420032e+11,0.0,0.0,493200179.200,2457.600,5961.600,8279.800,0.596,1.193,90.850,7.336,0.0,0.025,1493158310.535,
0.626,1.373,90.259,7.727,0.0,0.015,486395904.0,0.0,49166.200,50438500.0,0.0,0.0,5563.400,8143.400,1.600,6.200,0.0,5171613696.0,1671168.0,40262733824.0,1.23344175104e+11,0.0,0.0,486500761.600,0.0,5563.800,8145.0,0.626,1.368,90.263,7.727,0.0,0.015,1493158315.535,
0.627,1.334,89.143,8.881,0.0,0.015,496555622.400,2457.600,43345.800,52267582.0,0.0,0.0,5706.600,8319.600,1.0,6.600,0.0,5159485440.0,1679360.0,42744233984.0,1.20874795008e+11,0.0,0.0,496518758.400,2457.600,5707.200,8319.0,0.627,1.334,89.147,8.877,0.0,0.015,1493158320.535,
0.631,1.353,90.193,7.798,0.0,0.025,487575552.0,0.0,40919.600,50438609.600,0.0,0.0,5506.600,8132.600,0.800,7.600,0.0,5194940416.0,1679360.0,45185126400.0,1.18398447616e+11,0.0,0.0,487612416.0,0.0,5505.800,8132.200,0.631,1.353,90.188,7.802,0.0,0.025,1493158325.535,
0.656,1.407,89.882,8.039,0.0,0.015,495161344.0,2457.600,41390.600,51371083.400,0.0,0.0,5615.400,8283.600,0.400,7.0,0.0,5210877952.0,1687552.0,47660576768.0,1.1590705152e+11,0.0,0.0,495161344.0,2457.600,5621.0,8286.600,0.656,1.413,89.877,8.039,0.0,0.015,1493158330.535,
0.606,1.308,91.279,6.787,0.0,0.020,481126809.600,0.0,42989.400,50750318.0,0.0,0.0,5431.800,8053.800,0.200,6.400,0.0,5202518016.0,1687552.0,50064941056.0,1.13511047168e+11,0.0,0.0,481048166.400,0.0,5426.0,8050.200,0.601,1.303,91.289,6.786,0.0,0.020,1493158335.535,
0.647,1.339,90.886,7.099,0.0,0.030,498464358.400,4096.0,43667.200,52218113.800,0.0,0.0,5697.200,8393.200,0.800,8.0,0.400,5196967936.0,1695744.0,52558139392.0,1.1102339072e+11,0.0,0.0,498543001.600,4096.0,5705.0,8396.400,0.652,1.339,90.880,7.099,0.0,0.030,1493158340.535,
0.677,1.388,89.650,8.265,0.0,0.020,497741004.800,13107.200,42106.0,51606814.200,0.0,0.0,5646.0,8315.0,1.200,7.600,0.0,5223829504.0,1712128.0,55047712768.0,1.08506939392e+11,0.0,0.0,497714790.400,13107.200,5646.400,8314.0,0.672,1.388,89.650,8.270,0.0,0.020,1493158345.535,
0.541,1.078,93.203,5.163,0.0,0.015,416899072.0,4915.200,36219.200,44517244.600,0.0,0.0,4818.400,6941.600,1.200,3.600,0.200,5193502720.0,1720320.0,57130700800.0,1.06454269952e+11,0.0,0.0,416872857.600,4915.200,4810.800,6940.200,0.546,1.082,93.199,5.157,0.0,0.015,1493158350.535,
0.597,1.223,91.502,6.663,0.0,0.015,451102310.400,2457.600,41714.400,47812355.0,0.0,0.0,5158.0,7537.800,0.200,5.600,0.0,5168033792.0,1728512.0,59383771136.0,1.04226660352e+11,0.0,0.0,451076096.0,2457.600,5157.800,7538.0,0.592,1.218,91.512,6.663,0.0,0.015,1493158355.535,
0.511,1.137,93.855,4.473,0.0,0.025,411458764.800,4915.200,35466.800,42216166.400,0.0,0.0,4597.200,6747.400,0.600,3.400,0.0,5209305088.0,1736704.0,61442048000.0,1.02127104e+11,0.0,0.0,411484979.200,4915.200,4596.800,6747.400,0.511,1.137,93.854,4.473,0.0,0.025,1493158360.535,
0.561,1.312,92.162,5.935,0.0,0.030,449954611.200,2457.600,39850.0,46942397.400,0.0,0.0,5044.0,7470.800,1.0,4.600,0.0,5225172992.0,1744896.0,63692242944.0,99861032960.0,0.0,0.0,449980825.600,2457.600,5044.0,7470.600,0.561,1.312,92.162,5.935,0.0,0.030,1493158365.535,
0.656,1.393,90.167,7.739,0.0,0.045,481719091.200,0.0,46124.0,50738371.800,0.0,0.0,5503.600,8072.0,0.400,6.600,0.0,5215596544.0,1744896.0,66101706752.0,97461145600.0,0.0,0.0,481719091.200,0.0,5504.0,8072.600,0.656,1.393,90.167,7.739,0.0,0.045,1493158370.535,
0.636,1.303,90.361,7.670,0.0,0.030,466222284.800,3276.800,40697.800,48691769.0,0.0,0.0,5226.400,7739.0,0.800,4.600,0.0,5220507648.0,1753088.0,68433940480.0,95123992576.0,0.0,0.0,466211635.200,3276.800,5226.0,7738.0,0.641,1.303,90.355,7.671,0.0,0.030,1493158375.535,
0.506,1.052,93.382,5.010,0.0,0.050,392070758.400,9011.200,35160.400,41859124.200,0.0,0.0,4487.0,6552.0,0.400,4.200,0.0,5181579264.0,1761280.0,70392152064.0,93204701184.0,0.0,0.0,391819264.0,9011.200,4485.400,6549.200,0.506,1.052,93.387,5.005,0.0,0.050,1493158380.535,
