"Dstat 0.7.2 CSV output"
"Author:","Dag Wieers <dag@wieers.com>",,,,"URL:","http://dag.wieers.com/home-made/dstat/"
"Host:","client0.skyhook-2osds.skyhook-pg0.wisc.cloudlab.us",,,,"User:","jlefevre"
"Cmdline:","dstat -av --epoch --integer --noheaders --output 2osds.dstat-client0.log 5",,,,"Date:","25 Apr 2017 15:01:58 CDT"

"total cpu usage",,,,,,"dsk/total",,"net/total",,"paging",,"system",,"procs",,,"memory usage",,,,"paging",,"dsk/total",,"system",,"total cpu usage",,,,,,"epoch"
"usr","sys","idl","wai","hiq","siq","read","writ","recv","send","in","out","int","csw","run","blk","new","used","buff","cach","free","in","out","read","writ","int","csw","usr","sys","idl","wai","hiq","siq","epoch"


"Host:","client0.skyhook-2osds.skyhook-pg0.wisc.cloudlab.us",,,,"User:","jlefevre"
"Cmdline:","dstat -av --epoch --integer --noheaders --output 2osds.dstat-client0.log 5",,,,"Date:","25 Apr 2017 15:08:47 CDT"

"total cpu usage",,,,,,"dsk/total",,"net/total",,"paging",,"system",,"procs",,,"memory usage",,,,"paging",,"dsk/total",,"system",,"total cpu usage",,,,,,"epoch"
"usr","sys","idl","wai","hiq","siq","read","writ","recv","send","in","out","int","csw","run","blk","new","used","buff","cach","free","in","out","read","writ","int","csw","usr","sys","idl","wai","hiq","siq","epoch"
0.065,0.055,99.855,0.020,0.0,0.005,0.0,10649.600,44093.800,4257.400,0.0,0.0,1343.200,7306.800,0.200,0.200,0.600,5492764672.0,190889984.0,1.47330048e+11,15766491136.0,0.0,0.0,0.0,10649.600,1343.200,7307.200,0.070,0.060,99.845,0.020,0.0,0.005,1493158227.604,
0.095,0.100,99.759,0.020,0.0,0.025,0.0,9011.200,17417140.400,19554.200,0.0,0.0,1544.800,7995.400,0.600,0.0,5.800,5516627968.0,190902272.0,1.47330052096e+11,15742611456.0,0.0,0.0,0.0,9011.200,1545.600,7995.600,0.090,0.095,99.769,0.020,0.0,0.025,1493158232.604,
0.241,0.206,99.408,0.055,0.0,0.090,0.0,81920.0,100036181.600,81909.200,0.0,0.0,3086.400,9167.400,0.600,0.0,0.0,5523841024.0,190914560.0,1.47330236416e+11,15735201792.0,0.0,0.0,0.0,81920.0,3086.800,9168.0,0.241,0.211,99.403,0.055,0.0,0.090,1493158237.604,
0.221,0.176,99.393,0.085,0.0,0.125,0.0,128614.400,94942420.200,78718.0,0.0,0.0,2956.400,9093.600,0.200,0.0,0.200,5527752704.0,190935040.0,1.47330502656e+11,15731003392.0,0.0,0.0,0.0,128614.400,2956.200,9093.600,0.221,0.176,99.393,0.085,0.0,0.125,1493158242.604,
0.231,0.176,99.403,0.070,0.0,0.120,0.0,109772.800,100487982.600,81307.0,0.0,0.0,2978.800,9319.200,0.800,0.0,0.0,5523075072.0,190951424.0,1.47330760704e+11,15735406592.0,0.0,0.0,0.0,109772.800,2980.600,9322.400,0.231,0.176,99.403,0.070,0.0,0.120,1493158247.604,
0.261,0.181,99.353,0.090,0.0,0.115,0.0,112230.400,103083475.800,88042.0,0.0,0.0,3201.800,9248.200,0.0,0.0,0.0,5520396288.0,190963712.0,1.4733101056e+11,15737823232.0,0.0,0.0,0.0,112230.400,3200.200,9249.200,0.261,0.176,99.358,0.090,0.0,0.115,1493158252.604,
0.256,0.171,99.398,0.070,0.0,0.105,0.0,111411.200,99776553.600,79147.400,0.0,0.0,3011.800,9006.200,0.200,0.0,0.0,5520474112.0,190984192.0,1.473312768e+11,15737458688.0,0.0,0.0,0.0,111411.200,3019.0,9008.0,0.261,0.176,99.388,0.070,0.0,0.105,1493158257.604,
0.256,0.145,99.468,0.010,0.0,0.120,0.0,113049.600,101642221.400,80451.0,0.0,0.0,2865.200,9365.0,1.200,0.0,0.0,5518090240.0,191004672.0,1.4733154304e+11,15739555840.0,0.0,0.0,0.0,113049.600,2859.0,9362.600,0.251,0.140,99.478,0.010,0.0,0.120,1493158262.604,
0.211,0.176,99.488,0.025,0.0,0.100,0.0,108134.400,97064559.600,79169.800,0.0,0.0,2857.0,9093.400,0.0,0.0,0.0,5521010688.0,191029248.0,1.47331796992e+11,15736356864.0,0.0,0.0,0.0,108134.400,2855.0,9089.400,0.211,0.181,99.483,0.025,0.0,0.100,1493158267.604,
0.221,0.130,99.488,0.065,0.0,0.095,0.0,112230.400,96755536.200,79218.400,0.0,0.0,3120.800,9109.800,0.400,0.0,0.0,5519446016.0,191037440.0,1.47332059136e+11,15737651200.0,0.0,0.0,0.0,112230.400,3120.600,9109.400,0.221,0.130,99.488,0.065,0.0,0.095,1493158272.604,
0.271,0.176,99.413,0.060,0.0,0.080,0.0,122880.0,97326778.0,74423.200,0.0,0.0,2970.800,9230.0,0.400,0.0,0.0,5515988992.0,191066112.0,1.47332333568e+11,15740805120.0,0.0,0.0,0.0,122880.0,2971.600,9230.0,0.271,0.171,99.418,0.060,0.0,0.080,1493158277.604,
0.246,0.161,99.448,0.020,0.0,0.125,0.0,109772.800,102454060.0,81260.400,0.0,0.0,2985.400,9151.800,0.0,0.0,0.0,5515677696.0,191086592.0,1.47332591616e+11,15740837888.0,0.0,0.0,0.0,109772.800,2984.800,9156.800,0.246,0.161,99.448,0.020,0.0,0.125,1493158282.604,
0.276,0.186,99.428,0.0,0.0,0.110,0.0,118784.0,102645604.0,79960.800,0.0,0.0,2963.600,9272.200,0.200,0.0,0.0,5521043456.0,191111168.0,1.47332857856e+11,15735181312.0,0.0,0.0,0.0,118784.0,2964.200,9267.600,0.276,0.186,99.428,0.0,0.0,0.110,1493158287.604,
0.236,0.181,99.453,0.010,0.0,0.120,0.0,107315.200,102450794.800,83742.600,0.0,0.0,2905.200,9406.600,1.0,0.0,0.0,5519728640.0,191131648.0,1.47333107712e+11,15736225792.0,0.0,0.0,0.0,107315.200,2907.0,9413.600,0.236,0.181,99.453,0.010,0.0,0.120,1493158292.604,
0.256,0.145,99.493,0.005,0.0,0.100,0.0,113049.600,98826650.800,80303.400,0.0,0.0,2949.600,8890.0,0.0,0.0,0.0,5520637952.0,191152128.0,1.47333373952e+11,15735029760.0,0.0,0.0,0.0,113049.600,2948.400,8885.800,0.256,0.145,99.493,0.005,0.0,0.100,1493158297.604,
0.241,0.171,99.468,0.025,0.0,0.095,0.0,108953.600,100921042.600,83146.0,0.0,0.0,2897.200,9171.800,0.800,0.0,0.0,5518360576.0,191156224.0,1.47333632e+11,15737044992.0,0.0,0.0,0.0,108953.600,2896.0,9169.0,0.241,0.171,99.468,0.025,0.0,0.095,1493158302.604,
0.241,0.160,99.474,0.0,0.0,0.125,0.0,114688.0,95543025.400,80197.800,0.0,0.0,2906.0,9360.200,0.400,0.0,0.0,5516754944.0,191172608.0,1.4733389824e+11,15738368000.0,0.0,0.0,0.0,114688.0,2905.800,9359.800,0.241,0.160,99.474,0.0,0.0,0.125,1493158307.604,
0.246,0.165,99.448,0.0,0.0,0.140,0.0,118784.0,100517022.400,85298.200,0.0,0.0,3086.0,9128.0,0.0,0.0,0.0,5517819904.0,191213568.0,1.4733416448e+11,15736995840.0,0.0,0.0,0.0,118784.0,3086.800,9128.400,0.246,0.165,99.448,0.0,0.0,0.140,1493158312.604,
0.226,0.156,99.513,0.0,0.0,0.105,0.0,117145.600,99089908.0,89522.400,0.0,0.0,3242.0,9245.0,0.200,0.0,0.0,5518827520.0,191225856.0,1.4733443072e+11,15735709696.0,0.0,0.0,0.0,117145.600,3242.200,9248.600,0.226,0.156,99.513,0.0,0.0,0.105,1493158317.604,
0.231,0.191,99.443,0.010,0.0,0.125,0.0,113868.800,101205557.400,83406.800,0.0,0.0,2938.600,9373.400,0.200,0.0,0.0,5518585856.0,191254528.0,1.47334701056e+11,15735652352.0,0.0,0.0,0.0,113868.800,2938.400,9369.400,0.231,0.191,99.438,0.010,0.0,0.130,1493158322.604,
0.326,0.186,99.148,0.180,0.0,0.160,0.0,7170457.600,100707293.0,82720.400,0.0,0.0,3040.600,9334.600,0.0,0.0,0.0,5504548864.0,191295488.0,1.47320393728e+11,15763955712.0,0.0,0.0,0.0,7170457.600,3040.600,9334.600,0.326,0.191,99.148,0.180,0.0,0.155,1493158327.604,
0.251,0.166,99.468,0.010,0.0,0.105,0.0,121241.600,103592172.200,81728.200,0.0,0.0,2836.200,9237.0,0.200,0.0,0.0,5508333568.0,191315968.0,1.47320827904e+11,15759716352.0,0.0,0.0,0.0,121241.600,2836.400,9241.0,0.251,0.161,99.473,0.010,0.0,0.105,1493158332.604,
0.246,0.161,99.433,0.050,0.0,0.110,0.0,113868.800,101503092.200,83869.600,0.0,0.0,3011.600,9204.200,0.800,0.0,0.0,5504679936.0,191340544.0,1.47321094144e+11,15763079168.0,0.0,0.0,0.0,113868.800,3011.600,9200.600,0.246,0.166,99.428,0.050,0.0,0.110,1493158337.604,
0.221,0.171,99.418,0.075,0.0,0.115,0.0,112230.400,98283085.400,84737.800,0.0,0.0,2936.600,8647.0,0.200,0.0,0.0,5506703360.0,191377408.0,1.47321372672e+11,15760740352.0,0.0,0.0,0.0,112230.400,2936.800,8653.0,0.221,0.171,99.418,0.075,0.0,0.115,1493158342.604,
0.236,0.171,99.418,0.065,0.0,0.110,0.0,144179.200,101389633.200,81311.0,0.0,0.0,2941.400,8993.0,0.0,0.0,0.0,5510524928.0,191397888.0,1.47321638912e+11,15756632064.0,0.0,0.0,0.0,144179.200,2941.0,8990.600,0.241,0.166,99.418,0.065,0.0,0.110,1493158347.604,
0.226,0.140,99.488,0.065,0.0,0.080,0.0,114688.0,94405714.200,76349.0,0.0,0.0,2762.0,9158.600,0.200,0.0,0.0,5507743744.0,191430656.0,1.47321901056e+11,15759118336.0,0.0,0.0,0.0,114688.0,2765.400,9155.400,0.221,0.146,99.488,0.065,0.0,0.080,1493158352.604,
0.241,0.115,99.468,0.070,0.0,0.105,0.0,110592.0,97346629.400,83353.400,0.0,0.0,3302.400,9217.600,0.0,0.0,0.0,5513801728.0,191459328.0,1.47322155008e+11,15752777728.0,0.0,0.0,0.0,110592.0,3299.400,9217.200,0.241,0.110,99.473,0.070,0.0,0.105,1493158357.604,
0.236,0.125,99.438,0.055,0.0,0.145,0.0,108953.600,95251072.0,80826.600,0.0,0.0,2855.600,9237.200,0.0,0.0,0.0,5514149888.0,191500288.0,1.47322417152e+11,15752126464.0,0.0,0.0,0.0,108953.600,2856.400,9240.200,0.236,0.125,99.438,0.055,0.0,0.145,1493158362.604,
0.256,0.161,99.398,0.080,0.0,0.105,0.0,112230.400,101834485.0,82394.400,0.0,0.0,3036.0,9329.600,0.400,0.0,0.0,5519294464.0,191528960.0,1.473226752e+11,15746695168.0,0.0,0.0,0.0,112230.400,3034.200,9326.400,0.261,0.166,99.388,0.080,0.0,0.105,1493158367.604,
0.231,0.176,99.408,0.080,0.0,0.105,0.0,109772.800,100285032.400,85234.600,0.0,0.0,2850.200,9356.0,0.400,0.0,0.0,5520211968.0,191545344.0,1.47322937344e+11,15745499136.0,0.0,0.0,0.0,109772.800,2851.600,9358.200,0.226,0.176,99.413,0.080,0.0,0.105,1493158372.604,
0.206,0.146,99.478,0.060,0.0,0.110,0.0,111411.200,99367035.200,80973.600,0.0,0.0,2779.0,9384.200,0.400,0.0,0.0,5516455936.0,191557632.0,1.47323195392e+11,15748984832.0,0.0,0.0,0.0,111411.200,2780.400,9383.800,0.206,0.146,99.478,0.060,0.0,0.110,1493158377.604,
0.125,0.110,99.704,0.025,0.0,0.035,0.0,117964.800,43657050.400,37059.200,0.0,0.0,1931.0,8399.400,0.400,0.0,1.0,5486592000.0,191590400.0,1.47323437056e+11,15778574336.0,0.0,0.0,0.0,117964.800,1928.200,8397.400,0.125,0.105,99.709,0.025,0.0,0.035,1493158382.604,
