"Dstat 0.7.2 CSV output"
"Author:","Dag Wieers <dag@wieers.com>",,,,"URL:","http://dag.wieers.com/home-made/dstat/"
"Host:","client0.skyhook-2osds.skyhook-pg0.wisc.cloudlab.us",,,,"User:","jlefevre"
"Cmdline:","dstat -av --epoch --integer --noheaders --output 2osds.dstat-client0.log 5",,,,"Date:","25 Apr 2017 15:01:58 CDT"

"total cpu usage",,,,,,"dsk/total",,"net/total",,"paging",,"system",,"procs",,,"memory usage",,,,"paging",,"dsk/total",,"system",,"total cpu usage",,,,,,"epoch"
"usr","sys","idl","wai","hiq","siq","read","writ","recv","send","in","out","int","csw","run","blk","new","used","buff","cach","free","in","out","read","writ","int","csw","usr","sys","idl","wai","hiq","siq","epoch"


"Host:","client0.skyhook-2osds.skyhook-pg0.wisc.cloudlab.us",,,,"User:","jlefevre"
"Cmdline:","dstat -av --epoch --integer --noheaders --output 2osds.dstat-client0.log 5",,,,"Date:","25 Apr 2017 15:08:47 CDT"

"total cpu usage",,,,,,"dsk/total",,"net/total",,"paging",,"system",,"procs",,,"memory usage",,,,"paging",,"dsk/total",,"system",,"total cpu usage",,,,,,"epoch"
"usr","sys","idl","wai","hiq","siq","read","writ","recv","send","in","out","int","csw","run","blk","new","used","buff","cach","free","in","out","read","writ","int","csw","usr","sys","idl","wai","hiq","siq","epoch"
0.075,0.065,99.800,0.050,0.0,0.010,0.0,10649.600,43503.800,2959.800,0.0,0.0,683.600,6982.400,0.400,0.0,0.600,5466832896.0,217608192.0,1.47280146432e+11,15815606272.0,0.0,0.0,0.0,10649.600,683.600,6982.400,0.075,0.070,99.795,0.050,0.0,0.010,1493169097.604,
0.291,0.110,99.569,0.015,0.0,0.015,0.0,7372.800,17955536.0,20678.0,0.0,0.0,1059.400,7236.200,0.200,0.0,5.200,5500649472.0,217608192.0,1.47280146432e+11,15781789696.0,0.0,0.0,0.0,7372.800,1059.800,7236.600,0.291,0.110,99.569,0.015,0.0,0.015,1493169102.604,
1.183,0.165,98.501,0.055,0.0,0.095,0.0,104038.400,97224988.800,82464.800,0.0,0.0,2715.800,8769.600,0.200,0.200,0.0,5503246336.0,217616384.0,1.47280330752e+11,15779000320.0,0.0,0.0,0.0,104038.400,2715.400,8769.200,1.183,0.160,98.506,0.055,0.0,0.095,1493169107.604,
1.093,0.120,98.626,0.055,0.0,0.105,0.0,111411.200,93648216.200,79244.400,0.0,0.0,2692.200,8138.600,0.400,0.200,0.0,5505228800.0,217628672.0,1.47280592896e+11,15776743424.0,0.0,0.0,0.0,111411.200,2692.200,8138.600,1.093,0.120,98.626,0.055,0.0,0.105,1493169112.604,
1.163,0.120,98.606,0.0,0.0,0.110,0.0,115507.200,96406795.800,83038.200,0.0,0.0,2781.400,8778.600,0.600,0.200,0.0,5502414848.0,217628672.0,1.47280850944e+11,15779299328.0,0.0,0.0,0.0,115507.200,2781.400,8779.0,1.168,0.125,98.596,0.0,0.0,0.110,1493169117.604,
1.198,0.180,98.366,0.090,0.0,0.165,0.0,2790195.200,98119802.200,84005.600,0.0,0.0,3881.0,9000.800,1.0,0.400,0.0,5508304896.0,217645056.0,1.47283079168e+11,15771164672.0,0.0,0.0,0.0,2791014.400,3881.400,9003.200,1.203,0.180,98.361,0.085,0.0,0.170,1493169122.604,
1.118,0.165,98.506,0.095,0.0,0.115,0.0,129433.600,96683740.600,76419.800,0.0,0.0,2631.200,8523.200,0.400,0.200,0.200,5508333568.0,217665536.0,1.47278798848e+11,15775395840.0,0.0,0.0,0.0,128614.400,2630.800,8520.400,1.108,0.166,98.515,0.100,0.0,0.110,1493169127.604,
1.163,0.135,98.551,0.055,0.0,0.095,0.0,110592.0,96959432.600,80323.600,0.0,0.0,2591.200,8627.200,0.0,0.200,0.0,5507477504.0,217677824.0,1.47279060992e+11,15775977472.0,0.0,0.0,0.0,110592.0,2592.0,8627.600,1.163,0.135,98.551,0.055,0.0,0.095,1493169132.604,
1.083,0.165,98.541,0.075,0.0,0.135,0.0,134348.800,96078448.800,83749.0,0.0,0.0,2686.0,8562.800,0.200,0.200,0.0,5504897024.0,217690112.0,1.47279314944e+11,15778291712.0,0.0,0.0,0.0,134348.800,2685.200,8562.400,1.083,0.165,98.541,0.075,0.0,0.135,1493169137.604,
1.068,0.150,98.551,0.090,0.0,0.140,0.0,112230.400,92856353.200,86876.200,0.0,0.0,2850.400,8743.800,0.600,0.200,0.0,5503111168.0,217706496.0,1.472795648e+11,15779811328.0,0.0,0.0,0.0,112230.400,2850.400,8743.800,1.068,0.150,98.551,0.090,0.0,0.140,1493169142.604,
1.103,0.140,98.491,0.130,0.0,0.135,0.0,113868.800,95660585.400,89051.400,0.0,0.0,2874.600,8845.400,1.200,0.200,0.0,5506920448.0,217714688.0,1.47279826944e+11,15775731712.0,0.0,0.0,0.0,113868.800,2877.400,8851.200,1.113,0.140,98.481,0.130,0.0,0.135,1493169147.604,
1.163,0.190,98.416,0.080,0.0,0.150,0.0,111411.200,98347388.0,84290.800,0.0,0.0,2750.0,8951.800,0.200,0.200,0.0,5502009344.0,217714688.0,1.472800768e+11,15780392960.0,0.0,0.0,0.0,111411.200,2747.400,8946.0,1.153,0.185,98.432,0.080,0.0,0.150,1493169152.604,
1.134,0.161,98.520,0.090,0.0,0.095,0.0,119603.200,99377482.600,86614.400,0.0,0.0,2843.800,8522.600,1.0,0.200,0.0,5502431232.0,217722880.0,1.47280338944e+11,15779700736.0,0.0,0.0,0.0,119603.200,2845.0,8525.0,1.144,0.166,98.505,0.090,0.0,0.095,1493169157.604,
1.193,0.145,98.486,0.100,0.0,0.075,0.0,117145.600,98527595.800,93082.800,0.0,0.0,2940.0,8577.800,1.400,0.200,0.0,5500534784.0,217731072.0,1.47280596992e+11,15781330944.0,0.0,0.0,0.0,117145.600,2938.600,8575.400,1.184,0.145,98.495,0.100,0.0,0.075,1493169162.604,
1.173,0.165,98.471,0.095,0.0,0.095,0.0,119603.200,97655717.0,91247.600,0.0,0.0,2838.0,8790.600,0.600,0.200,0.0,5499740160.0,217739264.0,1.4728085504e+11,15781859328.0,0.0,0.0,0.0,119603.200,2838.200,8790.600,1.173,0.165,98.471,0.095,0.0,0.095,1493169167.604,
1.173,0.165,98.506,0.060,0.0,0.095,0.0,118784.0,100860778.0,93574.600,0.0,0.0,2788.200,8665.400,0.800,0.200,0.0,5500534784.0,217739264.0,1.47281117184e+11,15780802560.0,0.0,0.0,0.0,118784.0,2788.0,8665.400,1.173,0.160,98.511,0.060,0.0,0.095,1493169172.604,
1.133,0.135,98.561,0.065,0.0,0.105,0.0,117964.800,95210957.0,85253.400,0.0,0.0,2689.200,8664.200,0.200,0.200,0.0,5499867136.0,217747456.0,1.47281375232e+11,15781203968.0,0.0,0.0,0.0,117964.800,2693.200,8667.200,1.133,0.140,98.556,0.065,0.0,0.105,1493169177.604,
1.123,0.165,98.361,0.226,0.0,0.125,0.0,2558361.600,93088077.400,86314.400,0.0,0.0,2771.200,8992.600,0.400,0.200,0.0,5499801600.0,217763840.0,1.47273007104e+11,15789621248.0,0.0,0.0,0.0,2558361.600,2767.200,8989.600,1.128,0.165,98.356,0.226,0.0,0.125,1493169182.604,
1.218,0.140,98.441,0.090,0.0,0.110,0.0,122060.800,98231154.400,87782.200,0.0,0.0,2756.800,8773.800,0.200,0.200,0.0,5500649472.0,217780224.0,1.4727325696e+11,15788507136.0,0.0,0.0,0.0,122060.800,2756.800,8773.800,1.213,0.140,98.446,0.090,0.0,0.110,1493169187.604,
1.143,0.155,98.486,0.105,0.0,0.110,0.0,133529.600,97308915.200,82120.400,0.0,0.0,2639.0,8825.400,1.800,0.200,0.200,5502349312.0,217788416.0,1.47273515008e+11,15786541056.0,0.0,0.0,0.0,133529.600,2639.0,8825.600,1.158,0.155,98.471,0.105,0.0,0.110,1493169192.604,
1.168,0.150,98.496,0.075,0.0,0.110,0.0,122880.0,97846992.800,83635.400,0.0,0.0,2807.400,8801.800,0.0,0.200,0.0,5502173184.0,217796608.0,1.47273777152e+11,15786446848.0,0.0,0.0,0.0,122880.0,2809.400,8803.800,1.158,0.145,98.511,0.075,0.0,0.110,1493169197.604,
1.173,0.125,98.501,0.080,0.0,0.120,0.0,110592.0,97562779.400,85791.0,0.0,0.0,2867.0,8504.400,1.200,0.200,0.0,5499965440.0,217804800.0,1.472740352e+11,15788388352.0,0.0,0.0,0.0,110592.0,2865.0,8502.400,1.173,0.130,98.496,0.080,0.0,0.120,1493169202.604,
1.169,0.160,98.526,0.075,0.0,0.070,0.0,119603.200,99020489.0,94600.200,0.0,0.0,2915.0,9020.0,0.800,0.200,0.0,5502865408.0,217808896.0,1.47274305536e+11,15785213952.0,0.0,0.0,0.0,119603.200,2915.0,9019.800,1.164,0.160,98.531,0.075,0.0,0.070,1493169207.604,
1.164,0.130,98.495,0.100,0.0,0.110,0.0,117145.600,99806209.600,90192.400,0.0,0.0,2772.200,8981.0,1.0,0.200,0.200,5501943808.0,217821184.0,1.47274563584e+11,15785865216.0,0.0,0.0,0.0,117145.600,2774.200,8984.200,1.169,0.125,98.495,0.100,0.0,0.110,1493169212.604,
1.118,0.130,98.516,0.130,0.0,0.105,0.0,115507.200,94150065.600,86094.600,0.0,0.0,2814.600,8495.800,0.800,0.800,0.0,5501014016.0,217837568.0,1.47274821632e+11,15786520576.0,0.0,0.0,0.0,115507.200,2812.600,8492.600,1.113,0.130,98.521,0.130,0.0,0.105,1493169217.604,
1.143,0.165,98.506,0.080,0.0,0.105,0.0,113049.600,98810559.0,86530.800,0.0,0.0,2564.600,8756.0,0.200,0.200,0.0,5500157952.0,217837568.0,1.47275075584e+11,15787122688.0,0.0,0.0,0.0,113049.600,2565.0,8756.0,1.143,0.170,98.501,0.080,0.0,0.105,1493169222.604,
1.083,0.155,98.556,0.085,0.0,0.120,0.0,113868.800,91333439.400,83213.600,0.0,0.0,2732.400,8746.200,0.200,0.200,0.0,5504008192.0,217845760.0,1.47275333632e+11,15783006208.0,0.0,0.0,0.0,113868.800,2732.0,8746.200,1.083,0.155,98.556,0.085,0.0,0.120,1493169227.604,
1.132,0.180,98.472,0.095,0.0,0.120,0.0,114688.0,95416604.400,92009.400,0.0,0.0,2905.800,8754.400,0.800,0.200,0.0,5503520768.0,217853952.0,1.47275575296e+11,15783243776.0,0.0,0.0,0.0,114688.0,2905.800,8754.400,1.132,0.180,98.472,0.095,0.0,0.120,1493169232.604,
1.098,0.180,98.556,0.070,0.0,0.095,0.0,115507.200,94648843.600,89510.600,0.0,0.0,2657.600,8913.0,0.200,0.200,0.0,5502566400.0,217853952.0,1.47275833344e+11,15783940096.0,0.0,0.0,0.0,115507.200,2658.600,8913.400,1.103,0.175,98.557,0.070,0.0,0.095,1493169237.604,
1.138,0.145,98.521,0.100,0.0,0.095,0.0,120422.400,95508954.0,87408.600,0.0,0.0,2743.800,8821.200,0.200,0.200,0.0,5501583360.0,217862144.0,1.47276091392e+11,15784656896.0,0.0,0.0,0.0,120422.400,2747.400,8825.200,1.138,0.145,98.521,0.100,0.0,0.095,1493169242.604,
1.138,0.175,98.481,0.110,0.0,0.095,0.0,121241.600,96982457.600,94171.400,0.0,0.0,2667.800,8744.400,0.600,0.200,0.0,5499633664.0,217874432.0,1.47276357632e+11,15786328064.0,0.0,0.0,0.0,121241.600,2663.400,8740.0,1.133,0.180,98.481,0.110,0.0,0.095,1493169247.604,
1.182,0.180,98.407,0.110,0.0,0.120,0.0,852787.200,97238510.400,88123.400,0.0,0.0,2780.400,8854.800,0.400,0.200,0.0,5500870656.0,217882624.0,1.4727647232e+11,15784968192.0,0.0,0.0,0.0,852787.200,2780.400,8855.200,1.182,0.180,98.407,0.110,0.0,0.120,1493169252.604,
0.907,0.160,98.767,0.095,0.0,0.070,0.0,135987.200,74925999.600,67344.600,0.0,0.0,2401.800,8389.600,0.0,0.200,1.0,5469765632.0,217899008.0,1.47276734464e+11,15815794688.0,0.0,0.0,0.0,135987.200,2401.600,8389.200,0.907,0.155,98.772,0.095,0.0,0.070,1493169257.604,
