"Dstat 0.7.2 CSV output"
"Author:","Dag Wieers <dag@wieers.com>",,,,"URL:","http://dag.wieers.com/home-made/dstat/"
"Host:","osd0.skyhook-2osds.skyhook-pg0.wisc.cloudlab.us",,,,"User:","jlefevre"
"Cmdline:","dstat -av --epoch --integer --noheaders --output 2osds.dstat-osd0.log 5",,,,"Date:","25 Apr 2017 15:01:59 CDT"

"total cpu usage",,,,,,"dsk/total",,"net/total",,"paging",,"system",,"procs",,,"memory usage",,,,"paging",,"dsk/total",,"system",,"total cpu usage",,,,,,"epoch"
"usr","sys","idl","wai","hiq","siq","read","writ","recv","send","in","out","int","csw","run","blk","new","used","buff","cach","free","in","out","read","writ","int","csw","usr","sys","idl","wai","hiq","siq","epoch"


"Host:","osd0.skyhook-2osds.skyhook-pg0.wisc.cloudlab.us",,,,"User:","jlefevre"
"Cmdline:","dstat -av --epoch --integer --noheaders --output 2osds.dstat-osd0.log 5",,,,"Date:","25 Apr 2017 15:08:52 CDT"

"total cpu usage",,,,,,"dsk/total",,"net/total",,"paging",,"system",,"procs",,,"memory usage",,,,"paging",,"dsk/total",,"system",,"total cpu usage",,,,,,"epoch"
"usr","sys","idl","wai","hiq","siq","read","writ","recv","send","in","out","int","csw","run","blk","new","used","buff","cach","free","in","out","read","writ","int","csw","usr","sys","idl","wai","hiq","siq","epoch"
0.010,0.010,99.975,0.005,0.0,0.0,0.0,2457.600,2095.400,25658.0,0.0,0.0,123.0,121.400,0.0,0.0,0.0,5129826304.0,1949696.0,70899240960.0,92749176832.0,0.0,0.0,0.0,2457.600,123.0,121.400,0.010,0.005,99.980,0.005,0.0,0.0,1493159542.689,
0.095,0.240,99.640,0.010,0.0,0.015,25395.200,0.0,33930.0,62088141.0,0.0,0.0,954.400,338.600,0.0,0.0,0.200,5300396032.0,1949696.0,70899367936.0,92578480128.0,0.0,0.0,25395.200,0.0,956.400,338.600,0.100,0.245,99.630,0.010,0.0,0.015,1493159547.689,
0.290,0.721,98.964,0.010,0.0,0.015,0.0,4096.0,99931.200,264530495.200,0.0,0.0,3701.0,843.800,0.200,0.0,0.0,5387669504.0,1957888.0,70899367936.0,92491198464.0,0.0,0.0,0.0,4096.0,3699.800,843.800,0.285,0.716,98.974,0.010,0.0,0.015,1493159552.689,
0.250,0.716,99.009,0.005,0.0,0.020,0.0,4915.200,108121.0,266600368.200,0.0,0.0,3938.0,849.600,0.600,0.0,0.0,5455101952.0,1966080.0,70899367936.0,92423757824.0,0.0,0.0,0.0,4915.200,3937.0,849.600,0.255,0.716,99.004,0.005,0.0,0.020,1493159557.689,
0.265,0.716,99.004,0.0,0.0,0.015,0.0,0.0,133145.600,281149209.200,0.0,0.0,4372.200,852.0,0.200,0.0,0.0,5402071040.0,1966080.0,70899367936.0,92476788736.0,0.0,0.0,0.0,0.0,4373.0,852.0,0.260,0.716,99.009,0.0,0.0,0.015,1493159562.689,
0.285,0.816,98.879,0.010,0.0,0.010,0.0,2457.600,149041.800,289605391.0,0.0,0.0,4464.600,891.0,0.600,0.0,0.0,5422383104.0,1974272.0,70899367936.0,92456468480.0,0.0,0.0,0.0,2457.600,4463.800,891.0,0.290,0.816,98.874,0.010,0.0,0.010,1493159567.689,
0.255,0.665,99.054,0.0,0.0,0.025,0.0,0.0,162751.600,277529366.0,0.0,0.0,3704.800,806.600,0.600,0.0,0.0,5303242752.0,1974272.0,70899367936.0,92575608832.0,0.0,0.0,0.0,0.0,3704.800,806.600,0.250,0.666,99.059,0.0,0.0,0.025,1493159572.689,
0.260,0.731,98.989,0.005,0.0,0.015,0.0,2457.600,134616.400,261088726.200,0.0,0.0,3632.200,865.0,0.600,0.0,0.0,5443739648.0,1982464.0,70899367936.0,92435103744.0,0.0,0.0,0.0,2457.600,3632.800,865.0,0.260,0.736,98.984,0.005,0.0,0.015,1493159577.689,
0.220,0.686,99.074,0.0,0.0,0.020,0.0,0.0,149677.400,287773466.0,0.0,0.0,3832.400,852.400,0.200,0.0,0.0,5246562304.0,1982464.0,70899367936.0,92632281088.0,0.0,0.0,0.0,0.0,3831.800,852.400,0.220,0.681,99.079,0.0,0.0,0.020,1493159582.689,
0.275,0.776,98.929,0.005,0.0,0.015,0.0,3276.800,167079.0,307672759.800,0.0,0.0,4160.400,920.400,1.0,0.0,0.0,5197942784.0,1990656.0,70899367936.0,92680892416.0,0.0,0.0,0.0,3276.800,4165.800,920.800,0.275,0.781,98.924,0.005,0.0,0.015,1493159587.689,
0.290,0.841,98.838,0.020,0.0,0.010,0.0,4915.200,237742.200,330902385.200,0.0,0.0,5663.800,1006.400,1.0,0.0,0.0,5160554496.0,1998848.0,70899367936.0,92718272512.0,0.0,0.0,0.0,4915.200,5665.0,1006.600,0.295,0.836,98.838,0.020,0.0,0.010,1493159592.689,
0.326,0.966,98.693,0.0,0.0,0.015,0.0,0.0,276073.400,344033180.600,0.0,0.0,6960.800,1053.800,0.0,0.0,0.0,5242744832.0,1998848.0,70899367936.0,92636082176.0,0.0,0.0,0.0,0.0,6954.200,1053.200,0.321,0.967,98.698,0.0,0.0,0.015,1493159597.689,
0.280,0.816,98.894,0.0,0.0,0.010,0.0,2457.600,191568.600,286290221.400,0.0,0.0,5204.0,905.600,0.400,0.0,0.0,5270630400.0,2007040.0,70899367936.0,92608188416.0,0.0,0.0,0.0,2457.600,5204.0,905.600,0.280,0.816,98.894,0.0,0.0,0.010,1493159602.689,
0.315,0.856,98.804,0.0,0.0,0.025,0.0,0.0,192526.0,290223752.600,0.0,0.0,4923.200,974.200,0.400,0.0,0.0,5444136960.0,2007040.0,70899367936.0,92434681856.0,0.0,0.0,0.0,0.0,4926.800,976.400,0.315,0.856,98.804,0.0,0.0,0.025,1493159607.689,
0.370,0.951,98.659,0.005,0.0,0.015,0.0,2457.600,225323.200,346476819.200,0.0,0.0,6549.0,1044.400,1.0,0.0,0.0,5403242496.0,2015232.0,70899367936.0,92475568128.0,0.0,0.0,0.0,2457.600,6545.400,1042.200,0.375,0.951,98.654,0.005,0.0,0.015,1493159612.689,
0.285,0.796,98.904,0.0,0.0,0.015,0.0,0.0,214982.400,321406644.600,0.0,0.0,5380.0,939.400,0.200,0.0,0.400,5242978304.0,2015232.0,70899367936.0,92635832320.0,0.0,0.0,0.0,0.0,5380.0,939.400,0.280,0.796,98.909,0.0,0.0,0.015,1493159617.689,
0.250,0.821,98.909,0.010,0.0,0.010,0.0,7372.800,212313.200,299631284.800,0.0,0.0,5841.600,934.0,0.0,0.0,0.200,5187637248.0,2031616.0,70899367936.0,92691156992.0,0.0,0.0,0.0,7372.800,5841.600,934.0,0.250,0.821,98.909,0.010,0.0,0.010,1493159622.689,
0.285,0.821,98.864,0.005,0.0,0.025,0.0,2457.600,179525.600,284749827.800,0.0,0.0,4913.800,969.200,0.200,0.0,0.400,5272637440.0,2039808.0,70899376128.0,92606140416.0,0.0,0.0,0.0,2457.600,4917.600,969.400,0.290,0.821,98.859,0.005,0.0,0.025,1493159627.689,
0.320,0.946,98.713,0.010,0.0,0.010,0.0,6553.600,243647.600,331518580.600,0.0,0.0,6607.200,1049.200,0.0,0.0,0.600,5330681856.0,2048000.0,70899376128.0,92548087808.0,0.0,0.0,0.0,6553.600,6609.400,1049.400,0.315,0.946,98.718,0.010,0.0,0.010,1493159632.689,
0.300,0.946,98.719,0.010,0.0,0.025,0.0,9011.200,220057.800,334405436.0,0.0,0.0,6140.0,1014.0,0.800,0.0,0.0,5271445504.0,2064384.0,70899376128.0,92607307776.0,0.0,0.0,0.0,9011.200,6134.0,1013.600,0.300,0.946,98.719,0.010,0.0,0.025,1493159637.689,
0.280,0.866,98.843,0.0,0.0,0.010,0.0,0.0,203947.0,302555460.200,0.0,0.0,5651.400,1003.200,1.0,0.0,0.400,5311913984.0,2064384.0,70899380224.0,92566835200.0,0.0,0.0,0.0,0.0,5651.400,1003.200,0.285,0.866,98.838,0.0,0.0,0.010,1493159642.689,
0.250,0.766,98.959,0.020,0.0,0.005,0.0,10649.600,193341.800,285447152.800,0.0,0.0,5103.600,881.800,0.800,0.0,0.0,5225582592.0,2080768.0,70899384320.0,92653146112.0,0.0,0.0,0.0,10649.600,5103.600,881.800,0.245,0.771,98.959,0.020,0.0,0.005,1493159647.689,
0.275,0.806,98.869,0.020,0.0,0.030,0.0,8192.0,223143.800,302365514.200,0.0,0.0,5768.800,943.0,0.200,0.0,0.400,5157625856.0,2088960.0,70899384320.0,92721094656.0,0.0,0.0,0.0,8192.0,5770.200,943.0,0.275,0.801,98.874,0.020,0.0,0.030,1493159652.689,
0.275,0.816,98.889,0.005,0.0,0.015,0.0,15564.800,230746.0,293667166.800,0.0,0.0,5701.200,938.600,0.400,0.0,0.0,5213569024.0,2105344.0,70899384320.0,92665135104.0,0.0,0.0,0.0,15564.800,5702.200,938.800,0.275,0.816,98.889,0.005,0.0,0.015,1493159657.689,
0.270,0.821,98.884,0.0,0.0,0.025,0.0,5734.400,222404.0,327008130.400,0.0,0.0,4995.400,1039.400,0.600,0.0,0.400,5205729280.0,2113536.0,70899376128.0,92672974848.0,0.0,0.0,0.0,5734.400,4995.0,1039.400,0.275,0.826,98.874,0.0,0.0,0.025,1493159662.689,
0.285,0.846,98.839,0.010,0.0,0.020,0.0,4915.200,255975.400,334482346.800,0.0,0.0,5154.400,1045.0,0.400,0.0,0.800,5166092288.0,2121728.0,70899388416.0,92712591360.0,0.0,0.0,0.0,4915.200,5157.600,1044.800,0.285,0.846,98.839,0.010,0.0,0.020,1493159667.689,
0.215,0.591,99.174,0.010,0.0,0.010,0.0,7372.800,176081.0,234678097.200,0.0,0.0,3726.400,819.400,0.200,0.0,0.0,5173137408.0,2138112.0,70899392512.0,92705525760.0,0.0,0.0,0.0,7372.800,3721.800,819.400,0.215,0.585,99.179,0.010,0.0,0.010,1493159672.689,
0.310,0.841,98.804,0.010,0.0,0.035,0.0,8192.0,242214.400,311250191.600,0.0,0.0,4951.800,1117.400,0.400,0.0,0.800,5354536960.0,2146304.0,70899396608.0,92524113920.0,0.0,0.0,0.0,8192.0,4951.200,1117.400,0.305,0.841,98.809,0.010,0.0,0.035,1493159677.689,
0.250,0.796,98.919,0.010,0.0,0.025,0.0,10649.600,218533.0,315399838.200,0.0,0.0,4519.400,1022.400,0.200,0.0,0.400,5299097600.0,2162688.0,70899396608.0,92579536896.0,0.0,0.0,0.0,10649.600,4523.0,1022.600,0.250,0.801,98.914,0.010,0.0,0.025,1493159682.689,
0.270,0.695,99.014,0.010,0.0,0.010,0.0,4915.200,176355.200,297266571.400,0.0,0.0,4256.400,924.0,0.600,0.0,0.400,5172817920.0,2170880.0,70899396608.0,92705808384.0,0.0,0.0,0.0,4915.200,4253.400,924.0,0.270,0.690,99.019,0.010,0.0,0.010,1493159687.689,
0.325,0.996,98.654,0.0,0.0,0.025,0.0,4096.0,281441.200,356486386.200,0.0,0.0,5366.800,1176.600,0.600,0.0,0.400,5259743232.0,2179072.0,70899400704.0,92618870784.0,0.0,0.0,0.0,4096.0,5370.200,1176.800,0.330,0.996,98.649,0.0,0.0,0.025,1493159692.689,
0.310,0.771,98.889,0.015,0.0,0.015,0.0,17203.200,206870.600,302514791.600,0.0,0.0,4397.400,1003.400,0.400,0.0,0.400,5238247424.0,2195456.0,70899392512.0,92640358400.0,0.0,0.0,0.0,17203.200,4399.0,1003.0,0.305,0.771,98.894,0.015,0.0,0.015,1493159697.689,
0.285,0.831,98.859,0.005,0.0,0.020,0.0,4915.200,234778.600,315225876.200,0.0,0.0,4756.800,1038.400,0.400,0.0,0.800,5163606016.0,2203648.0,70899404800.0,92714979328.0,0.0,0.0,0.0,4915.200,4751.400,1038.800,0.290,0.831,98.854,0.005,0.0,0.020,1493159702.689,
0.280,0.776,98.924,0.010,0.0,0.010,0.0,13107.200,172840.600,277169436.0,0.0,0.0,3954.0,944.800,0.200,0.0,0.0,5222494208.0,2220032.0,70899408896.0,92656070656.0,0.0,0.0,0.0,13107.200,3953.800,944.600,0.275,0.776,98.929,0.010,0.0,0.010,1493159707.689,
0.326,0.972,98.688,0.0,0.0,0.015,0.0,4915.200,273016.200,359749818.800,0.0,0.0,6326.400,1165.0,0.400,0.0,0.800,5250469888.0,2228224.0,70899412992.0,92628082688.0,0.0,0.0,0.0,4915.200,6326.800,1164.800,0.326,0.977,98.683,0.0,0.0,0.015,1493159712.689,
0.340,0.936,98.713,0.005,0.0,0.005,0.0,7372.800,250905.0,342823532.0,0.0,0.0,6765.600,1071.800,0.200,0.0,0.0,5264146432.0,2244608.0,70899412992.0,92614389760.0,0.0,0.0,0.0,7372.800,6767.0,1072.0,0.340,0.931,98.718,0.005,0.0,0.005,1493159717.689,
0.265,0.721,99.014,0.0,0.0,0.0,0.0,0.0,154387.400,280317506.600,0.0,0.0,4614.600,927.0,0.600,0.0,0.800,5152423936.0,2244608.0,70899417088.0,92726108160.0,0.0,0.0,0.0,0.0,4612.800,926.800,0.265,0.721,99.014,0.0,0.0,0.0,1493159722.689,
0.245,0.696,99.029,0.010,0.0,0.020,0.0,13926.400,187527.0,262654763.600,0.0,0.0,5164.800,912.200,0.200,0.0,0.400,5148549120.0,2260992.0,70899421184.0,92729962496.0,0.0,0.0,0.0,13926.400,5164.800,912.200,0.245,0.696,99.029,0.010,0.0,0.020,1493159727.689,
0.270,0.791,98.923,0.005,0.0,0.010,0.0,17203.200,194575.600,284266990.0,0.0,0.0,5459.200,975.800,0.800,0.0,0.400,5179351040.0,2277376.0,70899412992.0,92699152384.0,0.0,0.0,0.0,17203.200,5466.400,976.200,0.270,0.796,98.918,0.005,0.0,0.010,1493159732.689,
0.320,0.851,98.809,0.0,0.0,0.020,0.0,8192.0,161099.0,275976616.800,0.0,0.0,4770.400,1008.800,0.800,0.0,0.800,5379002368.0,2285568.0,70899425280.0,92499480576.0,0.0,0.0,0.0,8192.0,4767.400,1010.600,0.325,0.846,98.809,0.0,0.0,0.020,1493159737.689,
0.315,0.956,98.713,0.005,0.0,0.010,0.0,7372.800,208392.400,334544524.800,0.0,0.0,6013.600,1112.600,0.400,0.0,0.0,5437825024.0,2301952.0,70899425280.0,92440641536.0,0.0,0.0,0.0,7372.800,6015.0,1110.600,0.310,0.961,98.713,0.005,0.0,0.010,1493159742.689,
0.310,0.816,98.849,0.005,0.0,0.020,0.0,8192.0,180859.800,303579579.0,0.0,0.0,4592.400,1009.400,0.400,0.0,0.800,5370875904.0,2310144.0,70899429376.0,92507578368.0,0.0,0.0,0.0,8192.0,4586.800,1009.200,0.310,0.811,98.854,0.005,0.0,0.020,1493159747.689,
0.250,0.736,98.984,0.010,0.0,0.020,0.0,2457.600,130247.0,266955498.0,0.0,0.0,3590.400,894.600,0.0,0.0,0.0,5427638272.0,2318336.0,70899433472.0,92450803712.0,0.0,0.0,0.0,2457.600,3594.600,894.800,0.250,0.736,98.984,0.010,0.0,0.020,1493159752.689,
0.295,0.741,98.944,0.015,0.0,0.005,0.0,8192.0,149449.200,275575432.600,0.0,0.0,3839.600,962.600,0.0,0.0,0.800,5415493632.0,2326528.0,70899433472.0,92462940160.0,0.0,0.0,0.0,8192.0,3838.200,962.400,0.295,0.746,98.939,0.015,0.0,0.005,1493159757.689,
0.300,0.861,98.804,0.015,0.0,0.020,0.0,9011.200,203249.800,313387390.0,0.0,0.0,4595.800,1050.600,0.400,0.0,0.800,5404446720.0,2342912.0,70899433472.0,92473970688.0,0.0,0.0,0.0,9011.200,4601.0,1051.400,0.305,0.855,98.805,0.015,0.0,0.020,1493159762.689,
0.285,0.761,98.919,0.020,0.0,0.015,0.0,13107.200,174252.800,302431283.0,0.0,0.0,4165.0,969.200,0.400,0.0,0.0,5360271360.0,2359296.0,70899429376.0,92518133760.0,0.0,0.0,0.0,13107.200,4161.400,970.600,0.280,0.761,98.923,0.020,0.0,0.015,1493159767.689,
0.255,0.826,98.889,0.005,0.0,0.025,0.0,9830.400,208390.200,310902024.400,0.0,0.0,4449.800,1010.400,0.0,0.0,0.800,5303508992.0,2367488.0,70899441664.0,92574875648.0,0.0,0.0,0.0,9830.400,4445.400,1008.200,0.255,0.826,98.889,0.005,0.0,0.025,1493159772.689,
0.250,0.756,98.959,0.015,0.0,0.020,0.0,7372.800,179976.800,298754238.600,0.0,0.0,4436.200,905.800,0.600,0.0,0.0,5187239936.0,2383872.0,70899437568.0,92691132416.0,0.0,0.0,0.0,7372.800,4445.400,906.200,0.250,0.756,98.959,0.015,0.0,0.020,1493159777.689,
0.340,0.956,98.684,0.005,0.0,0.015,0.0,8192.0,215831.800,308387480.600,0.0,0.0,5912.600,1108.0,1.0,0.0,0.800,5377265664.0,2392064.0,70899437568.0,92501098496.0,0.0,0.0,0.0,8192.0,5908.0,1109.200,0.340,0.956,98.684,0.005,0.0,0.015,1493159782.689,
0.330,0.946,98.708,0.005,0.0,0.010,0.0,2457.600,233021.800,336524611.200,0.0,0.0,6307.0,1059.0,0.800,0.0,0.600,5337178112.0,2400256.0,70899445760.0,92541169664.0,0.0,0.0,0.0,2457.600,6302.400,1057.400,0.335,0.946,98.704,0.005,0.0,0.010,1493159787.689,
0.205,0.510,99.274,0.010,0.0,0.0,0.0,4915.200,108656.0,217873796.200,0.0,0.0,3417.200,685.200,0.200,0.0,0.400,5120794624.0,2408448.0,70899453952.0,92757536768.0,0.0,0.0,0.0,4915.200,3417.400,685.200,0.200,0.515,99.274,0.010,0.0,0.0,1493159792.689,
