"Dstat 0.7.2 CSV output"
"Author:","Dag Wieers <dag@wieers.com>",,,,"URL:","http://dag.wieers.com/home-made/dstat/"
"Host:","osd1.skyhook-4osds.skyhook-pg0.wisc.cloudlab.us",,,,"User:","jlefevre"
"Cmdline:","dstat -av --epoch --integer --noheaders --output dstat-osd1.log 5",,,,"Date:","25 Apr 2017 14:10:17 CDT"

"total cpu usage",,,,,,"dsk/total",,"net/total",,"paging",,"system",,"procs",,,"memory usage",,,,"paging",,"dsk/total",,"system",,"total cpu usage",,,,,,"epoch"
"usr","sys","idl","wai","hiq","siq","read","writ","recv","send","in","out","int","csw","run","blk","new","used","buff","cach","free","in","out","read","writ","int","csw","usr","sys","idl","wai","hiq","siq","epoch"
0.015,0.0,99.980,0.005,0.0,0.0,0.0,2457.600,3496.0,12669.0,0.0,0.0,150.800,144.400,0.0,0.0,0.0,3517751296.0,1339392.0,34882486272.0,1.30378616832e+11,0.0,0.0,0.0,2457.600,150.800,144.400,0.015,0.005,99.975,0.005,0.0,0.0,1493166497.192,
0.865,0.350,98.775,0.0,0.0,0.010,0.0,0.0,74731.600,52957079.800,0.0,0.0,2350.400,377.800,0.200,0.0,0.0,3753644032.0,1339392.0,34882486272.0,1.30142724096e+11,0.0,0.0,0.0,0.0,2356.600,377.800,0.870,0.345,98.775,0.0,0.0,0.010,1493166502.192,
2.067,0.961,96.922,0.010,0.0,0.040,0.0,3276.800,368032.200,279549472.200,0.0,0.0,10426.600,895.800,1.0,0.0,0.0,3532902400.0,1347584.0,34882486272.0,1.30363457536e+11,0.0,0.0,0.0,3276.800,10428.400,896.0,2.062,0.961,96.927,0.010,0.0,0.040,1493166507.192,
2.544,1.102,96.305,0.005,0.0,0.045,0.0,4915.200,393259.400,298388357.400,0.0,0.0,10794.400,1040.0,1.600,0.0,0.0,3561644032.0,1355776.0,34882486272.0,1.30334707712e+11,0.0,0.0,0.0,4915.200,10787.0,1039.800,2.553,1.101,96.295,0.005,0.0,0.045,1493166512.192,
2.433,0.961,96.576,0.0,0.0,0.030,0.0,0.0,364016.400,275247413.800,0.0,0.0,10391.0,937.600,1.200,0.0,0.0,3557056512.0,1355776.0,34882486272.0,1.30339295232e+11,0.0,0.0,0.0,0.0,10397.600,938.0,2.423,0.966,96.581,0.0,0.0,0.030,1493166517.192,
2.875,1.227,95.858,0.005,0.0,0.035,0.0,2457.600,422410.800,327484073.600,0.0,0.0,11941.600,1096.400,1.600,0.0,0.0,3596279808.0,1363968.0,34882486272.0,1.30300063744e+11,0.0,0.0,0.0,2457.600,11941.800,1096.800,2.885,1.222,95.853,0.005,0.0,0.035,1493166522.192,
2.382,1.076,96.522,0.0,0.0,0.020,0.0,0.0,363208.600,263507180.400,0.0,0.0,10670.600,955.800,1.200,0.0,0.0,3615154176.0,1363968.0,34882486272.0,1.30281189376e+11,0.0,0.0,0.0,0.0,10669.800,955.0,2.377,1.081,96.522,0.0,0.0,0.020,1493166527.192,
2.323,1.026,96.616,0.010,0.0,0.025,0.0,2457.600,391897.0,281421255.400,0.0,0.0,11242.400,950.400,1.200,0.0,0.0,3549392896.0,1372160.0,34882486272.0,1.30346942464e+11,0.0,0.0,0.0,2457.600,11242.600,951.400,2.318,1.021,96.625,0.010,0.0,0.025,1493166532.192,
2.701,1.243,96.052,0.0,0.0,0.005,0.0,0.0,411280.200,323384762.200,0.0,0.0,12146.400,1058.400,2.0,0.0,0.0,3542863872.0,1372160.0,34882486272.0,1.30353471488e+11,0.0,0.0,0.0,0.0,12139.800,1057.400,2.705,1.242,96.047,0.0,0.0,0.005,1493166537.192,
2.483,1.046,96.420,0.010,0.0,0.040,0.0,4096.0,405210.0,291838389.400,0.0,0.0,11199.400,1011.800,1.0,0.0,0.0,3537915904.0,1380352.0,34882490368.0,1.30358407168e+11,0.0,0.0,0.0,4096.0,11199.600,1012.200,2.483,1.046,96.420,0.010,0.0,0.040,1493166542.192,
2.798,1.191,95.965,0.005,0.0,0.040,0.0,4915.200,400103.800,317006615.400,0.0,0.0,11492.200,1076.600,1.400,0.0,0.0,3609878528.0,1388544.0,34882490368.0,1.30286436352e+11,0.0,0.0,0.0,4915.200,11499.600,1076.800,2.804,1.191,95.960,0.005,0.0,0.040,1493166547.192,
2.964,1.312,95.700,0.0,0.0,0.025,0.0,0.0,435062.800,346261244.200,0.0,0.0,12754.600,1127.400,1.400,0.0,0.0,3536121856.0,1388544.0,34882490368.0,1.30360193024e+11,0.0,0.0,0.0,0.0,12752.200,1127.0,2.954,1.312,95.710,0.0,0.0,0.025,1493166552.192,
2.463,1.021,96.480,0.005,0.0,0.030,0.0,2457.600,359487.0,283007081.200,0.0,0.0,10323.200,992.800,1.600,0.0,0.0,3578494976.0,1396736.0,34882490368.0,1.30317811712e+11,0.0,0.0,0.0,2457.600,10319.200,993.0,2.473,1.021,96.470,0.005,0.0,0.030,1493166557.192,
2.704,1.157,96.084,0.0,0.0,0.055,0.0,0.0,429077.600,303933919.400,0.0,0.0,12255.400,1071.200,1.400,0.0,0.0,3641917440.0,1396736.0,34882490368.0,1.30254389248e+11,0.0,0.0,0.0,0.0,12257.800,1071.200,2.704,1.157,96.085,0.0,0.0,0.055,1493166562.192,
2.634,1.096,96.230,0.010,0.0,0.030,0.0,2457.600,430418.400,315194218.800,0.0,0.0,12259.400,1041.0,2.400,0.0,0.0,3544616960.0,1404928.0,34882490368.0,1.30351681536e+11,0.0,0.0,0.0,2457.600,12261.800,1042.600,2.624,1.097,96.240,0.010,0.0,0.030,1493166567.192,
2.568,1.051,96.360,0.0,0.0,0.020,0.0,0.0,392325.800,294757988.800,0.0,0.0,11534.800,1017.800,1.400,0.0,0.0,3542491136.0,1404928.0,34882490368.0,1.3035380736e+11,0.0,0.0,0.0,0.0,11529.0,1016.200,2.569,1.051,96.360,0.0,0.0,0.020,1493166572.192,
2.719,1.147,96.120,0.005,0.0,0.010,0.0,3276.800,405522.400,310429931.0,0.0,0.0,11752.600,1066.600,1.800,0.0,0.0,3595603968.0,1413120.0,34882490368.0,1.30300686336e+11,0.0,0.0,0.0,3276.800,11760.600,1066.800,2.729,1.146,96.110,0.005,0.0,0.010,1493166577.192,
2.582,1.116,96.262,0.010,0.0,0.030,0.0,4915.200,371261.200,295655774.800,0.0,0.0,8860.400,1010.600,1.600,0.0,0.0,3637112832.0,1421312.0,34882490368.0,1.3025916928e+11,0.0,0.0,0.0,4915.200,8857.200,1010.600,2.582,1.116,96.262,0.010,0.0,0.030,1493166582.192,
2.753,1.186,96.025,0.0,0.0,0.035,0.0,0.0,422705.600,319753898.200,0.0,0.0,8336.0,1072.400,1.600,0.0,0.0,3606204416.0,1421312.0,34882490368.0,1.30290077696e+11,0.0,0.0,0.0,0.0,8332.200,1072.200,2.748,1.191,96.026,0.0,0.0,0.035,1493166587.192,
3.160,1.392,95.418,0.005,0.0,0.025,0.0,2457.600,431141.600,307867846.800,0.0,0.0,11500.200,1155.600,1.400,0.0,0.0,3876917248.0,1429504.0,34882490368.0,1.30019356672e+11,0.0,0.0,0.0,2457.600,11505.0,1156.800,3.160,1.387,95.423,0.005,0.0,0.025,1493166592.192,
2.223,0.996,96.751,0.0,0.0,0.030,0.0,0.0,404736.200,311839927.0,0.0,0.0,9610.400,956.0,0.800,0.0,0.0,3560443904.0,1429504.0,34882490368.0,1.30335830016e+11,0.0,0.0,0.0,0.0,9607.800,954.400,2.218,0.996,96.756,0.0,0.0,0.030,1493166597.192,
2.325,1.095,96.519,0.005,0.0,0.055,0.0,2457.600,397531.400,273314304.800,0.0,0.0,9533.600,930.200,1.600,0.0,0.0,3585114112.0,1437696.0,34882490368.0,1.30311151616e+11,0.0,0.0,0.0,2457.600,9531.0,930.600,2.331,1.095,96.514,0.005,0.0,0.055,1493166602.192,
2.483,1.051,96.410,0.0,0.0,0.055,0.0,0.0,397745.200,276833426.400,0.0,0.0,11743.400,1003.200,1.600,0.0,0.0,3607453696.0,1437696.0,34882490368.0,1.30288812032e+11,0.0,0.0,0.0,0.0,11747.800,1003.0,2.483,1.051,96.411,0.0,0.0,0.055,1493166607.192,
2.604,1.172,96.200,0.010,0.0,0.015,0.0,3276.800,409915.400,312510955.800,0.0,0.0,8790.200,1053.600,2.0,0.0,0.0,3572445184.0,1445888.0,34882490368.0,1.30323812352e+11,0.0,0.0,0.0,3276.800,8796.400,1054.200,2.603,1.172,96.200,0.010,0.0,0.015,1493166612.192,
2.689,1.152,96.129,0.005,0.0,0.025,0.0,2457.600,365595.600,300370336.0,0.0,0.0,9181.600,1031.400,1.800,0.0,0.0,3680911360.0,1454080.0,34882490368.0,1.30215337984e+11,0.0,0.0,0.0,2457.600,9174.600,1030.800,2.689,1.157,96.124,0.005,0.0,0.025,1493166617.192,
2.423,1.046,96.501,0.0,0.0,0.030,0.0,0.0,422989.0,285381187.400,0.0,0.0,10775.0,971.0,2.600,0.0,0.0,3600506880.0,1454080.0,34882494464.0,1.30295738368e+11,0.0,0.0,0.0,0.0,10776.400,970.800,2.422,1.041,96.507,0.0,0.0,0.030,1493166622.192,
