"Dstat 0.7.2 CSV output"
"Author:","Dag Wieers <dag@wieers.com>",,,,"URL:","http://dag.wieers.com/home-made/dstat/"
"Host:","osd0.skyhook-4osds.skyhook-pg0.wisc.cloudlab.us",,,,"User:","jlefevre"
"Cmdline:","dstat -av --epoch --integer --noheaders --output dstat-osd0.log 5",,,,"Date:","25 Apr 2017 14:10:10 CDT"

"total cpu usage",,,,,,"dsk/total",,"net/total",,"paging",,"system",,"procs",,,"memory usage",,,,"paging",,"dsk/total",,"system",,"total cpu usage",,,,,,"epoch"
"usr","sys","idl","wai","hiq","siq","read","writ","recv","send","in","out","int","csw","run","blk","new","used","buff","cach","free","in","out","read","writ","int","csw","usr","sys","idl","wai","hiq","siq","epoch"
0.030,0.015,99.950,0.005,0.0,0.0,0.0,4915.200,4017.0,12865.0,0.0,0.0,206.400,222.600,0.600,0.0,0.400,3269357568.0,1531904.0,132870144.0,1.65376434176e+11,0.0,0.0,0.0,4915.200,206.400,222.600,0.035,0.015,99.945,0.005,0.0,0.0,1493154095.776,
0.245,0.485,96.608,2.651,0.0,0.010,178379161.600,10649.600,20487.400,17708244.800,0.0,0.0,2308.200,3133.0,0.400,1.800,0.800,3310571520.0,1548288.0,1024901120.0,1.64443172864e+11,0.0,0.0,178630656.0,10649.600,2311.0,3136.200,0.245,0.485,96.604,2.656,0.0,0.010,1493154100.776,
0.506,1.101,92.215,6.163,0.0,0.015,405633433.600,0.0,41891.600,43030683.400,0.0,0.0,4876.0,6923.0,0.200,4.200,0.400,3285520384.0,1548288.0,3050622976.0,1.62442502144e+11,0.0,0.0,405591654.400,0.0,4874.400,6922.600,0.501,1.102,92.214,6.169,0.0,0.015,1493154105.776,
0.481,0.982,92.543,5.969,0.0,0.025,406519808.0,10649.600,42200.200,42508450.800,0.0,0.0,4668.600,6822.0,0.600,2.400,0.0,3284234240.0,1564672.0,5086625792.0,1.60407769088e+11,0.0,0.0,406546022.400,10649.600,4669.0,6822.200,0.486,0.982,92.544,5.963,0.0,0.025,1493154110.776,
0.401,0.887,94.070,4.613,0.0,0.030,356809932.800,4915.200,39016.200,36825447.400,0.0,0.0,4126.400,6032.600,0.800,3.800,0.400,3308404736.0,1572864.0,6869966848.0,1.58600249344e+11,0.0,0.0,356836147.200,4915.200,4127.400,6033.400,0.401,0.891,94.061,4.617,0.0,0.030,1493154115.776,
0.446,0.917,94.365,4.257,0.0,0.015,371583385.600,17203.200,36100.400,38633965.600,0.0,0.0,4208.400,6212.400,0.400,3.200,0.0,3323109376.0,1589248.0,8727556096.0,1.56727939072e+11,0.0,0.0,371583385.600,17203.200,4207.200,6211.400,0.446,0.912,94.370,4.258,0.0,0.015,1493154120.776,
0.426,0.902,94.883,3.769,0.0,0.020,368684236.800,6553.600,37290.200,38370294.800,0.0,0.0,4255.400,6248.400,0.200,3.200,0.400,3337506816.0,1597440.0,10571993088.0,1.54869096448e+11,0.0,0.0,368736665.600,6553.600,4255.600,6249.600,0.426,0.907,94.878,3.769,0.0,0.020,1493154125.776,
0.561,1.207,92.641,5.565,0.0,0.025,433513267.200,9830.400,39595.800,46331957.200,0.0,0.0,4999.800,7332.400,0.800,3.400,0.400,3294511104.0,1613824.0,12737560576.0,1.52746508288e+11,0.0,0.0,433460838.400,9830.400,4999.600,7331.0,0.556,1.207,92.656,5.556,0.0,0.025,1493154130.776,
0.557,1.223,91.863,6.347,0.0,0.010,451070361.600,0.0,42218.800,46540413.800,0.0,0.0,5186.400,7676.800,0.800,5.200,0.600,3329777664.0,1613824.0,14994403328.0,1.50454398976e+11,0.0,0.0,451070361.600,0.0,5186.400,7678.0,0.561,1.223,91.849,6.357,0.0,0.010,1493154135.776,
0.411,0.897,94.174,4.493,0.0,0.025,358120652.800,10649.600,34724.400,36840215.200,0.0,0.0,3984.400,6007.0,0.200,3.800,0.0,3359465472.0,1630208.0,16785133568.0,1.48633964544e+11,0.0,0.0,358173081.600,10649.600,3985.0,6007.0,0.411,0.892,94.179,4.493,0.0,0.025,1493154140.776,
0.576,1.363,90.376,7.669,0.0,0.015,477808230.400,8192.0,45102.800,50096030.400,0.0,0.0,5773.400,8113.800,0.800,6.800,0.400,3357679616.0,1638400.0,19173146624.0,1.46247729152e+11,0.0,0.0,477782016.0,8192.0,5773.800,8113.600,0.571,1.368,90.376,7.669,0.0,0.015,1493154145.776,
0.586,1.434,88.717,9.228,0.0,0.035,493997260.800,7372.800,45798.400,51909425.600,0.0,0.0,5654.600,8418.0,1.200,6.800,0.0,3348410368.0,1654784.0,21643788288.0,1.43786340352e+11,0.0,0.0,493997260.800,7372.800,5653.800,8417.800,0.587,1.434,88.719,9.225,0.0,0.035,1493154150.776,
0.591,1.303,91.469,6.617,0.0,0.020,458353049.600,5734.400,47259.600,48147301.600,0.0,0.0,5292.600,7758.400,1.0,4.800,0.400,3345534976.0,1662976.0,23935164416.0,1.41497831424e+11,0.0,0.0,458353049.600,5734.400,5292.800,7757.600,0.591,1.303,91.470,6.616,0.0,0.020,1493154155.776,
0.496,1.123,92.768,5.598,0.0,0.015,443065958.400,15564.800,43822.400,46013520.400,0.0,0.0,5028.600,7499.400,0.600,3.800,0.400,3362086912.0,1679360.0,26149261312.0,1.39267166208e+11,0.0,0.0,443070873.600,15564.800,5031.0,7501.400,0.506,1.127,92.755,5.596,0.0,0.015,1493154160.776,
0.566,1.233,91.099,7.077,0.0,0.025,471407001.600,7372.800,43720.400,49501364.200,0.0,0.0,5400.400,7998.0,0.400,5.800,0.400,3359367168.0,1695744.0,28507320320.0,1.3691181056e+11,0.0,0.0,471375872.0,7372.800,5397.800,7996.400,0.562,1.228,91.111,7.074,0.0,0.025,1493154165.776,
0.481,1.118,93.094,5.282,0.0,0.025,434074419.200,0.0,41062.600,46007380.400,0.0,0.0,4958.400,7371.0,0.400,4.0,0.400,3337129984.0,1695744.0,30677106688.0,1.34764261376e+11,0.0,0.0,433995776.0,0.0,4958.600,7372.200,0.481,1.117,93.095,5.281,0.0,0.025,1493154170.776,
0.451,1.042,94.915,3.582,0.0,0.010,389806489.600,10649.600,37990.200,40682745.600,0.0,0.0,4488.0,6511.400,0.400,3.400,0.0,3344633856.0,1712128.0,32625643520.0,1.32808204288e+11,0.0,0.0,389885132.800,10649.600,4487.600,6510.200,0.451,1.042,94.911,3.587,0.0,0.010,1493154175.776,
0.085,0.185,99.300,0.430,0.0,0.0,67314483.200,8192.0,8026.400,7377083.200,0.0,0.0,878.400,1252.800,0.0,0.800,0.400,3323924480.0,1720320.0,32963620864.0,1.32490928128e+11,0.0,0.0,67052339.200,8192.0,877.0,1249.800,0.080,0.180,99.314,0.425,0.0,0.0,1493154180.776,
