"Dstat 0.7.2 CSV output"
"Author:","Dag Wieers <dag@wieers.com>",,,,"URL:","http://dag.wieers.com/home-made/dstat/"
"Host:","osd1.skyhook-4osds.skyhook-pg0.wisc.cloudlab.us",,,,"User:","jlefevre"
"Cmdline:","dstat -av --epoch --integer --noheaders --output dstat-osd1.log 5",,,,"Date:","25 Apr 2017 14:10:17 CDT"

"total cpu usage",,,,,,"dsk/total",,"net/total",,"paging",,"system",,"procs",,,"memory usage",,,,"paging",,"dsk/total",,"system",,"total cpu usage",,,,,,"epoch"
"usr","sys","idl","wai","hiq","siq","read","writ","recv","send","in","out","int","csw","run","blk","new","used","buff","cach","free","in","out","read","writ","int","csw","usr","sys","idl","wai","hiq","siq","epoch"
0.025,0.005,99.965,0.005,0.0,0.0,819.200,0.0,3546.0,14081.800,0.0,0.0,179.800,211.0,0.0,0.0,0.400,3439181824.0,1310720.0,162095104.0,1.65177606144e+11,0.0,0.0,819.200,0.0,179.800,211.0,0.025,0.005,99.965,0.005,0.0,0.0,1493164837.192,
2.147,0.771,93.644,3.398,0.0,0.040,280839782.400,7372.800,29764.0,28726371.200,0.0,0.0,3649.400,4784.0,1.200,3.200,0.0,3486736384.0,1327104.0,1567014912.0,1.63725115392e+11,0.0,0.0,281049497.600,7372.800,3651.800,4786.800,2.152,0.776,93.630,3.403,0.0,0.040,1493164842.192,
3.130,1.047,91.291,4.482,0.0,0.050,378576896.0,4915.200,38846.200,40686245.200,0.0,0.0,5156.200,6395.200,1.200,2.600,0.0,3455156224.0,1335296.0,3458637824.0,1.61865064448e+11,0.0,0.0,378603110.400,4915.200,5156.600,6396.200,3.130,1.047,91.291,4.482,0.0,0.050,1493164847.192,
3.280,1.087,90.374,5.204,0.0,0.055,400574873.600,7372.800,38960.400,41918527.800,0.0,0.0,5375.400,6682.400,1.200,4.400,0.400,3478302720.0,1351680.0,5462679552.0,1.5983785984e+11,0.0,0.0,400627302.400,7372.800,5376.600,6682.600,3.276,1.082,90.378,5.209,0.0,0.055,1493164852.192,
3.387,1.132,90.666,4.775,0.0,0.040,402246860.800,7372.800,38379.800,43348588.200,0.0,0.0,5301.600,6773.400,3.0,3.0,0.0,3464765440.0,1359872.0,7472742400.0,1.5784132608e+11,0.0,0.0,402194432.0,7372.800,5298.800,6771.600,3.387,1.132,90.672,4.769,0.0,0.040,1493164857.192,
3.076,0.997,92.700,3.202,0.0,0.025,360972288.0,5734.400,35094.600,37701332.600,0.0,0.0,4816.200,6101.600,1.600,2.800,0.400,3498577920.0,1368064.0,9277952000.0,1.56002295808e+11,0.0,0.0,360998502.400,5734.400,4817.400,6102.400,3.081,0.997,92.696,3.201,0.0,0.025,1493164862.192,
3.335,1.102,91.037,4.487,0.0,0.040,401240883.200,9011.200,39561.0,42529465.400,0.0,0.0,5276.400,6711.800,2.400,3.200,0.0,3500392448.0,1376256.0,11285020672.0,1.53993404416e+11,0.0,0.0,401240883.200,9011.200,5276.200,6712.400,3.330,1.107,91.041,4.482,0.0,0.040,1493164867.192,
3.778,1.237,89.394,5.551,0.0,0.040,425534259.200,5734.400,47066.600,45307661.800,0.0,0.0,5844.600,7175.0,1.800,3.0,0.0,3486179328.0,1392640.0,13411979264.0,1.5188064256e+11,0.0,0.0,425508044.800,5734.400,5855.800,7178.800,3.778,1.238,89.393,5.551,0.0,0.040,1493164872.192,
3.753,1.243,88.531,6.413,0.0,0.060,465970790.400,0.0,49881.800,49498956.200,0.0,0.0,6062.200,7829.200,2.200,4.200,0.0,3505483776.0,1392640.0,15741587456.0,1.4953172992e+11,0.0,0.0,466023219.200,0.0,6050.800,7824.400,3.752,1.242,88.523,6.423,0.0,0.060,1493164877.192,
3.593,1.173,89.732,5.462,0.0,0.040,439616307.200,2457.600,42383.600,46118920.400,0.0,0.0,6032.400,7338.800,2.0,5.0,0.0,3530768384.0,1400832.0,17941635072.0,1.47306389504e+11,0.0,0.0,439616307.200,2457.600,6032.400,7339.600,3.598,1.168,89.733,5.462,0.0,0.040,1493164882.192,
3.270,1.122,90.419,5.123,0.0,0.065,393396224.0,0.0,40347.200,42192607.600,0.0,0.0,5197.0,6645.0,1.400,1.800,0.0,3515047936.0,1400832.0,19905839104.0,1.4535790592e+11,0.0,0.0,393317580.800,0.0,5197.200,6644.200,3.271,1.122,90.423,5.119,0.0,0.065,1493164887.192,
3.793,1.343,88.000,6.819,0.0,0.045,451333324.800,2457.600,45996.0,47541952.600,0.0,0.0,6263.200,7580.400,2.800,5.200,0.0,3530952704.0,1409024.0,22163873792.0,1.43083958272e+11,0.0,0.0,451359539.200,2457.600,6263.400,7581.200,3.793,1.343,88.000,6.819,0.0,0.045,1493164892.192,
4.063,1.378,87.191,7.299,0.0,0.070,459244339.200,4096.0,49227.400,48442815.0,0.0,0.0,6172.0,7715.800,1.400,6.200,0.0,3552833536.0,1409024.0,24460652544.0,1.40765298688e+11,0.0,0.0,459244339.200,4096.0,6172.400,7715.600,4.063,1.378,87.185,7.304,0.0,0.070,1493164897.192,
3.884,1.358,86.753,7.904,0.0,0.100,467276595.200,4096.0,48737.600,49381030.600,0.0,0.0,6193.800,7887.200,1.400,7.600,0.0,3569451008.0,1417216.0,26795880448.0,1.3841344512e+11,0.0,0.0,467329024.0,4096.0,6192.600,7887.600,3.879,1.358,86.758,7.904,0.0,0.100,1493164902.192,
3.619,1.173,89.896,5.252,0.0,0.060,409260851.200,0.0,36013.400,44636449.600,0.0,0.0,5332.200,6866.800,1.0,3.800,0.0,3516223488.0,1417216.0,28841594880.0,1.36420958208e+11,0.0,0.0,409208422.400,0.0,5332.200,6865.600,3.618,1.178,89.897,5.247,0.0,0.060,1493164907.192,
3.466,1.177,90.719,4.588,0.0,0.050,402923520.0,8192.0,43441.400,41911397.600,0.0,0.0,5245.600,6763.0,2.600,3.200,0.0,3548368896.0,1425408.0,30856531968.0,1.3437386752e+11,0.0,0.0,402897305.600,8192.0,5250.800,6766.200,3.471,1.172,90.719,4.588,0.0,0.050,1493164912.192,
3.696,1.247,89.860,5.128,0.0,0.070,419300966.400,0.0,46114.600,45800809.200,0.0,0.0,5586.0,7009.400,1.800,2.600,0.0,3502321664.0,1425408.0,32953901056.0,1.32322545664e+11,0.0,0.0,419327180.800,0.0,5581.400,7007.200,3.691,1.247,89.864,5.128,0.0,0.070,1493164917.192,
3.194,1.131,90.889,4.736,0.0,0.050,385776025.600,2457.600,38686.200,40969973.400,0.0,0.0,5118.800,6456.200,1.0,3.0,0.0,3500335104.0,1433600.0,34882637824.0,1.30395787264e+11,0.0,0.0,385540096.0,2457.600,5116.600,6452.800,3.199,1.131,90.890,4.730,0.0,0.050,1493164922.192,
