"Dstat 0.7.2 CSV output"
"Author:","Dag Wieers <dag@wieers.com>",,,,"URL:","http://dag.wieers.com/home-made/dstat/"
"Host:","client0.skyhook-4osds.skyhook-pg0.wisc.cloudlab.us",,,,"User:","jlefevre"
"Cmdline:","dstat -av --epoch --integer --noheaders --output dstat-client0.log 5",,,,"Date:","25 Apr 2017 14:10:01 CDT"

"total cpu usage",,,,,,"dsk/total",,"net/total",,"paging",,"system",,"procs",,,"memory usage",,,,"paging",,"dsk/total",,"system",,"total cpu usage",,,,,,"epoch"
"usr","sys","idl","wai","hiq","siq","read","writ","recv","send","in","out","int","csw","run","blk","new","used","buff","cach","free","in","out","read","writ","int","csw","usr","sys","idl","wai","hiq","siq","epoch"
0.075,0.025,99.744,0.151,0.0,0.005,0.0,156467.200,4573229.800,6106.200,0.0,0.0,1850.600,7790.0,0.400,0.200,1.0,5487218688.0,239300608.0,1.47411177472e+11,15642497024.0,0.0,0.0,0.0,156467.200,1850.600,7794.200,0.075,0.025,99.744,0.151,0.0,0.005,1493165141.201,
0.025,0.010,99.879,0.085,0.0,0.0,0.0,76185.600,44088.600,2103.0,0.0,0.0,1708.400,7415.800,0.0,0.0,0.0,5487067136.0,239304704.0,1.47411243008e+11,15642578944.0,0.0,0.0,0.0,76185.600,1708.0,7409.200,0.025,0.010,99.879,0.085,0.0,0.0,1493165146.201,
8.393,1.200,89.863,0.101,0.0,0.444,0.0,127795.200,795201869.0,1124896.800,0.0,0.0,24465.0,33822.800,4.0,0.200,5.0,5533544448.0,239312896.0,1.47411509248e+11,15595827200.0,0.0,0.0,0.0,127795.200,24470.0,33826.600,8.405,1.200,89.851,0.101,0.0,0.444,1493165151.201,
9.014,1.208,89.203,0.106,0.0,0.470,0.0,180224.0,942453422.600,1332210.600,0.0,0.0,23713.800,40203.200,4.600,0.0,0.0,5539876864.0,239316992.0,1.47411902464e+11,15589097472.0,0.0,0.0,0.0,180224.0,23720.800,40216.0,9.021,1.207,89.196,0.106,0.0,0.470,1493165156.201,
8.587,1.099,89.759,0.096,0.0,0.459,0.0,158924.800,957347273.800,1352914.800,0.0,0.0,23712.400,41460.800,4.400,0.0,0.0,5533257728.0,239325184.0,1.47412246528e+11,15595364352.0,0.0,0.0,0.0,158924.800,23709.400,41464.0,8.588,1.099,89.758,0.096,0.0,0.459,1493165161.201,
2.665,0.372,96.732,0.080,0.0,0.151,0.0,163020.800,296659983.600,388432.200,0.0,0.0,8182.200,17315.800,0.800,0.0,1.0,5490659328.0,239325184.0,1.47412615168e+11,15637594112.0,0.0,0.0,0.0,163020.800,8173.600,17300.0,2.650,0.372,96.747,0.080,0.0,0.151,1493165166.201,
