"Dstat 0.7.2 CSV output"
"Author:","Dag Wieers <dag@wieers.com>",,,,"URL:","http://dag.wieers.com/home-made/dstat/"
"Host:","osd0.skyhook-4osds.skyhook-pg0.wisc.cloudlab.us",,,,"User:","jlefevre"
"Cmdline:","dstat -av --epoch --integer --noheaders --output dstat-osd0.log 5",,,,"Date:","25 Apr 2017 14:10:10 CDT"

"total cpu usage",,,,,,"dsk/total",,"net/total",,"paging",,"system",,"procs",,,"memory usage",,,,"paging",,"dsk/total",,"system",,"total cpu usage",,,,,,"epoch"
"usr","sys","idl","wai","hiq","siq","read","writ","recv","send","in","out","int","csw","run","blk","new","used","buff","cach","free","in","out","read","writ","int","csw","usr","sys","idl","wai","hiq","siq","epoch"
0.020,0.005,99.975,0.0,0.0,0.0,0.0,2457.600,2118.600,12353.800,0.0,0.0,118.0,125.0,0.0,0.0,0.0,3324207104.0,2105344.0,32963674112.0,1.32490207232e+11,0.0,0.0,0.0,2457.600,118.0,125.0,0.025,0.005,99.970,0.0,0.0,0.0,1493151535.776,
0.090,0.195,99.710,0.0,0.0,0.005,0.0,0.0,32304.800,40744710.800,0.0,0.0,1074.0,326.0,0.200,0.0,0.200,3481231360.0,2105344.0,32963674112.0,1.32333182976e+11,0.0,0.0,0.0,0.0,1074.0,326.400,0.085,0.200,99.710,0.0,0.0,0.005,1493151540.776,
0.160,0.500,99.335,0.0,0.0,0.005,0.0,2457.600,66755.800,159090959.400,0.0,0.0,2842.600,600.800,0.0,0.0,0.0,3489452032.0,2113536.0,32963674112.0,1.32324954112e+11,0.0,0.0,0.0,2457.600,2842.600,600.400,0.165,0.500,99.330,0.0,0.0,0.005,1493151545.776,
0.135,0.420,99.440,0.0,0.0,0.005,0.0,0.0,79809.0,163251675.600,0.0,0.0,3125.0,574.0,0.400,0.0,0.400,3372470272.0,2113536.0,32963678208.0,1.32441931776e+11,0.0,0.0,0.0,0.0,3125.0,574.400,0.135,0.420,99.440,0.0,0.0,0.005,1493151550.776,
0.160,0.475,99.359,0.0,0.0,0.005,0.0,4096.0,77694.400,171196907.0,0.0,0.0,3213.0,645.600,1.200,0.0,0.200,3386216448.0,2121728.0,32963682304.0,1.32428173312e+11,0.0,0.0,0.0,4096.0,3215.800,645.600,0.160,0.470,99.364,0.0,0.0,0.005,1493151555.776,
0.155,0.465,99.340,0.025,0.0,0.015,25395.200,9830.400,77742.800,145649582.0,0.0,0.0,3057.200,633.800,0.0,0.0,0.200,3476766720.0,2138112.0,32963682304.0,1.32337606656e+11,0.0,0.0,25395.200,9830.400,3055.0,633.400,0.150,0.465,99.345,0.025,0.0,0.015,1493151560.776,
0.130,0.410,99.445,0.010,0.0,0.005,0.0,9830.400,53590.600,129544127.0,0.0,0.0,2370.0,510.600,0.200,0.0,0.0,3493408768.0,2146304.0,32963809280.0,1.3232082944e+11,0.0,0.0,0.0,9830.400,2371.800,510.600,0.130,0.410,99.445,0.010,0.0,0.005,1493151565.776,
0.110,0.305,99.575,0.010,0.0,0.0,0.0,2457.600,29222.400,120760620.800,0.0,0.0,1966.600,476.0,0.0,0.0,0.0,3391320064.0,2154496.0,32963809280.0,1.32422909952e+11,0.0,0.0,0.0,2457.600,1967.600,476.0,0.110,0.310,99.570,0.010,0.0,0.0,1493151570.776,
0.115,0.345,99.535,0.0,0.0,0.005,0.0,0.0,38732.200,130037595.400,0.0,0.0,2167.800,478.600,0.600,0.0,0.0,3375091712.0,2154496.0,32963809280.0,1.32439138304e+11,0.0,0.0,0.0,0.0,2164.400,478.600,0.115,0.345,99.535,0.0,0.0,0.005,1493151575.776,
0.145,0.375,99.470,0.005,0.0,0.005,0.0,2457.600,62147.0,140171821.0,0.0,0.0,2448.0,535.200,0.200,0.0,0.400,3343286272.0,2162688.0,32963809280.0,1.32470935552e+11,0.0,0.0,0.0,2457.600,2448.0,535.200,0.145,0.375,99.470,0.005,0.0,0.005,1493151580.776,
0.120,0.290,99.585,0.0,0.0,0.005,0.0,0.0,38015.600,110248227.600,0.0,0.0,1841.0,490.600,0.400,0.0,0.0,3363024896.0,2162688.0,32963813376.0,1.32451192832e+11,0.0,0.0,0.0,0.0,1841.0,491.0,0.125,0.290,99.580,0.0,0.0,0.005,1493151585.776,
0.125,0.340,99.520,0.015,0.0,0.0,0.0,9011.200,59374.800,124078746.0,0.0,0.0,2382.0,542.200,0.400,0.0,0.0,3385475072.0,2179072.0,32963813376.0,1.32428726272e+11,0.0,0.0,0.0,9011.200,2387.600,544.800,0.125,0.335,99.525,0.015,0.0,0.0,1493151590.776,
0.155,0.370,99.450,0.020,0.0,0.005,0.0,10649.600,68746.400,135290401.200,0.0,0.0,2588.200,520.0,0.200,0.0,0.0,3388739584.0,2195456.0,32963813376.0,1.32425445376e+11,0.0,0.0,0.0,10649.600,2582.800,517.400,0.150,0.370,99.455,0.020,0.0,0.005,1493151595.776,
0.120,0.395,99.480,0.0,0.0,0.005,0.0,5734.400,46045.200,126947061.600,0.0,0.0,2285.600,520.0,0.200,0.0,0.0,3392270336.0,2195456.0,32963813376.0,1.32421914624e+11,0.0,0.0,0.0,5734.400,2290.0,519.600,0.125,0.395,99.475,0.0,0.0,0.005,1493151600.776,
0.160,0.410,99.420,0.005,0.0,0.005,0.0,2457.600,78875.400,158301825.400,0.0,0.0,3027.200,563.200,0.400,0.0,0.0,3344703488.0,2203648.0,32963813376.0,1.3246947328e+11,0.0,0.0,0.0,2457.600,3022.600,563.600,0.160,0.415,99.415,0.005,0.0,0.005,1493151605.776,
0.125,0.355,99.515,0.0,0.0,0.005,0.0,0.0,66136.200,129136008.0,0.0,0.0,2388.0,536.800,0.200,0.0,0.0,3430211584.0,2203648.0,32963813376.0,1.32383965184e+11,0.0,0.0,0.0,0.0,2389.800,537.0,0.120,0.360,99.515,0.0,0.0,0.005,1493151610.776,
0.155,0.470,99.354,0.005,0.0,0.015,0.0,2457.600,87592.800,176426392.200,0.0,0.0,2927.800,668.600,0.200,0.0,0.0,3408113664.0,2211840.0,32963813376.0,1.32406054912e+11,0.0,0.0,0.0,2457.600,2926.200,668.0,0.155,0.465,99.359,0.005,0.0,0.015,1493151615.776,
0.170,0.480,99.350,0.0,0.0,0.0,0.0,0.0,80132.800,179405245.600,0.0,0.0,3122.0,613.0,0.200,0.0,0.400,3360960512.0,2211840.0,32963817472.0,1.32453203968e+11,0.0,0.0,0.0,0.0,3127.800,613.0,0.175,0.480,99.345,0.0,0.0,0.0,1493151620.776,
0.145,0.375,99.465,0.005,0.0,0.010,0.0,3276.800,36636.0,135504360.800,0.0,0.0,2136.400,545.800,0.200,0.0,0.0,3402883072.0,2220032.0,32963817472.0,1.32411273216e+11,0.0,0.0,0.0,3276.800,2133.800,545.800,0.145,0.370,99.470,0.005,0.0,0.010,1493151625.776,
0.135,0.385,99.445,0.020,0.0,0.015,0.0,7372.800,82740.800,144233599.600,0.0,0.0,2494.0,590.0,0.200,0.0,0.0,3369533440.0,2236416.0,32963813376.0,1.3244461056e+11,0.0,0.0,0.0,7372.800,2490.600,590.0,0.135,0.385,99.445,0.020,0.0,0.015,1493151630.776,
0.170,0.455,99.370,0.0,0.0,0.005,0.0,4915.200,79731.0,139205032.200,0.0,0.0,2326.800,594.0,0.0,0.0,0.0,3504136192.0,2244608.0,32963817472.0,1.3230999552e+11,0.0,0.0,0.0,4915.200,2330.600,594.0,0.170,0.455,99.370,0.0,0.0,0.005,1493151635.776,
0.175,0.495,99.320,0.005,0.0,0.005,0.0,2457.600,102571.600,180060456.400,0.0,0.0,3302.800,647.200,0.600,0.0,0.0,3413266432.0,2252800.0,32963817472.0,1.32400857088e+11,0.0,0.0,0.0,2457.600,3308.400,647.800,0.170,0.500,99.320,0.005,0.0,0.005,1493151640.776,
0.190,0.631,99.174,0.0,0.0,0.005,0.0,0.0,116142.0,189294216.600,0.0,0.0,4212.600,724.800,0.800,0.0,0.0,3506900992.0,2252800.0,32963817472.0,1.32307222528e+11,0.0,0.0,0.0,0.0,4203.200,724.200,0.190,0.626,99.179,0.0,0.0,0.005,1493151645.776,
0.165,0.450,99.370,0.010,0.0,0.005,0.0,2457.600,113779.600,174115485.600,0.0,0.0,4014.600,647.800,0.0,0.0,0.400,3362181120.0,2260992.0,32963821568.0,1.32451930112e+11,0.0,0.0,0.0,2457.600,4023.200,648.0,0.165,0.455,99.365,0.010,0.0,0.005,1493151650.776,
0.115,0.295,99.575,0.010,0.0,0.005,0.0,4915.200,52714.400,113136444.400,0.0,0.0,2162.0,505.0,0.600,0.0,0.0,3374804992.0,2269184.0,32963817472.0,1.32439302144e+11,0.0,0.0,0.0,4915.200,2159.600,506.200,0.125,0.295,99.565,0.010,0.0,0.005,1493151655.776,
0.145,0.385,99.460,0.010,0.0,0.0,0.0,9011.200,61587.400,132204934.600,0.0,0.0,2529.0,538.200,0.200,0.0,0.0,3423375360.0,2285568.0,32963813376.0,1.32390719488e+11,0.0,0.0,0.0,9011.200,2522.800,536.800,0.135,0.380,99.475,0.010,0.0,0.0,1493151660.776,
0.180,0.621,99.199,0.0,0.0,0.0,0.0,6553.600,101500.600,184759383.0,0.0,0.0,3744.0,683.200,0.200,0.0,0.0,3546316800.0,2293760.0,32963817472.0,1.3226776576e+11,0.0,0.0,0.0,6553.600,3744.0,683.200,0.185,0.621,99.194,0.0,0.0,0.0,1493151665.776,
0.175,0.530,99.289,0.0,0.0,0.005,0.0,2457.600,115377.200,165487422.400,0.0,0.0,3967.200,675.800,0.600,0.0,0.0,3623358464.0,2293760.0,32963817472.0,1.32190724096e+11,0.0,0.0,0.0,2457.600,3974.0,676.600,0.175,0.535,99.284,0.0,0.0,0.005,1493151670.776,
0.175,0.610,99.200,0.005,0.0,0.010,0.0,2457.600,83889.800,156712921.800,0.0,0.0,3279.600,679.600,1.0,0.0,0.0,3800338432.0,2301952.0,32963817472.0,1.32013735936e+11,0.0,0.0,0.0,2457.600,3275.800,679.0,0.170,0.605,99.209,0.005,0.0,0.010,1493151675.776,
0.195,0.540,99.249,0.0,0.0,0.015,0.0,0.0,109106.200,167970323.600,0.0,0.0,3804.200,652.400,0.200,0.0,0.0,3858386944.0,2301952.0,32963817472.0,1.31955687424e+11,0.0,0.0,0.0,0.0,3808.200,652.200,0.195,0.545,99.245,0.0,0.0,0.015,1493151680.776,
0.175,0.511,99.314,0.0,0.0,0.0,0.0,2457.600,98546.600,168778353.800,0.0,0.0,3529.800,645.400,0.200,0.0,0.0,3858477056.0,2310144.0,32963817472.0,1.3195558912e+11,0.0,0.0,0.0,2457.600,3522.800,645.400,0.175,0.506,99.319,0.0,0.0,0.0,1493151685.776,
0.180,0.535,99.280,0.0,0.0,0.005,0.0,0.0,104873.800,168285377.0,0.0,0.0,3616.600,664.200,0.200,0.0,0.400,3846307840.0,2310144.0,32963821568.0,1.3196775424e+11,0.0,0.0,0.0,0.0,3621.0,664.600,0.180,0.540,99.275,0.0,0.0,0.005,1493151690.776,
0.180,0.546,99.254,0.015,0.0,0.005,0.0,11468.800,114801.400,189376123.600,0.0,0.0,3893.400,665.800,0.600,0.0,0.0,3765633024.0,2326528.0,32963817472.0,1.32048416768e+11,0.0,0.0,0.0,11468.800,3891.600,666.200,0.180,0.550,99.249,0.015,0.0,0.005,1493151695.776,
0.160,0.510,99.319,0.0,0.0,0.010,0.0,2457.600,137211.800,206842156.0,0.0,0.0,4401.600,643.600,0.200,0.0,0.0,3491430400.0,2334720.0,32963821568.0,1.32322607104e+11,0.0,0.0,0.0,2457.600,4399.0,643.200,0.165,0.505,99.319,0.0,0.0,0.010,1493151700.776,
0.175,0.530,99.290,0.0,0.0,0.005,0.0,4915.200,127185.200,202517878.400,0.0,0.0,4201.400,678.0,0.200,0.0,0.0,3331133440.0,2342912.0,32963821568.0,1.32482895872e+11,0.0,0.0,0.0,4915.200,4201.400,677.600,0.170,0.525,99.300,0.0,0.0,0.005,1493151705.776,
0.180,0.505,99.299,0.010,0.0,0.005,0.0,2457.600,120917.200,178314756.800,0.0,0.0,4122.400,698.800,0.0,0.0,0.0,3434323968.0,2351104.0,32963821568.0,1.32379697152e+11,0.0,0.0,0.0,2457.600,4122.400,698.800,0.180,0.510,99.294,0.010,0.0,0.005,1493151710.776,
0.175,0.530,99.289,0.0,0.0,0.005,0.0,0.0,115969.800,184066507.0,0.0,0.0,3905.600,682.600,0.600,0.0,0.0,3431673856.0,2351104.0,32963821568.0,1.32382347264e+11,0.0,0.0,0.0,0.0,3910.800,683.400,0.175,0.530,99.289,0.0,0.0,0.005,1493151715.776,
0.165,0.505,99.324,0.005,0.0,0.0,0.0,2457.600,112818.800,189165596.400,0.0,0.0,3959.600,655.200,0.200,0.0,0.600,3357990912.0,2359296.0,32963825664.0,1.3245601792e+11,0.0,0.0,0.0,2457.600,3954.400,654.400,0.165,0.500,99.329,0.005,0.0,0.0,1493151720.776,
0.180,0.521,99.284,0.010,0.0,0.005,0.0,6553.600,88640.0,144310239.0,0.0,0.0,3282.400,692.600,0.0,0.0,0.0,3609219072.0,2367488.0,32963829760.0,1.32204777472e+11,0.0,0.0,0.0,6553.600,3283.600,692.800,0.185,0.525,99.274,0.010,0.0,0.005,1493151725.776,
0.185,0.560,99.234,0.005,0.0,0.015,0.0,13107.200,151785.200,198356171.600,0.0,0.0,4909.600,735.600,0.200,0.0,0.0,3482750976.0,2383872.0,32963825664.0,1.3233123328e+11,0.0,0.0,0.0,13107.200,4915.800,736.200,0.185,0.560,99.234,0.005,0.0,0.015,1493151730.776,
0.175,0.520,99.290,0.010,0.0,0.005,0.0,8192.0,124350.400,187112274.200,0.0,0.0,4122.0,638.800,0.0,0.0,0.0,3411922944.0,2400256.0,32963825664.0,1.32402044928e+11,0.0,0.0,0.0,8192.0,4114.600,638.0,0.175,0.515,99.295,0.010,0.0,0.005,1493151735.776,
0.145,0.445,99.405,0.0,0.0,0.005,0.0,2457.600,104168.0,164326713.600,0.0,0.0,3660.400,610.800,0.0,0.0,0.0,3361853440.0,2400256.0,32963825664.0,1.32452114432e+11,0.0,0.0,0.0,2457.600,3662.0,610.800,0.145,0.445,99.405,0.0,0.0,0.005,1493151740.776,
0.140,0.355,99.490,0.010,0.0,0.005,0.0,2457.600,85302.400,137632655.800,0.0,0.0,2926.600,514.0,0.200,0.0,0.0,3332902912.0,2408448.0,32963825664.0,1.32481056768e+11,0.0,0.0,0.0,2457.600,2925.0,514.0,0.135,0.360,99.490,0.010,0.0,0.005,1493151745.776,
0.165,0.450,99.380,0.0,0.0,0.005,0.0,0.0,70967.400,137505333.400,0.0,0.0,2859.200,607.200,0.200,0.0,0.0,3502694400.0,2408448.0,32963825664.0,1.3231126528e+11,0.0,0.0,0.0,0.0,2859.200,607.200,0.170,0.445,99.380,0.0,0.0,0.005,1493151750.776,
0.130,0.370,99.490,0.005,0.0,0.005,0.0,2457.600,71719.200,114598264.200,0.0,0.0,2651.200,495.800,0.0,0.0,0.0,3537321984.0,2416640.0,32963825664.0,1.32276629504e+11,0.0,0.0,0.0,2457.600,2651.200,495.800,0.125,0.370,99.495,0.005,0.0,0.005,1493151755.776,
0.055,0.145,99.795,0.0,0.0,0.005,0.0,0.0,36111.0,72356490.0,0.0,0.0,1442.0,308.600,0.0,0.0,0.400,3341385728.0,2416640.0,32963829760.0,1.32472561664e+11,0.0,0.0,0.0,0.0,1442.0,308.600,0.055,0.145,99.795,0.0,0.0,0.005,1493151760.776,
