"Dstat 0.7.2 CSV output"
"Author:","Dag Wieers <dag@wieers.com>",,,,"URL:","http://dag.wieers.com/home-made/dstat/"
"Host:","osd1.skyhook-4osds.skyhook-pg0.wisc.cloudlab.us",,,,"User:","jlefevre"
"Cmdline:","dstat -av --epoch --integer --noheaders --output dstat-osd1.log 5",,,,"Date:","25 Apr 2017 14:10:17 CDT"

"total cpu usage",,,,,,"dsk/total",,"net/total",,"paging",,"system",,"procs",,,"memory usage",,,,"paging",,"dsk/total",,"system",,"total cpu usage",,,,,,"epoch"
"usr","sys","idl","wai","hiq","siq","read","writ","recv","send","in","out","int","csw","run","blk","new","used","buff","cach","free","in","out","read","writ","int","csw","usr","sys","idl","wai","hiq","siq","epoch"
0.025,0.005,99.970,0.0,0.0,0.0,819.200,0.0,4915.800,14100.200,0.0,0.0,212.0,245.600,0.0,0.0,0.0,3458506752.0,1503232.0,132521984.0,1.65187661824e+11,0.0,0.0,819.200,0.0,212.0,245.600,0.025,0.010,99.965,0.0,0.0,0.0,1493154097.192,
0.375,0.866,94.528,4.205,0.0,0.025,296153088.0,7372.800,29848.800,31017860.400,0.0,0.0,3513.600,5107.800,0.200,3.400,0.800,3456634880.0,1519616.0,1611816960.0,1.63710222336e+11,0.0,0.0,296153088.0,7372.800,3515.0,5111.0,0.375,0.866,94.528,4.205,0.0,0.025,1493154102.192,
0.486,1.222,93.307,4.965,0.0,0.020,408905318.400,4915.200,37503.600,42508828.0,0.0,0.0,4749.200,6934.0,1.0,3.800,0.400,3467534336.0,1527808.0,3658846208.0,1.6165228544e+11,0.0,0.0,409141248.0,4915.200,4749.400,6934.0,0.486,1.223,93.306,4.965,0.0,0.020,1493154107.192,
0.486,1.308,92.444,5.742,0.0,0.020,434363596.800,10649.600,41264.800,44501216.600,0.0,0.0,4985.800,7330.800,0.0,5.200,0.0,3508469760.0,1544192.0,5830602752.0,1.59439577088e+11,0.0,0.0,434416025.600,10649.600,4986.0,7331.0,0.486,1.303,92.444,5.747,0.0,0.020,1493154112.192,
0.476,1.153,93.368,4.983,0.0,0.020,405648998.400,7372.800,39458.600,43369926.600,0.0,0.0,4985.0,6907.600,0.400,2.600,0.400,3473076224.0,1552384.0,7857823744.0,1.5744774144e+11,0.0,0.0,405570355.200,7372.800,4984.800,6906.600,0.476,1.158,93.364,4.982,0.0,0.020,1493154117.192,
0.471,1.137,93.492,4.880,0.0,0.020,395436851.200,12288.0,38289.800,41591367.600,0.0,0.0,4690.0,6677.800,1.0,1.800,0.400,3464691712.0,1568768.0,9833639936.0,1.55480293376e+11,0.0,0.0,395227136.0,12288.0,4688.400,6675.400,0.471,1.137,93.497,4.875,0.0,0.020,1493154122.192,
0.506,1.312,93.013,5.154,0.0,0.015,419160064.0,5734.400,39782.0,43072608.600,0.0,0.0,4858.200,7122.200,0.400,4.200,0.0,3503808512.0,1576960.0,11930787840.0,1.5334402048e+11,0.0,0.0,419448422.400,5734.400,4860.400,7124.800,0.506,1.312,93.008,5.159,0.0,0.015,1493154127.192,
0.602,1.434,90.952,6.973,0.0,0.040,479806259.200,3276.800,46994.600,49241110.800,0.0,0.0,5619.400,8206.200,1.0,6.0,0.0,3551916032.0,1585152.0,14332301312.0,1.50894391296e+11,0.0,0.0,479806259.200,3276.800,5619.400,8207.200,0.602,1.434,90.952,6.972,0.0,0.040,1493154132.192,
0.566,1.474,90.215,7.710,0.0,0.035,470666444.800,3276.800,41757.0,49826861.800,0.0,0.0,5450.400,8012.800,0.600,6.200,0.0,3530846208.0,1593344.0,16682606592.0,1.48565147648e+11,0.0,0.0,470614016.0,3276.800,5450.800,8013.0,0.566,1.474,90.210,7.715,0.0,0.035,1493154137.192,
0.541,1.378,91.949,6.112,0.0,0.020,434541363.200,2457.600,41324.600,45353254.800,0.0,0.0,5104.0,7364.800,1.0,4.0,0.400,3535691776.0,1601536.0,18858696704.0,1.46384203776e+11,0.0,0.0,434593792.0,2457.600,5103.200,7364.0,0.541,1.378,91.954,6.107,0.0,0.020,1493154142.192,
0.556,1.348,90.382,7.688,0.0,0.025,450745958.400,8192.0,46262.0,47506690.400,0.0,0.0,5292.600,7655.400,0.800,4.400,0.0,3526975488.0,1609728.0,21108301824.0,1.44143306752e+11,0.0,0.0,450719744.0,8192.0,5292.600,7655.400,0.556,1.348,90.377,7.693,0.0,0.025,1493154147.192,
0.541,1.398,88.873,9.163,0.0,0.025,480713113.600,2457.600,46994.400,49248846.800,0.0,0.0,5601.200,8225.400,1.0,6.0,0.400,3573637120.0,1617920.0,23514255360.0,1.41690683392e+11,0.0,0.0,480739328.0,2457.600,5601.600,8225.800,0.541,1.398,88.877,9.159,0.0,0.025,1493154152.192,
0.546,1.463,89.315,8.655,0.0,0.020,493640908.800,8192.0,44648.0,51875291.600,0.0,0.0,5712.200,8506.0,0.600,7.600,0.0,3564077056.0,1626112.0,25982197760.0,1.39232292864e+11,0.0,0.0,493614694.400,8192.0,5712.0,8506.0,0.546,1.463,89.315,8.655,0.0,0.020,1493154157.192,
0.502,1.354,89.722,8.402,0.0,0.020,472643993.600,11468.800,40185.800,49538376.600,0.0,0.0,5801.800,8068.800,0.800,5.800,0.400,3552833536.0,1642496.0,28344479744.0,1.36881238016e+11,0.0,0.0,472617779.200,11468.800,5807.200,8069.0,0.502,1.354,89.722,8.402,0.0,0.020,1493154162.192,
0.461,1.178,93.896,4.450,0.0,0.015,431081062.400,4915.200,43295.400,46075119.600,0.0,0.0,5001.600,7332.800,0.600,3.400,0.400,3531431936.0,1650688.0,30500155392.0,1.34746955776e+11,0.0,0.0,431081062.400,4915.200,4995.800,7332.400,0.461,1.178,93.896,4.450,0.0,0.015,1493154167.192,
0.536,1.258,93.263,4.922,0.0,0.020,436481228.800,9830.400,44713.0,45117138.800,0.0,0.0,5102.600,7410.200,1.200,4.400,0.0,3558715392.0,1667072.0,32683073536.0,1.32536737792e+11,0.0,0.0,436533657.600,9830.400,5103.600,7410.800,0.536,1.258,93.263,4.922,0.0,0.020,1493154172.192,
0.566,1.357,92.406,5.632,0.0,0.040,434100633.600,7372.800,41512.200,46296870.600,0.0,0.0,5070.200,7363.600,0.400,2.800,0.400,3523424256.0,1675264.0,34852851712.0,1.3040224256e+11,0.0,0.0,433812275.200,7372.800,5067.600,7359.800,0.566,1.352,92.416,5.626,0.0,0.040,1493154177.192,
