"Dstat 0.7.2 CSV output"
"Author:","Dag Wieers <dag@wieers.com>",,,,"URL:","http://dag.wieers.com/home-made/dstat/"
"Host:","osd1.skyhook-4osds.skyhook-pg0.wisc.cloudlab.us",,,,"User:","jlefevre"
"Cmdline:","dstat -av --epoch --integer --noheaders --output dstat-osd1.log 5",,,,"Date:","25 Apr 2017 14:10:17 CDT"

"total cpu usage",,,,,,"dsk/total",,"net/total",,"paging",,"system",,"procs",,,"memory usage",,,,"paging",,"dsk/total",,"system",,"total cpu usage",,,,,,"epoch"
"usr","sys","idl","wai","hiq","siq","read","writ","recv","send","in","out","int","csw","run","blk","new","used","buff","cach","free","in","out","read","writ","int","csw","usr","sys","idl","wai","hiq","siq","epoch"
0.165,1.040,98.619,0.170,0.0,0.005,1426227.200,23756.800,4577.400,15388.600,0.0,0.0,755.800,867.400,0.400,0.200,13.800,3454521344.0,1396736.0,132526080.0,1.65191749632e+11,0.0,0.0,1426227.200,23756.800,755.800,867.400,0.165,1.045,98.614,0.170,0.0,0.005,1493155957.192,
0.010,0.075,99.555,0.360,0.0,0.0,21496627.200,3276.800,4562.200,13119.200,0.0,0.0,326.800,523.200,0.200,1.600,0.200,3557576704.0,1404928.0,242122752.0,1.64979089408e+11,0.0,0.0,21758771.200,3276.800,328.600,526.600,0.010,0.075,99.550,0.365,0.0,0.0,1493155962.192,
0.461,1.047,93.373,5.109,0.0,0.010,403923763.200,2457.600,17240.0,30466.400,0.0,0.0,3801.800,6810.400,0.400,3.400,0.0,3478364160.0,1413120.0,2258907136.0,1.63041509376e+11,0.0,0.0,403871334.400,2457.600,3801.400,6810.0,0.461,1.042,93.378,5.109,0.0,0.010,1493155967.192,
0.466,1.172,92.401,5.941,0.0,0.020,436774502.400,0.0,19861.200,32477.800,0.0,0.0,4446.400,7342.0,0.400,4.600,0.0,3463561216.0,1413120.0,4444078080.0,1.60871141376e+11,0.0,0.0,436826931.200,0.0,4447.0,7342.200,0.466,1.177,92.396,5.941,0.0,0.020,1493155972.192,
0.446,1.232,92.762,5.540,0.0,0.020,438253158.400,2457.600,19715.600,32152.800,0.0,0.0,4084.200,7373.0,0.600,4.800,0.0,3471380480.0,1421312.0,6635122688.0,1.58672269312e+11,0.0,0.0,438200729.600,2457.600,4084.0,7372.800,0.446,1.232,92.767,5.535,0.0,0.020,1493155977.192,
0.361,0.967,95.106,3.557,0.0,0.010,382540185.600,0.0,17839.800,30985.400,0.0,0.0,3567.0,6387.200,0.800,2.0,0.0,3471376384.0,1421312.0,8547069952.0,1.56760326144e+11,0.0,0.0,382540185.600,0.0,3566.400,6386.400,0.361,0.967,95.106,3.557,0.0,0.010,1493155982.192,
0.431,0.997,93.786,4.771,0.0,0.015,403227443.200,3276.800,18886.0,32191.200,0.0,0.0,3785.800,6802.600,0.600,1.800,0.0,3475759104.0,1429504.0,10562662400.0,1.54740342784e+11,0.0,0.0,403175014.400,3276.800,3787.800,6806.600,0.431,0.997,93.786,4.771,0.0,0.015,1493155987.192,
0.456,1.223,91.797,6.490,0.0,0.035,449864499.200,819.200,20099.800,33002.600,0.0,0.0,4227.800,7597.200,1.200,4.600,0.0,3513040896.0,1429504.0,12811640832.0,1.5245408256e+11,0.0,0.0,449958707.200,819.200,4226.800,7593.400,0.461,1.223,91.782,6.499,0.0,0.035,1493155992.192,
0.541,1.403,89.770,8.275,0.0,0.010,488194048.0,3276.800,21915.800,33660.400,0.0,0.0,4599.600,8306.0,0.800,6.400,0.0,3533369344.0,1437696.0,15252570112.0,1.4999281664e+11,0.0,0.0,488178483.200,3276.800,4599.400,8306.600,0.536,1.404,89.779,8.271,0.0,0.010,1493155997.192,
0.486,1.313,91.225,6.941,0.0,0.035,467516620.800,0.0,21726.0,34394.600,0.0,0.0,4412.0,7934.200,0.600,5.200,0.0,3479986176.0,1437696.0,17591345152.0,1.47707424768e+11,0.0,0.0,467490406.400,0.0,4412.800,7936.200,0.486,1.313,91.229,6.936,0.0,0.035,1493156002.192,
0.426,1.093,93.284,5.193,0.0,0.005,416040550.400,2457.600,18808.200,31908.400,0.0,0.0,3887.400,7033.0,0.0,4.400,0.0,3506909184.0,1445888.0,19672559616.0,1.45599279104e+11,0.0,0.0,416066764.800,2457.600,3886.600,7031.600,0.426,1.093,93.280,5.197,0.0,0.005,1493156007.192,
0.526,1.358,90.330,7.761,0.0,0.025,482217164.800,0.0,21452.200,33785.400,0.0,0.0,4766.400,8155.200,0.400,5.800,0.0,3498745856.0,1445888.0,22082252800.0,1.43197749248e+11,0.0,0.0,482217164.800,0.0,4766.200,8156.200,0.526,1.358,90.330,7.756,0.0,0.030,1493156012.192,
0.471,1.318,90.993,7.178,0.0,0.040,486322995.200,2457.600,21944.800,34109.600,0.0,0.0,4589.600,8276.800,0.600,7.600,0.0,3562016768.0,1454080.0,24516567040.0,1.40700155904e+11,0.0,0.0,486349209.600,2457.600,4589.800,8275.600,0.471,1.318,90.992,7.183,0.0,0.035,1493156017.192,
0.531,1.348,89.540,8.565,0.0,0.015,495627468.800,0.0,23377.800,35032.200,0.0,0.0,4685.0,8478.200,0.800,7.200,0.0,3536613376.0,1454080.0,26993369088.0,1.38248757248e+11,0.0,0.0,495627468.800,0.0,4685.0,8478.600,0.531,1.348,89.535,8.570,0.0,0.015,1493156022.192,
0.411,1.132,93.174,5.273,0.0,0.010,434320998.400,3276.800,17195.600,32010.800,0.0,0.0,4015.200,7279.600,0.800,3.200,0.0,3527811072.0,1462272.0,29164343296.0,1.36086577152e+11,0.0,0.0,434268569.600,3276.800,4015.0,7279.0,0.411,1.132,93.184,5.264,0.0,0.010,1493156027.192,
0.376,1.132,93.704,4.778,0.0,0.010,433398579.200,2457.600,20296.200,32635.200,0.0,0.0,4036.400,7313.0,0.600,4.0,0.0,3542134784.0,1470464.0,31331426304.0,1.3390516224e+11,0.0,0.0,433398579.200,2457.600,4036.200,7312.800,0.376,1.132,93.700,4.783,0.0,0.010,1493156032.192,
0.466,1.187,92.640,5.686,0.0,0.020,456282112.0,0.0,20486.600,33134.400,0.0,0.0,4271.600,7697.400,0.600,4.200,0.0,3532619776.0,1470464.0,33612050432.0,1.3163405312e+11,0.0,0.0,456282112.0,0.0,4271.800,7697.200,0.466,1.182,92.645,5.687,0.0,0.020,1493156037.192,
0.250,0.651,96.240,2.849,0.0,0.010,248096358.400,2457.600,11701.200,26485.800,0.0,0.0,2388.200,4183.600,0.200,2.0,0.200,3517538304.0,1478656.0,34853015552.0,1.3040816128e+11,0.0,0.0,247886643.200,2457.600,2386.400,4180.800,0.250,0.656,96.240,2.844,0.0,0.010,1493156042.192,
