"Dstat 0.7.2 CSV output"
"Author:","Dag Wieers <dag@wieers.com>",,,,"URL:","http://dag.wieers.com/home-made/dstat/"
"Host:","client0.skyhook-4osds.skyhook-pg0.wisc.cloudlab.us",,,,"User:","jlefevre"
"Cmdline:","dstat -av --epoch --integer --noheaders --output dstat-client0.log 5",,,,"Date:","25 Apr 2017 14:10:01 CDT"

"total cpu usage",,,,,,"dsk/total",,"net/total",,"paging",,"system",,"procs",,,"memory usage",,,,"paging",,"dsk/total",,"system",,"total cpu usage",,,,,,"epoch"
"usr","sys","idl","wai","hiq","siq","read","writ","recv","send","in","out","int","csw","run","blk","new","used","buff","cach","free","in","out","read","writ","int","csw","usr","sys","idl","wai","hiq","siq","epoch"
0.231,0.050,99.623,0.090,0.0,0.005,0.0,145817.600,14570959.0,11611.800,0.0,0.0,2051.200,7829.200,0.800,0.0,1.0,5510139904.0,218632192.0,1.4734813184e+11,15703289856.0,0.0,0.0,0.0,145817.600,2048.600,7826.0,0.221,0.050,99.633,0.090,0.0,0.005,1493165661.201,
0.020,0.010,99.930,0.040,0.0,0.0,0.0,34406.400,44079.200,2107.0,0.0,0.0,1736.800,7465.600,0.800,0.0,0.0,5510414336.0,218632192.0,1.47348176896e+11,15702970368.0,0.0,0.0,0.0,34406.400,1736.800,7468.0,0.025,0.010,99.925,0.040,0.0,0.0,1493165666.201,
9.975,1.745,87.369,0.091,0.0,0.820,0.0,122880.0,1083798791.200,1195945.0,0.0,0.0,30157.200,37192.200,5.800,0.0,5.0,5711532032.0,218640384.0,1.47348348928e+11,15501672448.0,0.0,0.0,0.0,122880.0,30165.800,37195.800,9.985,1.746,87.359,0.091,0.0,0.820,1493165671.201,
10.468,1.751,87.080,0.101,0.0,0.600,0.0,159744.0,1186945022.0,1316838.0,0.0,0.0,28687.800,39015.0,5.400,0.0,0.0,5725765632.0,218640384.0,1.4734866432e+11,15487123456.0,0.0,0.0,0.0,159744.0,28686.600,39013.0,10.472,1.755,87.072,0.101,0.0,0.600,1493165676.201,
10.361,1.633,87.318,0.111,0.0,0.576,0.0,153190.400,1216546739.400,1422413.200,0.0,0.0,30534.600,42231.400,4.600,0.0,0.0,5716463616.0,218648576.0,1.47348959232e+11,15496122368.0,0.0,0.0,0.0,153190.400,30535.600,42239.200,10.353,1.628,87.331,0.111,0.0,0.577,1493165681.201,
10.303,1.639,87.312,0.076,0.0,0.671,0.0,136806.400,1201336196.200,1358431.200,0.0,0.0,30370.800,42117.200,6.800,0.200,0.0,5731622912.0,218656768.0,1.47349262336e+11,15480651776.0,0.0,0.0,0.0,136806.400,30373.0,42118.600,10.312,1.644,87.298,0.076,0.0,0.671,1493165686.201,
10.280,1.594,87.324,0.076,0.0,0.726,0.0,172032.0,1219898920.800,1432284.800,0.0,0.0,31519.600,44093.600,6.400,0.0,0.0,5710299136.0,218656768.0,1.47349594112e+11,15501643776.0,0.0,0.0,0.0,172032.0,31521.0,44096.0,10.270,1.594,87.334,0.076,0.0,0.726,1493165691.201,
9.993,1.745,87.559,0.131,0.0,0.571,0.0,167116.800,1197008059.400,1274524.200,0.0,0.0,28081.400,38998.800,5.800,0.0,0.0,5713440768.0,218669056.0,1.47349880832e+11,15498203136.0,0.0,0.0,0.0,167116.800,28077.200,38994.0,9.993,1.740,87.564,0.131,0.0,0.571,1493165696.201,
10.390,1.767,87.020,0.081,0.0,0.742,0.0,153190.400,1208272557.200,1430532.600,0.0,0.0,32581.200,42182.200,5.600,0.0,0.0,5710303232.0,218677248.0,1.4735017984e+11,15501033472.0,0.0,0.0,0.0,153190.400,32582.0,42173.0,10.393,1.767,87.016,0.081,0.0,0.742,1493165701.201,
10.525,1.845,86.907,0.121,0.0,0.602,0.0,138444.800,1226149804.600,1478589.600,0.0,0.0,32078.0,43602.800,6.400,0.200,0.0,5724254208.0,218689536.0,1.4735048704e+11,15486763008.0,0.0,0.0,0.0,138444.800,32081.0,43608.200,10.523,1.850,86.905,0.121,0.0,0.601,1493165706.201,
10.966,1.956,86.356,0.066,0.0,0.657,0.0,181862.400,1185077316.400,1272810.200,0.0,0.0,30190.600,36926.600,6.400,0.0,0.0,5719285760.0,218689536.0,1.4735081472e+11,15491403776.0,0.0,0.0,0.0,181862.400,30193.400,36931.400,10.974,1.955,86.349,0.066,0.0,0.657,1493165711.201,
11.396,1.908,86.160,0.061,0.0,0.476,0.0,171212.800,1218957562.0,1379620.800,0.0,0.0,31173.800,41840.800,5.200,0.0,0.0,5718499328.0,218705920.0,1.47351130112e+11,15491858432.0,0.0,0.0,0.0,171212.800,31171.800,41843.600,11.388,1.903,86.173,0.061,0.0,0.476,1493165716.201,
11.118,1.783,86.336,0.056,0.0,0.707,0.0,152371.200,1192007869.400,1257097.600,0.0,0.0,28236.800,38113.400,6.400,0.0,0.0,5733081088.0,218714112.0,1.47351416832e+11,15476981760.0,0.0,0.0,0.0,152371.200,28234.200,38113.400,11.121,1.783,86.328,0.056,0.0,0.712,1493165721.201,
10.562,1.759,87.027,0.096,0.0,0.556,0.0,154828.800,1204427420.600,1401024.800,0.0,0.0,30332.400,42267.200,5.800,0.0,0.0,5717254144.0,218722304.0,1.47351724032e+11,15492493312.0,0.0,0.0,0.0,154828.800,30334.800,42269.600,10.559,1.760,87.034,0.096,0.0,0.551,1493165726.201,
10.853,1.659,86.843,0.081,0.0,0.565,0.0,138444.800,1192240673.0,1298048.200,0.0,0.0,28265.400,40291.800,4.600,0.200,0.200,5736251392.0,218730496.0,1.47352031232e+11,15473180672.0,0.0,0.0,0.0,138444.800,28262.0,40282.0,10.852,1.659,86.843,0.081,0.0,0.565,1493165731.201,
9.683,1.598,87.644,0.100,0.0,0.975,0.0,172032.0,1210072498.0,1406049.200,0.0,0.0,29753.0,42721.400,4.400,0.0,0.0,5732020224.0,218730496.0,1.47352367104e+11,15477075968.0,0.0,0.0,0.0,172032.0,29756.600,42728.200,9.683,1.598,87.644,0.100,0.0,0.975,1493165736.201,
9.830,1.592,87.701,0.096,0.0,0.781,0.0,152371.200,1221772987.400,1474843.200,0.0,0.0,30955.200,44554.600,4.800,0.0,0.0,5733412864.0,218738688.0,1.4735265792e+11,15475384320.0,0.0,0.0,0.0,152371.200,30953.600,44552.600,9.830,1.592,87.696,0.096,0.0,0.786,1493165741.201,
10.453,1.660,87.192,0.111,0.0,0.585,0.0,154828.800,1226462694.0,1504969.800,0.0,0.0,31630.200,45676.800,6.400,0.0,0.0,5708513280.0,218746880.0,1.47352956928e+11,15499976704.0,0.0,0.0,0.0,154828.800,31632.800,45689.0,10.460,1.664,87.180,0.111,0.0,0.585,1493165746.201,
10.071,1.732,87.479,0.086,0.0,0.631,0.0,136806.400,1211384952.0,1445508.800,0.0,0.0,31225.600,42905.600,5.200,0.200,0.0,5724405760.0,218759168.0,1.47353264128e+11,15483764736.0,0.0,0.0,0.0,136806.400,31226.800,42896.200,10.069,1.728,87.491,0.086,0.0,0.626,1493165751.201,
11.016,1.836,86.188,0.379,0.0,0.582,0.0,6670745.600,1219955560.800,1404487.0,0.0,0.0,32304.600,42536.800,5.400,0.0,0.0,5692555264.0,218767360.0,1.47342528512e+11,15526342656.0,0.0,0.0,0.0,6670745.600,32301.600,42539.200,11.011,1.836,86.192,0.379,0.0,0.582,1493165756.201,
10.834,1.902,86.432,0.111,0.0,0.721,0.0,147456.0,1220587123.200,1421283.600,0.0,0.0,31537.400,42573.800,5.200,0.0,0.0,5704560640.0,218775552.0,1.47342831616e+11,15514025984.0,0.0,0.0,0.0,147456.0,31536.400,42573.600,10.841,1.901,86.426,0.111,0.0,0.721,1493165761.201,
10.753,1.795,86.876,0.101,0.0,0.475,0.0,146636.800,1211339712.0,1366944.600,0.0,0.0,31881.200,41547.0,4.200,0.0,0.0,5737230336.0,218775552.0,1.47343151104e+11,15481036800.0,0.0,0.0,0.0,146636.800,31880.600,41547.800,10.749,1.800,86.875,0.101,0.0,0.475,1493165766.201,
11.646,1.992,85.785,0.076,0.0,0.501,0.0,175308.800,1208805580.400,1297864.600,0.0,0.0,31484.0,39410.200,6.0,0.200,0.0,5722742784.0,218783744.0,1.47343446016e+11,15495221248.0,0.0,0.0,0.0,175308.800,31483.600,39405.0,11.652,1.988,85.783,0.076,0.0,0.501,1493165771.201,
11.154,1.871,86.424,0.076,0.0,0.475,0.0,163840.0,1213558199.400,1316596.800,0.0,0.0,30657.800,40212.0,6.0,0.0,0.0,5747011584.0,218791936.0,1.47343765504e+11,15470624768.0,0.0,0.0,0.0,163840.0,30659.400,40211.600,11.146,1.870,86.433,0.076,0.0,0.475,1493165776.201,
10.216,1.686,87.538,0.020,0.0,0.540,0.0,157286.400,1224733999.200,1435743.600,0.0,0.0,30351.400,43575.600,5.0,0.0,0.0,5691404288.0,218791936.0,1.47344060416e+11,15525937152.0,0.0,0.0,0.0,157286.400,30349.800,43578.0,10.216,1.686,87.538,0.020,0.0,0.540,1493165781.201,
11.409,1.976,86.059,0.066,0.0,0.490,0.0,153190.400,1210250032.0,1251020.200,0.0,0.0,28836.600,38764.200,4.600,0.0,0.200,5737955328.0,218800128.0,1.47344359424e+11,15479078912.0,0.0,0.0,0.0,153190.400,28837.800,38768.600,11.405,1.976,86.064,0.066,0.0,0.490,1493165786.201,
5.845,0.957,92.850,0.096,0.0,0.252,0.0,142540.800,575959169.400,586956.800,0.0,0.0,15069.0,22265.400,3.200,0.200,1.0,5502779392.0,218808320.0,1.47344646144e+11,15713959936.0,0.0,0.0,0.0,142540.800,15057.600,22241.200,5.839,0.957,92.856,0.096,0.0,0.252,1493165791.201,
