"Dstat 0.7.2 CSV output"
"Author:","Dag Wieers <dag@wieers.com>",,,,"URL:","http://dag.wieers.com/home-made/dstat/"
"Host:","client0.skyhook-4osds.skyhook-pg0.wisc.cloudlab.us",,,,"User:","jlefevre"
"Cmdline:","dstat -av --epoch --integer --noheaders --output dstat-client0.log 5",,,,"Date:","25 Apr 2017 14:10:01 CDT"

"total cpu usage",,,,,,"dsk/total",,"net/total",,"paging",,"system",,"procs",,,"memory usage",,,,"paging",,"dsk/total",,"system",,"total cpu usage",,,,,,"epoch"
"usr","sys","idl","wai","hiq","siq","read","writ","recv","send","in","out","int","csw","run","blk","new","used","buff","cach","free","in","out","read","writ","int","csw","usr","sys","idl","wai","hiq","siq","epoch"
0.080,0.025,99.874,0.020,0.0,0.0,0.0,12288.0,47096.0,4578.800,0.0,0.0,1830.800,7432.800,0.200,0.0,0.600,5476093952.0,224882688.0,1.47397844992e+11,15681372160.0,0.0,0.0,0.0,12288.0,1831.0,7435.200,0.080,0.025,99.874,0.020,0.0,0.0,1493157861.201,
0.880,3.610,95.108,0.106,0.0,0.297,0.0,104857.600,459157907.0,283381.800,0.0,0.0,12111.600,12235.400,2.600,0.0,5.200,5660733440.0,224903168.0,1.4739791872e+11,15496638464.0,0.0,0.0,0.0,104857.600,12112.0,12230.600,0.880,3.619,95.099,0.106,0.0,0.297,1493157866.201,
0.810,3.902,94.936,0.065,0.0,0.287,0.0,138444.800,497519369.600,227292.200,0.0,0.0,11521.800,11694.800,2.600,0.0,0.0,5670789120.0,224940032.0,1.47398139904e+11,15486324736.0,0.0,0.0,0.0,138444.800,11530.800,11697.600,0.815,3.902,94.931,0.065,0.0,0.287,1493157871.201,
0.926,3.944,94.667,0.126,0.0,0.337,0.0,140902.400,551810238.800,203773.800,0.0,0.0,12325.600,11199.0,2.0,0.0,0.0,5651505152.0,224948224.0,1.47398356992e+11,15505383424.0,0.0,0.0,0.0,140902.400,12316.800,11201.200,0.926,3.939,94.672,0.126,0.0,0.337,1493157876.201,
0.895,3.877,94.846,0.111,0.0,0.272,0.0,133529.600,543296759.800,239575.400,0.0,0.0,11990.600,11672.800,2.200,0.200,0.0,5659881472.0,224948224.0,1.47398610944e+11,15496753152.0,0.0,0.0,0.0,133529.600,11989.600,11671.400,0.895,3.877,94.845,0.111,0.0,0.272,1493157881.201,
0.911,3.996,94.640,0.106,0.0,0.347,0.0,138444.800,539265501.0,233557.600,0.0,0.0,12219.400,11561.800,1.600,0.0,0.200,5677379584.0,224956416.0,1.47398832128e+11,15479025664.0,0.0,0.0,0.0,138444.800,12219.800,11562.600,0.911,3.996,94.641,0.106,0.0,0.347,1493157886.201,
0.985,3.987,94.485,0.096,0.0,0.447,0.0,138444.800,632976432.400,293656.800,0.0,0.0,13919.800,13839.800,2.400,0.0,0.0,5660872704.0,224964608.0,1.4739900416e+11,15495352320.0,0.0,0.0,0.0,138444.800,13932.0,13845.800,0.985,3.987,94.485,0.096,0.0,0.447,1493157891.201,
0.931,4.001,94.645,0.116,0.0,0.307,0.0,136806.400,515728190.800,215436.400,0.0,0.0,12100.800,11649.600,2.0,0.0,0.0,5649010688.0,224972800.0,1.47399245824e+11,15506964480.0,0.0,0.0,0.0,136806.400,12094.400,11645.400,0.926,4.011,94.640,0.116,0.0,0.307,1493157896.201,
0.876,3.971,94.690,0.126,0.0,0.337,0.0,134348.800,507174699.400,212054.800,0.0,0.0,11872.200,11143.0,2.400,0.200,0.0,5669261312.0,224993280.0,1.47399487488e+11,15486451712.0,0.0,0.0,0.0,134348.800,11866.800,11140.400,0.886,3.961,94.690,0.126,0.0,0.337,1493157901.201,
0.952,4.275,94.366,0.096,0.0,0.312,0.0,126976.0,567396882.600,239245.400,0.0,0.0,12841.0,11981.0,2.200,0.0,0.0,5658165248.0,224997376.0,1.47399712768e+11,15497318400.0,0.0,0.0,0.0,126976.0,12856.400,11985.600,0.947,4.275,94.371,0.096,0.0,0.312,1493157906.201,
1.031,4.169,94.318,0.091,0.0,0.392,0.0,140902.400,604766114.400,271794.600,0.0,0.0,13832.800,13314.600,2.0,0.0,0.400,5677350912.0,225017856.0,1.47399897088e+11,15477927936.0,0.0,0.0,0.0,140902.400,13817.800,13310.0,1.031,4.169,94.318,0.091,0.0,0.392,1493157911.201,
0.905,3.908,94.810,0.080,0.0,0.297,0.0,149094.400,566911534.400,259911.400,0.0,0.0,12793.0,12485.600,2.0,0.0,0.0,5667311616.0,225046528.0,1.47400146944e+11,15487688704.0,0.0,0.0,0.0,149094.400,12796.400,12484.0,0.900,3.908,94.810,0.080,0.0,0.302,1493157916.201,
0.896,3.882,94.844,0.081,0.0,0.297,0.0,153190.400,514615813.200,233551.0,0.0,0.0,12743.0,11301.400,2.600,0.200,0.0,5670514688.0,225071104.0,1.47400409088e+11,15484198912.0,0.0,0.0,0.0,153190.400,12748.0,11302.200,0.906,3.886,94.830,0.081,0.0,0.297,1493157921.201,
0.997,4.119,94.204,0.388,0.0,0.292,0.0,4772659.200,514788449.800,206610.0,0.0,0.0,12595.600,11001.600,2.600,0.0,0.0,5663907840.0,225132544.0,1.4739658752e+11,15494565888.0,0.0,0.0,0.0,4772659.200,12586.600,11008.400,0.987,4.119,94.219,0.388,0.0,0.287,1493157926.201,
1.036,4.090,94.416,0.116,0.0,0.342,0.0,126156.800,610634523.200,318831.800,0.0,0.0,14817.800,13718.400,2.800,0.0,0.0,5641809920.0,225136640.0,1.47396767744e+11,15516479488.0,0.0,0.0,0.0,126156.800,14822.0,13714.800,1.046,4.085,94.410,0.116,0.0,0.342,1493157931.201,
1.013,4.025,94.640,0.101,0.0,0.222,0.0,135168.0,572264175.800,286484.800,0.0,0.0,14468.400,13583.200,2.600,0.0,0.0,5657468928.0,225161216.0,1.47396984832e+11,15500578816.0,0.0,0.0,0.0,135168.0,14467.0,13580.800,1.007,4.025,94.645,0.101,0.0,0.222,1493157936.201,
1.001,3.909,94.698,0.091,0.0,0.302,0.0,163840.0,639575400.400,339002.600,0.0,0.0,14259.0,15885.0,2.400,0.0,0.0,5651759104.0,225161216.0,1.47397218304e+11,15506055168.0,0.0,0.0,0.0,163840.0,14266.400,15888.0,0.996,3.909,94.698,0.091,0.0,0.307,1493157941.201,
1.107,3.989,94.104,0.418,0.0,0.382,0.0,4118118.400,671254316.200,382695.400,0.0,0.0,15480.800,15948.0,2.400,0.400,0.0,5665505280.0,225218560.0,1.47396984832e+11,15492485120.0,0.0,0.0,0.0,4118118.400,15470.400,15943.600,1.112,3.989,94.105,0.418,0.0,0.377,1493157946.201,
0.856,3.800,94.917,0.131,0.0,0.297,0.0,129433.600,475983174.0,176897.400,0.0,0.0,11089.600,10489.800,2.200,0.0,0.0,5655842816.0,225218560.0,1.47397214208e+11,15501918208.0,0.0,0.0,0.0,129433.600,11098.200,10495.400,0.856,3.795,94.921,0.131,0.0,0.297,1493157951.201,
0.846,3.858,94.898,0.126,0.0,0.272,0.0,128614.400,484753386.400,210948.0,0.0,0.0,11537.400,11557.600,2.600,0.0,0.0,5654241280.0,225230848.0,1.47397382144e+11,15503339520.0,0.0,0.0,0.0,128614.400,11531.800,11551.200,0.846,3.868,94.888,0.126,0.0,0.272,1493157956.201,
1.094,4.131,94.077,0.090,0.0,0.607,0.0,159744.0,606705789.400,303129.600,0.0,0.0,13679.200,14206.0,2.400,0.0,0.0,5633097728.0,225234944.0,1.4739759104e+11,15524270080.0,0.0,0.0,0.0,159744.0,13686.600,14218.800,1.090,4.122,94.090,0.090,0.0,0.608,1493157961.200,
1.026,4.242,94.274,0.116,0.0,0.342,0.0,140902.400,619675578.400,307206.0,0.0,0.0,13994.800,14549.600,2.400,0.200,0.0,5650444288.0,225247232.0,1.47397873664e+11,15506628608.0,0.0,0.0,0.0,140902.400,13991.200,14539.400,1.026,4.246,94.269,0.116,0.0,0.342,1493157966.201,
1.046,3.982,94.374,0.186,0.0,0.412,0.0,135168.0,636148664.400,291257.400,0.0,0.0,13567.0,14058.800,1.800,0.0,0.0,5670891520.0,225255424.0,1.47398078464e+11,15485968384.0,0.0,0.0,0.0,135168.0,13560.400,14059.0,1.056,3.981,94.365,0.186,0.0,0.412,1493157971.201,
0.865,3.788,94.934,0.101,0.0,0.312,0.0,134348.800,518810184.0,208392.0,0.0,0.0,11729.400,11354.0,2.800,0.0,0.0,5647892480.0,225263616.0,1.47398279168e+11,15508758528.0,0.0,0.0,0.0,134348.800,11734.200,11352.800,0.860,3.789,94.938,0.101,0.0,0.312,1493157976.201,
1.036,3.801,94.640,0.121,0.0,0.402,0.0,140083.200,628970256.0,300699.400,0.0,0.0,13725.600,13589.0,2.400,0.0,0.0,5661843456.0,225275904.0,1.47398504448e+11,15494569984.0,0.0,0.0,0.0,140083.200,13731.0,13590.0,1.041,3.800,94.636,0.121,0.0,0.402,1493157981.201,
1.108,4.225,94.208,0.131,0.0,0.327,0.0,140902.400,643478654.800,332681.400,0.0,0.0,14961.600,14586.200,2.600,0.200,0.200,5665189888.0,225300480.0,1.4739877888e+11,15490924544.0,0.0,0.0,0.0,140902.400,14952.0,14583.0,1.103,4.226,94.213,0.131,0.0,0.327,1493157986.201,
1.057,3.972,94.523,0.126,0.0,0.322,0.0,140902.400,629491199.0,338413.0,0.0,0.0,14384.200,14612.600,2.0,0.0,0.0,5671723008.0,225300480.0,1.47399020544e+11,15484149760.0,0.0,0.0,0.0,140902.400,14383.200,14614.200,1.052,3.967,94.533,0.126,0.0,0.322,1493157991.201,
1.001,4.255,94.206,0.121,0.0,0.417,0.0,144179.200,593966066.0,262903.600,0.0,0.0,13938.200,12896.200,2.200,0.0,0.0,5666848768.0,225316864.0,1.47399204864e+11,15488823296.0,0.0,0.0,0.0,144179.200,13939.400,12895.400,1.001,4.260,94.201,0.121,0.0,0.417,1493157996.201,
0.835,3.753,95.025,0.126,0.0,0.262,0.0,138444.800,503228013.0,198936.400,0.0,0.0,11288.200,11212.800,2.200,0.0,0.0,5643862016.0,225333248.0,1.47399442432e+11,15511556096.0,0.0,0.0,0.0,138444.800,11288.600,11217.200,0.835,3.758,95.020,0.126,0.0,0.262,1493158001.201,
0.890,3.652,94.985,0.121,0.0,0.352,0.0,133529.600,526574572.0,190511.200,0.0,0.0,11655.0,11119.400,1.400,0.200,0.0,5663404032.0,225349632.0,1.4739968e+11,15491760128.0,0.0,0.0,0.0,133529.600,11661.800,11124.200,0.890,3.647,94.990,0.121,0.0,0.352,1493158006.201,
1.242,4.369,93.876,0.121,0.0,0.392,0.0,134348.800,682984706.0,384549.0,0.0,0.0,15630.0,16045.0,2.800,0.0,0.0,5656965120.0,225361920.0,1.47399901184e+11,15497965568.0,0.0,0.0,0.0,134348.800,15625.200,16044.0,1.247,4.365,93.870,0.121,0.0,0.397,1493158011.200,
0.976,3.737,94.840,0.101,0.0,0.347,0.0,141721.600,580570284.400,283166.0,0.0,0.0,13075.200,13459.400,1.600,0.0,0.0,5656944640.0,225378304.0,1.47400093696e+11,15497777152.0,0.0,0.0,0.0,141721.600,13071.400,13453.400,0.975,3.741,94.841,0.101,0.0,0.342,1493158016.201,
0.945,4.058,94.428,0.091,0.0,0.478,0.0,138444.800,552079740.600,280900.600,0.0,0.0,13921.800,12527.0,2.800,0.0,0.0,5663690752.0,225390592.0,1.47400318976e+11,15490793472.0,0.0,0.0,0.0,138444.800,13924.400,12530.200,0.945,4.059,94.428,0.091,0.0,0.478,1493158021.201,
1.056,4.083,94.378,0.121,0.0,0.362,0.0,135168.0,597104843.600,304501.400,0.0,0.0,14393.0,13222.200,2.0,0.200,0.0,5665116160.0,225398784.0,1.47400568832e+11,15489110016.0,0.0,0.0,0.0,135168.0,14390.400,13215.400,1.056,4.083,94.378,0.121,0.0,0.362,1493158026.201,
1.032,3.937,94.351,0.393,0.0,0.287,0.0,4473651.200,590459130.200,340006.0,0.0,0.0,15797.0,14034.200,2.600,0.0,0.200,5678043136.0,225419264.0,1.47394633728e+11,15482097664.0,0.0,0.0,0.0,4473651.200,15799.800,14040.0,1.032,3.937,94.351,0.393,0.0,0.287,1493158031.201,
1.027,4.071,94.419,0.126,0.0,0.357,0.0,130252.800,578927084.800,336050.400,0.0,0.0,15981.400,13785.600,2.400,0.0,0.0,5660786688.0,225427456.0,1.47394818048e+11,15499161600.0,0.0,0.0,0.0,130252.800,15984.200,13784.800,1.027,4.076,94.414,0.126,0.0,0.357,1493158036.201,
1.088,3.964,94.480,0.116,0.0,0.353,0.0,134348.800,659097673.600,400683.600,0.0,0.0,15513.400,16529.200,3.0,0.0,0.0,5658828800.0,225435648.0,1.47395047424e+11,15500881920.0,0.0,0.0,0.0,134348.800,15508.0,16528.0,1.088,3.959,94.480,0.116,0.0,0.358,1493158041.201,
1.071,4.078,94.328,0.131,0.0,0.392,0.0,168755.200,642663638.600,373538.800,0.0,0.0,15575.200,15695.200,2.0,0.200,0.0,5658591232.0,225468416.0,1.47395342336e+11,15500791808.0,0.0,0.0,0.0,168755.200,15578.0,15700.200,1.066,4.074,94.342,0.131,0.0,0.387,1493158046.201,
0.969,3.856,94.568,0.105,0.0,0.502,0.0,128614.400,590186171.800,256489.0,0.0,0.0,12717.400,12434.400,2.400,0.0,0.0,5654421504.0,225472512.0,1.47395575808e+11,15504723968.0,0.0,0.0,0.0,128614.400,12715.600,12427.0,0.974,3.870,94.549,0.105,0.0,0.502,1493158051.201,
1.182,4.426,93.904,0.080,0.0,0.407,0.0,138444.800,659451448.400,371717.600,0.0,0.0,16175.0,15038.200,2.200,0.0,0.0,5663662080.0,225492992.0,1.47395801088e+11,15495237632.0,0.0,0.0,0.0,138444.800,16175.600,15039.400,1.177,4.417,93.918,0.080,0.0,0.407,1493158056.201,
0.875,3.517,95.225,0.126,0.0,0.257,0.0,141721.600,483608009.600,221849.600,0.0,0.0,11253.400,11270.800,2.0,0.0,0.0,5651181568.0,225501184.0,1.47395997696e+11,15507513344.0,0.0,0.0,0.0,141721.600,11251.800,11270.200,0.875,3.517,95.226,0.126,0.0,0.257,1493158061.201,
1.031,3.893,94.574,0.111,0.0,0.392,0.0,134348.800,597207849.400,291659.400,0.0,0.0,13501.400,13575.200,2.200,0.200,0.0,5661388800.0,225501184.0,1.47396255744e+11,15497048064.0,0.0,0.0,0.0,134348.800,13511.200,13578.0,1.036,3.893,94.568,0.111,0.0,0.392,1493158066.201,
1.087,3.838,94.542,0.116,0.0,0.418,0.0,146636.800,676752242.0,411148.0,0.0,0.0,15274.200,16379.0,2.200,0.0,0.0,5659619328.0,225509376.0,1.47396489216e+11,15498575872.0,0.0,0.0,0.0,146636.800,15278.0,16386.0,1.092,3.833,94.542,0.116,0.0,0.418,1493158071.201,
0.993,4.061,94.538,0.136,0.0,0.272,0.0,142540.800,585676606.600,313769.800,0.0,0.0,14332.600,14348.0,3.200,0.0,0.0,5650935808.0,225529856.0,1.47396681728e+11,15507046400.0,0.0,0.0,0.0,142540.800,14330.600,14350.600,0.983,4.066,94.543,0.136,0.0,0.272,1493158076.201,
1.031,3.905,94.621,0.106,0.0,0.337,0.0,140083.200,622902917.600,357183.0,0.0,0.0,14766.800,14483.800,1.600,0.0,0.0,5664411648.0,225529856.0,1.47396902912e+11,15493349376.0,0.0,0.0,0.0,140083.200,14755.200,14474.200,1.032,3.900,94.625,0.106,0.0,0.337,1493158081.201,
1.015,3.991,94.426,0.085,0.0,0.483,0.0,136806.400,700965876.600,435297.600,0.0,0.0,16791.0,16479.800,2.800,0.0,0.0,5665325056.0,225550336.0,1.4739718144e+11,15492136960.0,0.0,0.0,0.0,136806.400,16794.800,16479.200,1.015,4.000,94.417,0.085,0.0,0.482,1493158086.201,
1.051,3.842,94.523,0.131,0.0,0.453,0.0,139264.0,675446515.0,387866.800,0.0,0.0,15372.200,15423.600,2.200,0.0,0.0,5658140672.0,225562624.0,1.47397423104e+11,15499067392.0,0.0,0.0,0.0,139264.0,15369.800,15426.800,1.051,3.833,94.532,0.131,0.0,0.453,1493158091.201,
1.007,4.094,94.490,0.106,0.0,0.302,0.0,136806.400,595819969.800,302906.400,0.0,0.0,13951.400,13804.600,2.400,0.0,0.0,5659086848.0,225570816.0,1.47397623808e+11,15497912320.0,0.0,0.0,0.0,136806.400,13950.0,13799.400,1.007,4.109,94.477,0.106,0.0,0.302,1493158096.201,
1.101,3.830,94.597,0.106,0.0,0.367,0.0,138444.800,641573771.400,313829.200,0.0,0.0,13912.400,14157.0,3.0,0.0,0.0,5646757888.0,225599488.0,1.47397824512e+11,15510011904.0,0.0,0.0,0.0,138444.800,13923.400,14160.0,1.101,3.816,94.610,0.106,0.0,0.367,1493158101.201,
1.102,3.834,94.531,0.136,0.0,0.397,0.0,138444.800,652581628.800,360911.600,0.0,0.0,14779.0,15523.600,2.200,0.200,0.0,5660618752.0,225628160.0,1.47398115328e+11,15495831552.0,0.0,0.0,0.0,138444.800,14771.800,15526.800,1.107,3.843,94.517,0.136,0.0,0.397,1493158106.201,
1.128,4.067,94.332,0.121,0.0,0.352,0.0,132710.400,634744910.200,324760.400,0.0,0.0,15240.0,14277.200,1.800,0.0,0.0,5679685632.0,225632256.0,1.47398352896e+11,15476523008.0,0.0,0.0,0.0,132710.400,15236.200,14273.200,1.122,4.067,94.337,0.121,0.0,0.352,1493158111.201,
0.216,0.894,98.679,0.106,0.0,0.106,0.0,140083.200,111555922.0,28221.600,0.0,0.0,3503.200,7983.0,0.600,0.0,1.0,5464076288.0,225648640.0,1.47398516736e+11,15691952128.0,0.0,0.0,0.0,140083.200,3503.200,7982.0,0.221,0.884,98.683,0.106,0.0,0.106,1493158116.201,
