"Dstat 0.7.2 CSV output"
"Author:","Dag Wieers <dag@wieers.com>",,,,"URL:","http://dag.wieers.com/home-made/dstat/"
"Host:","osd0.skyhook-4osds.skyhook-pg0.wisc.cloudlab.us",,,,"User:","jlefevre"
"Cmdline:","dstat -av --epoch --integer --noheaders --output dstat-osd0.log 5",,,,"Date:","25 Apr 2017 14:10:10 CDT"

"total cpu usage",,,,,,"dsk/total",,"net/total",,"paging",,"system",,"procs",,,"memory usage",,,,"paging",,"dsk/total",,"system",,"total cpu usage",,,,,,"epoch"
"usr","sys","idl","wai","hiq","siq","read","writ","recv","send","in","out","int","csw","run","blk","new","used","buff","cach","free","in","out","read","writ","int","csw","usr","sys","idl","wai","hiq","siq","epoch"
0.025,0.010,99.965,0.0,0.0,0.0,819.200,0.0,2892.600,12031.800,0.0,0.0,183.0,206.600,0.0,0.0,0.0,3272609792.0,1482752.0,132911104.0,1.65373190144e+11,0.0,0.0,819.200,0.0,183.0,206.600,0.020,0.010,99.970,0.0,0.0,0.0,1493150750.776,
0.045,0.060,99.590,0.305,0.0,0.0,19743539.200,7372.800,5817.200,1169674.200,0.0,0.0,384.600,523.800,0.0,0.0,0.0,3365457920.0,1499136.0,229150720.0,1.65184086016e+11,0.0,0.0,19743539.200,7372.800,384.600,523.800,0.050,0.060,99.585,0.305,0.0,0.0,1493150755.776,
0.160,0.486,98.774,0.566,0.0,0.015,135384268.800,0.0,56687.800,158606351.200,0.0,0.0,3587.0,2538.0,0.0,0.600,0.0,3279347712.0,1499136.0,908042240.0,1.64591304704e+11,0.0,0.0,135384268.800,0.0,3587.0,2538.0,0.155,0.486,98.779,0.566,0.0,0.015,1493150760.776,
0.090,0.350,99.299,0.250,0.0,0.010,93076684.800,2457.600,27480.200,98052384.0,0.0,0.0,2331.600,1808.0,0.0,0.400,0.0,3281252352.0,1507328.0,1373900800.0,1.64123533312e+11,0.0,0.0,93076684.800,2457.600,2331.600,1808.0,0.090,0.355,99.294,0.250,0.0,0.010,1493150765.776,
0.130,0.490,98.970,0.400,0.0,0.010,121281740.800,0.0,30473.400,125050467.600,0.0,0.0,2878.800,2320.200,0.200,0.400,0.0,3278004224.0,1507328.0,1980059648.0,1.63520622592e+11,0.0,0.0,121281740.800,0.0,2882.200,2320.400,0.130,0.490,98.969,0.400,0.0,0.010,1493150770.776,
0.140,0.475,98.979,0.395,0.0,0.010,124102246.400,4096.0,38122.0,125504107.800,0.0,0.0,3033.400,2353.600,0.400,0.400,0.400,3307810816.0,1515520.0,2599284736.0,1.6287158272e+11,0.0,0.0,124102246.400,4096.0,3030.0,2353.400,0.145,0.471,98.979,0.395,0.0,0.010,1493150775.776,
0.140,0.475,99.000,0.375,0.0,0.010,117790310.400,1638.400,28586.400,118091348.0,0.0,0.0,2772.200,2231.400,0.400,0.600,0.0,3334680576.0,1515520.0,3189460992.0,1.62254536704e+11,0.0,0.0,118026240.0,1638.400,2778.0,2234.400,0.135,0.480,99.000,0.375,0.0,0.010,1493150780.776,
0.130,0.501,98.834,0.531,0.0,0.005,133234688.0,8192.0,29720.800,133534886.600,0.0,0.0,3124.400,2468.600,0.200,0.0,0.0,3364425728.0,1531904.0,3855343616.0,1.61558892544e+11,0.0,0.0,132998758.400,8192.0,3118.600,2465.600,0.130,0.496,98.839,0.531,0.0,0.005,1493150785.776,
0.120,0.400,99.150,0.325,0.0,0.005,98717696.0,4915.200,32773.400,122126855.400,0.0,0.0,2750.0,1921.600,0.0,0.400,0.0,3261460480.0,1540096.0,4349546496.0,1.6116764672e+11,0.0,0.0,98717696.0,4915.200,2750.0,1921.600,0.120,0.405,99.145,0.325,0.0,0.005,1493150790.776,
0.130,0.440,98.970,0.445,0.0,0.015,115640729.600,2457.600,20663.600,118503248.600,0.0,0.0,2663.800,2208.600,0.200,0.400,0.0,3279183872.0,1548288.0,4928155648.0,1.60571305984e+11,0.0,0.0,115850444.800,2457.600,2665.0,2211.400,0.135,0.440,98.965,0.445,0.0,0.015,1493150795.776,
0.150,0.485,98.779,0.580,0.0,0.005,137088204.800,0.0,43151.0,125544325.800,0.0,0.0,3262.600,2525.400,0.400,0.0,0.0,3375919104.0,1548288.0,5613809664.0,1.59788916736e+11,0.0,0.0,137140633.600,0.0,3263.0,2526.0,0.145,0.485,98.779,0.586,0.0,0.005,1493150800.776,
0.110,0.365,99.144,0.370,0.0,0.010,97013760.0,2457.600,36586.200,97938914.200,0.0,0.0,2694.400,1878.200,0.200,0.400,0.0,3380731904.0,1556480.0,6097776640.0,1.59300128768e+11,0.0,0.0,96751616.0,2457.600,2692.800,1874.800,0.110,0.365,99.149,0.365,0.0,0.010,1493150805.776,
0.100,0.345,99.165,0.370,0.0,0.020,90256179.200,0.0,23658.800,95212763.800,0.0,0.0,2375.800,1767.400,0.600,0.200,0.400,3383939072.0,1556480.0,6548922368.0,1.58845775872e+11,0.0,0.0,90256179.200,0.0,2375.800,1767.400,0.105,0.340,99.165,0.370,0.0,0.020,1493150810.776,
0.115,0.436,99.024,0.426,0.0,0.0,118461235.200,4915.200,35213.0,121420102.400,0.0,0.0,2973.800,2278.400,0.400,0.400,0.0,3399700480.0,1564672.0,7141715968.0,1.58237212672e+11,0.0,0.0,118461235.200,4915.200,2973.800,2278.400,0.115,0.441,99.019,0.425,0.0,0.0,1493150815.776,
0.130,0.425,98.954,0.475,0.0,0.015,112855449.600,4096.0,42705.0,136669747.0,0.0,0.0,3177.800,2179.200,0.200,0.200,0.200,3318120448.0,1712128.0,7705145344.0,1.57755215872e+11,0.0,0.0,112855449.600,4096.0,3177.800,2179.200,0.125,0.420,98.964,0.475,0.0,0.015,1493150820.776,
0.110,0.435,98.969,0.480,0.0,0.005,115640729.600,14745.600,31474.0,112167044.400,0.0,0.0,2718.600,2199.400,0.0,0.800,0.0,3359768576.0,1728512.0,8283144192.0,1.57135552512e+11,0.0,0.0,115640729.600,14745.600,2720.0,2199.400,0.115,0.435,98.964,0.480,0.0,0.005,1493150825.776,
0.130,0.430,99.024,0.415,0.0,0.0,115640729.600,0.0,34656.400,135897074.600,0.0,0.0,3119.0,2191.600,0.0,0.0,0.0,3277393920.0,1728512.0,8861794304.0,1.56639277056e+11,0.0,0.0,115640729.600,0.0,3117.600,2191.600,0.130,0.435,99.019,0.415,0.0,0.0,1493150830.776,
0.115,0.310,99.219,0.355,0.0,0.0,90256179.200,2457.600,24611.400,94865991.600,0.0,0.0,2235.0,1725.400,0.0,0.200,0.0,3276943360.0,1736704.0,9313832960.0,1.56187680768e+11,0.0,0.0,90256179.200,2457.600,2235.0,1725.400,0.115,0.305,99.224,0.355,0.0,0.0,1493150835.776,
0.140,0.455,98.859,0.531,0.0,0.015,131971481.600,0.0,33554.600,131813009.800,0.0,0.0,3075.600,2454.800,0.0,0.200,0.0,3320659968.0,1736704.0,9973182464.0,1.55484614656e+11,0.0,0.0,132154982.400,0.0,3080.800,2457.200,0.135,0.455,98.864,0.531,0.0,0.015,1493150840.776,
0.195,0.656,98.263,0.871,0.0,0.015,176485990.400,2457.600,63922.600,167567956.600,0.0,0.0,4315.0,3248.200,0.600,0.800,0.400,3400904704.0,1744896.0,10855948288.0,1.54521595904e+11,0.0,0.0,176485990.400,2457.600,4311.0,3248.0,0.200,0.661,98.253,0.871,0.0,0.015,1493150845.776,
0.145,0.466,98.819,0.561,0.0,0.010,128720896.0,2457.600,42839.200,145208797.800,0.0,0.0,3361.0,2431.0,0.800,0.0,0.0,3352772608.0,1744896.0,11498692608.0,1.5392698368e+11,0.0,0.0,128537395.200,2457.600,3364.0,2431.0,0.140,0.461,98.829,0.561,0.0,0.010,1493150850.776,
0.165,0.546,98.488,0.776,0.0,0.025,155127808.0,7372.800,52556.600,135628281.800,0.0,0.0,3717.800,2873.800,0.400,0.800,0.0,3483181056.0,1761280.0,12274839552.0,1.53020411904e+11,0.0,0.0,155127808.0,7372.800,3713.600,2871.600,0.165,0.546,98.488,0.776,0.0,0.025,1493150855.776,
0.160,0.530,98.619,0.676,0.0,0.015,141025280.0,7372.800,58316.800,156688686.800,0.0,0.0,3795.800,2645.800,0.200,0.400,0.0,3442114560.0,1769472.0,12979228672.0,1.52357081088e+11,0.0,0.0,141025280.0,7372.800,3795.800,2645.800,0.160,0.530,98.619,0.676,0.0,0.015,1493150860.776,
0.135,0.490,98.784,0.581,0.0,0.010,124102246.400,3276.800,61233.400,157689317.800,0.0,0.0,3535.0,2361.200,0.400,0.400,0.0,3300618240.0,1777664.0,13600591872.0,1.51877206016e+11,0.0,0.0,124102246.400,3276.800,3536.0,2361.200,0.135,0.495,98.779,0.581,0.0,0.010,1493150865.776,
0.170,0.556,98.648,0.606,0.0,0.020,161057177.600,0.0,62587.600,150056265.600,0.0,0.0,3901.200,2925.800,0.0,0.200,0.0,3387408384.0,1777664.0,14405185536.0,1.50985822208e+11,0.0,0.0,161266892.800,0.0,3904.400,2927.600,0.175,0.556,98.644,0.606,0.0,0.020,1493150870.776,
0.195,0.591,98.573,0.621,0.0,0.020,175107276.800,2457.600,57331.800,158788908.600,0.0,0.0,4225.400,3177.200,0.0,0.600,0.0,3509661696.0,1785856.0,15281659904.0,1.49987086336e+11,0.0,0.0,175081062.400,2457.600,4222.400,3177.600,0.190,0.586,98.583,0.621,0.0,0.020,1493150875.776,
0.135,0.425,99.024,0.405,0.0,0.010,112295936.0,0.0,45787.0,116076604.600,0.0,0.0,3086.400,2142.200,0.200,0.0,0.400,3517775872.0,1785856.0,15842934784.0,1.4941769728e+11,0.0,0.0,112112435.200,0.0,3085.200,2140.0,0.135,0.430,99.019,0.405,0.0,0.010,1493150880.776,
0.100,0.425,99.230,0.230,0.0,0.015,95897190.400,4096.0,41641.200,135348510.800,0.0,0.0,2972.600,1888.0,0.200,0.0,0.0,3350351872.0,1794048.0,16322678784.0,1.49105369088e+11,0.0,0.0,95897190.400,4096.0,2973.400,1888.200,0.100,0.425,99.230,0.230,0.0,0.015,1493150885.776,
0.140,0.440,98.889,0.525,0.0,0.005,119378739.200,13107.200,32874.800,115858265.800,0.0,0.0,2873.800,2298.600,0.600,0.200,0.0,3399208960.0,1810432.0,16919412736.0,1.48459761664e+11,0.0,0.0,119588454.400,13107.200,2881.200,2302.0,0.140,0.435,98.894,0.525,0.0,0.005,1493150890.776,
0.165,0.621,98.579,0.631,0.0,0.005,158000742.400,8192.0,65654.400,184161502.400,0.0,0.0,4167.600,2930.0,0.400,0.400,0.0,3296964608.0,1818624.0,17710428160.0,1.477709824e+11,0.0,0.0,158000742.400,8192.0,4160.800,2929.400,0.170,0.621,98.574,0.631,0.0,0.005,1493150895.776,
0.185,0.651,98.494,0.666,0.0,0.005,173901414.400,2457.600,79367.600,178815968.800,0.0,0.0,4504.200,3195.600,0.400,1.0,0.0,3323981824.0,1826816.0,18577649664.0,1.46876735488e+11,0.0,0.0,173691699.200,2457.600,4507.800,3192.600,0.185,0.651,98.494,0.666,0.0,0.005,1493150900.776,
0.160,0.475,98.899,0.460,0.0,0.005,138265395.200,2457.600,53090.0,121585142.200,0.0,0.0,3422.400,2604.200,0.400,0.400,0.400,3425140736.0,1826816.0,19269369856.0,1.46083856384e+11,0.0,0.0,138265395.200,2457.600,3417.600,2604.600,0.160,0.475,98.899,0.460,0.0,0.005,1493150905.776,
0.150,0.521,98.809,0.506,0.0,0.015,159232819.200,7372.800,35464.800,112115314.800,0.0,0.0,3247.0,2935.600,0.200,0.200,0.400,3689414656.0,1843200.0,20065579008.0,1.45023356928e+11,0.0,0.0,159442534.400,7372.800,3249.0,2938.0,0.145,0.526,98.809,0.506,0.0,0.015,1493150910.776,
0.150,0.545,98.825,0.470,0.0,0.010,136920268.800,4915.200,50192.600,139423036.400,0.0,0.0,3578.0,2582.600,0.200,0.200,0.0,3712131072.0,1851392.0,20749414400.0,1.44316796928e+11,0.0,0.0,136710553.600,4915.200,3575.800,2579.800,0.150,0.540,98.830,0.470,0.0,0.010,1493150915.776,
0.160,0.620,98.764,0.440,0.0,0.015,155127808.0,3276.800,89719.0,204609169.200,0.0,0.0,4787.600,2923.400,0.800,0.600,0.0,3513368576.0,1859584.0,21526556672.0,1.4373840896e+11,0.0,0.0,155127808.0,3276.800,4787.600,2923.400,0.160,0.626,98.759,0.440,0.0,0.015,1493150920.776,
0.170,0.611,98.654,0.550,0.0,0.015,162236825.600,12288.0,65174.800,190427229.0,0.0,0.0,4295.0,3022.800,0.0,0.400,0.0,3410595840.0,1875968.0,22337216512.0,1.43030505472e+11,0.0,0.0,162420326.400,12288.0,4296.400,3025.200,0.175,0.606,98.649,0.555,0.0,0.015,1493150925.776,
0.165,0.521,98.708,0.601,0.0,0.005,153659801.600,0.0,63185.400,178391668.400,0.0,0.0,4042.0,2862.0,0.200,0.400,0.0,3331014656.0,1875968.0,23106695168.0,1.42340608e+11,0.0,0.0,153476300.800,0.0,4040.600,2859.600,0.160,0.521,98.718,0.596,0.0,0.005,1493150930.776,
0.105,0.390,99.249,0.240,0.0,0.015,107179212.800,2457.600,43981.600,115620643.600,0.0,0.0,2835.800,2051.800,0.0,0.0,0.0,3319959552.0,1884160.0,23641538560.0,1.4181681152e+11,0.0,0.0,107179212.800,2457.600,2835.800,2051.800,0.110,0.395,99.239,0.240,0.0,0.015,1493150935.776,
0.140,0.410,99.079,0.370,0.0,0.0,121281740.800,0.0,35994.400,127482823.200,0.0,0.0,2936.800,2285.0,0.0,0.400,0.0,3304042496.0,1884160.0,24247910400.0,1.41226356736e+11,0.0,0.0,121281740.800,0.0,2937.0,2285.0,0.135,0.405,99.089,0.370,0.0,0.0,1493150940.776,
0.130,0.450,98.989,0.415,0.0,0.015,124102246.400,2457.600,45108.0,125804035.200,0.0,0.0,3040.400,2327.600,0.0,0.200,0.0,3336364032.0,1892352.0,24868777984.0,1.40573159424e+11,0.0,0.0,124102246.400,2457.600,3042.200,2327.800,0.135,0.455,98.979,0.415,0.0,0.015,1493150945.776,
0.150,0.491,98.874,0.481,0.0,0.005,149486796.800,0.0,40753.400,124065150.600,0.0,0.0,3323.0,2735.400,0.0,0.400,0.400,3497492480.0,1892352.0,25615810560.0,1.396649984e+11,0.0,0.0,149486796.800,0.0,3321.0,2735.200,0.145,0.491,98.879,0.481,0.0,0.005,1493150950.776,
0.170,0.581,98.598,0.631,0.0,0.020,172050841.600,8192.0,63584.0,160052337.0,0.0,0.0,4203.200,3174.600,0.600,0.800,0.0,3586392064.0,1900544.0,26475855872.0,1.38716045312e+11,0.0,0.0,172050841.600,8192.0,4203.200,3174.600,0.175,0.581,98.593,0.631,0.0,0.020,1493150955.776,
0.170,0.605,98.684,0.540,0.0,0.0,157973708.800,9830.400,54021.400,161157049.200,0.0,0.0,4062.200,2932.0,0.200,1.200,0.200,3613589504.0,1916928.0,27265155072.0,1.37899532288e+11,0.0,0.0,157973708.800,9830.400,4062.200,2932.0,0.170,0.600,98.689,0.540,0.0,0.0,1493150960.776,
0.165,0.586,98.618,0.621,0.0,0.010,160768819.200,4915.200,77386.600,151366419.800,0.0,0.0,4300.200,2997.400,0.600,0.800,0.0,3683987456.0,1925120.0,28069466112.0,1.37024815104e+11,0.0,0.0,161057177.600,4915.200,4311.0,3001.600,0.165,0.596,98.609,0.621,0.0,0.010,1493150965.776,
0.175,0.615,98.514,0.680,0.0,0.015,157460889.600,2457.600,74666.200,152067293.400,0.0,0.0,4085.200,2951.200,0.600,0.400,0.0,3753996288.0,1933312.0,28857708544.0,1.36166555648e+11,0.0,0.0,157460889.600,2457.600,4081.400,2950.600,0.175,0.611,98.513,0.686,0.0,0.015,1493150970.776,
0.125,0.415,99.004,0.435,0.0,0.020,104227635.200,2457.600,51746.400,131940220.200,0.0,0.0,3169.800,1991.200,0.200,0.600,0.0,3646033920.0,1933312.0,29379706880.0,1.3575251968e+11,0.0,0.0,104148992.0,2457.600,3168.0,1989.800,0.120,0.410,99.014,0.435,0.0,0.020,1493150975.776,
0.150,0.521,98.799,0.526,0.0,0.005,130361753.600,2457.600,76479.200,149882083.400,0.0,0.0,3891.800,2492.0,0.200,0.200,0.400,3578990592.0,1941504.0,30030635008.0,1.35168626688e+11,0.0,0.0,130152038.400,2457.600,3886.600,2489.800,0.150,0.521,98.804,0.521,0.0,0.005,1493150980.776,
0.135,0.541,98.899,0.410,0.0,0.015,126922752.0,0.0,76453.600,174231875.600,0.0,0.0,3956.600,2442.200,0.200,0.200,0.0,3384688640.0,1941504.0,30664753152.0,1.34728810496e+11,0.0,0.0,126922752.0,0.0,3956.600,2442.200,0.135,0.545,98.894,0.410,0.0,0.015,1493150985.776,
0.135,0.490,98.885,0.485,0.0,0.005,115640729.600,8192.0,65794.0,131663556.800,0.0,0.0,3391.800,2254.800,0.0,0.0,0.0,3340005376.0,1957888.0,31242465280.0,1.34195765248e+11,0.0,0.0,115640729.600,8192.0,3391.800,2254.800,0.140,0.485,98.885,0.485,0.0,0.005,1493150990.776,
0.155,0.505,98.699,0.625,0.0,0.015,132641587.200,21299.200,33527.600,122510227.600,0.0,0.0,3043.800,2511.200,0.200,0.400,0.600,3419299840.0,2256896.0,31905558528.0,1.33453078528e+11,0.0,0.0,132641587.200,21299.200,3043.800,2511.200,0.150,0.510,98.699,0.625,0.0,0.015,1493150995.776,
0.140,0.521,98.954,0.371,0.0,0.015,141025280.0,0.0,63734.400,148978940.400,0.0,0.0,3961.800,2649.600,0.200,0.200,0.200,3409575936.0,2256896.0,32610955264.0,1.32757405696e+11,0.0,0.0,141025280.0,0.0,3961.800,2649.600,0.140,0.521,98.954,0.370,0.0,0.015,1493151000.776,
0.085,0.315,99.455,0.140,0.0,0.005,70512640.0,5734.400,41698.400,89105166.400,0.0,0.0,2364.400,1420.400,0.0,0.0,0.0,3338428416.0,2273280.0,32964218880.0,1.32475273216e+11,0.0,0.0,70512640.0,5734.400,2364.400,1420.400,0.085,0.310,99.460,0.140,0.0,0.005,1493151005.776,
