"Dstat 0.7.2 CSV output"
"Author:","Dag Wieers <dag@wieers.com>",,,,"URL:","http://dag.wieers.com/home-made/dstat/"
"Host:","osd0.skyhook-4osds.skyhook-pg0.wisc.cloudlab.us",,,,"User:","jlefevre"
"Cmdline:","dstat -av --epoch --integer --noheaders --output dstat-osd0.log 5",,,,"Date:","25 Apr 2017 14:10:10 CDT"

"total cpu usage",,,,,,"dsk/total",,"net/total",,"paging",,"system",,"procs",,,"memory usage",,,,"paging",,"dsk/total",,"system",,"total cpu usage",,,,,,"epoch"
"usr","sys","idl","wai","hiq","siq","read","writ","recv","send","in","out","int","csw","run","blk","new","used","buff","cach","free","in","out","read","writ","int","csw","usr","sys","idl","wai","hiq","siq","epoch"
0.020,0.0,99.980,0.0,0.0,0.0,0.0,4915.200,2201.800,11431.800,0.0,0.0,140.0,146.400,0.0,0.0,0.0,3327819776.0,1761280.0,32972103680.0,1.32478509056e+11,0.0,0.0,0.0,4915.200,140.0,146.400,0.020,0.0,99.980,0.0,0.0,0.0,1493157105.776,
0.050,0.065,99.885,0.0,0.0,0.0,0.0,10649.600,9316.800,4381775.400,0.0,0.0,298.200,212.0,0.0,0.0,0.0,3448446976.0,1769472.0,32972111872.0,1.32357865472e+11,0.0,0.0,0.0,10649.600,298.200,212.0,0.055,0.065,99.880,0.0,0.0,0.0,1493157110.776,
0.150,0.410,99.435,0.0,0.0,0.005,0.0,2457.600,47951.800,112820967.400,0.0,0.0,2309.0,527.800,0.200,0.0,0.0,3613892608.0,1777664.0,32972111872.0,1.32192411648e+11,0.0,0.0,0.0,2457.600,2309.0,527.800,0.150,0.415,99.430,0.0,0.0,0.005,1493157115.776,
0.110,0.395,99.490,0.0,0.0,0.005,0.0,0.0,39097.800,126958570.800,0.0,0.0,2105.600,464.600,0.200,0.0,0.0,3529588736.0,1777664.0,32972111872.0,1.3227671552e+11,0.0,0.0,0.0,0.0,2105.600,464.600,0.105,0.395,99.495,0.0,0.0,0.005,1493157120.776,
0.125,0.420,99.455,0.0,0.0,0.0,0.0,2457.600,34226.0,128328449.800,0.0,0.0,2110.200,499.400,0.0,0.0,0.0,3517882368.0,1785856.0,32972111872.0,1.32288413696e+11,0.0,0.0,0.0,2457.600,2112.800,499.400,0.130,0.415,99.455,0.0,0.0,0.0,1493157125.776,
0.130,0.405,99.460,0.0,0.0,0.005,0.0,4096.0,40814.800,137112784.400,0.0,0.0,2282.800,550.200,0.600,0.0,0.400,3536752640.0,1785856.0,32972111872.0,1.32269543424e+11,0.0,0.0,0.0,4096.0,2280.200,550.200,0.125,0.405,99.465,0.0,0.0,0.005,1493157130.776,
0.155,0.485,99.345,0.010,0.0,0.005,0.0,9830.400,52942.600,163863907.400,0.0,0.0,2621.0,623.800,0.200,0.0,0.400,3514290176.0,1802240.0,32972115968.0,1.32291985408e+11,0.0,0.0,0.0,9830.400,2622.0,624.400,0.155,0.490,99.340,0.010,0.0,0.005,1493157135.776,
0.150,0.455,99.385,0.0,0.0,0.010,0.0,7372.800,71847.400,185001375.400,0.0,0.0,3058.0,614.400,0.0,0.0,0.0,3330695168.0,1818624.0,32972103680.0,1.3247557632e+11,0.0,0.0,0.0,7372.800,3057.0,613.800,0.150,0.455,99.385,0.0,0.0,0.010,1493157140.776,
0.135,0.305,99.560,0.0,0.0,0.0,0.0,0.0,39734.600,135208958.800,0.0,0.0,2066.600,527.800,0.200,0.0,0.0,3362398208.0,1818624.0,32972115968.0,1.32443860992e+11,0.0,0.0,0.0,0.0,2066.600,527.800,0.140,0.300,99.560,0.0,0.0,0.0,1493157145.776,
0.140,0.370,99.485,0.0,0.0,0.005,0.0,2457.600,52227.600,134034950.400,0.0,0.0,2325.0,575.200,0.800,0.0,0.0,3413360640.0,1826816.0,32972115968.0,1.32392890368e+11,0.0,0.0,0.0,2457.600,2328.800,575.800,0.140,0.375,99.480,0.0,0.0,0.005,1493157150.776,
0.115,0.300,99.585,0.0,0.0,0.0,0.0,0.0,35212.800,110742271.800,0.0,0.0,1972.400,463.200,0.0,0.0,0.0,3391377408.0,1826816.0,32972115968.0,1.324148736e+11,0.0,0.0,0.0,0.0,1968.600,463.0,0.110,0.295,99.595,0.0,0.0,0.0,1493157155.776,
0.125,0.345,99.525,0.0,0.0,0.005,0.0,2457.600,40995.200,126228393.600,0.0,0.0,2171.0,479.600,0.0,0.0,0.400,3362598912.0,1835008.0,32972120064.0,1.32443639808e+11,0.0,0.0,0.0,2457.600,2171.0,479.200,0.125,0.350,99.520,0.0,0.0,0.005,1493157160.776,
0.145,0.395,99.455,0.0,0.0,0.005,0.0,2457.600,46763.0,146649877.600,0.0,0.0,2355.0,568.0,0.0,0.0,0.0,3363246080.0,1835008.0,32972120064.0,1.3244299264e+11,0.0,0.0,0.0,2457.600,2358.0,568.0,0.145,0.395,99.455,0.0,0.0,0.005,1493157165.776,
0.130,0.320,99.535,0.015,0.0,0.0,0.0,7372.800,44067.0,140595907.0,0.0,0.0,2281.600,549.800,0.0,0.0,0.0,3334144000.0,1851392.0,32972115968.0,1.32472082432e+11,0.0,0.0,0.0,7372.800,2278.600,549.800,0.130,0.320,99.535,0.015,0.0,0.0,1493157170.776,
0.130,0.320,99.540,0.0,0.0,0.010,0.0,9830.400,43242.400,133317266.800,0.0,0.0,2196.200,511.0,0.200,0.0,0.0,3371978752.0,1867776.0,32972107776.0,1.32434239488e+11,0.0,0.0,0.0,9830.400,2196.200,511.0,0.130,0.315,99.545,0.0,0.0,0.010,1493157175.776,
0.095,0.230,99.675,0.0,0.0,0.0,0.0,2457.600,35868.600,98043397.0,0.0,0.0,1760.800,435.400,0.0,0.0,0.0,3360288768.0,1867776.0,32972115968.0,1.3244592128e+11,0.0,0.0,0.0,2457.600,1760.800,435.400,0.100,0.230,99.670,0.0,0.0,0.0,1493157180.776,
0.120,0.320,99.560,0.0,0.0,0.0,0.0,2457.600,36974.0,113545503.400,0.0,0.0,1966.600,485.400,0.400,0.0,0.0,3463237632.0,1875968.0,32972115968.0,1.32342964224e+11,0.0,0.0,0.0,2457.600,1966.600,485.400,0.115,0.320,99.565,0.0,0.0,0.0,1493157185.776,
0.145,0.390,99.460,0.0,0.0,0.005,0.0,0.0,41549.400,149045831.400,0.0,0.0,2112.800,590.0,0.200,0.0,0.400,3452133376.0,1875968.0,32972120064.0,1.32354064384e+11,0.0,0.0,0.0,0.0,2113.400,590.400,0.150,0.395,99.450,0.0,0.0,0.005,1493157190.776,
0.165,0.465,99.365,0.0,0.0,0.005,0.0,2457.600,66922.200,174200182.800,0.0,0.0,2800.800,665.600,0.600,0.0,0.0,3418128384.0,1884160.0,32972124160.0,1.32388057088e+11,0.0,0.0,0.0,2457.600,2800.200,665.200,0.160,0.460,99.375,0.0,0.0,0.005,1493157195.776,
0.145,0.375,99.475,0.0,0.0,0.005,0.0,12288.0,49445.800,137312454.200,0.0,0.0,2331.800,564.600,0.0,0.0,0.0,3452989440.0,1892352.0,32972120064.0,1.32353191936e+11,0.0,0.0,0.0,12288.0,2334.200,564.600,0.145,0.375,99.475,0.0,0.0,0.005,1493157200.776,
0.130,0.355,99.510,0.0,0.0,0.005,0.0,6553.600,56617.400,147612514.200,0.0,0.0,2494.800,505.400,0.0,0.0,0.0,3383508992.0,1908736.0,32972120064.0,1.32422656e+11,0.0,0.0,0.0,6553.600,2492.800,505.800,0.130,0.355,99.510,0.0,0.0,0.005,1493157205.776,
0.150,0.425,99.425,0.0,0.0,0.0,0.0,2457.600,60605.0,133252914.800,0.0,0.0,2635.800,595.800,0.0,0.0,0.0,3519791104.0,1916928.0,32972111872.0,1.32286373888e+11,0.0,0.0,0.0,2457.600,2635.600,595.800,0.155,0.425,99.420,0.0,0.0,0.0,1493157210.776,
0.120,0.360,99.510,0.0,0.0,0.010,0.0,0.0,56542.400,145910970.600,0.0,0.0,2605.0,504.200,0.400,0.0,0.0,3417055232.0,1916928.0,32972120064.0,1.32389101568e+11,0.0,0.0,0.0,0.0,2608.600,504.0,0.120,0.365,99.505,0.0,0.0,0.010,1493157215.776,
0.175,0.455,99.365,0.0,0.0,0.005,0.0,2457.600,61525.200,149750421.600,0.0,0.0,2709.0,612.200,0.200,0.0,0.0,3535536128.0,1925120.0,32972120064.0,1.3227061248e+11,0.0,0.0,0.0,2457.600,2705.200,612.0,0.170,0.455,99.370,0.0,0.0,0.005,1493157220.776,
0.175,0.450,99.365,0.0,0.0,0.010,0.0,0.0,65817.800,157395658.800,0.0,0.0,2861.400,607.0,0.200,0.0,0.400,3504906240.0,1925120.0,32972124160.0,1.32301238272e+11,0.0,0.0,0.0,0.0,2861.400,607.0,0.175,0.450,99.365,0.0,0.0,0.010,1493157225.776,
0.120,0.350,99.525,0.0,0.0,0.005,0.0,7372.800,79531.0,147225194.200,0.0,0.0,3040.800,547.600,0.200,0.0,0.0,3397033984.0,1941504.0,32972120064.0,1.3240909824e+11,0.0,0.0,0.0,7372.800,3041.0,548.0,0.120,0.350,99.525,0.0,0.0,0.005,1493157230.776,
0.115,0.300,99.585,0.0,0.0,0.0,0.0,0.0,59677.0,116721222.200,0.0,0.0,2383.0,528.800,0.200,0.0,0.0,3357470720.0,1941504.0,32972124160.0,1.32448657408e+11,0.0,0.0,0.0,0.0,2382.800,528.400,0.120,0.295,99.585,0.0,0.0,0.0,1493157235.776,
0.155,0.440,99.400,0.0,0.0,0.005,0.0,9011.200,47120.0,116771452.0,0.0,0.0,2180.800,569.200,0.400,0.0,0.0,3575566336.0,1957888.0,32972124160.0,1.32230545408e+11,0.0,0.0,0.0,9011.200,2180.800,569.200,0.155,0.440,99.400,0.0,0.0,0.005,1493157240.776,
0.155,0.390,99.455,0.0,0.0,0.0,0.0,4915.200,42424.0,110767651.0,0.0,0.0,2109.600,514.800,0.0,0.0,0.0,3761139712.0,1966080.0,32972115968.0,1.32044972032e+11,0.0,0.0,0.0,4915.200,2109.600,514.800,0.155,0.390,99.455,0.0,0.0,0.0,1493157245.776,
0.160,0.390,99.445,0.0,0.0,0.005,0.0,2457.600,47070.0,100404266.800,0.0,0.0,2165.400,561.0,0.0,0.0,0.0,3972235264.0,1966080.0,32972124160.0,1.31833868288e+11,0.0,0.0,0.0,2457.600,2165.400,561.0,0.160,0.390,99.445,0.0,0.0,0.005,1493157250.776,
0.145,0.455,99.390,0.0,0.0,0.010,0.0,2457.600,55373.400,142933776.200,0.0,0.0,2531.400,563.400,0.200,0.0,0.0,3972132864.0,1974272.0,32972124160.0,1.31833962496e+11,0.0,0.0,0.0,2457.600,2533.400,563.800,0.140,0.455,99.395,0.0,0.0,0.010,1493157255.776,
0.160,0.485,99.344,0.0,0.0,0.010,0.0,819.200,61756.800,158839698.800,0.0,0.0,2684.200,613.400,0.600,0.0,0.400,3980595200.0,1974272.0,32972128256.0,1.31825496064e+11,0.0,0.0,0.0,819.200,2686.400,613.600,0.165,0.490,99.329,0.0,0.0,0.015,1493157260.776,
0.150,0.450,99.390,0.0,0.0,0.010,0.0,7372.800,60094.800,143436130.0,0.0,0.0,2607.800,578.800,0.0,0.0,0.200,3929985024.0,1990656.0,32972124160.0,1.31876093952e+11,0.0,0.0,0.0,7372.800,2603.600,578.200,0.150,0.445,99.400,0.0,0.0,0.005,1493157265.776,
0.155,0.435,99.405,0.0,0.0,0.005,0.0,4915.200,42600.200,151977909.200,0.0,0.0,2403.600,564.200,0.200,0.0,0.0,3876544512.0,1998848.0,32972124160.0,1.31929526272e+11,0.0,0.0,0.0,4915.200,2403.600,564.600,0.155,0.445,99.395,0.0,0.0,0.005,1493157270.776,
0.170,0.495,99.330,0.0,0.0,0.005,0.0,3276.800,57927.800,150101221.800,0.0,0.0,2688.600,584.800,0.200,0.0,0.0,3906174976.0,2007040.0,32972124160.0,1.31899887616e+11,0.0,0.0,0.0,3276.800,2689.0,584.400,0.170,0.485,99.340,0.0,0.0,0.005,1493157275.776,
0.180,0.505,99.305,0.0,0.0,0.010,0.0,2457.600,86963.600,159088890.800,0.0,0.0,3234.800,611.0,0.400,0.0,0.0,3905605632.0,2015232.0,32972115968.0,1.3190045696e+11,0.0,0.0,0.0,2457.600,3234.400,611.0,0.180,0.510,99.300,0.0,0.0,0.010,1493157280.776,
0.145,0.450,99.395,0.0,0.0,0.010,0.0,0.0,82301.400,150020765.400,0.0,0.0,3047.400,548.400,0.400,0.0,0.0,3899301888.0,2015232.0,32972124160.0,1.31906752512e+11,0.0,0.0,0.0,0.0,3047.400,548.400,0.140,0.445,99.405,0.0,0.0,0.010,1493157285.776,
0.160,0.470,99.370,0.0,0.0,0.0,0.0,4096.0,67241.800,143732492.400,0.0,0.0,2813.0,606.0,0.400,0.0,0.400,3905011712.0,2023424.0,32972132352.0,1.31901026304e+11,0.0,0.0,0.0,4096.0,2815.400,606.400,0.160,0.470,99.370,0.0,0.0,0.0,1493157290.776,
0.175,0.560,99.250,0.010,0.0,0.005,0.0,9011.200,110081.800,183302944.600,0.0,0.0,3935.0,676.600,0.0,0.0,0.0,3832451072.0,2031616.0,32972132352.0,1.31973578752e+11,0.0,0.0,0.0,9011.200,3937.0,676.400,0.180,0.560,99.245,0.010,0.0,0.005,1493157295.776,
0.175,0.616,99.194,0.010,0.0,0.005,0.0,9011.200,87368.400,217564470.400,0.0,0.0,3536.400,701.800,0.400,0.0,0.0,3693633536.0,2048000.0,32972132352.0,1.32112379904e+11,0.0,0.0,0.0,9011.200,3533.600,701.600,0.175,0.615,99.194,0.010,0.0,0.005,1493157300.776,
0.170,0.550,99.280,0.0,0.0,0.0,0.0,5734.400,78164.600,174090017.0,0.0,0.0,3216.200,617.600,0.200,0.0,0.0,3693424640.0,2048000.0,32972132352.0,1.321125888e+11,0.0,0.0,0.0,5734.400,3214.600,617.600,0.165,0.550,99.284,0.0,0.0,0.0,1493157305.776,
0.140,0.435,99.415,0.0,0.0,0.010,0.0,3276.800,71435.800,153300417.600,0.0,0.0,2909.0,571.200,0.200,0.0,0.200,3610107904.0,2056192.0,32972132352.0,1.32195897344e+11,0.0,0.0,0.0,3276.800,2909.0,571.200,0.140,0.435,99.415,0.0,0.0,0.010,1493157310.776,
0.195,0.650,99.145,0.005,0.0,0.005,0.0,5734.400,97540.400,199214007.400,0.0,0.0,3771.800,718.0,0.200,0.0,0.0,3655098368.0,2072576.0,32972128256.0,1.32150894592e+11,0.0,0.0,0.0,5734.400,3778.800,718.400,0.200,0.655,99.135,0.005,0.0,0.005,1493157315.776,
0.135,0.430,99.420,0.0,0.0,0.015,0.0,0.0,105410.200,194610924.400,0.0,0.0,3173.200,584.600,0.0,0.0,0.400,3348701184.0,2072576.0,32972140544.0,1.32457279488e+11,0.0,0.0,0.0,0.0,3166.200,584.200,0.135,0.425,99.425,0.0,0.0,0.015,1493157320.776,
0.125,0.305,99.550,0.005,0.0,0.015,0.0,3276.800,55545.0,126817745.200,0.0,0.0,1905.0,507.0,0.200,0.0,0.0,3338231808.0,2080768.0,32972140544.0,1.32467740672e+11,0.0,0.0,0.0,3276.800,1905.0,507.0,0.120,0.305,99.555,0.005,0.0,0.015,1493157325.776,
0.130,0.350,99.515,0.0,0.0,0.005,0.0,4096.0,58091.400,147467510.0,0.0,0.0,2226.200,641.0,0.200,0.0,0.0,3337469952.0,2088960.0,32972136448.0,1.32468498432e+11,0.0,0.0,0.0,4096.0,2226.200,641.0,0.135,0.355,99.505,0.0,0.0,0.005,1493157330.776,
0.105,0.255,99.630,0.005,0.0,0.005,0.0,7372.800,30877.400,105813929.800,0.0,0.0,1579.0,427.600,0.200,0.0,0.0,3389652992.0,2105344.0,32972136448.0,1.32416299008e+11,0.0,0.0,0.0,7372.800,1579.0,428.0,0.100,0.255,99.635,0.005,0.0,0.005,1493157335.776,
0.140,0.380,99.475,0.0,0.0,0.005,0.0,0.0,58327.0,145599342.200,0.0,0.0,2575.800,550.600,0.400,0.0,0.0,3455340544.0,2105344.0,32972136448.0,1.32350611456e+11,0.0,0.0,0.0,0.0,2578.800,550.400,0.145,0.375,99.475,0.0,0.0,0.005,1493157340.776,
0.145,0.380,99.465,0.010,0.0,0.0,0.0,6553.600,81548.200,163166038.800,0.0,0.0,3149.200,578.600,0.200,0.0,0.0,3411099648.0,2113536.0,32972136448.0,1.3239484416e+11,0.0,0.0,0.0,6553.600,3147.600,578.400,0.145,0.385,99.460,0.010,0.0,0.0,1493157345.776,
0.075,0.170,99.750,0.005,0.0,0.0,0.0,4915.200,39623.600,72088615.600,0.0,0.0,1543.600,360.400,0.0,0.0,0.0,3345416192.0,2121728.0,32972128256.0,1.32460527616e+11,0.0,0.0,0.0,4915.200,1542.200,360.400,0.075,0.165,99.755,0.005,0.0,0.0,1493157350.776,
