"Dstat 0.7.2 CSV output"
"Author:","Dag Wieers <dag@wieers.com>",,,,"URL:","http://dag.wieers.com/home-made/dstat/"
"Host:","client0.skyhook-4osds.skyhook-pg0.wisc.cloudlab.us",,,,"User:","jlefevre"
"Cmdline:","dstat -av --epoch --integer --noheaders --output dstat-client0.log 5",,,,"Date:","25 Apr 2017 14:10:01 CDT"

"total cpu usage",,,,,,"dsk/total",,"net/total",,"paging",,"system",,"procs",,,"memory usage",,,,"paging",,"dsk/total",,"system",,"total cpu usage",,,,,,"epoch"
"usr","sys","idl","wai","hiq","siq","read","writ","recv","send","in","out","int","csw","run","blk","new","used","buff","cach","free","in","out","read","writ","int","csw","usr","sys","idl","wai","hiq","siq","epoch"
0.075,0.025,99.890,0.010,0.0,0.0,0.0,21299.200,46682.400,4716.400,0.0,0.0,1803.400,7339.600,0.0,0.0,0.800,5489250304.0,203718656.0,1.47394985984e+11,15692238848.0,0.0,0.0,0.0,21299.200,1803.200,7335.200,0.075,0.025,99.890,0.010,0.0,0.0,1493152261.201,
0.126,0.075,99.779,0.020,0.0,0.0,0.0,58982.400,100636.600,64284.0,0.0,0.0,2403.0,9310.400,0.0,0.0,5.200,5493600256.0,203730944.0,1.47395059712e+11,15687802880.0,0.0,0.0,0.0,58982.400,2402.600,9306.400,0.126,0.075,99.779,0.020,0.0,0.0,1493152266.201,
0.121,0.065,99.779,0.030,0.0,0.005,0.0,149094.400,123963.400,72022.400,0.0,0.0,2598.800,9667.200,0.400,0.0,0.0,5493075968.0,203747328.0,1.47395391488e+11,15687979008.0,0.0,0.0,0.0,149094.400,2599.0,9670.0,0.126,0.065,99.774,0.030,0.0,0.005,1493152271.201,
0.111,0.055,99.804,0.020,0.0,0.010,0.0,163020.800,123383.600,71376.0,0.0,0.0,2580.200,9303.0,0.400,0.0,0.0,5492858880.0,203763712.0,1.47395719168e+11,15687852032.0,0.0,0.0,0.0,163020.800,2581.200,9306.200,0.105,0.055,99.809,0.020,0.0,0.010,1493152276.201,
0.121,0.070,99.794,0.010,0.0,0.005,0.0,162201.600,121607.200,68638.600,0.0,0.0,2568.400,9474.800,0.0,0.0,0.0,5492453376.0,203788288.0,1.47396059136e+11,15687892992.0,0.0,0.0,0.0,162201.600,2568.200,9474.0,0.126,0.070,99.789,0.010,0.0,0.005,1493152281.201,
0.126,0.075,99.759,0.040,0.0,0.0,0.0,156467.200,120069.200,67487.400,0.0,0.0,2501.400,9449.200,0.400,0.0,0.200,5491957760.0,203808768.0,1.47396390912e+11,15688036352.0,0.0,0.0,0.0,156467.200,2501.800,9451.200,0.121,0.075,99.764,0.040,0.0,0.0,1493152286.201,
0.116,0.070,99.739,0.070,0.0,0.005,0.0,143360.0,123405.400,70785.600,0.0,0.0,2575.0,9331.400,0.400,0.200,0.0,5491556352.0,203821056.0,1.47396734976e+11,15688081408.0,0.0,0.0,0.0,143360.0,2574.800,9327.600,0.116,0.070,99.739,0.070,0.0,0.005,1493152291.201,
0.095,0.065,99.749,0.085,0.0,0.005,0.0,181862.400,125223.200,74848.600,0.0,0.0,2627.200,9582.200,0.600,0.0,0.0,5490991104.0,203829248.0,1.47397091328e+11,15688282112.0,0.0,0.0,0.0,181862.400,2626.400,9581.600,0.100,0.065,99.744,0.085,0.0,0.005,1493152296.201,
0.121,0.060,99.699,0.111,0.0,0.010,0.0,165478.400,126404.600,73940.200,0.0,0.0,2586.400,9812.200,0.200,0.0,0.0,5490331648.0,203853824.0,1.473974272e+11,15688581120.0,0.0,0.0,0.0,165478.400,2587.800,9813.0,0.121,0.060,99.699,0.111,0.0,0.010,1493152301.201,
0.121,0.040,99.754,0.075,0.0,0.010,0.0,160563.200,122764.200,70382.200,0.0,0.0,2473.800,9496.0,1.400,0.0,0.0,5489840128.0,203866112.0,1.4739775488e+11,15688732672.0,0.0,0.0,0.0,160563.200,2472.200,9494.800,0.116,0.040,99.759,0.075,0.0,0.010,1493152306.201,
0.136,0.090,99.704,0.065,0.0,0.005,0.0,160563.200,127761.600,76500.800,0.0,0.0,2639.0,9732.0,0.200,0.0,0.0,5490008064.0,203878400.0,1.47398094848e+11,15688212480.0,0.0,0.0,0.0,160563.200,2639.600,9734.0,0.136,0.090,99.704,0.065,0.0,0.005,1493152311.201,
0.090,0.095,99.769,0.035,0.0,0.010,0.0,143360.0,128391.800,77998.400,0.0,0.0,2626.600,9858.0,0.200,0.200,0.0,5489860608.0,203890688.0,1.47398434816e+11,15688007680.0,0.0,0.0,0.0,143360.0,2626.200,9860.800,0.095,0.095,99.764,0.035,0.0,0.010,1493152316.201,
0.131,0.085,99.744,0.025,0.0,0.015,0.0,175308.800,127130.800,76092.400,0.0,0.0,2583.0,9607.200,0.200,0.0,0.0,5489840128.0,203919360.0,1.47398795264e+11,15687639040.0,0.0,0.0,0.0,175308.800,2583.0,9603.800,0.126,0.085,99.749,0.025,0.0,0.015,1493152321.201,
0.121,0.065,99.774,0.040,0.0,0.0,0.0,165478.400,127109.0,76334.200,0.0,0.0,2587.800,9699.200,0.400,0.0,0.0,5489598464.0,203956224.0,1.47399139328e+11,15687499776.0,0.0,0.0,0.0,165478.400,2588.0,9699.800,0.121,0.065,99.774,0.040,0.0,0.0,1493152326.201,
0.121,0.055,99.789,0.030,0.0,0.005,0.0,159744.0,126761.0,75621.200,0.0,0.0,2599.400,9825.600,0.400,0.0,0.0,5489180672.0,203988992.0,1.47399450624e+11,15687573504.0,0.0,0.0,0.0,159744.0,2599.0,9821.200,0.121,0.055,99.789,0.030,0.0,0.005,1493152331.201,
0.116,0.075,99.749,0.055,0.0,0.005,0.0,163020.800,126020.400,73962.200,0.0,0.0,2816.400,9456.0,0.0,0.0,0.0,5489364992.0,203997184.0,1.4739980288e+11,15687028736.0,0.0,0.0,0.0,163020.800,2819.600,9466.0,0.116,0.075,99.749,0.055,0.0,0.005,1493152336.201,
0.075,0.045,99.854,0.020,0.0,0.005,0.0,141721.600,114897.600,57482.400,0.0,0.0,2669.0,9198.0,0.400,0.200,1.0,5483270144.0,204017664.0,1.47400146944e+11,15692759040.0,0.0,0.0,0.0,141721.600,2666.200,9194.400,0.075,0.045,99.854,0.020,0.0,0.005,1493152341.201,
