"Dstat 0.7.2 CSV output"
"Author:","Dag Wieers <dag@wieers.com>",,,,"URL:","http://dag.wieers.com/home-made/dstat/"
"Host:","client0.skyhook-4osds.skyhook-pg0.wisc.cloudlab.us",,,,"User:","jlefevre"
"Cmdline:","dstat -av --epoch --integer --noheaders --output dstat-client0.log 5",,,,"Date:","25 Apr 2017 14:10:01 CDT"

"total cpu usage",,,,,,"dsk/total",,"net/total",,"paging",,"system",,"procs",,,"memory usage",,,,"paging",,"dsk/total",,"system",,"total cpu usage",,,,,,"epoch"
"usr","sys","idl","wai","hiq","siq","read","writ","recv","send","in","out","int","csw","run","blk","new","used","buff","cach","free","in","out","read","writ","int","csw","usr","sys","idl","wai","hiq","siq","epoch"
0.100,0.015,99.864,0.015,0.0,0.005,0.0,9011.200,48067.400,5832.600,0.0,0.0,1845.200,7381.800,0.200,0.0,0.800,5487124480.0,239411200.0,1.47415826432e+11,15637831680.0,0.0,0.0,0.0,9011.200,1845.200,7378.400,0.105,0.015,99.859,0.015,0.0,0.005,1493165236.201,
0.115,0.035,99.849,0.0,0.0,0.0,0.0,12288.0,695725.800,10115.0,0.0,0.0,1880.0,7429.400,0.600,0.0,5.800,5483483136.0,239411200.0,1.47415830528e+11,15641468928.0,0.0,0.0,0.0,12288.0,1884.600,7434.600,0.110,0.040,99.849,0.0,0.0,0.0,1493165241.201,
10.064,2.028,87.109,0.131,0.0,0.668,0.0,137625.600,1194126736.400,1348964.600,0.0,0.0,35718.200,38860.0,5.800,0.0,0.0,5662584832.0,235909120.0,1.47410763776e+11,15470936064.0,0.0,0.0,0.0,137625.600,35725.0,38876.0,10.083,2.033,87.085,0.131,0.0,0.668,1493165246.201,
9.438,1.958,87.741,0.121,0.0,0.742,0.0,150732.800,1187810946.600,1345438.400,0.0,0.0,30428.400,38819.600,5.200,0.0,0.0,5667803136.0,235921408.0,1.4741106688e+11,15465402368.0,0.0,0.0,0.0,150732.800,30417.600,38802.800,9.430,1.949,87.758,0.121,0.0,0.742,1493165251.201,
9.477,1.839,87.947,0.111,0.0,0.626,0.0,142540.800,1191595952.400,1343085.400,0.0,0.0,31130.800,39318.400,5.400,0.200,0.200,5695832064.0,235925504.0,1.474113536e+11,15437082624.0,0.0,0.0,0.0,142540.800,31141.600,39328.400,9.489,1.843,87.925,0.111,0.0,0.631,1493165256.201,
10.281,1.779,87.074,0.126,0.0,0.741,0.0,149913.600,1185548422.200,1277115.400,0.0,0.0,28849.600,39321.800,6.600,0.0,0.0,5690781696.0,235937792.0,1.47411689472e+11,15441784832.0,0.0,0.0,0.0,149913.600,28851.0,39330.0,10.275,1.789,87.069,0.126,0.0,0.741,1493165261.201,
10.493,1.573,87.062,0.116,0.0,0.756,0.0,145817.600,1211686827.200,1425106.0,0.0,0.0,30334.800,43796.800,6.0,0.0,0.0,5686906880.0,235937792.0,1.47411976192e+11,15445372928.0,0.0,0.0,0.0,145817.600,30334.400,43794.800,10.487,1.558,87.088,0.116,0.0,0.751,1493165266.201,
10.570,1.803,86.738,0.101,0.0,0.788,0.0,147456.0,1183967493.400,1296722.800,0.0,0.0,29064.800,38033.0,5.800,0.0,0.0,5721485312.0,230952960.0,1.4740717568e+11,15420579840.0,0.0,0.0,0.0,147456.0,29057.400,38014.0,10.583,1.808,86.721,0.101,0.0,0.788,1493165271.201,
10.811,1.910,86.547,0.106,0.0,0.626,0.0,143360.0,1188189109.400,1257362.600,0.0,0.0,29101.600,38417.600,6.0,0.0,0.0,5718585344.0,228032512.0,1.47401363456e+11,15432212480.0,0.0,0.0,0.0,143360.0,29104.600,38437.600,10.804,1.905,86.558,0.106,0.0,0.627,1493165276.201,
10.768,1.882,86.586,0.126,0.0,0.637,0.0,159744.0,1179873619.800,1216100.800,0.0,0.0,29602.400,36357.0,5.400,0.200,0.0,5742260224.0,228040704.0,1.4739714048e+11,15412752384.0,0.0,0.0,0.0,159744.0,29603.800,36341.800,10.766,1.886,86.585,0.126,0.0,0.637,1493165281.201,
10.274,1.701,87.248,0.106,0.0,0.671,0.0,144998.400,1215887300.800,1435726.0,0.0,0.0,30177.200,42350.0,4.400,0.0,0.0,5724123136.0,228040704.0,1.47397439488e+11,15430590464.0,0.0,0.0,0.0,144998.400,30175.400,42362.400,10.271,1.696,87.256,0.106,0.0,0.671,1493165286.201,
10.770,1.948,86.579,0.071,0.0,0.632,0.0,147456.0,1225334487.800,1443008.600,0.0,0.0,35253.400,42635.0,4.600,0.0,0.0,5718482944.0,228048896.0,1.473977344e+11,15435927552.0,0.0,0.0,0.0,147456.0,35256.400,42638.0,10.778,1.952,86.567,0.071,0.0,0.632,1493165291.201,
10.998,2.060,86.209,0.106,0.0,0.626,0.0,147456.0,1189319628.800,1249267.600,0.0,0.0,29824.600,37278.200,5.800,0.0,0.0,5720043520.0,228048896.0,1.473980416e+11,15434059776.0,0.0,0.0,0.0,147456.0,29818.400,37261.600,10.996,2.056,86.216,0.106,0.0,0.626,1493165296.201,
10.965,2.002,86.340,0.116,0.0,0.576,0.0,159744.0,1216073846.400,1425649.200,0.0,0.0,32103.200,41415.600,5.400,0.0,0.0,5706027008.0,228057088.0,1.47398365184e+11,15447744512.0,0.0,0.0,0.0,159744.0,32106.600,41422.0,10.968,2.007,86.328,0.116,0.0,0.581,1493165301.201,
10.817,1.907,86.382,0.106,0.0,0.787,0.0,163020.800,1174774261.200,1224422.600,0.0,0.0,28288.200,36832.800,6.400,0.0,0.0,5697138688.0,228061184.0,1.47398688768e+11,15456305152.0,0.0,0.0,0.0,163020.800,28291.0,36837.400,10.809,1.902,86.401,0.106,0.0,0.782,1493165306.201,
10.195,1.684,87.359,0.101,0.0,0.661,0.0,147456.0,1213173037.800,1413145.400,0.0,0.0,29952.0,42272.200,5.0,0.0,0.0,5701410816.0,228077568.0,1.47398987776e+11,15451717632.0,0.0,0.0,0.0,147456.0,29952.800,42274.800,10.194,1.689,87.356,0.101,0.0,0.660,1493165311.201,
10.321,1.687,86.986,0.364,0.0,0.642,0.0,6939443.200,1221752433.400,1423004.800,0.0,0.0,30640.0,42906.200,4.400,0.200,0.0,5729730560.0,228089856.0,1.47389673472e+11,15432699904.0,0.0,0.0,0.0,6939443.200,30639.200,42897.800,10.335,1.682,86.978,0.364,0.0,0.642,1493165316.201,
10.344,1.875,86.884,0.151,0.0,0.746,0.0,162201.600,1209005976.200,1394833.0,0.0,0.0,30486.400,41638.0,4.800,0.0,0.0,5682786304.0,228102144.0,1.47390001152e+11,15479304192.0,0.0,0.0,0.0,162201.600,30490.400,41649.200,10.335,1.881,86.887,0.151,0.0,0.746,1493165321.201,
10.930,1.816,86.642,0.121,0.0,0.491,0.0,161382.400,1224194741.800,1454240.600,0.0,0.0,31367.600,43636.400,6.0,0.0,0.0,5738479616.0,228102144.0,1.47390304256e+11,15423307776.0,0.0,0.0,0.0,161382.400,31362.600,43631.200,10.926,1.816,86.646,0.121,0.0,0.491,1493165326.201,
10.537,1.948,86.581,0.151,0.0,0.782,0.0,149094.400,1225627950.800,1439747.800,0.0,0.0,32345.200,43444.0,6.400,0.0,0.0,5708181504.0,228110336.0,1.47390615552e+11,15453286400.0,0.0,0.0,0.0,149094.400,32342.600,43436.0,10.542,1.948,86.577,0.151,0.0,0.782,1493165331.201,
11.133,1.877,86.408,0.086,0.0,0.496,0.0,181043.200,1220954587.600,1407773.200,0.0,0.0,30655.0,42489.400,5.600,0.0,0.0,5722247168.0,228110336.0,1.4739091456e+11,15438921728.0,0.0,0.0,0.0,181043.200,30654.800,42489.600,11.129,1.872,86.412,0.086,0.0,0.501,1493165336.201,
10.952,1.919,86.306,0.126,0.0,0.697,0.0,165478.400,1212679826.0,1366548.400,0.0,0.0,32484.800,40289.600,6.600,0.200,0.0,5709025280.0,228118528.0,1.47386691584e+11,15456358400.0,0.0,0.0,0.0,165478.400,32487.400,40294.400,10.956,1.929,86.298,0.126,0.0,0.692,1493165341.201,
10.574,1.916,86.657,0.126,0.0,0.726,0.0,158924.800,1202447836.0,1325218.200,0.0,0.0,30787.400,40452.400,7.200,0.0,0.0,5730668544.0,228118528.0,1.47382386688e+11,15439020032.0,0.0,0.0,0.0,158924.800,30792.0,40464.800,10.579,1.916,86.652,0.126,0.0,0.726,1493165346.201,
9.658,1.716,87.809,0.131,0.0,0.686,0.0,146636.800,1215487468.800,1438158.400,0.0,0.0,30653.400,43209.200,5.800,0.0,0.0,5778104320.0,228134912.0,1.47382689792e+11,15391264768.0,0.0,0.0,0.0,146636.800,30652.0,43199.200,9.653,1.711,87.813,0.131,0.0,0.691,1493165351.201,
11.097,1.957,86.185,0.050,0.0,0.711,0.0,156467.200,1213927932.200,1316513.800,0.0,0.0,30456.600,40049.200,6.200,0.0,0.0,5668462592.0,228134912.0,1.47382992896e+11,15500603392.0,0.0,0.0,0.0,156467.200,30456.400,40053.0,11.098,1.952,86.193,0.050,0.0,0.706,1493165356.201,
9.564,1.527,88.068,0.060,0.0,0.781,0.0,151552.0,1193054937.400,1346755.600,0.0,0.0,28234.200,41048.400,5.400,0.200,0.0,5698445312.0,228147200.0,1.47383312384e+11,15470288896.0,0.0,0.0,0.0,151552.0,28233.800,41053.800,9.564,1.527,88.063,0.060,0.0,0.786,1493165361.201,
5.018,0.830,93.640,0.136,0.0,0.377,0.0,154009.600,590699364.800,657873.800,0.0,0.0,15635.200,25241.600,1.800,0.0,1.0,5495320576.0,228159488.0,1.473836032e+11,15673110528.0,0.0,0.0,0.0,154009.600,15623.200,25221.200,5.003,0.830,93.660,0.136,0.0,0.372,1493165366.201,
