"Dstat 0.7.2 CSV output"
"Author:","Dag Wieers <dag@wieers.com>",,,,"URL:","http://dag.wieers.com/home-made/dstat/"
"Host:","osd1.skyhook-4osds.skyhook-pg0.wisc.cloudlab.us",,,,"User:","jlefevre"
"Cmdline:","dstat -av --epoch --integer --noheaders --output dstat-osd1.log 5",,,,"Date:","25 Apr 2017 14:10:17 CDT"

"total cpu usage",,,,,,"dsk/total",,"net/total",,"paging",,"system",,"procs",,,"memory usage",,,,"paging",,"dsk/total",,"system",,"total cpu usage",,,,,,"epoch"
"usr","sys","idl","wai","hiq","siq","read","writ","recv","send","in","out","int","csw","run","blk","new","used","buff","cach","free","in","out","read","writ","int","csw","usr","sys","idl","wai","hiq","siq","epoch"
0.175,1.025,98.435,0.360,0.0,0.005,1414758.400,44236.800,5614.200,15954.600,0.0,0.0,803.0,1056.600,0.400,0.0,13.800,3464077312.0,1548288.0,132505600.0,1.65182062592e+11,0.0,0.0,1414758.400,44236.800,803.0,1056.600,0.175,1.025,98.434,0.360,0.0,0.005,1493157857.192,
0.015,0.005,99.970,0.010,0.0,0.0,819.200,4915.200,3129.0,13333.200,0.0,0.0,169.200,193.800,0.0,0.0,0.400,3465396224.0,1556480.0,132509696.0,1.65180731392e+11,0.0,0.0,819.200,4915.200,169.200,193.800,0.015,0.010,99.965,0.010,0.0,0.0,1493157862.192,
0.390,0.686,97.542,1.346,0.0,0.035,141549568.0,10649.600,139454.600,147485139.800,0.0,0.0,5286.200,2750.400,0.400,0.600,0.400,3459026944.0,1572864.0,840904704.0,1.6447868928e+11,0.0,0.0,141759283.200,10649.600,5287.600,2753.200,0.390,0.686,97.542,1.347,0.0,0.035,1493157867.192,
0.275,0.460,98.514,0.736,0.0,0.015,112295936.0,0.0,75593.800,111429204.0,0.0,0.0,3186.600,2104.400,0.200,0.400,0.0,3501936640.0,1572864.0,1401147392.0,1.63875536896e+11,0.0,0.0,112086220.800,0.0,3185.600,2101.800,0.275,0.455,98.519,0.736,0.0,0.015,1493157872.192,
0.255,0.465,98.549,0.716,0.0,0.015,109999718.400,7372.800,71569.600,117677802.600,0.0,0.0,3207.200,2099.0,0.0,0.200,0.400,3485609984.0,1589248.0,1951748096.0,1.63341246464e+11,0.0,0.0,109999718.400,7372.800,3206.800,2098.800,0.255,0.465,98.549,0.716,0.0,0.015,1493157877.192,
0.310,0.520,98.384,0.771,0.0,0.015,125360537.600,4915.200,89637.200,132754840.400,0.0,0.0,3623.600,2344.400,0.400,0.400,0.0,3478732800.0,1597440.0,2579693568.0,1.62720169984e+11,0.0,0.0,125517824.0,4915.200,3626.800,2346.0,0.310,0.520,98.379,0.776,0.0,0.015,1493157882.192,
0.415,0.736,97.733,1.096,0.0,0.020,160899891.200,13107.200,87524.800,158913610.800,0.0,0.0,4237.800,2970.400,0.400,0.800,0.400,3519385600.0,1613824.0,3382706176.0,1.61876488192e+11,0.0,0.0,160899891.200,13107.200,4237.200,2971.0,0.415,0.736,97.738,1.091,0.0,0.020,1493157887.192,
0.315,0.545,98.459,0.671,0.0,0.010,117569945.600,1638.400,74822.600,133948246.400,0.0,0.0,3366.400,2208.800,0.0,0.200,0.0,3455705088.0,1613824.0,3971936256.0,1.61350938624e+11,0.0,0.0,117569945.600,1638.400,3365.200,2208.800,0.315,0.545,98.459,0.670,0.0,0.010,1493157892.192,
0.250,0.480,98.720,0.535,0.0,0.015,103860633.600,8192.0,53210.0,109114925.0,0.0,0.0,2601.200,1986.200,0.200,0.0,0.400,3457478656.0,1630208.0,4489420800.0,1.60831664128e+11,0.0,0.0,103703347.200,8192.0,2599.800,1984.0,0.250,0.480,98.719,0.535,0.0,0.015,1493157897.192,
0.310,0.561,98.453,0.671,0.0,0.005,126922752.0,8192.0,72003.0,130026116.200,0.0,0.0,3408.200,2387.0,0.800,0.400,0.400,3474968576.0,1638400.0,5123952640.0,1.60179634176e+11,0.0,0.0,126922752.0,8192.0,3409.0,2387.200,0.310,0.566,98.448,0.671,0.0,0.005,1493157902.192,
0.370,0.661,97.968,0.971,0.0,0.030,157052108.800,7372.800,87144.600,161862026.400,0.0,0.0,4328.200,2893.400,0.0,1.200,0.0,3484868608.0,1654784.0,5910753280.0,1.5938291712e+11,0.0,0.0,157261824.0,7372.800,4330.0,2895.800,0.370,0.661,97.963,0.976,0.0,0.030,1493157907.192,
0.300,0.555,98.499,0.636,0.0,0.010,122182041.600,4915.200,84133.200,132919537.600,0.0,0.0,3510.600,2280.200,0.400,0.600,0.0,3459350528.0,1662976.0,6520991744.0,1.58798188544e+11,0.0,0.0,121972326.400,4915.200,3508.0,2277.600,0.300,0.551,98.509,0.631,0.0,0.010,1493157912.192,
0.325,0.585,98.354,0.721,0.0,0.015,136065843.200,2457.600,88351.200,141549643.600,0.0,0.0,3920.200,2511.600,0.0,0.600,0.0,3465375744.0,1671168.0,7201873920.0,1.5811127296e+11,0.0,0.0,136249344.0,2457.600,3922.0,2514.800,0.325,0.585,98.354,0.721,0.0,0.015,1493157917.192,
0.245,0.470,98.819,0.460,0.0,0.005,106497638.400,5734.400,67393.800,109117845.600,0.0,0.0,2944.800,1965.0,0.200,0.800,0.0,3488223232.0,1671168.0,7733432320.0,1.57556867072e+11,0.0,0.0,106314137.600,5734.400,2944.0,1961.800,0.245,0.470,98.819,0.460,0.0,0.005,1493157922.192,
0.270,0.526,98.564,0.636,0.0,0.005,115666124.800,3276.800,72118.400,120066508.600,0.0,0.0,3249.800,2145.0,0.400,0.400,0.200,3497291776.0,1679360.0,8312176640.0,1.56969046016e+11,0.0,0.0,115666124.800,3276.800,3249.600,2145.0,0.270,0.531,98.559,0.636,0.0,0.005,1493157927.192,
0.345,0.656,98.163,0.821,0.0,0.015,147557580.800,2457.600,118675.400,155706566.600,0.0,0.0,4530.600,2693.0,0.600,0.400,0.0,3489091584.0,1687552.0,9050910720.0,1.56238503936e+11,0.0,0.0,147688652.800,2457.600,4530.600,2694.200,0.345,0.651,98.168,0.821,0.0,0.015,1493157932.192,
0.350,0.641,98.143,0.856,0.0,0.010,148595507.200,0.0,101203.200,157780044.800,0.0,0.0,4322.0,2689.200,1.0,0.400,0.0,3468181504.0,1687552.0,9792876544.0,1.55517448192e+11,0.0,0.0,148464435.200,0.0,4321.200,2688.0,0.350,0.641,98.143,0.856,0.0,0.010,1493157937.192,
0.315,0.626,98.318,0.741,0.0,0.0,143845785.600,2457.600,99907.800,142995571.0,0.0,0.0,4122.0,2618.0,0.200,0.0,0.0,3531366400.0,1695744.0,10511450112.0,1.54735681536e+11,0.0,0.0,143845785.600,2457.600,4122.200,2618.0,0.320,0.626,98.313,0.741,0.0,0.0,1493157942.192,
0.396,0.626,98.177,0.791,0.0,0.010,155127808.0,0.0,123048.0,168549722.0,0.0,0.0,4886.400,2870.0,0.400,0.600,0.0,3489611776.0,1695744.0,11286536192.0,1.5400235008e+11,0.0,0.0,155127808.0,0.0,4887.600,2870.0,0.391,0.626,98.182,0.791,0.0,0.010,1493157947.192,
0.265,0.500,98.649,0.575,0.0,0.010,108385075.200,2457.600,67175.200,110519262.400,0.0,0.0,3134.0,1997.400,0.800,0.600,0.0,3494948864.0,1703936.0,11829862400.0,1.53453678592e+11,0.0,0.0,108594790.400,2457.600,3138.0,1999.400,0.265,0.505,98.644,0.575,0.0,0.010,1493157952.192,
0.290,0.561,98.503,0.626,0.0,0.020,131357900.800,0.0,74510.800,138350876.800,0.0,0.0,3601.0,2411.800,1.0,0.400,0.0,3486621696.0,1703936.0,12486164480.0,1.5280570368e+11,0.0,0.0,131148185.600,0.0,3597.0,2413.400,0.290,0.561,98.503,0.626,0.0,0.020,1493157957.192,
0.366,0.661,98.057,0.886,0.0,0.030,152307302.400,4096.0,114366.600,159556705.0,0.0,0.0,4162.400,2807.0,0.600,0.600,0.200,3491897344.0,1712128.0,13247361024.0,1.52039223296e+11,0.0,0.0,152307302.400,4096.0,4161.0,2803.400,0.365,0.656,98.062,0.886,0.0,0.030,1493157962.192,
0.396,0.711,97.817,1.047,0.0,0.030,172784844.800,4915.200,106555.0,180942011.600,0.0,0.0,4114.400,3134.600,0.400,0.400,0.0,3498057728.0,1720320.0,14112989184.0,1.5116742656e+11,0.0,0.0,172994560.0,4915.200,4116.800,3137.200,0.396,0.711,97.812,1.052,0.0,0.030,1493157967.192,
0.390,0.651,98.043,0.906,0.0,0.010,151573299.200,2457.600,93183.800,160901253.0,0.0,0.0,3696.400,2738.400,0.0,0.400,0.0,3477942272.0,1720320.0,14869397504.0,1.50431133696e+11,0.0,0.0,151363584.0,2457.600,3694.0,2735.800,0.390,0.651,98.048,0.901,0.0,0.010,1493157972.192,
0.325,0.546,98.388,0.716,0.0,0.025,135725056.0,2457.600,72689.600,137350584.400,0.0,0.0,3306.800,2476.600,0.200,0.200,0.0,3513806848.0,1728512.0,15549689856.0,1.49714968576e+11,0.0,0.0,135908556.800,2457.600,3312.200,2479.400,0.325,0.546,98.383,0.721,0.0,0.025,1493157977.192,
0.310,0.566,98.358,0.751,0.0,0.015,138991206.400,0.0,82444.0,145753400.0,0.0,0.0,3335.800,2518.400,0.400,0.800,0.0,3515719680.0,1728512.0,16243507200.0,1.490192384e+11,0.0,0.0,139017420.800,0.0,3332.600,2519.600,0.315,0.566,98.353,0.751,0.0,0.015,1493157982.192,
0.390,0.701,97.953,0.936,0.0,0.020,158734745.600,2457.600,96726.400,165017169.800,0.0,0.0,3941.200,2907.0,0.600,0.200,0.400,3514970112.0,1736704.0,17037205504.0,1.48226281472e+11,0.0,0.0,158708531.200,2457.600,3940.800,2905.800,0.385,0.701,97.963,0.931,0.0,0.020,1493157987.192,
0.350,0.726,98.023,0.886,0.0,0.015,155311308.800,4915.200,84433.800,157780236.800,0.0,0.0,3649.0,2824.400,0.800,0.600,0.400,3550953472.0,1744896.0,17814376448.0,1.47413118976e+11,0.0,0.0,155337523.200,4915.200,3649.400,2824.400,0.355,0.731,98.013,0.886,0.0,0.015,1493157992.192,
0.275,0.565,98.469,0.670,0.0,0.020,116364083.200,8192.0,65310.600,131367004.800,0.0,0.0,2977.800,2200.0,0.0,0.0,0.0,3488780288.0,1761280.0,18395455488.0,1.46894196736e+11,0.0,0.0,116154368.0,8192.0,2976.0,2197.600,0.270,0.565,98.474,0.670,0.0,0.020,1493157997.192,
0.330,0.670,98.209,0.765,0.0,0.025,138204774.400,2457.600,89477.200,143820054.200,0.0,0.0,3387.600,2552.600,0.400,0.600,0.200,3510112256.0,1769472.0,19085832192.0,1.46182479872e+11,0.0,0.0,138204774.400,2457.600,3387.200,2552.200,0.330,0.670,98.209,0.765,0.0,0.025,1493158002.192,
0.265,0.460,98.719,0.545,0.0,0.010,110183219.200,8192.0,57851.400,110780117.200,0.0,0.0,2730.400,2076.0,0.200,0.400,0.200,3530727424.0,1777664.0,19636932608.0,1.45610756096e+11,0.0,0.0,110392934.400,8192.0,2732.800,2079.400,0.270,0.455,98.714,0.550,0.0,0.010,1493158007.192,
0.450,0.771,97.598,1.151,0.0,0.030,169046835.200,10649.600,127245.600,181973438.400,0.0,0.0,4396.0,3086.600,0.400,0.200,0.400,3493195776.0,1794048.0,20482232320.0,1.44802971648e+11,0.0,0.0,168837120.0,10649.600,4393.600,3083.200,0.445,0.776,97.603,1.146,0.0,0.030,1493158012.192,
0.305,0.625,98.374,0.675,0.0,0.020,132563763.200,4915.200,94064.400,138646110.600,0.0,0.0,3329.800,2435.400,0.200,0.200,0.0,3495256064.0,1802240.0,21145329664.0,1.44137805824e+11,0.0,0.0,132563763.200,4915.200,3329.800,2435.400,0.305,0.620,98.379,0.675,0.0,0.020,1493158017.192,
0.305,0.745,98.189,0.755,0.0,0.005,147347865.600,3276.800,95561.0,148410023.400,0.0,0.0,3782.0,2697.800,0.200,0.200,0.400,3533004800.0,1810432.0,21882093568.0,1.43363284992e+11,0.0,0.0,147531366.400,3276.800,3790.800,2700.400,0.305,0.755,98.179,0.755,0.0,0.005,1493158022.192,
0.310,0.551,98.538,0.591,0.0,0.010,126241177.600,8192.0,94569.200,134997390.400,0.0,0.0,3865.800,2357.200,0.400,0.0,0.0,3517206528.0,1818624.0,22512922624.0,1.42748246016e+11,0.0,0.0,126057676.800,8192.0,3857.0,2354.600,0.310,0.541,98.548,0.591,0.0,0.010,1493158027.192,
0.360,0.666,98.173,0.791,0.0,0.010,147277414.400,9011.200,115724.200,151551986.0,0.0,0.0,4343.0,2728.600,0.400,0.600,0.600,3539836928.0,1835008.0,23249977344.0,1.41988544512e+11,0.0,0.0,147460915.200,9011.200,4349.600,2731.400,0.360,0.671,98.168,0.791,0.0,0.010,1493158032.192,
0.330,0.540,98.374,0.731,0.0,0.025,127027609.600,11468.800,95622.0,137231975.200,0.0,0.0,3383.800,2343.200,0.200,0.400,0.0,3505500160.0,1851392.0,23885393920.0,1.4138744832e+11,0.0,0.0,127027609.600,11468.800,3378.400,2342.800,0.330,0.535,98.379,0.731,0.0,0.025,1493158037.192,
0.541,0.931,97.057,1.452,0.0,0.020,202326835.200,10649.600,161782.600,193565184.200,0.0,0.0,5342.200,3656.400,1.0,0.400,0.400,3604369408.0,1859584.0,24896999424.0,1.40276965376e+11,0.0,0.0,202185113.600,10649.600,5342.600,3656.200,0.546,0.931,97.052,1.452,0.0,0.020,1493158042.192,
0.345,0.596,98.263,0.766,0.0,0.030,138246553.600,2457.600,113538.0,160375993.200,0.0,0.0,3814.0,2602.0,0.600,0.400,0.0,3519954944.0,1867776.0,25587576832.0,1.3967079424e+11,0.0,0.0,138204774.400,2457.600,3812.800,2600.200,0.340,0.601,98.263,0.766,0.0,0.030,1493158047.192,
0.451,0.881,97.502,1.146,0.0,0.020,187527168.0,5734.400,104603.0,186404841.400,0.0,0.0,4988.200,3387.200,0.200,1.400,0.400,3577573376.0,1875968.0,26525585408.0,1.3867515904e+11,0.0,0.0,187710668.800,5734.400,4992.400,3389.600,0.451,0.876,97.507,1.147,0.0,0.020,1493158052.192,
0.450,0.866,97.697,0.961,0.0,0.025,179138560.0,8192.0,135086.0,197234507.0,0.0,0.0,5344.0,3289.0,0.200,0.600,0.0,3526828032.0,1892352.0,27421618176.0,1.37829855232e+11,0.0,0.0,178955059.200,8192.0,5342.600,3286.200,0.451,0.866,97.697,0.961,0.0,0.025,1493158057.192,
0.185,0.285,99.300,0.220,0.0,0.010,67692134.400,14745.600,52355.0,71599365.0,0.0,0.0,2087.600,1319.400,0.200,0.0,0.400,3525971968.0,1900544.0,27758669824.0,1.37493651456e+11,0.0,0.0,67692134.400,14745.600,2084.400,1319.400,0.185,0.290,99.295,0.220,0.0,0.010,1493158062.192,
0.295,0.585,98.440,0.665,0.0,0.015,124757606.400,8192.0,99083.600,130197590.0,0.0,0.0,3711.400,2345.200,0.200,0.600,0.0,3535736832.0,1916928.0,28384174080.0,1.36858365952e+11,0.0,0.0,124941107.200,8192.0,3712.800,2347.800,0.295,0.580,98.440,0.670,0.0,0.015,1493158067.192,
0.300,0.516,98.478,0.701,0.0,0.005,131237478.400,2457.600,106445.600,137185994.800,0.0,0.0,3389.0,2466.600,0.0,0.800,0.400,3526742016.0,1925120.0,29039968256.0,1.362115584e+11,0.0,0.0,131237478.400,2457.600,3388.800,2466.400,0.300,0.516,98.478,0.701,0.0,0.005,1493158072.192,
0.330,0.655,98.169,0.836,0.0,0.010,144516710.400,7372.800,89065.200,150170292.600,0.0,0.0,3876.400,2649.800,0.600,0.400,0.400,3543572480.0,1933312.0,29761224704.0,1.35473463296e+11,0.0,0.0,144333209.600,7372.800,3878.0,2647.400,0.330,0.660,98.169,0.831,0.0,0.010,1493158077.192,
0.315,0.585,98.434,0.650,0.0,0.015,129743257.600,7372.800,105535.800,138834519.400,0.0,0.0,4155.600,2398.200,0.600,0.200,0.0,3516989440.0,1949696.0,30410240000.0,1.34851014656e+11,0.0,0.0,129743257.600,7372.800,4152.800,2398.200,0.315,0.580,98.439,0.650,0.0,0.015,1493158082.192,
0.335,0.701,98.053,0.891,0.0,0.020,157172531.200,4915.200,131607.400,159269377.400,0.0,0.0,4790.200,2910.600,0.400,1.0,0.400,3553816576.0,1957888.0,31197548544.0,1.34026870784e+11,0.0,0.0,157329817.600,4915.200,4792.0,2913.0,0.335,0.706,98.048,0.891,0.0,0.020,1493158087.192,
0.390,0.656,98.083,0.866,0.0,0.005,161544601.600,3276.800,126389.200,173271252.400,0.0,0.0,4546.200,2964.800,0.400,0.0,0.0,3540393984.0,1966080.0,32004190208.0,1.3323364352e+11,0.0,0.0,161387315.200,3276.800,4544.400,2962.400,0.390,0.656,98.083,0.866,0.0,0.005,1493158092.192,
0.430,0.751,97.693,1.111,0.0,0.015,167537049.600,4915.200,114093.0,172014483.200,0.0,0.0,4870.600,3043.0,0.200,0.0,0.400,3547426816.0,1974272.0,32841986048.0,1.32388806656e+11,0.0,0.0,167772979.200,4915.200,4872.400,3045.600,0.430,0.751,97.693,1.111,0.0,0.015,1493158097.192,
0.340,0.641,98.128,0.876,0.0,0.015,148359577.600,9011.200,113358.600,156262923.0,0.0,0.0,4409.400,2711.800,0.200,0.0,0.0,3543912448.0,1990656.0,33582792704.0,1.31651497984e+11,0.0,0.0,148123648.0,9011.200,4412.200,2709.600,0.340,0.636,98.133,0.876,0.0,0.015,1493158102.192,
0.305,0.546,98.368,0.766,0.0,0.015,129743257.600,13107.200,95791.400,138415525.800,0.0,0.0,3822.200,2431.400,0.200,0.200,0.400,3526057984.0,2007040.0,34232791040.0,1.31019337728e+11,0.0,0.0,129743257.600,13107.200,3817.600,2431.0,0.305,0.546,98.368,0.766,0.0,0.015,1493158107.192,
0.275,0.530,98.354,0.826,0.0,0.015,124097331.200,7372.800,104171.400,129761476.0,0.0,0.0,3228.600,2307.0,0.200,0.0,0.0,3527090176.0,2015232.0,34853154816.0,1.30397933568e+11,0.0,0.0,124097331.200,7372.800,3228.600,2307.0,0.275,0.530,98.354,0.826,0.0,0.015,1493158112.192,
0.015,0.005,99.980,0.0,0.0,0.0,0.0,2457.600,3857.600,15385.400,0.0,0.0,177.400,200.400,0.0,0.0,0.400,3527344128.0,2023424.0,34853158912.0,1.30397667328e+11,0.0,0.0,0.0,2457.600,177.400,200.400,0.015,0.005,99.980,0.0,0.0,0.0,1493158117.192,
