"Dstat 0.7.2 CSV output"
"Author:","Dag Wieers <dag@wieers.com>",,,,"URL:","http://dag.wieers.com/home-made/dstat/"
"Host:","osd0.skyhook-4osds.skyhook-pg0.wisc.cloudlab.us",,,,"User:","jlefevre"
"Cmdline:","dstat -av --epoch --integer --noheaders --output dstat-osd0.log 5",,,,"Date:","25 Apr 2017 14:10:10 CDT"

"total cpu usage",,,,,,"dsk/total",,"net/total",,"paging",,"system",,"procs",,,"memory usage",,,,"paging",,"dsk/total",,"system",,"total cpu usage",,,,,,"epoch"
"usr","sys","idl","wai","hiq","siq","read","writ","recv","send","in","out","int","csw","run","blk","new","used","buff","cach","free","in","out","read","writ","int","csw","usr","sys","idl","wai","hiq","siq","epoch"
0.020,0.010,99.970,0.0,0.0,0.0,0.0,0.0,2852.800,13338.0,0.0,0.0,157.200,174.600,0.0,0.0,0.400,3328712704.0,2031616.0,32963780608.0,1.32485668864e+11,0.0,0.0,0.0,0.0,157.0,174.600,0.015,0.010,99.975,0.0,0.0,0.0,1493155230.776,
0.050,0.070,99.870,0.010,0.0,0.0,0.0,12288.0,15203.400,15038316.400,0.0,0.0,402.800,242.800,0.0,0.0,0.0,3455197184.0,2048000.0,32963780608.0,1.32359168e+11,0.0,0.0,0.0,12288.0,402.800,242.800,0.055,0.070,99.865,0.010,0.0,0.0,1493155235.776,
0.180,0.525,99.270,0.015,0.0,0.010,0.0,11468.800,76449.600,142504355.200,0.0,0.0,2999.600,621.400,1.0,0.0,0.0,3605454848.0,2064384.0,32963780608.0,1.32208893952e+11,0.0,0.0,0.0,11468.800,2999.600,621.400,0.180,0.525,99.270,0.015,0.0,0.010,1493155240.776,
0.145,0.375,99.475,0.0,0.0,0.005,0.0,0.0,62424.0,132359631.800,0.0,0.0,2591.800,509.0,0.0,0.0,0.0,3576295424.0,2064384.0,32963784704.0,1.3223804928e+11,0.0,0.0,0.0,0.0,2595.600,509.0,0.145,0.375,99.475,0.0,0.0,0.005,1493155245.776,
0.140,0.445,99.410,0.005,0.0,0.0,0.0,2457.600,49451.800,121734392.400,0.0,0.0,2215.400,571.200,0.200,0.0,0.0,3717468160.0,2072576.0,32963784704.0,1.32096868352e+11,0.0,0.0,0.0,2457.600,2213.200,571.200,0.135,0.445,99.415,0.005,0.0,0.0,1493155250.776,
0.160,0.460,99.370,0.0,0.0,0.010,0.0,0.0,83281.600,163232799.800,0.0,0.0,2590.400,609.600,0.200,0.0,0.0,3686436864.0,2072576.0,32963784704.0,1.32127899648e+11,0.0,0.0,0.0,0.0,2588.800,609.600,0.165,0.460,99.365,0.0,0.0,0.010,1493155255.776,
0.170,0.530,99.275,0.010,0.0,0.015,0.0,2457.600,90531.0,168434162.400,0.0,0.0,2696.200,619.400,0.0,0.0,0.0,3705245696.0,2080768.0,32963784704.0,1.32109082624e+11,0.0,0.0,0.0,2457.600,2696.200,619.400,0.165,0.535,99.275,0.010,0.0,0.015,1493155260.776,
0.135,0.400,99.460,0.0,0.0,0.005,0.0,0.0,82273.800,163468484.200,0.0,0.0,3033.400,556.0,0.0,0.0,0.0,3549470720.0,2080768.0,32963784704.0,1.322648576e+11,0.0,0.0,0.0,0.0,3036.0,556.0,0.135,0.395,99.465,0.0,0.0,0.005,1493155265.776,
0.145,0.415,99.420,0.005,0.0,0.015,0.0,4096.0,88147.600,157372968.600,0.0,0.0,3189.200,613.0,0.200,0.0,0.400,3451772928.0,2088960.0,32963788800.0,1.32362543104e+11,0.0,0.0,0.0,4096.0,3186.600,613.0,0.150,0.415,99.415,0.005,0.0,0.015,1493155270.776,
0.150,0.405,99.425,0.015,0.0,0.005,0.0,9830.400,99110.600,155962536.400,0.0,0.0,3267.800,581.800,0.200,0.0,0.0,3393060864.0,2105344.0,32963780608.0,1.32421246976e+11,0.0,0.0,0.0,9830.400,3267.800,582.200,0.150,0.410,99.420,0.015,0.0,0.005,1493155275.776,
0.150,0.375,99.470,0.0,0.0,0.005,0.0,0.0,89796.0,141744130.200,0.0,0.0,3117.0,574.800,0.200,0.0,0.0,3376336896.0,2105344.0,32963784704.0,1.32437966848e+11,0.0,0.0,0.0,0.0,3117.200,574.800,0.150,0.370,99.475,0.0,0.0,0.005,1493155280.776,
0.140,0.370,99.480,0.005,0.0,0.005,0.0,7372.800,78546.200,157170045.200,0.0,0.0,2827.200,559.200,0.0,0.0,0.0,3343167488.0,2121728.0,32963784704.0,1.32471119872e+11,0.0,0.0,0.0,7372.800,2827.0,558.800,0.135,0.370,99.484,0.005,0.0,0.005,1493155285.776,
0.145,0.365,99.470,0.0,0.0,0.020,0.0,0.0,75299.800,141061910.200,0.0,0.0,2301.600,570.600,0.200,0.0,0.0,3344412672.0,2121728.0,32963784704.0,1.32469874688e+11,0.0,0.0,0.0,0.0,2304.200,570.600,0.145,0.365,99.470,0.0,0.0,0.020,1493155290.776,
0.155,0.375,99.460,0.005,0.0,0.005,0.0,2457.600,69151.0,151491623.200,0.0,0.0,2318.200,572.200,0.200,0.0,0.0,3352375296.0,2129920.0,32963784704.0,1.32461903872e+11,0.0,0.0,0.0,2457.600,2315.600,572.200,0.155,0.380,99.455,0.005,0.0,0.005,1493155295.776,
0.085,0.250,99.660,0.0,0.0,0.005,0.0,0.0,48219.600,104550160.200,0.0,0.0,1663.600,445.200,0.200,0.0,0.0,3369402368.0,2129920.0,32963784704.0,1.324448768e+11,0.0,0.0,0.0,0.0,1671.800,445.400,0.090,0.250,99.655,0.0,0.0,0.005,1493155300.776,
0.155,0.365,99.470,0.005,0.0,0.005,0.0,3276.800,50629.200,119131883.600,0.0,0.0,1937.800,582.0,0.400,0.0,0.400,3449655296.0,2138112.0,32963788800.0,1.32364611584e+11,0.0,0.0,0.0,3276.800,1929.600,581.800,0.150,0.365,99.475,0.005,0.0,0.005,1493155305.776,
0.155,0.490,99.335,0.015,0.0,0.005,0.0,10649.600,67064.200,178470718.800,0.0,0.0,2606.0,664.600,0.400,0.0,0.0,3400548352.0,2154496.0,32963784704.0,1.3241370624e+11,0.0,0.0,0.0,10649.600,2606.0,664.600,0.160,0.485,99.335,0.015,0.0,0.005,1493155310.776,
0.150,0.395,99.440,0.0,0.0,0.015,0.0,4915.200,73280.200,163542903.600,0.0,0.0,2545.600,575.0,0.0,0.0,0.0,3341553664.0,2162688.0,32963780608.0,1.32472696832e+11,0.0,0.0,0.0,4915.200,2546.600,578.0,0.150,0.400,99.435,0.0,0.0,0.015,1493155315.776,
0.190,0.480,99.315,0.005,0.0,0.010,819.200,2457.600,103178.400,157695431.400,0.0,0.0,3479.200,642.400,1.0,0.0,0.200,3489497088.0,2170880.0,32963788800.0,1.32324737024e+11,0.0,0.0,819.200,2457.600,3478.200,639.400,0.185,0.475,99.325,0.005,0.0,0.010,1493155320.776,
0.150,0.490,99.345,0.0,0.0,0.015,0.0,3276.800,75249.0,155356531.800,0.0,0.0,2867.0,620.600,0.200,0.0,0.0,3526803456.0,2179072.0,32963780608.0,1.32287430656e+11,0.0,0.0,0.0,3276.800,2867.0,620.600,0.150,0.495,99.340,0.0,0.0,0.015,1493155325.776,
0.165,0.450,99.370,0.0,0.0,0.015,0.0,2457.600,108123.0,184460034.800,0.0,0.0,3797.600,653.200,0.0,0.0,0.400,3406573568.0,2187264.0,32963796992.0,1.32407635968e+11,0.0,0.0,0.0,2457.600,3797.600,653.200,0.170,0.450,99.365,0.0,0.0,0.015,1493155330.776,
0.205,0.530,99.254,0.0,0.0,0.010,0.0,0.0,102099.400,196299547.400,0.0,0.0,3722.800,721.200,0.400,0.0,0.0,3441864704.0,2187264.0,32963796992.0,1.32372344832e+11,0.0,0.0,0.0,0.0,3724.0,721.800,0.205,0.530,99.254,0.0,0.0,0.010,1493155335.776,
0.165,0.420,99.400,0.010,0.0,0.005,0.0,9011.200,64233.600,158269306.400,0.0,0.0,2662.400,607.600,0.0,0.0,0.0,3454517248.0,2203648.0,32963796992.0,1.32359675904e+11,0.0,0.0,0.0,9011.200,2661.200,607.0,0.160,0.420,99.405,0.010,0.0,0.005,1493155340.776,
0.110,0.285,99.605,0.0,0.0,0.0,0.0,13926.400,69527.800,124342913.400,0.0,0.0,2038.400,466.600,0.400,0.0,0.0,3338420224.0,2220032.0,32963796992.0,1.32475756544e+11,0.0,0.0,0.0,13926.400,2038.600,467.0,0.115,0.285,99.600,0.0,0.0,0.0,1493155345.776,
0.115,0.240,99.645,0.0,0.0,0.0,0.0,0.0,54949.600,103223231.800,0.0,0.0,1726.0,446.800,0.200,0.0,0.0,3346223104.0,2220032.0,32963796992.0,1.32467953664e+11,0.0,0.0,0.0,0.0,1726.0,446.800,0.110,0.235,99.655,0.0,0.0,0.0,1493155350.776,
0.185,0.490,99.310,0.005,0.0,0.010,0.0,2457.600,67650.400,143575503.600,0.0,0.0,2290.0,629.600,0.200,0.0,0.0,3573936128.0,2228224.0,32963796992.0,1.32240232448e+11,0.0,0.0,0.0,2457.600,2291.800,630.200,0.185,0.490,99.310,0.005,0.0,0.010,1493155355.776,
0.185,0.500,99.300,0.0,0.0,0.015,0.0,0.0,75950.800,160765134.400,0.0,0.0,2460.400,620.200,0.400,0.0,0.0,3644329984.0,2228224.0,32963796992.0,1.32169838592e+11,0.0,0.0,0.0,0.0,2463.800,622.400,0.190,0.505,99.290,0.0,0.0,0.015,1493155360.776,
0.180,0.605,99.205,0.005,0.0,0.005,0.0,2457.600,110123.400,191173023.400,0.0,0.0,3133.200,670.400,0.200,0.0,0.200,3602382848.0,2236416.0,32963796992.0,1.32211777536e+11,0.0,0.0,0.0,2457.600,3130.200,667.200,0.175,0.605,99.210,0.005,0.0,0.005,1493155365.776,
0.230,0.680,99.069,0.0,0.0,0.020,0.0,0.0,111113.800,194592003.800,0.0,0.0,3246.0,847.400,0.0,0.0,2.800,3723522048.0,2236416.0,32963825664.0,1.32090609664e+11,0.0,0.0,0.0,0.0,3245.400,847.800,0.230,0.680,99.069,0.0,0.0,0.020,1493155370.776,
0.225,0.545,99.199,0.020,0.0,0.010,0.0,14745.600,124220.600,190814891.800,0.0,0.0,3374.0,889.0,0.600,0.0,2.800,3618070528.0,2252800.0,32972222464.0,1.32187648e+11,0.0,0.0,0.0,14745.600,3375.400,888.800,0.230,0.540,99.199,0.020,0.0,0.010,1493155375.776,
0.195,0.545,99.239,0.010,0.0,0.010,0.0,15564.800,97696.400,156637480.600,0.0,0.0,2702.400,730.200,0.0,0.0,0.0,3768078336.0,2269184.0,32972197888.0,1.32037648384e+11,0.0,0.0,0.0,15564.800,2699.200,730.0,0.190,0.550,99.240,0.010,0.0,0.010,1493155380.776,
0.150,0.480,99.365,0.0,0.0,0.005,0.0,0.0,75809.600,159973303.400,0.0,0.0,2499.600,590.200,0.200,0.0,0.0,3751952384.0,2269184.0,32972206080.0,1.32053766144e+11,0.0,0.0,0.0,0.0,2501.200,590.200,0.155,0.475,99.365,0.0,0.0,0.005,1493155385.776,
0.155,0.450,99.390,0.0,0.0,0.005,0.0,2457.600,84392.600,172108028.0,0.0,0.0,2643.600,592.0,0.400,0.0,0.0,3593084928.0,2277376.0,32972206080.0,1.32212625408e+11,0.0,0.0,0.0,2457.600,2645.200,592.0,0.155,0.450,99.390,0.0,0.0,0.005,1493155390.776,
0.165,0.500,99.330,0.0,0.0,0.005,0.0,0.0,119580.800,189396759.400,0.0,0.0,3258.200,660.600,0.200,0.0,0.0,3478908928.0,2277376.0,32972206080.0,1.32326801408e+11,0.0,0.0,0.0,0.0,3257.800,660.600,0.160,0.500,99.335,0.0,0.0,0.005,1493155395.776,
0.155,0.425,99.409,0.010,0.0,0.0,0.0,2457.600,95004.0,171153155.600,0.0,0.0,3339.0,589.400,0.400,0.0,0.0,3407204352.0,2285568.0,32972206080.0,1.32398497792e+11,0.0,0.0,0.0,2457.600,3336.200,589.400,0.160,0.425,99.404,0.010,0.0,0.0,1493155400.776,
0.205,0.510,99.280,0.0,0.0,0.005,0.0,0.0,85309.0,176534262.200,0.0,0.0,3365.400,694.0,0.200,0.0,0.400,3479666688.0,2285568.0,32972210176.0,1.3232603136e+11,0.0,0.0,0.0,0.0,3365.400,694.0,0.200,0.510,99.284,0.0,0.0,0.005,1493155405.776,
0.180,0.495,99.315,0.005,0.0,0.005,0.0,9011.200,90491.200,169978418.0,0.0,0.0,3433.400,680.200,0.400,0.0,0.0,3478183936.0,2301952.0,32972210176.0,1.32327497728e+11,0.0,0.0,0.0,9011.200,3433.400,680.200,0.180,0.495,99.315,0.005,0.0,0.005,1493155410.776,
0.165,0.485,99.330,0.015,0.0,0.005,0.0,13926.400,100234.200,176094547.0,0.0,0.0,3466.400,625.800,0.400,0.0,0.0,3463569408.0,2318336.0,32972210176.0,1.32342095872e+11,0.0,0.0,0.0,13926.400,3466.400,625.800,0.165,0.490,99.325,0.015,0.0,0.005,1493155415.776,
0.175,0.480,99.340,0.0,0.0,0.005,0.0,0.0,60389.200,112135533.600,0.0,0.0,2270.200,585.600,0.200,0.0,0.0,3788328960.0,2318336.0,32972210176.0,1.3201733632e+11,0.0,0.0,0.0,0.0,2270.200,585.600,0.175,0.475,99.345,0.0,0.0,0.005,1493155420.776,
0.140,0.410,99.445,0.005,0.0,0.0,0.0,2457.600,74877.400,135855491.0,0.0,0.0,2864.200,559.0,0.400,0.0,0.0,3801387008.0,2326528.0,32972210176.0,1.3200427008e+11,0.0,0.0,0.0,2457.600,2864.200,559.0,0.145,0.415,99.435,0.005,0.0,0.0,1493155425.776,
0.175,0.590,99.220,0.0,0.0,0.015,0.0,0.0,153177.800,199980108.400,0.0,0.0,3656.600,729.800,0.0,0.0,0.0,3714109440.0,2326528.0,32972210176.0,1.32091547648e+11,0.0,0.0,0.0,0.0,3656.600,729.800,0.170,0.585,99.230,0.0,0.0,0.015,1493155430.776,
0.180,0.575,99.230,0.0,0.0,0.015,0.0,2457.600,146357.800,224237557.800,0.0,0.0,3679.600,735.400,0.0,0.0,0.0,3529601024.0,2334720.0,32972210176.0,1.32276047872e+11,0.0,0.0,0.0,2457.600,3679.600,735.400,0.180,0.575,99.229,0.0,0.0,0.015,1493155435.776,
0.170,0.430,99.390,0.0,0.0,0.010,0.0,0.0,131487.800,189738673.0,0.0,0.0,3707.0,606.0,0.0,0.0,0.0,3359129600.0,2334720.0,32972210176.0,1.32446519296e+11,0.0,0.0,0.0,0.0,3707.600,606.400,0.175,0.430,99.385,0.0,0.0,0.010,1493155440.776,
0.185,0.480,99.319,0.005,0.0,0.010,0.0,3276.800,97138.800,183565615.200,0.0,0.0,3723.0,685.0,0.400,0.0,0.400,3405660160.0,2342912.0,32972214272.0,1.32399976448e+11,0.0,0.0,0.0,3276.800,3722.600,684.600,0.185,0.480,99.319,0.005,0.0,0.010,1493155445.776,
0.120,0.265,99.610,0.0,0.0,0.005,0.0,9830.400,49731.600,111202342.200,0.0,0.0,2155.800,490.200,0.200,0.0,0.0,3344547840.0,2359296.0,32972214272.0,1.32461072384e+11,0.0,0.0,0.0,9830.400,2155.600,490.200,0.115,0.270,99.610,0.0,0.0,0.005,1493155450.776,
0.020,0.005,99.960,0.015,0.0,0.0,0.0,7372.800,2621.600,13737.0,0.0,0.0,139.600,136.600,0.0,0.0,0.0,3344302080.0,2367488.0,32972214272.0,1.32461309952e+11,0.0,0.0,0.0,7372.800,139.600,136.600,0.020,0.0,99.965,0.015,0.0,0.0,1493155455.776,
