"Dstat 0.7.2 CSV output"
"Author:","Dag Wieers <dag@wieers.com>",,,,"URL:","http://dag.wieers.com/home-made/dstat/"
"Host:","osd0.skyhook-4osds.skyhook-pg0.wisc.cloudlab.us",,,,"User:","jlefevre"
"Cmdline:","dstat -av --epoch --integer --noheaders --output dstat-osd0.log 5",,,,"Date:","25 Apr 2017 14:10:10 CDT"

"total cpu usage",,,,,,"dsk/total",,"net/total",,"paging",,"system",,"procs",,,"memory usage",,,,"paging",,"dsk/total",,"system",,"total cpu usage",,,,,,"epoch"
"usr","sys","idl","wai","hiq","siq","read","writ","recv","send","in","out","int","csw","run","blk","new","used","buff","cach","free","in","out","read","writ","int","csw","usr","sys","idl","wai","hiq","siq","epoch"
0.060,0.025,99.765,0.150,0.0,0.0,1108377.600,17203.200,3565.200,12435.800,0.0,0.0,334.400,391.0,0.0,0.0,4.200,3270209536.0,1318912.0,169885696.0,1.65338779648e+11,0.0,0.0,1107558.400,17203.200,334.400,391.0,0.065,0.025,99.760,0.150,0.0,0.0,1493165235.776,
0.025,0.005,99.965,0.005,0.0,0.0,0.0,3276.800,3028.0,12140.200,0.0,0.0,149.800,170.600,0.0,0.0,0.400,3269115904.0,1327104.0,169889792.0,1.65339860992e+11,0.0,0.0,0.0,3276.800,149.800,170.600,0.025,0.005,99.965,0.005,0.0,0.0,1493165240.776,
0.285,0.881,97.471,1.352,0.0,0.010,245841100.800,7372.800,281351.0,252112467.800,0.0,0.0,9615.600,4412.200,0.400,1.0,0.0,3299794944.0,1343488.0,1398394880.0,1.6408066048e+11,0.0,0.0,246050816.0,7372.800,9625.0,4415.200,0.280,0.881,97.476,1.352,0.0,0.010,1493165245.776,
0.306,0.847,97.210,1.613,0.0,0.025,270742323.200,0.0,294494.400,282675095.600,0.0,0.0,10232.600,4798.0,0.600,1.0,0.0,3295621120.0,1343488.0,2752741376.0,1.62730487808e+11,0.0,0.0,270768537.600,0.0,10230.800,4797.600,0.306,0.847,97.210,1.613,0.0,0.025,1493165250.776,
0.266,0.852,96.844,2.004,0.0,0.035,272409395.200,7372.800,316982.400,285516044.0,0.0,0.0,8877.800,4821.400,0.200,0.600,0.0,3285659648.0,1359872.0,4114878464.0,1.61378295808e+11,0.0,0.0,272383180.800,7372.800,8875.200,4820.800,0.271,0.852,96.834,2.009,0.0,0.035,1493165255.776,
0.290,0.796,97.466,1.427,0.0,0.020,248954060.800,0.0,257978.800,257131841.400,0.0,0.0,9487.0,4416.800,0.200,0.400,0.0,3303145472.0,1359872.0,5357703168.0,1.6011798528e+11,0.0,0.0,248744345.600,0.0,9488.200,4415.200,0.285,0.796,97.476,1.422,0.0,0.020,1493165260.776,
0.266,0.701,97.575,1.448,0.0,0.010,232225177.600,4915.200,272221.0,248117836.200,0.0,0.0,9740.600,4101.200,0.200,1.0,0.0,3284373504.0,1368064.0,6519246848.0,1.58975205376e+11,0.0,0.0,232356249.600,4915.200,9740.200,4102.800,0.266,0.701,97.565,1.453,0.0,0.015,1493165265.776,
0.270,0.816,97.091,1.803,0.0,0.020,252901785.600,819.200,267471.200,258521936.600,0.0,0.0,9561.0,4461.200,0.400,0.800,0.0,3308675072.0,1368064.0,7785517056.0,1.576846336e+11,0.0,0.0,252770713.600,819.200,9556.200,4459.400,0.270,0.816,97.101,1.798,0.0,0.015,1493165270.776,
0.256,0.737,97.233,1.749,0.0,0.025,248418304.0,2457.600,258223.200,266752396.0,0.0,0.0,8157.600,4405.400,0.600,0.800,0.400,3286495232.0,1376256.0,9027805184.0,1.5646451712e+11,0.0,0.0,248601804.800,2457.600,8160.200,4408.200,0.256,0.737,97.229,1.754,0.0,0.025,1493165275.776,
0.271,0.737,97.414,1.559,0.0,0.020,255706726.400,8192.0,231943.600,250381984.400,0.0,0.0,8855.400,4532.600,0.400,1.0,0.0,3373432832.0,1384448.0,10305552384.0,1.55099824128e+11,0.0,0.0,255732940.800,8192.0,8860.0,4532.0,0.276,0.737,97.414,1.554,0.0,0.020,1493165280.776,
0.281,0.872,97.108,1.714,0.0,0.025,277479424.0,2457.600,315516.200,296645540.0,0.0,0.0,11391.400,4933.200,0.800,1.0,0.0,3334856704.0,1392640.0,11693232128.0,1.5375071232e+11,0.0,0.0,277505638.400,2457.600,11384.600,4934.400,0.276,0.872,97.102,1.724,0.0,0.025,1493165285.776,
0.341,0.942,96.874,1.819,0.0,0.025,291041280.0,4915.200,331818.600,297132209.200,0.0,0.0,11318.200,5148.400,0.400,2.0,0.0,3371585536.0,1400832.0,13148979200.0,1.52258228224e+11,0.0,0.0,291041280.0,4915.200,11322.400,5147.400,0.341,0.947,96.874,1.814,0.0,0.025,1493165290.776,
0.291,0.867,96.563,2.264,0.0,0.015,273584128.0,2457.600,265646.0,272600144.200,0.0,0.0,10240.200,4820.0,0.400,2.600,0.0,3450187776.0,1409024.0,14517141504.0,1.50811455488e+11,0.0,0.0,273610342.400,2457.600,10240.0,4820.200,0.291,0.862,96.568,2.265,0.0,0.015,1493165295.776,
0.306,0.927,96.688,2.054,0.0,0.025,272744448.0,0.0,302940.800,285115001.600,0.0,0.0,10811.200,4824.800,0.600,0.800,0.0,3443388416.0,1409024.0,15878934528.0,1.49456461824e+11,0.0,0.0,272482304.0,0.0,10805.800,4822.0,0.311,0.927,96.689,2.049,0.0,0.025,1493165300.776,
0.235,0.746,97.416,1.568,0.0,0.035,225415168.0,4096.0,244933.600,248137359.600,0.0,0.0,9058.600,4077.0,0.0,0.600,0.400,3394818048.0,1417216.0,17005006848.0,1.4837895168e+11,0.0,0.0,225598668.800,4096.0,9060.0,4079.400,0.235,0.746,97.411,1.573,0.0,0.035,1493165305.776,
0.326,0.942,95.535,3.167,0.0,0.030,321762918.400,10649.600,343120.200,343185626.200,0.0,0.0,10894.0,5703.600,0.200,2.200,0.0,3365273600.0,1433600.0,18615832576.0,1.46797654016e+11,0.0,0.0,321579417.600,10649.600,10892.600,5701.200,0.321,0.942,95.545,3.162,0.0,0.030,1493165310.776,
0.321,0.992,95.745,2.922,0.0,0.020,318439424.0,5734.400,320640.800,289604877.0,0.0,0.0,11622.800,5549.200,0.600,1.600,0.0,3586015232.0,1433600.0,20207169536.0,1.44985575424e+11,0.0,0.0,318649139.200,5734.400,11629.400,5552.0,0.326,0.992,95.736,2.926,0.0,0.020,1493165315.776,
0.286,0.812,97.104,1.769,0.0,0.030,266464460.800,7372.800,342356.0,323479821.200,0.0,0.0,8633.800,4785.200,0.400,1.0,0.0,3362320384.0,1449984.0,21538811904.0,1.4387761152e+11,0.0,0.0,266490675.200,7372.800,8632.0,4785.0,0.281,0.812,97.113,1.764,0.0,0.030,1493165320.776,
0.315,0.946,96.115,2.593,0.0,0.030,306952601.600,0.0,302685.200,282104350.200,0.0,0.0,8354.200,5368.0,0.400,1.400,0.0,3552661504.0,1449984.0,23073624064.0,1.4215245824e+11,0.0,0.0,306900172.800,0.0,8352.0,5367.200,0.320,0.946,96.106,2.598,0.0,0.030,1493165325.776,
0.266,0.736,97.510,1.463,0.0,0.025,241986764.800,2457.600,307959.200,279483277.200,0.0,0.0,7882.0,4361.600,0.200,1.0,0.0,3435945984.0,1458176.0,24282492928.0,1.41060296704e+11,0.0,0.0,241803264.0,2457.600,7881.200,4359.800,0.261,0.736,97.520,1.458,0.0,0.025,1493165330.776,
0.281,0.902,97.185,1.613,0.0,0.020,274281267.200,0.0,304853.600,290136271.400,0.0,0.0,9899.0,4814.800,0.200,1.0,0.400,3413766144.0,1458176.0,25656635392.0,1.3970833408e+11,0.0,0.0,274490982.400,0.0,9903.200,4817.200,0.281,0.902,97.180,1.618,0.0,0.020,1493165335.776,
0.336,1.037,96.312,2.290,0.0,0.025,318024908.800,4096.0,310430.600,306326534.600,0.0,0.0,11619.0,5573.200,0.800,0.400,0.0,3545960448.0,1466368.0,27246141440.0,1.37986625536e+11,0.0,0.0,317815193.600,4096.0,11617.0,5570.800,0.341,1.037,96.312,2.285,0.0,0.025,1493165340.776,
0.316,0.962,96.969,1.723,0.0,0.030,286035148.800,9830.400,274678.200,266243077.0,0.0,0.0,10394.400,5036.400,0.200,0.800,0.0,3711012864.0,1482752.0,28675612672.0,1.36392085504e+11,0.0,0.0,286271078.400,9830.400,10397.200,5038.800,0.311,0.962,96.974,1.724,0.0,0.030,1493165345.776,
0.261,0.847,97.635,1.228,0.0,0.030,245882060.800,4915.200,313597.0,276516188.400,0.0,0.0,10989.200,4489.400,0.800,0.800,0.0,3612950528.0,1490944.0,29905776640.0,1.3525997568e+11,0.0,0.0,245882060.800,4915.200,10983.800,4488.800,0.261,0.847,97.630,1.233,0.0,0.030,1493165350.776,
0.281,0.812,97.343,1.544,0.0,0.020,251863859.200,4096.0,283620.800,312983590.800,0.0,0.0,10396.600,4510.600,0.600,1.600,0.0,3376766976.0,1499136.0,31164702720.0,1.3423722496e+11,0.0,0.0,251863859.200,4096.0,10401.600,4511.0,0.281,0.812,97.343,1.544,0.0,0.020,1493165355.776,
0.301,0.862,97.220,1.608,0.0,0.010,268173312.0,0.0,276259.400,250891479.600,0.0,0.0,10244.200,4726.600,0.400,1.0,0.0,3531440128.0,1499136.0,32508047360.0,1.32739207168e+11,0.0,0.0,268147097.600,0.0,10243.200,4726.600,0.306,0.862,97.215,1.608,0.0,0.010,1493165360.776,
0.125,0.340,99.094,0.430,0.0,0.010,98837299.200,2457.600,153159.800,143724818.800,0.0,0.0,4599.600,1915.0,0.200,0.200,0.200,3318427648.0,1507328.0,33000742912.0,1.32459515904e+11,0.0,0.0,98627584.0,2457.600,4594.200,1912.800,0.120,0.340,99.104,0.425,0.0,0.010,1493165365.776,
