"Dstat 0.7.2 CSV output"
"Author:","Dag Wieers <dag@wieers.com>",,,,"URL:","http://dag.wieers.com/home-made/dstat/"
"Host:","client0.skyhook-4osds.skyhook-pg0.wisc.cloudlab.us",,,,"User:","jlefevre"
"Cmdline:","dstat -av --epoch --integer --noheaders --output dstat-client0.log 5",,,,"Date:","25 Apr 2017 14:10:01 CDT"

"total cpu usage",,,,,,"dsk/total",,"net/total",,"paging",,"system",,"procs",,,"memory usage",,,,"paging",,"dsk/total",,"system",,"total cpu usage",,,,,,"epoch"
"usr","sys","idl","wai","hiq","siq","read","writ","recv","send","in","out","int","csw","run","blk","new","used","buff","cach","free","in","out","read","writ","int","csw","usr","sys","idl","wai","hiq","siq","epoch"
0.085,0.010,99.890,0.010,0.0,0.005,0.0,12288.0,47964.0,4779.200,0.0,0.0,1819.200,7312.200,0.400,0.0,0.600,5512679424.0,219443200.0,1.47346894848e+11,15701176320.0,0.0,0.0,0.0,12288.0,1818.400,7311.200,0.085,0.010,99.890,0.010,0.0,0.005,1493166076.201,
8.327,1.523,89.515,0.091,0.0,0.545,0.0,104038.400,931530888.0,1145305.200,0.0,0.0,33405.600,34673.0,3.600,0.0,5.200,5764853760.0,219451392.0,1.47347038208e+11,15448850432.0,0.0,0.0,0.0,104038.400,33413.800,34688.600,8.345,1.528,89.492,0.091,0.0,0.545,1493166081.201,
11.293,1.796,86.088,0.131,0.0,0.691,0.0,170393.600,1199782880.600,1429251.600,0.0,0.0,30078.800,40956.800,6.400,0.0,0.200,5793116160.0,219455488.0,1.473473536e+11,15420268544.0,0.0,0.0,0.0,170393.600,30080.800,40960.800,11.284,1.802,86.091,0.131,0.0,0.691,1493166086.201,
10.615,1.557,87.125,0.157,0.0,0.546,0.0,158924.800,1218676143.0,1461257.0,0.0,0.0,29897.400,44146.600,4.200,0.0,0.800,5735694336.0,219467776.0,1.4734761984e+11,15477411840.0,0.0,0.0,0.0,158924.800,29899.800,44143.0,10.621,1.547,87.130,0.157,0.0,0.546,1493166091.201,
11.003,1.745,86.675,0.096,0.0,0.481,0.0,140902.400,1213283619.200,1468406.800,0.0,0.0,30024.400,43890.0,5.800,0.200,0.800,5716168704.0,219475968.0,1.47347877888e+11,15496671232.0,0.0,0.0,0.0,140902.400,30017.400,43876.0,10.998,1.750,86.675,0.096,0.0,0.481,1493166096.201,
10.741,1.610,86.941,0.152,0.0,0.557,0.0,175308.800,1201038098.400,1418705.200,0.0,0.0,30466.800,42462.200,5.600,0.0,0.400,5732945920.0,219480064.0,1.473481728e+11,15479595008.0,0.0,0.0,0.0,175308.800,30474.600,42485.600,10.750,1.609,86.933,0.152,0.0,0.557,1493166101.201,
10.726,1.671,86.791,0.126,0.0,0.686,0.0,158105.600,1202365091.200,1375341.600,0.0,0.0,28963.200,41152.400,5.0,0.0,0.0,5741789184.0,219488256.0,1.4734845952e+11,15470456832.0,0.0,0.0,0.0,158105.600,28959.0,41141.0,10.718,1.666,86.798,0.126,0.0,0.692,1493166106.201,
10.590,1.575,87.133,0.141,0.0,0.560,0.0,154009.600,1200514159.200,1430884.600,0.0,0.0,29627.600,44072.800,4.200,0.0,0.0,5771853824.0,219504640.0,1.47348758528e+11,15440076800.0,0.0,0.0,0.0,154009.600,29628.400,44072.400,10.597,1.585,87.122,0.141,0.0,0.555,1493166111.201,
11.205,1.935,86.153,0.091,0.0,0.616,0.0,133529.600,1213428264.0,1408956.0,0.0,0.0,31680.0,41329.800,6.0,0.200,0.0,5761884160.0,219504640.0,1.47349061632e+11,15449743360.0,0.0,0.0,0.0,133529.600,31682.400,41339.800,11.210,1.930,86.153,0.091,0.0,0.616,1493166116.201,
10.716,1.737,86.810,0.157,0.0,0.581,0.0,172851.200,1223293866.800,1538951.0,0.0,0.0,31138.600,44526.800,5.600,0.0,0.0,5784866816.0,219512832.0,1.47349393408e+11,15426420736.0,0.0,0.0,0.0,172851.200,31136.400,44512.0,10.705,1.733,86.824,0.157,0.0,0.581,1493166121.201,
10.944,1.589,86.880,0.132,0.0,0.456,0.0,154009.600,1228794042.600,1570839.200,0.0,0.0,32712.400,47269.800,5.0,0.0,0.0,5763452928.0,219521024.0,1.47349680128e+11,15447539712.0,0.0,0.0,0.0,154009.600,32711.600,47268.0,10.949,1.594,86.870,0.132,0.0,0.455,1493166126.201,
10.547,1.683,87.158,0.101,0.0,0.510,0.0,155648.0,1225531250.600,1533415.400,0.0,0.0,31392.0,45454.800,5.0,0.0,0.0,5817970688.0,219521024.0,1.47349983232e+11,15392718848.0,0.0,0.0,0.0,155648.0,31392.200,45463.200,10.548,1.678,87.163,0.101,0.0,0.510,1493166131.201,
10.547,1.877,86.904,0.076,0.0,0.597,0.0,135987.200,1219236474.600,1544297.600,0.0,0.0,36066.0,44074.600,5.0,0.200,0.0,5732646912.0,219529216.0,1.4735028224e+11,15477735424.0,0.0,0.0,0.0,135987.200,36068.200,44075.600,10.548,1.877,86.902,0.076,0.0,0.597,1493166136.201,
10.092,1.701,87.470,0.141,0.0,0.596,0.0,174489.600,1199041743.200,1416114.400,0.0,0.0,29923.400,42524.0,4.200,0.200,0.0,5761007616.0,219537408.0,1.4735060992e+11,15449038848.0,0.0,0.0,0.0,174489.600,29925.600,42524.600,10.083,1.702,87.479,0.141,0.0,0.596,1493166141.201,
10.350,1.631,87.327,0.091,0.0,0.601,0.0,154009.600,1212756145.600,1491711.200,0.0,0.0,32212.200,43156.800,5.400,0.0,0.0,5743489024.0,219541504.0,1.47350904832e+11,15466258432.0,0.0,0.0,0.0,154009.600,32207.0,43153.200,10.351,1.632,87.326,0.091,0.0,0.601,1493166146.201,
10.662,1.748,86.573,0.126,0.0,0.891,0.0,156467.200,1224543176.400,1486102.400,0.0,0.0,31609.0,43675.600,5.400,0.0,0.0,5721006080.0,219549696.0,1.47351216128e+11,15488421888.0,0.0,0.0,0.0,156467.200,31616.0,43682.200,10.666,1.747,86.569,0.126,0.0,0.891,1493166151.201,
10.806,1.832,86.663,0.106,0.0,0.592,0.0,136806.400,1214607421.800,1460973.200,0.0,0.0,34210.200,42224.200,5.0,0.200,0.0,5733777408.0,219566080.0,1.47351519232e+11,15475331072.0,0.0,0.0,0.0,136806.400,34203.400,42215.400,10.801,1.832,86.669,0.106,0.0,0.592,1493166156.201,
10.268,1.735,87.375,0.137,0.0,0.486,0.0,169574.400,1223537029.800,1473657.0,0.0,0.0,30789.600,44637.400,6.0,0.0,0.0,5768118272.0,219566080.0,1.4735183872e+11,15440670720.0,0.0,0.0,0.0,169574.400,30793.0,44641.600,10.268,1.735,87.375,0.137,0.0,0.486,1493166161.201,
10.030,1.724,87.634,0.121,0.0,0.490,0.0,152371.200,1229225962.800,1577771.600,0.0,0.0,32566.0,46681.600,4.600,0.0,0.0,5762899968.0,219574272.0,1.47352129536e+11,15445590016.0,0.0,0.0,0.0,152371.200,32565.400,46680.0,10.039,1.724,87.626,0.121,0.0,0.490,1493166166.201,
10.722,1.657,87.035,0.121,0.0,0.465,0.0,152371.200,1229465373.0,1590314.800,0.0,0.0,31994.800,48688.400,5.600,0.0,0.0,5735948288.0,219594752.0,1.47352428544e+11,15472222208.0,0.0,0.0,0.0,152371.200,31995.0,48693.0,10.725,1.662,87.026,0.121,0.0,0.465,1493166171.201,
10.497,1.644,87.267,0.121,0.0,0.470,0.0,140083.200,1223915917.800,1479263.800,0.0,0.0,30775.400,44966.600,4.800,0.200,0.0,5774069760.0,219602944.0,1.47352748032e+11,15433773056.0,0.0,0.0,0.0,140083.200,30773.200,44967.800,10.490,1.640,87.279,0.121,0.0,0.471,1493166176.201,
10.106,1.677,87.637,0.030,0.0,0.550,0.0,167936.0,1224515283.0,1521077.600,0.0,0.0,31376.800,45183.0,5.600,0.0,0.0,5698215936.0,219607040.0,1.47353063424e+11,15509307392.0,0.0,0.0,0.0,167936.0,31378.0,45172.800,10.095,1.682,87.642,0.030,0.0,0.550,1493166181.201,
10.072,1.633,87.728,0.071,0.0,0.496,0.0,156467.200,1228102065.800,1515105.200,0.0,0.0,31236.800,45807.0,4.600,0.0,0.0,5724991488.0,219615232.0,1.47353350144e+11,15482236928.0,0.0,0.0,0.0,156467.200,31239.0,45816.800,10.086,1.628,87.720,0.071,0.0,0.495,1493166186.201,
10.790,1.766,86.455,0.272,0.0,0.716,0.0,6711705.600,1216842317.600,1475632.400,0.0,0.0,32727.800,44926.200,5.600,0.200,0.0,5757882368.0,219627520.0,1.47342843904e+11,15459840000.0,0.0,0.0,0.0,6711705.600,32725.200,44925.600,10.791,1.771,86.444,0.272,0.0,0.721,1493166191.201,
9.835,1.550,87.918,0.106,0.0,0.591,0.0,128614.400,1195687904.400,1430247.200,0.0,0.0,29074.200,42349.0,5.0,0.200,0.0,5772464128.0,219627520.0,1.473431552e+11,15444946944.0,0.0,0.0,0.0,128614.400,29075.800,42349.200,9.827,1.545,87.936,0.106,0.0,0.586,1493166196.201,
5.048,0.766,93.884,0.126,0.0,0.176,0.0,164659.200,577947191.400,722146.0,0.0,0.0,17081.800,26407.800,2.400,0.0,1.0,5484183552.0,219635712.0,1.47343466496e+11,15732908032.0,0.0,0.0,0.0,164659.200,17069.600,26389.400,5.038,0.766,93.895,0.126,0.0,0.176,1493166201.201,
