"Dstat 0.7.2 CSV output"
"Author:","Dag Wieers <dag@wieers.com>",,,,"URL:","http://dag.wieers.com/home-made/dstat/"
"Host:","osd1.skyhook-4osds.skyhook-pg0.wisc.cloudlab.us",,,,"User:","jlefevre"
"Cmdline:","dstat -av --epoch --integer --noheaders --output dstat-osd1.log 5",,,,"Date:","25 Apr 2017 14:10:17 CDT"

"total cpu usage",,,,,,"dsk/total",,"net/total",,"paging",,"system",,"procs",,,"memory usage",,,,"paging",,"dsk/total",,"system",,"total cpu usage",,,,,,"epoch"
"usr","sys","idl","wai","hiq","siq","read","writ","recv","send","in","out","int","csw","run","blk","new","used","buff","cach","free","in","out","read","writ","int","csw","usr","sys","idl","wai","hiq","siq","epoch"
0.175,1.055,98.579,0.190,0.0,0.0,1413120.0,31948.800,4497.0,15307.400,0.0,0.0,737.200,944.600,0.400,0.0,13.600,3460861952.0,1245184.0,132640768.0,1.65185445888e+11,0.0,0.0,1413120.0,31948.800,737.200,944.600,0.175,1.060,98.575,0.190,0.0,0.0,1493152257.192,
0.015,0.010,99.945,0.030,0.0,0.0,9830.400,7372.800,2390.400,12813.0,0.0,0.0,145.0,156.800,0.0,0.0,0.200,3464310784.0,1257472.0,132689920.0,1.65181935616e+11,0.0,0.0,9830.400,7372.800,145.0,156.800,0.015,0.010,99.945,0.030,0.0,0.0,1493152262.192,
0.431,1.092,93.661,4.800,0.0,0.015,406650880.0,2457.600,18908.600,29582.800,0.0,0.0,4235.800,6841.0,0.600,3.400,0.0,3462037504.0,1265664.0,2166091776.0,1.63150798848e+11,0.0,0.0,406834380.800,2457.600,4237.200,6843.800,0.431,1.088,93.665,4.801,0.0,0.015,1493152267.192,
0.441,1.228,93.541,4.786,0.0,0.005,439013376.0,0.0,19506.0,31709.600,0.0,0.0,4110.600,7352.0,0.600,4.400,0.0,3468288000.0,1265664.0,4361818112.0,1.60948822016e+11,0.0,0.0,439039590.400,0.0,4110.600,7352.200,0.441,1.233,93.536,4.785,0.0,0.005,1493152272.192,
0.466,1.162,93.938,4.414,0.0,0.020,432024780.800,2457.600,19564.400,32022.0,0.0,0.0,4037.800,7227.0,0.800,3.200,0.0,3461881856.0,1273856.0,6520696832.0,1.58796341248e+11,0.0,0.0,431815065.600,2457.600,4036.400,7224.0,0.466,1.162,93.938,4.414,0.0,0.020,1493152277.192,
0.366,0.977,95.064,3.573,0.0,0.020,383141478.400,0.0,18111.400,31543.200,0.0,0.0,3591.200,6445.200,0.400,3.600,0.0,3493916672.0,1273856.0,8437649408.0,1.56847353856e+11,0.0,0.0,383377408.0,0.0,3592.800,6448.400,0.366,0.972,95.064,3.578,0.0,0.020,1493152282.192,
0.401,1.117,93.967,4.495,0.0,0.020,416113459.200,5734.400,19514.800,32338.600,0.0,0.0,3902.400,7042.800,0.600,3.400,0.0,3480363008.0,1282048.0,10516426752.0,1.54782121984e+11,0.0,0.0,416061030.400,5734.400,3902.0,7041.800,0.401,1.117,93.972,4.490,0.0,0.020,1493152287.192,
0.461,1.238,92.554,5.727,0.0,0.020,439228825.600,819.200,19504.0,32660.800,0.0,0.0,4157.0,7400.800,0.800,4.600,0.0,3537584128.0,1282048.0,12711346176.0,1.5252998144e+11,0.0,0.0,439307468.800,819.200,4157.600,7402.0,0.461,1.243,92.540,5.737,0.0,0.020,1493152292.192,
0.531,1.404,89.512,8.543,0.0,0.010,488864972.800,3276.800,21838.200,33530.800,0.0,0.0,4594.800,8319.400,0.800,6.600,0.0,3542183936.0,1290240.0,15160455168.0,1.50076264448e+11,0.0,0.0,488864972.800,3276.800,4594.800,8319.400,0.531,1.404,89.512,8.543,0.0,0.010,1493152297.192,
0.491,1.332,91.573,6.584,0.0,0.020,468575846.400,0.0,21746.200,34448.800,0.0,0.0,4426.800,7965.0,0.400,5.0,0.0,3525570560.0,1290240.0,17501564928.0,1.47751768064e+11,0.0,0.0,468549632.0,0.0,4426.600,7964.800,0.491,1.327,91.577,6.585,0.0,0.020,1493152302.192,
0.391,1.077,93.548,4.974,0.0,0.010,412255027.200,2457.600,18801.800,32234.0,0.0,0.0,3872.400,7003.400,0.600,4.800,0.0,3518074880.0,1298432.0,19562803200.0,1.4569801728e+11,0.0,0.0,412228812.800,2457.600,3872.800,7003.800,0.391,1.082,93.548,4.969,0.0,0.010,1493152307.192,
0.466,1.228,91.564,6.726,0.0,0.015,480466534.400,0.0,22039.800,33793.800,0.0,0.0,4764.400,8187.800,0.800,5.200,0.0,3538935808.0,1298432.0,21966032896.0,1.43273926656e+11,0.0,0.0,480518963.200,0.0,4764.200,8187.200,0.466,1.223,91.564,6.731,0.0,0.015,1493152312.192,
0.451,1.288,91.668,6.573,0.0,0.020,484587110.400,2457.600,21557.400,34177.800,0.0,0.0,4524.600,8265.600,1.0,5.600,0.0,3558154240.0,1306624.0,24387837952.0,1.40832894976e+11,0.0,0.0,484587110.400,2457.600,4524.800,8266.0,0.451,1.293,91.668,6.569,0.0,0.020,1493152317.192,
0.516,1.323,90.390,7.750,0.0,0.020,493053542.400,0.0,24405.600,34922.800,0.0,0.0,4685.0,8489.600,1.200,7.600,0.0,3541643264.0,1306624.0,26855084032.0,1.38382159872e+11,0.0,0.0,493079756.800,0.0,4684.800,8489.400,0.516,1.323,90.385,7.755,0.0,0.020,1493152322.192,
0.461,1.187,92.614,5.722,0.0,0.015,436276428.800,4096.0,17831.600,32432.600,0.0,0.0,4086.800,7342.800,0.600,4.800,0.0,3528871936.0,1314816.0,29034807296.0,1.36215199744e+11,0.0,0.0,436224000.0,4096.0,4087.0,7342.800,0.461,1.187,92.615,5.721,0.0,0.015,1493152327.192,
0.457,1.129,93.166,5.229,0.0,0.020,436444364.800,4915.200,19284.200,32184.200,0.0,0.0,4079.200,7346.600,0.600,3.600,0.0,3534004224.0,1323008.0,31215394816.0,1.34029471744e+11,0.0,0.0,436418150.400,4915.200,4080.0,7346.600,0.457,1.129,93.175,5.219,0.0,0.020,1493152332.192,
0.546,1.322,92.562,5.555,0.0,0.015,458335027.200,2457.600,21509.0,33572.0,0.0,0.0,4331.200,7726.0,1.0,4.0,0.0,3582337024.0,1323008.0,33508700160.0,1.316878336e+11,0.0,0.0,458387456.0,2457.600,4330.200,7725.800,0.546,1.322,92.557,5.559,0.0,0.015,1493152337.192,
0.316,0.706,96.038,2.915,0.0,0.025,269042483.200,2457.600,12044.0,26914.0,0.0,0.0,2567.800,4569.400,0.800,1.800,0.0,3525169152.0,1331200.0,34853064704.0,1.30400628736e+11,0.0,0.0,268780339.200,2457.600,2566.400,4566.800,0.316,0.701,96.048,2.910,0.0,0.025,1493152342.192,
