"Dstat 0.7.2 CSV output"
"Author:","Dag Wieers <dag@wieers.com>",,,,"URL:","http://dag.wieers.com/home-made/dstat/"
"Host:","client0.skyhook-4osds.skyhook-pg0.wisc.cloudlab.us",,,,"User:","jlefevre"
"Cmdline:","dstat -av --epoch --integer --noheaders --output dstat-client0.log 5",,,,"Date:","25 Apr 2017 14:10:01 CDT"

"total cpu usage",,,,,,"dsk/total",,"net/total",,"paging",,"system",,"procs",,,"memory usage",,,,"paging",,"dsk/total",,"system",,"total cpu usage",,,,,,"epoch"
"usr","sys","idl","wai","hiq","siq","read","writ","recv","send","in","out","int","csw","run","blk","new","used","buff","cach","free","in","out","read","writ","int","csw","usr","sys","idl","wai","hiq","siq","epoch"
0.030,0.025,99.890,0.055,0.0,0.0,0.0,63078.400,45075.800,2076.0,0.0,0.0,1837.400,7440.400,0.600,0.200,0.0,5473640448.0,199831552.0,1.47401015296e+11,15705706496.0,0.0,0.0,0.0,63078.400,1837.400,7444.800,0.025,0.025,99.895,0.055,0.0,0.0,1493151536.201,
0.513,1.962,97.313,0.035,0.0,0.176,14745.600,41779.200,316277170.800,279833.800,0.0,0.0,16326.400,12758.200,1.800,0.200,5.200,5669408768.0,199843840.0,1.47401121792e+11,15509819392.0,0.0,0.0,14745.600,41779.200,16333.0,12755.200,0.513,1.972,97.304,0.035,0.0,0.176,1493151541.201,
0.885,4.037,94.434,0.085,0.0,0.558,0.0,134348.800,645592271.0,386869.600,0.0,0.0,16306.800,14815.800,2.0,0.0,0.0,5672177664.0,199852032.0,1.4740133888e+11,15506825216.0,0.0,0.0,0.0,134348.800,16302.800,14816.400,0.885,4.028,94.443,0.085,0.0,0.558,1493151546.201,
0.826,3.773,94.978,0.096,0.0,0.327,0.0,141721.600,628149941.0,380104.800,0.0,0.0,14983.600,15154.200,2.400,0.0,0.0,5658935296.0,199860224.0,1.47401572352e+11,15519825920.0,0.0,0.0,0.0,141721.600,14989.600,15151.800,0.826,3.777,94.974,0.096,0.0,0.327,1493151551.201,
0.886,3.868,94.591,0.363,0.0,0.292,0.0,5710643.200,690097712.600,434493.0,0.0,0.0,19234.800,16630.800,3.0,0.200,0.0,5673521152.0,199909376.0,1.4739376128e+11,15513001984.0,0.0,0.0,0.0,5710643.200,19227.200,16630.400,0.886,3.868,94.591,0.363,0.0,0.292,1493151556.201,
0.892,3.785,94.904,0.086,0.0,0.333,0.0,130252.800,642217197.400,391452.600,0.0,0.0,14896.800,15149.400,1.800,0.200,0.0,5656035328.0,199929856.0,1.4739402752e+11,15530201088.0,0.0,0.0,0.0,130252.800,14909.0,15157.800,0.892,3.790,94.895,0.086,0.0,0.338,1493151561.201,
0.826,4.120,94.721,0.055,0.0,0.277,0.0,131072.0,597479441.200,316390.600,0.0,0.0,13930.400,13585.400,2.600,0.0,0.0,5679009792.0,199958528.0,1.473942528e+11,15506972672.0,0.0,0.0,0.0,131072.0,13917.200,13579.200,0.826,4.115,94.731,0.055,0.0,0.272,1493151566.201,
0.690,4.008,94.909,0.081,0.0,0.312,0.0,160563.200,507558991.800,189990.0,0.0,0.0,11994.400,10643.0,2.200,0.0,0.0,5651017728.0,199958528.0,1.47394469888e+11,15534747648.0,0.0,0.0,0.0,160563.200,11994.800,10640.200,0.690,4.018,94.899,0.081,0.0,0.312,1493151571.201,
0.801,3.782,95.019,0.101,0.0,0.297,0.0,136806.400,574910329.0,277300.0,0.0,0.0,13378.800,13075.600,2.200,0.0,0.0,5643333632.0,199979008.0,1.473946624e+11,15542218752.0,0.0,0.0,0.0,136806.400,13388.600,13096.400,0.806,3.768,95.028,0.101,0.0,0.297,1493151576.201,
0.872,4.082,94.617,0.121,0.0,0.307,0.0,162201.600,650914095.600,422809.200,0.0,0.0,15822.200,17265.600,1.600,0.0,0.0,5650280448.0,200015872.0,1.47394891776e+11,15535005696.0,0.0,0.0,0.0,162201.600,15815.400,17252.0,0.867,4.087,94.617,0.121,0.0,0.307,1493151581.201,
0.705,3.951,94.906,0.086,0.0,0.352,0.0,121241.600,525122513.0,249586.200,0.0,0.0,12883.400,12197.400,2.400,0.200,0.0,5680214016.0,200048640.0,1.47395166208e+11,15504764928.0,0.0,0.0,0.0,121241.600,12880.600,12193.400,0.705,3.946,94.911,0.086,0.0,0.352,1493151586.201,
0.816,3.790,95.025,0.076,0.0,0.292,0.0,134348.800,564569501.600,351286.600,0.0,0.0,14791.600,13188.600,1.600,0.0,0.0,5682323456.0,200097792.0,1.47395387392e+11,15502385152.0,0.0,0.0,0.0,134348.800,14797.0,13191.600,0.826,3.790,95.016,0.076,0.0,0.292,1493151591.201,
0.866,3.725,94.996,0.081,0.0,0.332,0.0,141721.600,627808283.600,401439.0,0.0,0.0,14905.600,15852.400,1.600,0.0,0.0,5675491328.0,200122368.0,1.47395608576e+11,15508971520.0,0.0,0.0,0.0,141721.600,14902.0,15845.200,0.856,3.740,94.991,0.081,0.0,0.332,1493151596.201,
0.785,3.930,94.877,0.141,0.0,0.267,0.0,151552.0,588825325.400,304626.400,0.0,0.0,14190.0,13669.400,2.400,0.200,0.0,5678075904.0,200175616.0,1.47395817472e+11,15506124800.0,0.0,0.0,0.0,151552.0,14202.200,13688.400,0.790,3.921,94.881,0.141,0.0,0.267,1493151601.201,
0.924,4.049,94.162,0.357,0.0,0.507,0.0,4074700.800,713954453.800,500037.400,0.0,0.0,18346.800,18318.0,1.800,0.0,0.0,5667688448.0,200216576.0,1.47392794624e+11,15519494144.0,0.0,0.0,0.0,4074700.800,18338.800,18302.200,0.924,4.054,94.157,0.357,0.0,0.507,1493151606.201,
0.904,3.581,94.851,0.085,0.0,0.578,0.0,112230.400,692940620.200,464606.200,0.0,0.0,15483.800,18454.600,1.600,0.200,0.0,5673881600.0,200237056.0,1.47393069056e+11,15513006080.0,0.0,0.0,0.0,112230.400,15484.600,18458.800,0.904,3.576,94.856,0.085,0.0,0.578,1493151611.201,
0.871,3.931,94.760,0.091,0.0,0.347,0.0,163020.800,713632674.400,449063.200,0.0,0.0,17080.200,17061.200,1.800,0.0,0.0,5659975680.0,200257536.0,1.47393306624e+11,15526653952.0,0.0,0.0,0.0,163020.800,17077.600,17061.0,0.866,3.927,94.770,0.091,0.0,0.347,1493151616.201,
0.771,3.704,95.137,0.091,0.0,0.297,0.0,148275.200,600660722.600,332460.600,0.0,0.0,14358.0,13663.800,2.400,0.0,0.0,5670461440.0,200310784.0,1.47393527808e+11,15515893760.0,0.0,0.0,0.0,148275.200,14354.600,13660.600,0.771,3.709,95.127,0.091,0.0,0.302,1493151621.201,
0.862,3.830,94.654,0.373,0.0,0.282,0.0,4376985.600,584628848.400,321726.400,0.0,0.0,14587.0,14380.800,1.800,0.0,0.0,5685833728.0,200388608.0,1.47393097728e+11,15500873728.0,0.0,0.0,0.0,4376985.600,14589.600,14382.0,0.862,3.835,94.653,0.373,0.0,0.277,1493151626.201,
0.978,3.977,94.571,0.116,0.0,0.358,0.0,130252.800,682968890.400,474570.800,0.0,0.0,17996.0,17322.0,2.400,0.200,0.0,5675102208.0,200392704.0,1.47393355776e+11,15511343104.0,0.0,0.0,0.0,130252.800,17998.600,17320.200,0.983,3.977,94.566,0.116,0.0,0.358,1493151631.201,
0.873,3.637,95.057,0.116,0.0,0.318,0.0,167936.0,658614053.800,462012.200,0.0,0.0,17363.0,16778.400,2.0,0.0,0.0,5680623616.0,200417280.0,1.4739359744e+11,15505555456.0,0.0,0.0,0.0,167936.0,17357.400,16780.0,0.873,3.627,95.067,0.116,0.0,0.318,1493151636.201,
0.901,3.535,95.029,0.101,0.0,0.433,0.0,140083.200,706884896.600,473717.400,0.0,0.0,16422.200,17592.0,2.400,0.0,0.0,5673852928.0,200433664.0,1.4739382272e+11,15512084480.0,0.0,0.0,0.0,140083.200,16421.200,17592.600,0.896,3.551,95.019,0.101,0.0,0.433,1493151641.201,
0.921,3.323,95.303,0.081,0.0,0.373,0.0,142540.800,710465352.400,530614.0,0.0,0.0,17008.400,18868.600,1.600,0.0,0.0,5655457792.0,200458240.0,1.47394056192e+11,15530221568.0,0.0,0.0,0.0,142540.800,17018.800,18880.0,0.921,3.313,95.313,0.081,0.0,0.373,1493151646.201,
0.896,3.915,94.685,0.055,0.0,0.448,0.0,163840.0,744908093.400,543080.800,0.0,0.0,18217.0,19545.800,2.600,0.0,0.0,5670551552.0,200495104.0,1.47394306048e+11,15514841088.0,0.0,0.0,0.0,163840.0,18209.600,19533.400,0.901,3.916,94.680,0.055,0.0,0.448,1493151651.201,
0.825,3.491,95.201,0.075,0.0,0.407,0.0,120422.400,651854824.400,450171.200,0.0,0.0,15962.600,17465.400,2.600,0.200,0.0,5666172928.0,200519680.0,1.47394572288e+11,15518928896.0,0.0,0.0,0.0,120422.400,15959.600,17464.600,0.820,3.492,95.205,0.075,0.0,0.408,1493151656.201,
0.847,3.554,95.236,0.066,0.0,0.297,0.0,138444.800,605913436.200,355855.0,0.0,0.0,15105.400,14381.800,2.0,0.0,0.0,5688184832.0,200572928.0,1.47394793472e+11,15496642560.0,0.0,0.0,0.0,138444.800,15106.600,14384.0,0.847,3.549,95.237,0.066,0.0,0.302,1493151661.201,
0.931,3.483,95.087,0.081,0.0,0.418,0.0,132710.400,713359993.800,503788.200,0.0,0.0,16056.600,17912.600,2.600,0.0,0.0,5674651648.0,200601600.0,1.47395026944e+11,15509913600.0,0.0,0.0,0.0,132710.400,16056.400,17909.600,0.931,3.489,95.087,0.081,0.0,0.413,1493151666.201,
1.024,3.832,94.746,0.055,0.0,0.343,0.0,163840.0,776089416.200,639287.800,0.0,0.0,19739.0,22874.800,2.600,0.0,0.0,5670162432.0,200613888.0,1.47395268608e+11,15514148864.0,0.0,0.0,0.0,163840.0,19741.600,22877.0,1.028,3.836,94.737,0.055,0.0,0.343,1493151671.201,
0.887,3.581,95.094,0.086,0.0,0.353,0.0,118784.0,649967767.800,419662.400,0.0,0.0,15334.400,15939.800,1.0,0.200,0.0,5671100416.0,200646656.0,1.47395551232e+11,15512895488.0,0.0,0.0,0.0,118784.0,15335.800,15941.800,0.882,3.577,95.103,0.086,0.0,0.353,1493151676.201,
0.967,3.653,94.881,0.096,0.0,0.403,0.0,141721.600,745152432.600,570013.800,0.0,0.0,19707.400,19679.200,2.600,0.0,0.0,5685727232.0,200667136.0,1.473957888e+11,15498010624.0,0.0,0.0,0.0,141721.600,19706.400,19673.0,0.967,3.658,94.876,0.096,0.0,0.403,1493151681.201,
0.871,3.535,95.029,0.121,0.0,0.443,0.0,144179.200,673882911.600,484419.0,0.0,0.0,16802.400,17415.0,2.0,0.0,0.200,5681074176.0,200699904.0,1.47396026368e+11,15502393344.0,0.0,0.0,0.0,144179.200,16818.200,17440.200,0.871,3.531,95.034,0.121,0.0,0.443,1493151686.201,
1.030,3.780,94.802,0.071,0.0,0.318,0.0,140902.400,681711670.200,517114.0,0.0,0.0,18658.600,17327.800,1.800,0.0,0.0,5674315776.0,200704000.0,1.47396268032e+11,15508905984.0,0.0,0.0,0.0,140902.400,18644.600,17304.800,1.035,3.780,94.797,0.071,0.0,0.318,1493151691.201,
0.943,3.812,94.862,0.066,0.0,0.318,0.0,165478.400,696459357.800,545441.600,0.0,0.0,19252.0,18495.800,1.400,0.0,0.0,5674434560.0,200736768.0,1.47396493312e+11,15508529152.0,0.0,0.0,0.0,165478.400,19246.0,18493.200,0.938,3.822,94.857,0.066,0.0,0.318,1493151696.201,
0.939,3.775,94.908,0.091,0.0,0.288,0.0,123699.200,737461205.200,580538.600,0.0,0.0,18702.800,20091.600,1.800,0.200,0.0,5670703104.0,200794112.0,1.47396788224e+11,15511908352.0,0.0,0.0,0.0,123699.200,18716.400,20108.600,0.939,3.765,94.912,0.091,0.0,0.293,1493151701.201,
0.962,3.736,94.703,0.086,0.0,0.514,0.0,142540.800,756141298.400,581970.400,0.0,0.0,19426.200,19666.200,1.800,0.0,0.0,5661290496.0,200830976.0,1.47397050368e+11,15521021952.0,0.0,0.0,0.0,142540.800,19429.0,19672.200,0.962,3.731,94.712,0.086,0.0,0.509,1493151706.201,
0.946,3.552,95.019,0.081,0.0,0.403,0.0,143360.0,756240500.200,591843.0,0.0,0.0,18008.600,21234.0,2.600,0.0,0.0,5668978688.0,200851456.0,1.47397279744e+11,15513083904.0,0.0,0.0,0.0,143360.0,18011.0,21234.800,0.951,3.552,95.014,0.080,0.0,0.402,1493151711.201,
0.943,3.696,94.897,0.111,0.0,0.353,0.0,146636.800,697763908.800,497074.800,0.0,0.0,18054.0,17817.400,2.200,0.0,0.0,5684494336.0,200871936.0,1.47397513216e+11,15497314304.0,0.0,0.0,0.0,146636.800,18040.800,17798.800,0.948,3.696,94.893,0.111,0.0,0.353,1493151716.201,
0.947,3.643,94.921,0.101,0.0,0.388,0.0,162201.600,745533595.800,498265.800,0.0,0.0,17047.200,18034.600,3.400,0.0,0.200,5669396480.0,200884224.0,1.47397767168e+11,15512145920.0,0.0,0.0,0.0,162201.600,17060.800,18042.0,0.937,3.658,94.911,0.101,0.0,0.393,1493151721.201,
0.973,3.755,94.799,0.076,0.0,0.398,0.0,117964.800,718655958.400,526128.0,0.0,0.0,17902.800,19050.400,2.0,0.200,0.0,5653721088.0,200892416.0,1.4739802112e+11,15527559168.0,0.0,0.0,0.0,117964.800,17895.0,19051.400,0.973,3.750,94.808,0.076,0.0,0.393,1493151726.201,
1.004,3.349,95.244,0.091,0.0,0.313,0.0,143360.0,829897061.800,737030.800,0.0,0.0,20118.600,24500.0,2.200,0.0,0.0,5662818304.0,200900608.0,1.47398279168e+11,15518195712.0,0.0,0.0,0.0,143360.0,20112.600,24492.0,1.004,3.339,95.248,0.091,0.0,0.318,1493151731.201,
0.988,3.781,94.822,0.096,0.0,0.313,0.0,146636.800,710620549.800,528139.200,0.0,0.0,17494.400,18558.0,2.600,0.0,0.0,5656981504.0,200904704.0,1.4739853312e+11,15523774464.0,0.0,0.0,0.0,146636.800,17497.0,18566.600,0.993,3.786,94.813,0.096,0.0,0.313,1493151736.201,
0.876,3.373,95.272,0.111,0.0,0.368,0.0,145817.600,701767328.800,498542.200,0.0,0.0,16231.800,18493.800,1.800,0.0,0.0,5681012736.0,200916992.0,1.47398762496e+11,15499501568.0,0.0,0.0,0.0,145817.600,16226.800,18482.200,0.871,3.384,95.272,0.111,0.0,0.363,1493151741.201,
0.882,3.704,94.985,0.091,0.0,0.338,0.0,141721.600,702139842.800,522780.400,0.0,0.0,16531.600,19338.600,1.600,0.0,0.0,5667872768.0,200937472.0,1.47399028736e+11,15512354816.0,0.0,0.0,0.0,141721.600,16542.600,19345.400,0.887,3.690,94.995,0.091,0.0,0.338,1493151746.201,
0.850,3.606,95.071,0.055,0.0,0.417,0.0,141721.600,650143849.600,429314.0,0.0,0.0,16476.600,16874.0,2.800,0.0,0.0,5675134976.0,200982528.0,1.47399274496e+11,15504801792.0,0.0,0.0,0.0,141721.600,16463.400,16866.400,0.850,3.611,95.062,0.055,0.0,0.422,1493151751.201,
0.902,3.768,94.942,0.030,0.0,0.358,0.0,138444.800,659845179.400,450802.600,0.0,0.0,16570.0,16820.600,2.600,0.0,0.0,5648117760.0,200998912.0,1.47399499776e+11,15531577344.0,0.0,0.0,0.0,138444.800,16581.600,16839.0,0.902,3.773,94.943,0.030,0.0,0.353,1493151756.201,
0.438,1.806,97.435,0.231,0.0,0.091,0.0,4893900.800,259460403.800,145536.0,0.0,0.0,7125.400,10635.800,0.600,0.200,1.0,5477187584.0,201043968.0,1.47392458752e+11,15709503488.0,0.0,0.0,0.0,4893900.800,7113.200,10621.800,0.433,1.796,97.449,0.231,0.0,0.091,1493151761.201,
