"Dstat 0.7.2 CSV output"
"Author:","Dag Wieers <dag@wieers.com>",,,,"URL:","http://dag.wieers.com/home-made/dstat/"
"Host:","client0.skyhook-4osds.skyhook-pg0.wisc.cloudlab.us",,,,"User:","jlefevre"
"Cmdline:","dstat -av --epoch --integer --noheaders --output dstat-client0.log 5",,,,"Date:","25 Apr 2017 14:10:01 CDT"

"total cpu usage",,,,,,"dsk/total",,"net/total",,"paging",,"system",,"procs",,,"memory usage",,,,"paging",,"dsk/total",,"system",,"total cpu usage",,,,,,"epoch"
"usr","sys","idl","wai","hiq","siq","read","writ","recv","send","in","out","int","csw","run","blk","new","used","buff","cach","free","in","out","read","writ","int","csw","usr","sys","idl","wai","hiq","siq","epoch"
0.035,0.010,99.930,0.025,0.0,0.0,0.0,94208.0,48941.800,2221.800,0.0,0.0,1813.200,7425.0,0.400,0.0,0.0,5462740992.0,216567808.0,1.47398651904e+11,15702233088.0,0.0,0.0,0.0,94208.0,1813.200,7420.600,0.035,0.010,99.930,0.025,0.0,0.0,1493155231.201,
0.261,0.873,98.680,0.0,0.0,0.186,0.0,6553.600,139633289.600,139749.400,0.0,0.0,5432.200,9923.800,0.600,0.0,5.0,5646151680.0,216567808.0,1.47398651904e+11,15518822400.0,0.0,0.0,0.0,6553.600,5433.0,9923.800,0.261,0.883,98.670,0.0,0.0,0.186,1493155236.201,
1.122,3.830,94.474,0.121,0.0,0.453,0.0,140083.200,751546064.0,592229.200,0.0,0.0,20545.800,20174.400,1.600,0.0,0.0,5652705280.0,216588288.0,1.47398832128e+11,15512068096.0,0.0,0.0,0.0,140083.200,20560.400,20197.200,1.127,3.830,94.469,0.121,0.0,0.453,1493155241.201,
0.936,3.843,94.446,0.397,0.0,0.377,0.0,4572774.400,595251718.0,328749.200,0.0,0.0,14219.200,13607.200,2.200,0.200,0.0,5659656192.0,216616960.0,1.47395260416e+11,15508660224.0,0.0,0.0,0.0,4572774.400,14211.400,13588.0,0.931,3.843,94.451,0.397,0.0,0.377,1493155246.201,
0.797,3.711,95.125,0.086,0.0,0.282,0.0,109772.800,553623960.800,274022.0,0.0,0.0,12870.400,12401.400,2.0,0.200,0.0,5663969280.0,216621056.0,1.47395485696e+11,15504117760.0,0.0,0.0,0.0,109772.800,12871.800,12410.600,0.797,3.707,95.129,0.086,0.0,0.282,1493155251.201,
1.012,3.897,94.587,0.050,0.0,0.453,0.0,135987.200,702159996.0,505426.600,0.0,0.0,17981.400,17930.400,2.200,0.0,0.0,5659840512.0,216637440.0,1.47395702784e+11,15508013056.0,0.0,0.0,0.0,135987.200,17980.200,17921.800,1.012,3.897,94.587,0.050,0.0,0.453,1493155256.201,
1.078,3.855,94.537,0.191,0.0,0.338,0.0,4013260.800,708733206.200,497457.200,0.0,0.0,16676.600,17072.400,2.200,0.200,0.0,5660430336.0,216657920.0,1.47395457024e+11,15507648512.0,0.0,0.0,0.0,4013260.800,16670.600,17070.600,1.083,3.854,94.533,0.191,0.0,0.338,1493155261.201,
0.937,3.658,95.027,0.086,0.0,0.292,0.0,118784.0,637597108.600,414908.400,0.0,0.0,15536.200,15168.600,2.0,0.200,0.0,5663375360.0,216678400.0,1.4739570688e+11,15504433152.0,0.0,0.0,0.0,118784.0,15536.400,15171.400,0.932,3.658,95.031,0.086,0.0,0.292,1493155266.201,
0.998,3.809,94.740,0.116,0.0,0.338,0.0,128614.400,623111124.800,421239.800,0.0,0.0,15941.400,15231.800,2.800,0.0,0.0,5662191616.0,216690688.0,1.4739593216e+11,15505379328.0,0.0,0.0,0.0,128614.400,15951.800,15246.200,1.003,3.809,94.736,0.116,0.0,0.338,1493155271.201,
1.155,3.880,94.536,0.121,0.0,0.308,0.0,185139.200,701844115.800,552997.800,0.0,0.0,18724.800,18433.200,3.0,0.0,0.0,5660798976.0,216702976.0,1.47396165632e+11,15506526208.0,0.0,0.0,0.0,185139.200,18728.400,18431.600,1.150,3.880,94.541,0.121,0.0,0.308,1493155276.201,
1.058,3.743,94.736,0.136,0.0,0.327,0.0,140902.400,676284435.0,481035.600,0.0,0.0,16403.600,16812.600,1.800,0.0,0.0,5646528512.0,216727552.0,1.47396407296e+11,15520530432.0,0.0,0.0,0.0,140902.400,16395.400,16802.0,1.063,3.742,94.732,0.136,0.0,0.327,1493155281.201,
0.876,3.355,95.371,0.111,0.0,0.287,0.0,122060.800,621838139.400,427041.400,0.0,0.0,15342.0,15624.200,1.600,0.200,0.200,5665894400.0,216727552.0,1.4739664896e+11,15500922880.0,0.0,0.0,0.0,122060.800,15339.400,15621.0,0.877,3.350,95.375,0.111,0.0,0.287,1493155286.201,
0.945,3.379,95.017,0.085,0.0,0.573,0.0,140902.400,670088515.800,487688.0,0.0,0.0,15900.800,17921.400,2.200,0.0,0.0,5650939904.0,216743936.0,1.47396886528e+11,15515623424.0,0.0,0.0,0.0,140902.400,15908.0,17932.600,0.940,3.389,95.012,0.085,0.0,0.573,1493155291.201,
0.965,3.720,94.692,0.116,0.0,0.508,0.0,139264.0,647876088.0,451584.600,0.0,0.0,15291.800,16684.600,1.800,0.0,0.0,5657911296.0,216752128.0,1.4739709952e+11,15508430848.0,0.0,0.0,0.0,139264.0,15285.400,16672.400,0.965,3.720,94.691,0.116,0.0,0.508,1493155296.201,
0.912,4.046,94.608,0.101,0.0,0.333,0.0,160563.200,589079442.400,378675.200,0.0,0.0,15432.0,14378.0,1.400,0.0,0.0,5664690176.0,216760320.0,1.47397361664e+11,15501381632.0,0.0,0.0,0.0,160563.200,15426.0,14374.800,0.912,4.046,94.609,0.101,0.0,0.333,1493155301.201,
0.836,3.660,95.076,0.081,0.0,0.347,0.0,139264.0,571748859.0,325579.200,0.0,0.0,13908.200,13506.800,1.800,0.0,0.0,5656895488.0,216797184.0,1.47397586944e+11,15508914176.0,0.0,0.0,0.0,139264.0,13907.800,13506.600,0.841,3.656,95.075,0.081,0.0,0.347,1493155306.201,
0.944,3.877,94.411,0.090,0.0,0.678,0.0,120422.400,645669318.800,398691.0,0.0,0.0,15231.400,15450.0,2.0,0.200,0.0,5662482432.0,216821760.0,1.47397820416e+11,15503069184.0,0.0,0.0,0.0,120422.400,15235.200,15455.0,0.939,3.881,94.412,0.090,0.0,0.678,1493155311.201,
0.954,3.506,94.881,0.100,0.0,0.558,0.0,140083.200,687336458.400,506620.400,0.0,0.0,16549.200,18368.400,1.600,0.0,0.200,5661749248.0,216838144.0,1.47398057984e+11,15503548416.0,0.0,0.0,0.0,140083.200,16562.0,18382.0,0.964,3.506,94.867,0.100,0.0,0.563,1493155316.201,
1.008,3.790,94.743,0.111,0.0,0.348,0.0,145817.600,683009084.0,514773.0,0.0,0.0,17180.200,17571.200,3.600,0.0,0.0,5670952960.0,216854528.0,1.47398254592e+11,15494131712.0,0.0,0.0,0.0,145817.600,17164.0,17554.800,1.003,3.790,94.753,0.111,0.0,0.343,1493155321.201,
1.066,4.137,94.134,0.146,0.0,0.518,0.0,160563.200,708085942.0,448601.0,0.0,0.0,16755.600,16644.0,1.400,0.0,0.0,5654814720.0,216862720.0,1.47398549504e+11,15509966848.0,0.0,0.0,0.0,160563.200,16768.0,16665.800,1.066,4.127,94.143,0.146,0.0,0.518,1493155326.201,
1.020,3.523,94.818,0.136,0.0,0.503,0.0,133529.600,725598258.200,524106.400,0.0,0.0,16530.200,19309.200,2.0,0.200,0.0,5654614016.0,216895488.0,1.47398795264e+11,15509889024.0,0.0,0.0,0.0,134348.800,16532.600,19296.600,1.015,3.529,94.818,0.136,0.0,0.503,1493155331.201,
1.006,3.572,94.949,0.111,0.0,0.362,0.0,134348.800,681064363.600,463872.600,0.0,0.0,16090.0,16663.800,1.800,0.0,0.0,5667946496.0,216907776.0,1.4739904512e+11,15496294400.0,0.0,0.0,0.0,133529.600,16079.200,16655.200,1.006,3.576,94.945,0.111,0.0,0.362,1493155336.201,
0.943,4.031,94.607,0.096,0.0,0.323,0.0,140902.400,631855685.800,414295.600,0.0,0.0,16762.0,15109.800,2.400,0.0,0.0,5664780288.0,216928256.0,1.47399282688e+11,15499202560.0,0.0,0.0,0.0,140902.400,16775.200,15121.800,0.943,4.026,94.612,0.096,0.0,0.323,1493155341.201,
0.992,3.693,94.811,0.136,0.0,0.368,0.0,154828.800,665937520.400,495629.200,0.0,0.0,16269.600,17568.600,2.200,0.0,0.0,5659406336.0,216952832.0,1.47399512064e+11,15504322560.0,0.0,0.0,0.0,154828.800,16259.800,17559.600,0.992,3.702,94.802,0.136,0.0,0.368,1493155346.201,
0.971,3.961,94.514,0.101,0.0,0.453,0.0,138444.800,647001764.400,436949.800,0.0,0.0,16390.800,16172.200,2.200,0.0,0.0,5659131904.0,216973312.0,1.47399770112e+11,15504318464.0,0.0,0.0,0.0,138444.800,16384.200,16168.200,0.977,3.951,94.518,0.101,0.0,0.453,1493155351.201,
0.935,3.682,94.955,0.091,0.0,0.337,0.0,111411.200,619227431.400,388422.600,0.0,0.0,14688.200,14668.600,2.0,0.200,0.0,5666025472.0,216993792.0,1.47399995392e+11,15497179136.0,0.0,0.0,0.0,111411.200,14690.800,14670.400,0.930,3.681,94.961,0.091,0.0,0.337,1493155356.201,
0.936,3.690,94.961,0.076,0.0,0.337,0.0,129433.600,660740673.400,418377.200,0.0,0.0,15322.800,15665.600,2.600,0.0,0.0,5679644672.0,217014272.0,1.47400224768e+11,15483310080.0,0.0,0.0,0.0,129433.600,15319.200,15663.600,0.941,3.685,94.960,0.076,0.0,0.337,1493155361.201,
1.149,3.798,94.524,0.106,0.0,0.423,0.0,134348.800,749363168.400,581690.800,0.0,0.0,18171.400,19681.400,2.0,0.0,0.0,5664530432.0,217030656.0,1.47400413184e+11,15498219520.0,0.0,0.0,0.0,134348.800,18173.400,19682.800,1.148,3.808,94.515,0.106,0.0,0.423,1493155366.201,
1.123,3.686,94.450,0.383,0.0,0.358,0.0,4628480.0,746058223.600,580083.400,0.0,0.0,18300.400,19536.0,2.600,0.0,0.0,5658976256.0,217071616.0,1.47394048e+11,15510097920.0,0.0,0.0,0.0,4628480.0,18311.800,19554.200,1.123,3.677,94.459,0.383,0.0,0.358,1493155371.201,
1.194,3.777,94.581,0.071,0.0,0.378,0.0,128614.400,761430295.400,627327.800,0.0,0.0,18785.600,20212.200,2.400,0.200,2.400,5661052928.0,217100288.0,1.47394322432e+11,15507718144.0,0.0,0.0,0.0,128614.400,18772.200,20194.600,1.189,3.782,94.581,0.071,0.0,0.378,1493155376.201,
1.048,3.607,94.902,0.111,0.0,0.333,0.0,149913.600,679731605.800,520789.200,0.0,0.0,16127.600,17727.200,2.400,0.0,2.800,5655965696.0,217120768.0,1.47394572288e+11,15512535040.0,0.0,0.0,0.0,149913.600,16141.400,17740.400,1.048,3.612,94.897,0.111,0.0,0.332,1493155381.201,
0.927,3.748,94.871,0.121,0.0,0.333,0.0,143360.0,611540716.200,359284.400,0.0,0.0,14968.800,14419.800,2.400,0.0,0.0,5663604736.0,217133056.0,1.47394813952e+11,15504642048.0,0.0,0.0,0.0,143360.0,14966.800,14424.400,0.932,3.748,94.866,0.121,0.0,0.333,1493155386.200,
1.167,4.034,94.135,0.116,0.0,0.548,0.0,169574.400,723423326.800,519473.800,0.0,0.0,18034.0,18550.600,2.200,0.0,0.0,5656608768.0,217178112.0,1.47395055616e+11,15511351296.0,0.0,0.0,0.0,169574.400,18022.600,18535.0,1.162,4.034,94.140,0.116,0.0,0.548,1493155391.201,
1.052,3.543,94.912,0.086,0.0,0.408,0.0,143360.0,732125825.200,554981.200,0.0,0.0,17865.400,19491.400,1.800,0.0,0.0,5657530368.0,217190400.0,1.47395301376e+11,15510171648.0,0.0,0.0,0.0,143360.0,17878.0,19505.600,1.062,3.537,94.908,0.086,0.0,0.408,1493155396.201,
1.007,4.027,94.504,0.075,0.0,0.388,0.0,125337.600,696439672.600,472902.200,0.0,0.0,17735.800,16260.600,2.400,0.200,0.0,5661188096.0,217214976.0,1.47395555328e+11,15506235392.0,0.0,0.0,0.0,125337.600,17728.400,16246.200,1.002,4.031,94.504,0.075,0.0,0.388,1493155401.201,
0.986,3.696,94.796,0.096,0.0,0.427,0.0,140083.200,680009649.200,456301.200,0.0,0.0,15754.400,16531.800,1.400,0.0,0.0,5657600000.0,217223168.0,1.47395817472e+11,15509553152.0,0.0,0.0,0.0,140083.200,15760.600,16539.200,0.986,3.686,94.805,0.096,0.0,0.427,1493155406.201,
1.055,3.793,94.464,0.085,0.0,0.603,0.0,134348.800,683541119.0,459710.200,0.0,0.0,16294.200,16764.600,1.800,0.0,0.0,5656309760.0,217243648.0,1.47396042752e+11,15510597632.0,0.0,0.0,0.0,134348.800,16292.400,16772.0,1.055,3.793,94.464,0.085,0.0,0.603,1493155411.201,
1.099,3.856,94.571,0.141,0.0,0.333,0.0,159744.0,763525365.200,601744.600,0.0,0.0,18956.800,19608.600,2.400,0.0,0.0,5644382208.0,217260032.0,1.47396308992e+11,15522242560.0,0.0,0.0,0.0,159744.0,18966.200,19603.400,1.099,3.860,94.567,0.141,0.0,0.333,1493155416.201,
0.918,3.943,94.706,0.111,0.0,0.323,0.0,129433.600,618451961.0,416009.0,0.0,0.0,15604.400,14808.0,2.200,0.200,0.0,5648756736.0,217276416.0,1.47396558848e+11,15517601792.0,0.0,0.0,0.0,129433.600,15598.600,14803.600,0.913,3.943,94.711,0.111,0.0,0.323,1493155421.201,
1.042,3.598,94.797,0.086,0.0,0.478,0.0,141721.600,648978874.600,435064.600,0.0,0.0,15536.600,15937.800,1.800,0.0,0.0,5663715328.0,217313280.0,1.4739679232e+11,15502372864.0,0.0,0.0,0.0,141721.600,15522.800,15927.600,1.047,3.598,94.792,0.086,0.0,0.478,1493155426.201,
1.119,3.406,94.896,0.131,0.0,0.448,0.0,137625.600,834354760.600,750565.200,0.0,0.0,19379.400,25287.200,3.200,0.0,0.0,5655887872.0,217337856.0,1.47396984832e+11,15509983232.0,0.0,0.0,0.0,137625.600,19387.0,25287.800,1.119,3.406,94.896,0.131,0.0,0.448,1493155431.201,
1.098,3.460,94.924,0.121,0.0,0.398,0.0,163840.0,805357280.400,647976.800,0.0,0.0,19390.800,21301.400,1.600,0.0,0.0,5647814656.0,217382912.0,1.47397296128e+11,15517700096.0,0.0,0.0,0.0,163840.0,19400.600,21321.800,1.103,3.460,94.918,0.121,0.0,0.398,1493155436.201,
1.139,3.468,95.035,0.045,0.0,0.313,0.0,134348.800,775695782.200,635840.0,0.0,0.0,19230.400,20712.200,1.400,0.200,0.0,5660233728.0,217415680.0,1.47397554176e+11,15504990208.0,0.0,0.0,0.0,134348.800,19214.200,20692.800,1.129,3.468,95.045,0.045,0.0,0.313,1493155441.201,
1.041,3.756,94.630,0.116,0.0,0.458,0.0,133529.600,730882510.200,504145.200,0.0,0.0,17410.0,17898.0,2.600,0.0,0.0,5668388864.0,217444352.0,1.47397812224e+11,15496548352.0,0.0,0.0,0.0,133529.600,17417.200,17898.200,1.041,3.760,94.626,0.116,0.0,0.457,1493155446.201,
0.906,3.612,94.969,0.106,0.0,0.408,0.0,143360.0,614910266.600,387905.600,0.0,0.0,14422.200,15679.200,2.200,0.0,0.0,5671383040.0,217444352.0,1.4739806208e+11,15493304320.0,0.0,0.0,0.0,143360.0,14416.200,15681.600,0.906,3.608,94.974,0.106,0.0,0.408,1493155451.201,
0.116,0.643,99.086,0.110,0.0,0.045,0.0,163840.0,87221404.200,32686.800,0.0,0.0,3080.400,8151.600,0.200,0.0,1.0,5464186880.0,217456640.0,1.473982464e+11,15700303872.0,0.0,0.0,0.0,163840.0,3078.400,8149.400,0.116,0.638,99.091,0.110,0.0,0.045,1493155456.201,
