"Dstat 0.7.2 CSV output"
"Author:","Dag Wieers <dag@wieers.com>",,,,"URL:","http://dag.wieers.com/home-made/dstat/"
"Host:","osd1.skyhook-4osds.skyhook-pg0.wisc.cloudlab.us",,,,"User:","jlefevre"
"Cmdline:","dstat -av --epoch --integer --noheaders --output dstat-osd1.log 5",,,,"Date:","25 Apr 2017 14:10:17 CDT"

"total cpu usage",,,,,,"dsk/total",,"net/total",,"paging",,"system",,"procs",,,"memory usage",,,,"paging",,"dsk/total",,"system",,"total cpu usage",,,,,,"epoch"
"usr","sys","idl","wai","hiq","siq","read","writ","recv","send","in","out","int","csw","run","blk","new","used","buff","cach","free","in","out","read","writ","int","csw","usr","sys","idl","wai","hiq","siq","epoch"
0.165,1.060,98.490,0.275,0.0,0.010,1409843.200,18841.600,5619.600,16146.0,0.0,0.0,844.200,909.0,0.400,0.400,14.200,3439157248.0,1265664.0,162091008.0,1.65177679872e+11,0.0,0.0,1409843.200,18841.600,844.200,909.0,0.165,1.055,98.495,0.275,0.0,0.010,1493166072.192,
0.005,0.0,99.990,0.005,0.0,0.0,819.200,3276.800,2718.200,12824.0,0.0,0.0,132.800,144.600,0.0,0.0,0.0,3438546944.0,1273856.0,162095104.0,1.65178277888e+11,0.0,0.0,819.200,3276.800,132.800,144.600,0.005,0.005,99.985,0.005,0.0,0.0,1493166077.192,
2.440,1.162,94.063,2.294,0.0,0.040,265127526.400,2457.600,386944.800,261905766.200,0.0,0.0,12794.600,4771.200,1.400,0.600,0.0,3511283712.0,1282048.0,1485979648.0,1.63781648384e+11,0.0,0.0,265127526.400,2457.600,12802.0,4771.400,2.444,1.162,94.059,2.294,0.0,0.040,1493166082.192,
2.129,1.052,94.901,1.858,0.0,0.060,271522201.600,0.0,359530.400,279784679.200,0.0,0.0,12309.400,4840.600,1.0,2.200,0.200,3539120128.0,1282048.0,2846089216.0,1.623937024e+11,0.0,0.0,271758131.200,0.0,12312.0,4844.0,2.129,1.052,94.896,1.863,0.0,0.060,1493166087.192,
2.495,1.112,93.758,2.585,0.0,0.050,278994124.800,5734.400,377526.200,302310492.600,0.0,0.0,10441.600,4969.0,1.400,1.800,0.0,3494518784.0,1298432.0,4239921152.0,1.61044455424e+11,0.0,0.0,278957260.800,5734.400,10437.800,4967.600,2.495,1.112,93.763,2.580,0.0,0.050,1493166092.192,
2.629,1.232,93.610,2.459,0.0,0.070,289224294.400,0.0,412842.200,301292901.200,0.0,0.0,11566.600,5211.0,1.400,1.200,0.400,3509690368.0,1519616.0,5687087104.0,1.59581896704e+11,0.0,0.0,289261158.400,0.0,11568.200,5210.600,2.629,1.227,93.611,2.464,0.0,0.070,1493166097.192,
2.283,1.101,94.343,2.203,0.0,0.070,263381811.200,10649.600,360665.0,274469559.400,0.0,0.0,9441.400,4704.800,1.0,0.800,0.0,3506098176.0,1536000.0,7003037696.0,1.5826952192e+11,0.0,0.0,263381811.200,10649.600,9439.800,4706.0,2.283,1.101,94.343,2.203,0.0,0.070,1493166102.192,
2.435,1.132,94.274,2.099,0.0,0.060,273345740.800,1638.400,370167.800,290589351.200,0.0,0.0,11148.600,4925.200,1.800,0.600,0.0,3482218496.0,1536000.0,8368701440.0,1.56927737856e+11,0.0,0.0,273109811.200,1638.400,11145.0,4922.800,2.434,1.132,94.280,2.094,0.0,0.060,1493166107.192,
2.474,1.272,93.864,2.344,0.0,0.045,294564659.200,8192.0,386546.800,306271446.800,0.0,0.0,12548.0,5242.600,2.200,0.800,0.0,3485286400.0,1544192.0,9842245632.0,1.55451117568e+11,0.0,0.0,294721945.600,8192.0,12547.200,5244.400,2.469,1.277,93.864,2.344,0.0,0.045,1493166112.192,
2.412,1.188,93.873,2.497,0.0,0.030,287350784.0,0.0,368220.800,281002737.600,0.0,0.0,13299.200,5124.600,1.400,1.400,0.0,3592028160.0,1544192.0,11278966784.0,1.53907654656e+11,0.0,0.0,287403212.800,0.0,13306.200,5125.400,2.417,1.188,93.868,2.497,0.0,0.030,1493166117.192,
2.601,1.343,93.675,2.326,0.0,0.055,294706380.800,2457.600,437337.0,306418106.600,0.0,0.0,14551.400,5332.600,1.0,2.800,0.0,3632865280.0,1552384.0,12753235968.0,1.5239254016e+11,0.0,0.0,294706380.800,2457.600,14551.400,5332.0,2.602,1.343,93.669,2.331,0.0,0.055,1493166122.192,
3.106,1.468,92.311,3.056,0.0,0.060,334145945.600,0.0,426850.200,329852245.600,0.0,0.0,15645.200,5937.800,1.400,3.200,0.0,3697668096.0,1552384.0,14423707648.0,1.50657265664e+11,0.0,0.0,334172160.0,0.0,15642.400,5938.400,3.101,1.463,92.321,3.055,0.0,0.060,1493166127.192,
2.485,1.353,93.703,2.395,0.0,0.065,289741209.600,5734.400,462963.600,334311860.400,0.0,0.0,15689.800,5242.0,0.600,0.800,0.0,3558555648.0,1560576.0,15871107072.0,1.49348970496e+11,0.0,0.0,289505280.0,5734.400,15692.0,5238.800,2.485,1.353,93.707,2.390,0.0,0.065,1493166132.192,
2.595,1.242,94.003,2.109,0.0,0.050,291398451.200,0.0,395675.800,301499617.0,0.0,0.0,11968.800,5190.800,1.600,2.0,0.0,3558281216.0,1560576.0,17331093504.0,1.47889258496e+11,0.0,0.0,291660595.200,0.0,11967.600,5194.400,2.595,1.242,93.998,2.114,0.0,0.050,1493166137.192,
2.475,1.162,94.545,1.793,0.0,0.025,275523174.400,3276.800,373850.0,301705644.200,0.0,0.0,11267.400,4901.200,1.0,1.0,0.0,3503812608.0,1568768.0,18706759680.0,1.46568052736e+11,0.0,0.0,275261030.400,3276.800,11264.400,4898.200,2.475,1.162,94.549,1.789,0.0,0.025,1493166142.192,
2.586,1.203,94.105,2.070,0.0,0.035,296908390.400,2457.600,380675.0,281677748.0,0.0,0.0,13347.800,5306.0,1.400,1.0,0.0,3657248768.0,1576960.0,20191150080.0,1.44930217984e+11,0.0,0.0,297118105.600,2457.600,13350.600,5308.0,2.586,1.208,94.101,2.070,0.0,0.035,1493166147.192,
2.655,1.323,93.923,2.054,0.0,0.045,285190553.600,0.0,426242.800,326346150.800,0.0,0.0,12897.0,5112.800,2.400,0.400,0.0,3539369984.0,1576960.0,21617209344.0,1.43622037504e+11,0.0,0.0,285190553.600,0.0,12896.600,5113.0,2.655,1.327,93.919,2.054,0.0,0.045,1493166152.192,
2.635,1.162,94.284,1.853,0.0,0.065,289301299.200,2457.600,367439.600,289747317.0,0.0,0.0,12697.200,5161.400,2.400,1.200,0.0,3577028608.0,1585152.0,23063662592.0,1.4213791744e+11,0.0,0.0,289327513.600,2457.600,12699.600,5162.600,2.640,1.157,94.279,1.859,0.0,0.065,1493166157.192,
2.832,1.313,93.699,2.095,0.0,0.060,300284313.600,0.0,400098.400,289541621.200,0.0,0.0,15119.400,5345.200,1.400,1.400,0.0,3698679808.0,1585152.0,24565534720.0,1.40514394112e+11,0.0,0.0,300310528.0,0.0,15115.0,5344.400,2.827,1.313,93.709,2.090,0.0,0.060,1493166162.192,
3.102,1.413,92.362,3.077,0.0,0.045,326213632.0,2457.600,464272.400,351047242.600,0.0,0.0,16039.600,5842.200,2.200,1.200,0.0,3651301376.0,1593344.0,26196742144.0,1.38930556928e+11,0.0,0.0,326161203.200,2457.600,16045.0,5841.600,3.102,1.413,92.357,3.082,0.0,0.045,1493166167.192,
2.791,1.423,92.831,2.886,0.0,0.070,303498035.200,0.0,468819.600,346522682.600,0.0,0.0,15988.0,5453.600,1.800,1.200,0.0,3521507328.0,1593344.0,27714863104.0,1.37542230016e+11,0.0,0.0,303471820.800,0.0,15986.400,5452.600,2.795,1.418,92.836,2.881,0.0,0.070,1493166172.192,
2.125,0.977,95.144,1.724,0.0,0.030,237604044.800,4096.0,350530.600,242727152.0,0.0,0.0,11729.800,4252.600,2.0,1.600,0.0,3558543360.0,1601536.0,28901191680.0,1.36318857216e+11,0.0,0.0,237604044.800,4096.0,11723.400,4253.200,2.125,0.982,95.139,1.724,0.0,0.030,1493166177.192,
2.571,1.128,94.001,2.255,0.0,0.045,275360972.800,4915.200,395934.800,283518825.600,0.0,0.0,10737.400,4931.0,1.0,1.600,0.0,3586334720.0,1609728.0,30279368704.0,1.3491288064e+11,0.0,0.0,275387187.200,4915.200,10742.400,4931.800,2.571,1.123,94.006,2.255,0.0,0.045,1493166182.192,
2.482,1.244,93.812,2.412,0.0,0.050,282076774.400,2457.600,394040.0,294972255.200,0.0,0.0,12120.0,5021.200,1.200,1.200,0.0,3580620800.0,1609728.0,31689973760.0,1.33507989504e+11,0.0,0.0,282076774.400,2457.600,12123.400,5021.400,2.477,1.244,93.817,2.412,0.0,0.050,1493166187.192,
2.570,1.317,93.608,2.414,0.0,0.090,296389017.600,2457.600,409729.0,318529976.0,0.0,0.0,14014.800,5289.600,2.0,1.600,0.0,3533463552.0,1617920.0,33171423232.0,1.32073689088e+11,0.0,0.0,296389017.600,2457.600,14014.400,5289.400,2.570,1.323,93.598,2.420,0.0,0.090,1493166192.192,
2.555,1.252,93.999,2.149,0.0,0.045,271004467.200,0.0,403416.0,276267598.400,0.0,0.0,13575.200,4895.200,1.600,1.800,0.0,3565477888.0,1617920.0,34527944704.0,1.3068515328e+11,0.0,0.0,271030681.600,0.0,13568.0,4894.600,2.560,1.252,93.999,2.144,0.0,0.045,1493166197.192,
0.726,0.305,98.398,0.561,0.0,0.010,71279411.200,2457.600,120691.600,85496763.800,0.0,0.0,4126.800,1376.400,0.200,0.400,0.0,3505995776.0,1626112.0,34882568192.0,1.30390003712e+11,0.0,0.0,71043481.600,2457.600,4124.600,1374.0,0.721,0.300,98.408,0.561,0.0,0.010,1493166202.192,
