"Dstat 0.7.2 CSV output"
"Author:","Dag Wieers <dag@wieers.com>",,,,"URL:","http://dag.wieers.com/home-made/dstat/"
"Host:","osd1.skyhook-4osds.skyhook-pg0.wisc.cloudlab.us",,,,"User:","jlefevre"
"Cmdline:","dstat -av --epoch --integer --noheaders --output dstat-osd1.log 5",,,,"Date:","25 Apr 2017 14:10:17 CDT"

"total cpu usage",,,,,,"dsk/total",,"net/total",,"paging",,"system",,"procs",,,"memory usage",,,,"paging",,"dsk/total",,"system",,"total cpu usage",,,,,,"epoch"
"usr","sys","idl","wai","hiq","siq","read","writ","recv","send","in","out","int","csw","run","blk","new","used","buff","cach","free","in","out","read","writ","int","csw","usr","sys","idl","wai","hiq","siq","epoch"
0.005,0.005,99.985,0.005,0.0,0.0,0.0,4096.0,1953.0,12206.400,0.0,0.0,116.400,130.200,0.0,0.0,0.0,3523489792.0,1753088.0,34853167104.0,1.30401783808e+11,0.0,0.0,0.0,4096.0,116.400,130.200,0.005,0.005,99.985,0.005,0.0,0.0,1493157107.192,
0.110,0.340,99.545,0.005,0.0,0.0,0.0,4915.200,49948.400,79008929.0,0.0,0.0,1476.800,385.0,0.0,0.0,0.0,3641626624.0,1761280.0,34853167104.0,1.30283638784e+11,0.0,0.0,0.0,4915.200,1476.800,385.0,0.110,0.340,99.545,0.005,0.0,0.0,1493157112.192,
0.100,0.270,99.620,0.0,0.0,0.010,0.0,0.0,64073.0,124745887.0,0.0,0.0,2261.0,474.800,0.200,0.0,0.0,3526529024.0,1761280.0,34853167104.0,1.30398736384e+11,0.0,0.0,0.0,0.0,2261.0,474.800,0.100,0.275,99.615,0.0,0.0,0.010,1493157117.192,
0.095,0.280,99.610,0.010,0.0,0.005,0.0,2457.600,68275.200,112112319.800,0.0,0.0,2068.0,448.800,0.0,0.0,0.0,3525476352.0,1769472.0,34853167104.0,1.30399780864e+11,0.0,0.0,0.0,2457.600,2068.0,448.800,0.095,0.275,99.615,0.010,0.0,0.005,1493157122.192,
0.105,0.260,99.630,0.0,0.0,0.005,0.0,0.0,60252.800,113411968.200,0.0,0.0,2029.200,474.400,0.200,0.0,0.0,3543511040.0,1769472.0,34853167104.0,1.30381746176e+11,0.0,0.0,0.0,0.0,2029.200,474.400,0.105,0.260,99.630,0.0,0.0,0.005,1493157127.192,
0.140,0.405,99.445,0.005,0.0,0.005,0.0,2457.600,84248.800,154997887.0,0.0,0.0,2769.0,581.400,0.200,0.0,0.200,3532230656.0,1777664.0,34853167104.0,1.30393018368e+11,0.0,0.0,0.0,2457.600,2769.0,581.400,0.140,0.405,99.445,0.005,0.0,0.005,1493157132.192,
0.165,0.430,99.380,0.010,0.0,0.015,0.0,3276.800,114277.400,172845504.800,0.0,0.0,3368.400,623.200,0.400,0.0,0.0,3563925504.0,1785856.0,34853167104.0,1.30361315328e+11,0.0,0.0,0.0,3276.800,3375.800,623.800,0.165,0.435,99.375,0.010,0.0,0.015,1493157137.192,
0.115,0.300,99.575,0.010,0.0,0.0,0.0,3276.800,112833.200,136809734.400,0.0,0.0,2449.0,521.600,0.400,0.0,0.0,3532152832.0,1794048.0,34853167104.0,1.30393079808e+11,0.0,0.0,0.0,3276.800,2441.600,521.0,0.115,0.295,99.580,0.010,0.0,0.0,1493157142.192,
0.140,0.375,99.470,0.005,0.0,0.010,0.0,4915.200,106719.200,162147598.400,0.0,0.0,2509.600,612.800,0.200,0.0,0.0,3549048832.0,1802240.0,34853167104.0,1.30376175616e+11,0.0,0.0,0.0,4915.200,2509.600,612.800,0.140,0.375,99.470,0.005,0.0,0.010,1493157147.192,
0.150,0.380,99.460,0.0,0.0,0.010,0.0,0.0,110235.600,167589773.600,0.0,0.0,2517.400,629.200,0.0,0.0,0.0,3533737984.0,1802240.0,34853167104.0,1.30391486464e+11,0.0,0.0,0.0,0.0,2524.400,629.200,0.150,0.380,99.460,0.0,0.0,0.010,1493157152.192,
0.115,0.310,99.545,0.010,0.0,0.020,0.0,2457.600,74997.400,128027060.400,0.0,0.0,1984.200,561.400,0.0,0.0,0.0,3548405760.0,1810432.0,34853167104.0,1.30376810496e+11,0.0,0.0,0.0,2457.600,1981.0,562.200,0.115,0.310,99.545,0.010,0.0,0.020,1493157157.192,
0.120,0.350,99.525,0.0,0.0,0.005,0.0,0.0,93267.0,149427815.800,0.0,0.0,2654.400,540.200,0.0,0.0,0.0,3534397440.0,1810432.0,34853167104.0,1.30390818816e+11,0.0,0.0,0.0,0.0,2650.800,539.400,0.120,0.350,99.525,0.0,0.0,0.005,1493157162.192,
0.115,0.300,99.580,0.005,0.0,0.0,0.0,2457.600,98232.400,133118274.800,0.0,0.0,2379.600,524.0,0.600,0.0,0.0,3531485184.0,1818624.0,34853167104.0,1.3039372288e+11,0.0,0.0,0.0,2457.600,2379.400,524.0,0.115,0.300,99.580,0.005,0.0,0.0,1493157167.192,
0.120,0.325,99.535,0.0,0.0,0.020,0.0,819.200,98515.800,144502508.200,0.0,0.0,2228.200,571.200,0.200,0.0,0.0,3531284480.0,1818624.0,34853167104.0,1.30393923584e+11,0.0,0.0,0.0,819.200,2228.200,571.200,0.120,0.330,99.530,0.0,0.0,0.020,1493157172.192,
0.135,0.385,99.465,0.010,0.0,0.005,0.0,3276.800,107277.0,150421465.0,0.0,0.0,2374.0,580.600,0.200,0.0,0.0,3540688896.0,1826816.0,34853167104.0,1.30384510976e+11,0.0,0.0,0.0,3276.800,2374.400,581.0,0.135,0.380,99.470,0.010,0.0,0.005,1493157177.192,
0.145,0.390,99.450,0.005,0.0,0.010,0.0,2457.600,91402.0,159547510.0,0.0,0.0,2738.600,617.600,0.400,0.0,0.0,3549343744.0,1835008.0,34853167104.0,1.30375847936e+11,0.0,0.0,0.0,2457.600,2746.600,618.0,0.145,0.395,99.445,0.005,0.0,0.010,1493157182.192,
0.090,0.240,99.670,0.0,0.0,0.0,0.0,0.0,52341.800,105004565.200,0.0,0.0,1795.600,435.600,0.600,0.0,0.0,3559960576.0,1835008.0,34853171200.0,1.30365227008e+11,0.0,0.0,0.0,0.0,1791.600,435.0,0.090,0.240,99.670,0.0,0.0,0.0,1493157187.192,
0.150,0.425,99.405,0.010,0.0,0.010,0.0,2457.600,119866.400,173218959.0,0.0,0.0,3490.800,653.800,0.400,0.0,0.0,3563589632.0,1843200.0,34853171200.0,1.3036158976e+11,0.0,0.0,0.0,2457.600,3486.600,654.0,0.150,0.425,99.405,0.010,0.0,0.010,1493157192.192,
0.115,0.350,99.520,0.0,0.0,0.015,0.0,0.0,88560.800,139964879.400,0.0,0.0,2413.0,524.800,0.200,0.0,0.0,3534258176.0,1843200.0,34853171200.0,1.30390921216e+11,0.0,0.0,0.0,0.0,2412.800,524.400,0.115,0.350,99.520,0.0,0.0,0.015,1493157197.192,
0.155,0.415,99.415,0.010,0.0,0.005,0.0,2457.600,105811.600,169191823.400,0.0,0.0,2606.200,629.200,0.0,0.0,0.0,3548565504.0,1851392.0,34853171200.0,1.30376605696e+11,0.0,0.0,0.0,2457.600,2610.400,629.200,0.155,0.410,99.420,0.010,0.0,0.005,1493157202.192,
0.170,0.475,99.345,0.0,0.0,0.010,0.0,0.0,120290.800,188452853.400,0.0,0.0,2866.400,704.0,0.200,0.0,0.0,3576061952.0,1851392.0,34853171200.0,1.30349109248e+11,0.0,0.0,0.0,0.0,2862.200,704.0,0.170,0.475,99.345,0.0,0.0,0.010,1493157207.192,
0.140,0.390,99.450,0.005,0.0,0.015,0.0,4096.0,94275.600,161364462.200,0.0,0.0,2421.600,604.600,0.200,0.0,0.0,3589152768.0,1859584.0,34853171200.0,1.3033601024e+11,0.0,0.0,0.0,4096.0,2423.400,605.200,0.140,0.390,99.450,0.005,0.0,0.015,1493157212.192,
0.130,0.315,99.540,0.010,0.0,0.005,0.0,4915.200,94463.200,151079265.600,0.0,0.0,2795.400,555.800,0.600,0.0,0.0,3547607040.0,1867776.0,34853171200.0,1.30377547776e+11,0.0,0.0,0.0,4915.200,2804.400,555.200,0.130,0.320,99.535,0.010,0.0,0.005,1493157217.192,
0.115,0.290,99.585,0.0,0.0,0.010,0.0,0.0,80516.400,125043587.800,0.0,0.0,2070.200,505.400,0.200,0.0,0.0,3547901952.0,1867776.0,34853171200.0,1.30377252864e+11,0.0,0.0,0.0,0.0,2064.400,505.800,0.115,0.285,99.590,0.0,0.0,0.010,1493157222.192,
0.145,0.425,99.420,0.005,0.0,0.005,0.0,2457.600,115666.200,175256170.0,0.0,0.0,3436.400,688.0,0.400,0.0,0.0,3533901824.0,1875968.0,34853171200.0,1.303912448e+11,0.0,0.0,0.0,2457.600,3444.600,687.600,0.145,0.425,99.420,0.005,0.0,0.005,1493157227.192,
0.165,0.460,99.369,0.0,0.0,0.005,0.0,0.0,160919.400,183141563.800,0.0,0.0,4346.800,654.0,0.0,0.0,0.0,3534467072.0,1875968.0,34853171200.0,1.30390679552e+11,0.0,0.0,0.0,0.0,4333.600,654.0,0.165,0.460,99.369,0.0,0.0,0.005,1493157232.192,
0.135,0.410,99.430,0.010,0.0,0.015,0.0,2457.600,119427.800,156316212.600,0.0,0.0,3240.200,580.200,0.600,0.0,0.0,3534741504.0,1884160.0,34853171200.0,1.30390396928e+11,0.0,0.0,0.0,2457.600,3240.600,580.200,0.135,0.415,99.425,0.010,0.0,0.015,1493157237.192,
0.120,0.340,99.535,0.0,0.0,0.005,0.0,0.0,82173.0,134241601.800,0.0,0.0,2545.400,504.0,0.200,0.0,0.0,3552407552.0,1884160.0,34853171200.0,1.3037273088e+11,0.0,0.0,0.0,0.0,2545.0,504.0,0.120,0.340,99.535,0.0,0.0,0.005,1493157242.192,
0.080,0.215,99.700,0.005,0.0,0.0,0.0,3276.800,52562.400,95802628.200,0.0,0.0,1823.200,424.600,0.200,0.0,0.0,3534929920.0,1892352.0,34853171200.0,1.3039020032e+11,0.0,0.0,0.0,3276.800,1823.200,424.600,0.080,0.210,99.705,0.005,0.0,0.0,1493157247.192,
0.150,0.430,99.400,0.010,0.0,0.010,0.0,4915.200,112959.600,169083548.600,0.0,0.0,3459.600,611.800,0.600,0.0,0.0,3551686656.0,1900544.0,34853171200.0,1.30373435392e+11,0.0,0.0,0.0,4915.200,3463.800,612.200,0.150,0.435,99.395,0.010,0.0,0.010,1493157252.192,
0.120,0.320,99.555,0.0,0.0,0.005,0.0,0.0,82111.600,131753825.400,0.0,0.0,2310.600,543.200,0.400,0.0,0.0,3547926528.0,1900544.0,34853171200.0,1.3037719552e+11,0.0,0.0,0.0,0.0,2307.0,543.200,0.125,0.315,99.555,0.0,0.0,0.005,1493157257.192,
0.115,0.310,99.565,0.005,0.0,0.005,0.0,2457.600,77625.600,132990143.0,0.0,0.0,2040.600,523.400,0.0,0.0,0.0,3551666176.0,1908736.0,34853171200.0,1.3037344768e+11,0.0,0.0,0.0,2457.600,2040.0,523.0,0.110,0.315,99.565,0.005,0.0,0.005,1493157262.192,
0.125,0.375,99.495,0.0,0.0,0.005,0.0,0.0,102243.0,147194495.600,0.0,0.0,2907.200,558.200,0.400,0.0,0.0,3541688320.0,1908736.0,34853171200.0,1.30383425536e+11,0.0,0.0,0.0,0.0,2907.600,558.600,0.125,0.375,99.495,0.0,0.0,0.005,1493157267.192,
0.115,0.365,99.505,0.010,0.0,0.005,0.0,2457.600,107033.800,137918258.0,0.0,0.0,2916.600,553.200,0.0,0.0,0.0,3579432960.0,1916928.0,34853175296.0,1.30345668608e+11,0.0,0.0,0.0,2457.600,2917.600,552.800,0.115,0.360,99.510,0.010,0.0,0.005,1493157272.192,
0.140,0.440,99.420,0.0,0.0,0.0,0.0,0.0,124911.200,174718440.400,0.0,0.0,3520.400,629.800,0.0,0.0,0.0,3533660160.0,1916928.0,34853175296.0,1.30391441408e+11,0.0,0.0,0.0,0.0,3519.0,629.800,0.140,0.440,99.420,0.0,0.0,0.0,1493157277.192,
0.160,0.480,99.349,0.005,0.0,0.005,0.0,4096.0,149655.0,180967877.200,0.0,0.0,4129.600,659.600,0.400,0.0,0.0,3565547520.0,1925120.0,34853175296.0,1.30359545856e+11,0.0,0.0,0.0,4096.0,4130.200,661.400,0.160,0.480,99.349,0.005,0.0,0.005,1493157282.192,
0.150,0.420,99.415,0.005,0.0,0.010,0.0,4915.200,124474.600,160786007.800,0.0,0.0,3514.400,600.800,0.400,0.0,0.0,3535941632.0,1933312.0,34853175296.0,1.30389143552e+11,0.0,0.0,0.0,4915.200,3521.800,601.600,0.150,0.425,99.410,0.005,0.0,0.010,1493157287.192,
0.175,0.480,99.329,0.0,0.0,0.015,0.0,0.0,127860.800,198954965.400,0.0,0.0,3935.200,691.800,0.800,0.0,0.0,3564646400.0,1933312.0,34853175296.0,1.30360438784e+11,0.0,0.0,0.0,0.0,3930.200,689.800,0.175,0.485,99.324,0.0,0.0,0.015,1493157292.192,
0.200,0.660,99.114,0.010,0.0,0.015,0.0,2457.600,197274.800,235028598.400,0.0,0.0,5328.800,794.800,0.200,0.0,0.0,3535151104.0,1941504.0,34853175296.0,1.30389925888e+11,0.0,0.0,0.0,2457.600,5325.800,794.200,0.205,0.650,99.119,0.010,0.0,0.015,1493157297.192,
0.080,0.200,99.715,0.0,0.0,0.005,0.0,0.0,79013.800,91594497.200,0.0,0.0,2180.0,407.400,0.0,0.0,0.0,3551735808.0,1941504.0,34853175296.0,1.30373341184e+11,0.0,0.0,0.0,0.0,2180.0,407.400,0.075,0.200,99.720,0.0,0.0,0.005,1493157302.192,
0.120,0.315,99.545,0.010,0.0,0.010,0.0,2457.600,122209.0,144387352.400,0.0,0.0,3225.200,569.800,0.200,0.0,0.0,3534692352.0,1949696.0,34853175296.0,1.30390376448e+11,0.0,0.0,0.0,2457.600,3225.200,569.800,0.120,0.320,99.540,0.010,0.0,0.010,1493157307.192,
0.140,0.395,99.460,0.0,0.0,0.005,0.0,0.0,165904.600,166440616.800,0.0,0.0,3116.400,619.0,0.400,0.0,0.200,3550330880.0,1949696.0,34853175296.0,1.3037473792e+11,0.0,0.0,0.0,0.0,3118.600,619.0,0.140,0.390,99.465,0.0,0.0,0.005,1493157312.192,
0.145,0.385,99.450,0.015,0.0,0.005,0.0,6553.600,133444.800,161919475.400,0.0,0.0,2765.400,610.200,0.0,0.0,0.0,3550212096.0,1966080.0,34853175296.0,1.3037484032e+11,0.0,0.0,0.0,6553.600,2763.400,610.200,0.145,0.390,99.445,0.015,0.0,0.005,1493157317.192,
0.115,0.325,99.545,0.005,0.0,0.010,0.0,4915.200,102341.600,138109123.200,0.0,0.0,2312.200,533.800,0.0,0.0,0.0,3567202304.0,1974272.0,34853175296.0,1.3035784192e+11,0.0,0.0,0.0,4915.200,2312.0,533.800,0.115,0.320,99.550,0.005,0.0,0.010,1493157322.192,
0.135,0.335,99.515,0.0,0.0,0.015,0.0,0.0,112909.400,151241937.0,0.0,0.0,2539.400,597.800,0.0,0.0,0.200,3551617024.0,1974272.0,34853175296.0,1.303734272e+11,0.0,0.0,0.0,0.0,2543.800,598.200,0.135,0.340,99.510,0.0,0.0,0.015,1493157327.192,
0.120,0.300,99.565,0.010,0.0,0.005,0.0,2457.600,94710.600,143264141.600,0.0,0.0,2592.200,566.0,0.0,0.0,0.0,3534659584.0,1982464.0,34853175296.0,1.30390376448e+11,0.0,0.0,0.0,2457.600,2588.0,565.600,0.120,0.300,99.565,0.010,0.0,0.005,1493157332.192,
0.155,0.435,99.400,0.0,0.0,0.010,0.0,0.0,118629.800,176933816.200,0.0,0.0,3214.400,636.200,0.200,0.0,0.0,3532832768.0,1982464.0,34853175296.0,1.30392203264e+11,0.0,0.0,0.0,0.0,3214.200,636.200,0.155,0.430,99.405,0.0,0.0,0.010,1493157337.192,
0.120,0.380,99.490,0.010,0.0,0.0,0.0,2457.600,100807.800,149173028.0,0.0,0.0,3062.800,585.200,0.0,0.0,0.0,3564826624.0,1990656.0,34853175296.0,1.30360201216e+11,0.0,0.0,0.0,2457.600,3062.800,585.200,0.120,0.385,99.485,0.010,0.0,0.0,1493157342.192,
0.145,0.370,99.475,0.0,0.0,0.010,0.0,0.0,126460.600,159642775.800,0.0,0.0,3320.200,598.0,0.200,0.0,0.0,3551621120.0,1990656.0,34853175296.0,1.3037340672e+11,0.0,0.0,0.0,0.0,3321.400,598.0,0.145,0.365,99.480,0.0,0.0,0.010,1493157347.192,
0.055,0.165,99.775,0.005,0.0,0.0,0.0,4096.0,51913.0,62803637.200,0.0,0.0,1350.200,318.800,0.0,0.0,0.0,3534041088.0,1998848.0,34853175296.0,1.3039097856e+11,0.0,0.0,0.0,4096.0,1349.0,318.800,0.055,0.165,99.775,0.005,0.0,0.0,1493157352.192,
