"Dstat 0.7.2 CSV output"
"Author:","Dag Wieers <dag@wieers.com>",,,,"URL:","http://dag.wieers.com/home-made/dstat/"
"Host:","osd1.skyhook-4osds.skyhook-pg0.wisc.cloudlab.us",,,,"User:","jlefevre"
"Cmdline:","dstat -av --epoch --integer --noheaders --output dstat-osd1.log 5",,,,"Date:","25 Apr 2017 14:10:17 CDT"

"total cpu usage",,,,,,"dsk/total",,"net/total",,"paging",,"system",,"procs",,,"memory usage",,,,"paging",,"dsk/total",,"system",,"total cpu usage",,,,,,"epoch"
"usr","sys","idl","wai","hiq","siq","read","writ","recv","send","in","out","int","csw","run","blk","new","used","buff","cach","free","in","out","read","writ","int","csw","usr","sys","idl","wai","hiq","siq","epoch"
0.015,0.005,99.975,0.005,0.0,0.0,0.0,2457.600,2733.200,12781.200,0.0,0.0,137.400,140.400,0.0,0.0,0.0,3505643520.0,1224704.0,34882637824.0,1.30390687744e+11,0.0,0.0,0.0,2457.600,137.400,140.400,0.015,0.0,99.980,0.005,0.0,0.0,1493165142.192,
0.405,0.150,99.445,0.0,0.0,0.0,0.0,0.0,10299.400,3885357.0,0.0,0.0,438.400,249.400,1.800,0.0,0.0,3618177024.0,1224704.0,34882637824.0,1.3027815424e+11,0.0,0.0,0.0,0.0,448.600,252.800,0.415,0.160,99.425,0.0,0.0,0.0,1493165147.192,
12.742,3.935,83.297,0.005,0.0,0.020,0.0,4096.0,329047.0,218187566.200,0.0,0.0,14527.200,3415.0,6.0,0.0,0.0,3596918784.0,1232896.0,34882637824.0,1.30299404288e+11,0.0,0.0,0.0,4096.0,14518.800,3412.200,12.741,3.930,83.304,0.005,0.0,0.020,1493165152.192,
13.886,4.462,81.597,0.010,0.0,0.045,0.0,4915.200,359652.200,242905901.400,0.0,0.0,14791.800,3816.400,6.800,0.0,0.0,3585187840.0,1241088.0,34882629632.0,1.30311135232e+11,0.0,0.0,0.0,4915.200,14792.0,3817.800,13.887,4.457,81.601,0.010,0.0,0.045,1493165157.192,
13.153,4.202,82.605,0.0,0.0,0.040,0.0,2457.600,329940.200,224086963.600,0.0,0.0,14263.400,3697.200,6.800,0.0,0.0,3629273088.0,1241088.0,34882637824.0,1.30267041792e+11,0.0,0.0,0.0,2457.600,14268.600,3698.400,13.162,4.207,82.590,0.0,0.0,0.040,1493165162.192,
2.797,0.801,96.397,0.005,0.0,0.0,0.0,2457.600,60610.400,47553675.0,0.0,0.0,2648.200,886.600,1.600,0.0,0.0,3517050880.0,1249280.0,34882637824.0,1.30379255808e+11,0.0,0.0,0.0,2457.600,2641.0,883.400,2.777,0.801,96.417,0.005,0.0,0.0,1493165167.192,
