"Dstat 0.7.2 CSV output"
"Author:","Dag Wieers <dag@wieers.com>",,,,"URL:","http://dag.wieers.com/home-made/dstat/"
"Host:","osd0.skyhook-4osds.skyhook-pg0.wisc.cloudlab.us",,,,"User:","jlefevre"
"Cmdline:","dstat -av --epoch --integer --noheaders --output dstat-osd0.log 5",,,,"Date:","25 Apr 2017 14:10:10 CDT"

"total cpu usage",,,,,,"dsk/total",,"net/total",,"paging",,"system",,"procs",,,"memory usage",,,,"paging",,"dsk/total",,"system",,"total cpu usage",,,,,,"epoch"
"usr","sys","idl","wai","hiq","siq","read","writ","recv","send","in","out","int","csw","run","blk","new","used","buff","cach","free","in","out","read","writ","int","csw","usr","sys","idl","wai","hiq","siq","epoch"
0.015,0.005,99.970,0.005,0.0,0.005,0.0,2457.600,3516.0,11939.800,0.0,0.0,154.400,154.0,0.0,0.0,0.0,3326660608.0,1765376.0,33000759296.0,1.32451008512e+11,0.0,0.0,0.0,2457.600,154.400,154.0,0.020,0.005,99.965,0.005,0.0,0.005,1493164055.776,
0.125,0.340,99.530,0.0,0.0,0.005,0.0,0.0,34314.800,73368897.400,0.0,0.0,1471.0,457.0,0.200,0.0,0.0,3605049344.0,1765376.0,33000759296.0,1.32172619776e+11,0.0,0.0,0.0,0.0,1478.0,457.400,0.120,0.345,99.530,0.0,0.0,0.005,1493164060.776,
0.120,0.340,99.525,0.010,0.0,0.005,0.0,2457.600,30541.200,120210704.600,0.0,0.0,1968.800,486.0,0.400,0.0,0.0,3627302912.0,1773568.0,33000759296.0,1.32150358016e+11,0.0,0.0,0.0,2457.600,1964.800,486.0,0.120,0.340,99.525,0.010,0.0,0.005,1493164065.776,
0.145,0.430,99.420,0.0,0.0,0.005,0.0,0.0,40660.400,148959975.0,0.0,0.0,2381.800,587.0,0.200,0.0,0.400,3588857856.0,1773568.0,33000763392.0,1.32188798976e+11,0.0,0.0,0.0,0.0,2382.200,587.0,0.145,0.430,99.420,0.0,0.0,0.005,1493164070.776,
0.120,0.435,99.420,0.020,0.0,0.005,0.0,11468.800,33862.800,147147922.0,0.0,0.0,2191.200,548.0,0.0,0.0,0.200,3530608640.0,1789952.0,33000759296.0,1.32247035904e+11,0.0,0.0,0.0,11468.800,2187.800,547.600,0.125,0.430,99.420,0.020,0.0,0.005,1493164075.776,
0.145,0.380,99.465,0.0,0.0,0.010,0.0,7372.800,39958.600,134993538.800,0.0,0.0,2148.0,535.400,0.0,0.0,0.0,3564634112.0,1798144.0,33000763392.0,1.32212998144e+11,0.0,0.0,0.0,7372.800,2148.0,535.400,0.145,0.380,99.465,0.0,0.0,0.010,1493164080.776,
0.130,0.355,99.505,0.010,0.0,0.0,0.0,4915.200,41118.600,133850257.400,0.0,0.0,2131.600,528.0,0.400,0.0,0.0,3548372992.0,1806336.0,33000763392.0,1.32229251072e+11,0.0,0.0,0.0,4915.200,2134.600,528.600,0.125,0.355,99.510,0.010,0.0,0.0,1493164085.776,
0.135,0.385,99.455,0.010,0.0,0.015,0.0,2457.600,50897.400,164130229.200,0.0,0.0,2276.600,547.600,0.400,0.0,0.0,3404525568.0,1814528.0,33000763392.0,1.32373090304e+11,0.0,0.0,0.0,2457.600,2273.600,547.0,0.135,0.390,99.450,0.010,0.0,0.015,1493164090.776,
0.125,0.355,99.515,0.0,0.0,0.005,0.0,0.0,45018.600,145193585.400,0.0,0.0,2196.400,529.0,0.200,0.0,0.0,3326345216.0,1814528.0,33000763392.0,1.32451270656e+11,0.0,0.0,0.0,0.0,2196.600,529.400,0.125,0.355,99.515,0.0,0.0,0.005,1493164095.776,
0.130,0.355,99.505,0.005,0.0,0.005,0.0,2457.600,48369.0,135225365.400,0.0,0.0,2253.0,524.0,0.400,0.0,0.0,3384963072.0,1822720.0,33000767488.0,1.32392640512e+11,0.0,0.0,0.0,2457.600,2254.200,524.0,0.135,0.350,99.505,0.005,0.0,0.005,1493164100.776,
0.130,0.320,99.545,0.0,0.0,0.005,0.0,0.0,29562.600,125237475.400,0.0,0.0,1918.600,521.800,0.0,0.0,0.400,3348774912.0,1822720.0,33000771584.0,1.32428824576e+11,0.0,0.0,0.0,0.0,1917.200,521.400,0.125,0.320,99.550,0.0,0.0,0.005,1493164105.776,
0.130,0.350,99.500,0.020,0.0,0.0,0.0,9830.400,36595.400,137842947.400,0.0,0.0,2060.400,584.400,0.0,0.0,0.200,3351752704.0,1839104.0,33000767488.0,1.32425834496e+11,0.0,0.0,0.0,9830.400,2064.0,584.400,0.135,0.350,99.495,0.020,0.0,0.0,1493164110.776,
0.115,0.340,99.515,0.020,0.0,0.010,0.0,9830.400,34746.600,135511653.800,0.0,0.0,1915.200,520.0,0.200,0.0,0.0,3365621760.0,1855488.0,33000767488.0,1.32411949056e+11,0.0,0.0,0.0,9830.400,1911.800,520.800,0.115,0.345,99.510,0.020,0.0,0.010,1493164115.776,
0.145,0.350,99.495,0.0,0.0,0.010,0.0,0.0,42909.400,138262781.400,0.0,0.0,2007.0,547.200,0.400,0.0,0.0,3398332416.0,1855488.0,33000767488.0,1.323792384e+11,0.0,0.0,0.0,0.0,2011.200,546.800,0.145,0.345,99.500,0.0,0.0,0.010,1493164120.776,
0.110,0.300,99.585,0.005,0.0,0.0,0.0,2457.600,32448.600,123614701.600,0.0,0.0,1763.400,461.200,0.200,0.0,0.0,3338432512.0,1863680.0,33000767488.0,1.32439130112e+11,0.0,0.0,0.0,2457.600,1759.200,461.200,0.110,0.300,99.585,0.005,0.0,0.0,1493164125.776,
0.120,0.370,99.500,0.0,0.0,0.010,0.0,0.0,38476.400,126457870.200,0.0,0.0,2043.800,526.600,0.200,0.0,0.0,3449995264.0,1863680.0,33000767488.0,1.3232756736e+11,0.0,0.0,0.0,0.0,2043.600,526.200,0.115,0.375,99.500,0.0,0.0,0.010,1493164130.776,
0.145,0.400,99.435,0.010,0.0,0.010,0.0,2457.600,43101.400,143065381.0,0.0,0.0,2382.200,540.200,0.0,0.0,0.0,3432251392.0,1871872.0,33000767488.0,1.3234530304e+11,0.0,0.0,0.0,2457.600,2382.200,540.200,0.150,0.395,99.435,0.010,0.0,0.010,1493164135.776,
0.155,0.455,99.380,0.0,0.0,0.010,0.0,0.0,44447.0,150580188.200,0.0,0.0,2357.400,592.600,0.600,0.0,0.400,3483922432.0,1871872.0,33000771584.0,1.32293627904e+11,0.0,0.0,0.0,0.0,2357.400,593.0,0.155,0.460,99.375,0.0,0.0,0.010,1493164140.776,
0.120,0.370,99.505,0.005,0.0,0.0,0.0,3276.800,46905.0,126378961.600,0.0,0.0,2025.800,505.800,0.0,0.0,0.0,3456659456.0,1880064.0,33000771584.0,1.32320882688e+11,0.0,0.0,0.0,3276.800,2025.800,505.400,0.120,0.365,99.510,0.005,0.0,0.0,1493164145.776,
0.145,0.400,99.435,0.015,0.0,0.005,0.0,9830.400,54008.400,149894845.800,0.0,0.0,2335.200,596.400,0.0,0.0,0.0,3466752000.0,1896448.0,33000767488.0,1.32310777856e+11,0.0,0.0,0.0,9830.400,2337.0,596.600,0.145,0.405,99.430,0.015,0.0,0.005,1493164150.776,
0.170,0.480,99.335,0.010,0.0,0.005,0.0,4915.200,59111.0,155611378.200,0.0,0.0,2295.200,601.0,0.800,0.0,0.0,3572486144.0,1904640.0,33000767488.0,1.3220503552e+11,0.0,0.0,0.0,4915.200,2293.400,600.800,0.170,0.475,99.340,0.010,0.0,0.005,1493164155.776,
0.105,0.285,99.605,0.005,0.0,0.0,0.0,2457.600,35833.400,135174375.0,0.0,0.0,2001.0,462.200,0.0,0.0,0.0,3359268864.0,1912832.0,33000767488.0,1.32418244608e+11,0.0,0.0,0.0,2457.600,2001.0,462.200,0.105,0.285,99.605,0.005,0.0,0.0,1493164160.776,
0.155,0.415,99.429,0.0,0.0,0.0,0.0,0.0,47740.600,163380984.600,0.0,0.0,2300.400,645.400,0.200,0.0,0.200,3430686720.0,1912832.0,33000767488.0,1.32346826752e+11,0.0,0.0,0.0,0.0,2300.400,645.400,0.155,0.415,99.429,0.0,0.0,0.0,1493164165.776,
0.155,0.415,99.420,0.005,0.0,0.005,0.0,2457.600,45486.600,160240058.800,0.0,0.0,2481.800,591.200,0.0,0.0,0.0,3389247488.0,1921024.0,33000767488.0,1.32388257792e+11,0.0,0.0,0.0,2457.600,2481.800,591.200,0.155,0.415,99.420,0.005,0.0,0.005,1493164170.776,
0.145,0.355,99.495,0.0,0.0,0.005,0.0,0.0,40322.400,135242720.600,0.0,0.0,2163.400,539.200,0.200,0.0,0.400,3345137664.0,1921024.0,33000771584.0,1.3243236352e+11,0.0,0.0,0.0,0.0,2163.600,539.600,0.140,0.360,99.495,0.0,0.0,0.005,1493164175.776,
0.100,0.270,99.610,0.020,0.0,0.0,0.0,9011.200,31969.400,109355499.400,0.0,0.0,1618.400,485.400,0.200,0.0,0.0,3359137792.0,1937408.0,33000771584.0,1.32418347008e+11,0.0,0.0,0.0,9011.200,1618.200,485.0,0.105,0.270,99.605,0.020,0.0,0.0,1493164180.776,
0.130,0.395,99.465,0.0,0.0,0.010,0.0,4096.0,43507.0,137214559.800,0.0,0.0,2256.800,537.600,0.0,0.0,0.0,3392630784.0,1945600.0,33000771584.0,1.32384845824e+11,0.0,0.0,0.0,4096.0,2256.800,537.600,0.130,0.395,99.465,0.0,0.0,0.010,1493164185.776,
0.155,0.490,99.350,0.0,0.0,0.005,0.0,4915.200,54809.0,156246106.800,0.0,0.0,2426.400,658.0,0.200,0.0,0.0,3509895168.0,1953792.0,33000771584.0,1.32267573248e+11,0.0,0.0,0.0,4915.200,2430.800,658.0,0.150,0.485,99.360,0.0,0.0,0.005,1493164190.776,
0.170,0.415,99.390,0.010,0.0,0.015,0.0,2457.600,43014.600,155192756.200,0.0,0.0,2312.0,550.200,0.600,0.0,0.0,3525971968.0,1961984.0,33000771584.0,1.32251488256e+11,0.0,0.0,0.0,2457.600,2308.800,550.800,0.180,0.425,99.370,0.010,0.0,0.015,1493164195.776,
0.190,0.435,99.365,0.0,0.0,0.010,0.0,0.0,52608.800,150197767.400,0.0,0.0,2607.400,631.200,0.200,0.0,0.400,3610931200.0,1961984.0,33000775680.0,1.32166524928e+11,0.0,0.0,0.0,0.0,2606.800,630.800,0.180,0.431,99.379,0.0,0.0,0.010,1493164200.776,
0.185,0.520,99.279,0.015,0.0,0.0,0.0,9830.400,57988.600,168351998.0,0.0,0.0,2880.600,671.800,0.200,0.0,0.0,3693879296.0,1978368.0,33000771584.0,1.32083564544e+11,0.0,0.0,0.0,9830.400,2880.0,671.600,0.185,0.520,99.279,0.015,0.0,0.0,1493164205.776,
0.140,0.465,99.390,0.0,0.0,0.005,0.0,0.0,57161.0,164776113.600,0.0,0.0,2793.0,638.200,0.800,0.0,0.0,3574358016.0,1978368.0,33000775680.0,1.32203081728e+11,0.0,0.0,0.0,0.0,2793.0,638.200,0.145,0.465,99.385,0.0,0.0,0.005,1493164210.776,
0.195,0.480,99.315,0.005,0.0,0.005,0.0,9011.200,61468.400,173753415.800,0.0,0.0,2899.800,622.600,0.400,0.0,0.0,3593699328.0,1994752.0,33000775680.0,1.32183724032e+11,0.0,0.0,0.0,9011.200,2899.800,622.600,0.190,0.475,99.325,0.005,0.0,0.005,1493164215.776,
0.125,0.365,99.490,0.0,0.0,0.020,0.0,4915.200,50337.200,150985935.200,0.0,0.0,2487.200,523.200,0.600,0.0,0.0,3490414592.0,2002944.0,33000775680.0,1.32287000576e+11,0.0,0.0,0.0,4915.200,2488.600,523.600,0.125,0.375,99.480,0.0,0.0,0.020,1493164220.776,
0.145,0.430,99.420,0.0,0.0,0.005,0.0,4096.0,74321.200,186375201.0,0.0,0.0,2692.0,632.600,0.200,0.0,0.0,3396177920.0,2002944.0,33000775680.0,1.32381237248e+11,0.0,0.0,0.0,4096.0,2692.800,633.200,0.145,0.430,99.420,0.0,0.0,0.005,1493164225.776,
0.120,0.365,99.505,0.010,0.0,0.0,0.0,2457.600,58671.600,145890731.0,0.0,0.0,2139.400,551.600,0.0,0.0,0.0,3360010240.0,2011136.0,33000775680.0,1.32417396736e+11,0.0,0.0,0.0,2457.600,2141.600,551.200,0.120,0.355,99.515,0.010,0.0,0.0,1493164230.776,
0.140,0.405,99.440,0.0,0.0,0.015,0.0,0.0,50221.600,150631011.0,0.0,0.0,2454.800,574.0,0.200,0.0,0.400,3341361152.0,2011136.0,33000783872.0,1.32436037632e+11,0.0,0.0,0.0,0.0,2450.400,573.400,0.140,0.405,99.440,0.0,0.0,0.015,1493164235.776,
0.170,0.440,99.375,0.015,0.0,0.0,0.0,10649.600,64948.600,153562126.800,0.0,0.0,2805.600,630.0,0.200,0.0,0.0,3460247552.0,2027520.0,33000775680.0,1.3231714304e+11,0.0,0.0,0.0,10649.600,2808.400,630.400,0.170,0.440,99.375,0.015,0.0,0.0,1493164240.776,
0.165,0.500,99.330,0.0,0.0,0.005,0.0,0.0,50904.800,170268551.800,0.0,0.0,2762.0,631.0,0.200,0.0,0.0,3493785600.0,2027520.0,33000779776.0,1.32283600896e+11,0.0,0.0,0.0,0.0,2759.200,630.600,0.170,0.505,99.320,0.0,0.0,0.005,1493164245.776,
0.145,0.415,99.425,0.015,0.0,0.0,0.0,8192.0,47845.400,127852745.600,0.0,0.0,2242.0,565.600,0.800,0.0,0.0,3610124288.0,2043904.0,33000779776.0,1.32167245824e+11,0.0,0.0,0.0,8192.0,2242.0,565.600,0.145,0.410,99.430,0.015,0.0,0.0,1493164250.776,
0.150,0.420,99.425,0.0,0.0,0.005,0.0,4915.200,44300.800,148314764.600,0.0,0.0,2469.200,549.600,0.400,0.0,0.0,3638562816.0,2052096.0,33000779776.0,1.32138799104e+11,0.0,0.0,0.0,4915.200,2470.200,549.600,0.145,0.420,99.430,0.0,0.0,0.005,1493164255.776,
0.155,0.490,99.354,0.0,0.0,0.0,0.0,0.0,52557.400,164785438.800,0.0,0.0,2735.0,637.0,0.600,0.0,0.0,3709947904.0,2052096.0,33000779776.0,1.32067414016e+11,0.0,0.0,0.0,0.0,2734.0,637.0,0.160,0.490,99.349,0.0,0.0,0.0,1493164260.776,
0.105,0.375,99.510,0.010,0.0,0.0,0.0,2457.600,37769.200,164962022.200,0.0,0.0,2400.200,513.200,0.400,0.0,0.0,3477794816.0,2060288.0,33000779776.0,1.32299558912e+11,0.0,0.0,0.0,2457.600,2401.200,513.400,0.100,0.380,99.510,0.010,0.0,0.0,1493164265.776,
0.140,0.405,99.450,0.0,0.0,0.005,0.0,0.0,40433.800,155451679.600,0.0,0.0,2381.800,567.400,0.0,0.0,0.400,3391258624.0,2060288.0,33000787968.0,1.32386086912e+11,0.0,0.0,0.0,0.0,2380.800,567.400,0.145,0.405,99.445,0.0,0.0,0.005,1493164270.776,
0.120,0.335,99.535,0.005,0.0,0.005,0.0,5734.400,33467.400,135749470.200,0.0,0.0,2109.0,516.800,0.400,0.0,0.0,3358146560.0,2068480.0,33000787968.0,1.32419190784e+11,0.0,0.0,0.0,5734.400,2109.0,516.600,0.120,0.330,99.540,0.005,0.0,0.005,1493164275.776,
0.115,0.280,99.605,0.0,0.0,0.0,0.0,4915.200,18900.800,102344899.800,0.0,0.0,1499.0,455.600,0.200,0.0,0.0,3397824512.0,2076672.0,33000783872.0,1.32379508736e+11,0.0,0.0,0.0,4915.200,1499.200,456.0,0.115,0.280,99.605,0.0,0.0,0.0,1493164280.776,
0.110,0.290,99.580,0.015,0.0,0.005,0.0,9011.200,26583.600,113061137.600,0.0,0.0,1897.200,474.600,0.0,0.0,0.0,3404316672.0,2093056.0,33000783872.0,1.32373000192e+11,0.0,0.0,0.0,9011.200,1900.200,474.200,0.110,0.290,99.580,0.015,0.0,0.005,1493164285.776,
0.135,0.370,99.490,0.0,0.0,0.005,0.0,4915.200,32618.800,128753772.0,0.0,0.0,2115.600,538.0,0.0,0.0,0.200,3492429824.0,2101248.0,33000783872.0,1.32284878848e+11,0.0,0.0,0.0,4915.200,2112.400,538.0,0.130,0.370,99.495,0.0,0.0,0.005,1493164290.776,
0.105,0.305,99.585,0.005,0.0,0.0,0.0,3276.800,24150.200,129758039.200,0.0,0.0,1907.800,443.200,0.0,0.0,0.0,3378716672.0,2109440.0,33000783872.0,1.32398583808e+11,0.0,0.0,0.0,3276.800,1907.800,443.200,0.105,0.310,99.580,0.005,0.0,0.0,1493164295.776,
0.025,0.025,99.945,0.005,0.0,0.0,0.0,2457.600,4618.200,12819042.400,0.0,0.0,302.200,166.800,0.0,0.0,0.400,3347460096.0,2117632.0,33000783872.0,1.32429832192e+11,0.0,0.0,0.0,2457.600,302.200,166.800,0.030,0.020,99.945,0.005,0.0,0.0,1493164300.776,
