"Dstat 0.7.2 CSV output"
"Author:","Dag Wieers <dag@wieers.com>",,,,"URL:","http://dag.wieers.com/home-made/dstat/"
"Host:","osd0.skyhook-4osds.skyhook-pg0.wisc.cloudlab.us",,,,"User:","jlefevre"
"Cmdline:","dstat -av --epoch --integer --noheaders --output dstat-osd0.log 5",,,,"Date:","25 Apr 2017 14:10:10 CDT"

"total cpu usage",,,,,,"dsk/total",,"net/total",,"paging",,"system",,"procs",,,"memory usage",,,,"paging",,"dsk/total",,"system",,"total cpu usage",,,,,,"epoch"
"usr","sys","idl","wai","hiq","siq","read","writ","recv","send","in","out","int","csw","run","blk","new","used","buff","cach","free","in","out","read","writ","int","csw","usr","sys","idl","wai","hiq","siq","epoch"
0.020,0.0,99.980,0.0,0.0,0.0,0.0,3276.800,2289.0,11329.600,0.0,0.0,131.0,133.400,0.0,0.0,0.0,3271163904.0,1490944.0,141156352.0,1.65366382592e+11,0.0,0.0,0.0,3276.800,130.800,133.400,0.015,0.0,99.985,0.0,0.0,0.0,1493155960.776,
0.340,0.676,94.250,4.719,0.0,0.015,320447283.200,2457.600,14791.400,20925.800,0.0,0.0,2990.0,5376.600,0.200,3.0,0.0,3280363520.0,1499136.0,1744044032.0,1.63754287104e+11,0.0,0.0,320683212.800,2457.600,2991.400,5379.400,0.340,0.681,94.245,4.719,0.0,0.015,1493155965.776,
0.456,0.977,90.746,7.812,0.0,0.010,442846412.800,0.0,19967.800,31257.0,0.0,0.0,4142.200,7456.400,0.200,4.600,0.400,3280506880.0,1499136.0,3958034432.0,1.61540153344e+11,0.0,0.0,442846412.800,0.0,4142.0,7456.200,0.466,0.971,90.736,7.817,0.0,0.010,1493155970.776,
0.351,0.691,94.472,4.456,0.0,0.030,363174297.600,7372.800,17479.800,29295.800,0.0,0.0,3372.400,6060.800,0.200,2.400,0.0,3292258304.0,1515520.0,5773557760.0,1.59712862208e+11,0.0,0.0,363200512.0,7372.800,3372.800,6061.200,0.345,0.691,94.477,4.456,0.0,0.030,1493155975.776,
0.351,0.746,94.456,4.437,0.0,0.010,364201574.400,8192.0,17478.800,29016.800,0.0,0.0,3374.200,6063.600,0.400,3.800,0.0,3284201472.0,1523712.0,7594610688.0,1.5789985792e+11,0.0,0.0,364149145.600,8192.0,3374.0,6064.200,0.346,0.756,94.452,4.437,0.0,0.010,1493155980.776,
0.330,0.761,95.005,3.889,0.0,0.015,342659891.200,7372.800,16187.800,28485.200,0.0,0.0,3181.800,5671.800,1.400,2.0,0.0,3276775424.0,1531904.0,9305604096.0,1.56196282368e+11,0.0,0.0,342450176.0,7372.800,3180.400,5668.200,0.330,0.751,95.019,3.885,0.0,0.015,1493155985.776,
0.411,0.918,93.401,5.255,0.0,0.015,430798438.400,819.200,19926.600,30645.400,0.0,0.0,4002.0,7222.600,0.600,4.600,0.0,3308281856.0,1531904.0,11462873088.0,1.54007506944e+11,0.0,0.0,431060582.400,819.200,4003.600,7225.800,0.411,0.922,93.392,5.259,0.0,0.015,1493155990.776,
0.436,0.997,93.281,5.276,0.0,0.010,421915852.800,2457.600,19724.800,31243.400,0.0,0.0,4113.800,7121.600,0.400,4.400,0.400,3292389376.0,1540096.0,13571907584.0,1.51914356736e+11,0.0,0.0,421863424.0,2457.600,4113.200,7120.400,0.436,0.992,93.285,5.277,0.0,0.010,1493155995.776,
0.466,1.083,91.936,6.495,0.0,0.020,456004403.200,4915.200,20943.600,31380.0,0.0,0.0,4390.600,7702.800,0.600,4.800,0.0,3291889664.0,1548288.0,15848923136.0,1.49637832704e+11,0.0,0.0,455794688.0,4915.200,4389.600,7700.800,0.471,1.087,91.932,6.489,0.0,0.020,1493156000.776,
0.370,0.946,93.953,4.705,0.0,0.025,376417484.800,3276.800,18948.0,29842.200,0.0,0.0,3562.800,6373.0,0.200,5.800,0.0,3345235968.0,1556480.0,17733558272.0,1.47699843072e+11,0.0,0.0,376679628.800,3276.800,3564.600,6375.800,0.366,0.941,93.952,4.717,0.0,0.025,1493156005.776,
0.486,1.143,88.854,9.491,0.0,0.025,488241561.600,4096.0,21816.200,31888.200,0.0,0.0,4562.600,8290.200,1.0,6.600,0.0,3396300800.0,1564672.0,20175757312.0,1.45206571008e+11,0.0,0.0,488267776.0,4096.0,4563.0,8291.0,0.491,1.143,88.857,9.484,0.0,0.025,1493156010.776,
0.541,1.262,89.897,8.280,0.0,0.020,490736025.600,2457.600,21991.400,33151.200,0.0,0.0,4634.600,8343.600,1.200,6.200,0.0,3359260672.0,1572864.0,22629093376.0,1.4279026688e+11,0.0,0.0,490762240.0,2457.600,4634.800,8343.800,0.541,1.262,89.897,8.279,0.0,0.020,1493156015.776,
0.406,0.983,93.728,4.868,0.0,0.015,437172633.600,0.0,18688.0,31043.600,0.0,0.0,4042.200,7348.0,0.400,3.200,0.0,3313594368.0,1572864.0,24811950080.0,1.4065307648e+11,0.0,0.0,437067776.0,0.0,4041.0,7346.400,0.401,0.983,93.737,4.864,0.0,0.015,1493156020.776,
0.456,1.102,91.953,6.464,0.0,0.025,462789017.600,4096.0,21509.600,31305.600,0.0,0.0,4320.600,7848.600,1.200,4.600,0.0,3383476224.0,1581056.0,27128238080.0,1.38266898432e+11,0.0,0.0,462867660.800,4096.0,4321.400,7850.200,0.461,1.102,91.943,6.468,0.0,0.025,1493156025.776,
0.481,1.027,91.558,6.919,0.0,0.015,464198041.600,4915.200,20040.400,32028.400,0.0,0.0,4349.600,7835.400,0.600,4.400,0.400,3338063872.0,1589248.0,29446832128.0,1.35993708544e+11,0.0,0.0,464145612.800,4915.200,4349.200,7834.0,0.476,1.032,91.564,6.913,0.0,0.015,1493156030.776,
0.341,0.842,94.985,3.817,0.0,0.015,385397555.200,4915.200,17709.600,28787.400,0.0,0.0,3581.400,6479.600,0.600,2.400,0.0,3351310336.0,1597440.0,31377694720.0,1.34049591296e+11,0.0,0.0,385397555.200,4915.200,3581.200,6480.0,0.346,0.837,94.985,3.818,0.0,0.015,1493156035.776,
0.305,0.721,95.349,3.605,0.0,0.020,319148851.200,2457.600,15855.200,28542.800,0.0,0.0,3144.600,5428.0,0.400,3.600,0.200,3325644800.0,1605632.0,32971911168.0,1.32481032192e+11,0.0,0.0,318912921.600,2457.600,3143.200,5425.200,0.305,0.721,95.350,3.604,0.0,0.020,1493156040.776,
