"Dstat 0.7.2 CSV output"
"Author:","Dag Wieers <dag@wieers.com>",,,,"URL:","http://dag.wieers.com/home-made/dstat/"
"Host:","osd1.skyhook-4osds.skyhook-pg0.wisc.cloudlab.us",,,,"User:","jlefevre"
"Cmdline:","dstat -av --epoch --integer --noheaders --output dstat-osd1.log 5",,,,"Date:","25 Apr 2017 14:10:17 CDT"

"total cpu usage",,,,,,"dsk/total",,"net/total",,"paging",,"system",,"procs",,,"memory usage",,,,"paging",,"dsk/total",,"system",,"total cpu usage",,,,,,"epoch"
"usr","sys","idl","wai","hiq","siq","read","writ","recv","send","in","out","int","csw","run","blk","new","used","buff","cach","free","in","out","read","writ","int","csw","usr","sys","idl","wai","hiq","siq","epoch"
0.015,0.005,99.980,0.0,0.0,0.0,0.0,4915.200,2921.600,13706.800,0.0,0.0,144.200,162.200,0.0,0.0,0.0,3522768896.0,1798144.0,34853019648.0,1.30402607104e+11,0.0,0.0,0.0,4915.200,144.0,162.200,0.015,0.005,99.980,0.0,0.0,0.0,1493153392.192,
0.010,0.010,99.975,0.005,0.0,0.0,0.0,3276.800,2896.0,13208.400,0.0,0.0,150.600,161.800,0.0,0.0,0.400,3524440064.0,1806336.0,34853023744.0,1.30400923648e+11,0.0,0.0,0.0,3276.800,150.600,161.800,0.010,0.010,99.975,0.005,0.0,0.0,1493153397.192,
0.150,0.495,99.325,0.015,0.0,0.015,0.0,7372.800,154870.0,162288262.600,0.0,0.0,3177.400,618.400,2.200,0.200,0.0,3522670592.0,1822720.0,34853023744.0,1.30402676736e+11,0.0,0.0,0.0,7372.800,3177.400,618.400,0.150,0.495,99.325,0.015,0.0,0.015,1493153402.192,
0.140,0.395,99.465,0.0,0.0,0.0,0.0,3276.800,111359.400,144468777.200,0.0,0.0,3295.0,623.0,0.0,0.0,0.400,3540426752.0,1822720.0,34853027840.0,1.3038491648e+11,0.0,0.0,0.0,3276.800,3303.200,623.0,0.140,0.395,99.465,0.0,0.0,0.0,1493153407.192,
0.110,0.320,99.560,0.005,0.0,0.005,0.0,9830.400,101472.800,121020551.600,0.0,0.0,2993.800,525.400,0.0,0.0,0.400,3524210688.0,1839104.0,34853031936.0,1.30401112064e+11,0.0,0.0,0.0,9830.400,2985.600,525.400,0.110,0.325,99.555,0.005,0.0,0.005,1493153412.192,
0.175,0.556,99.264,0.0,0.0,0.005,0.0,0.0,148828.800,189135755.600,0.0,0.0,4097.800,713.400,0.200,0.0,0.0,3540340736.0,1839104.0,34853027840.0,1.30384986112e+11,0.0,0.0,0.0,0.0,4097.800,713.400,0.175,0.551,99.269,0.0,0.0,0.005,1493153417.192,
0.185,0.555,99.249,0.010,0.0,0.0,0.0,7372.800,174726.400,188266545.800,0.0,0.0,4834.600,735.800,0.200,0.0,0.400,3524096000.0,1855488.0,34853036032.0,1.30401206272e+11,0.0,0.0,0.0,7372.800,4836.800,735.800,0.185,0.560,99.244,0.010,0.0,0.0,1493153422.192,
0.145,0.465,99.379,0.0,0.0,0.010,25395.200,1638.400,131785.600,163245750.200,0.0,0.0,3918.0,674.400,0.400,0.0,0.200,3551821824.0,1855488.0,34853158912.0,1.30373357568e+11,0.0,0.0,25395.200,1638.400,3915.800,674.400,0.145,0.460,99.384,0.0,0.0,0.010,1493153427.192,
0.165,0.465,99.355,0.010,0.0,0.005,0.0,10649.600,115799.400,161588960.600,0.0,0.0,3506.600,646.200,0.0,0.0,0.400,3538423808.0,1871872.0,34853163008.0,1.30386735104e+11,0.0,0.0,0.0,10649.600,3506.600,646.200,0.165,0.470,99.350,0.010,0.0,0.005,1493153432.192,
0.175,0.545,99.275,0.005,0.0,0.0,0.0,9830.400,155754.0,184614395.0,0.0,0.0,4343.200,689.600,0.400,0.0,0.0,3550928896.0,1888256.0,34853158912.0,1.30374217728e+11,0.0,0.0,0.0,9830.400,4343.600,690.0,0.175,0.545,99.275,0.005,0.0,0.0,1493153437.192,
0.175,0.481,99.339,0.0,0.0,0.005,0.0,4915.200,195241.800,183710419.400,0.0,0.0,4994.0,731.400,0.0,0.0,0.400,3522691072.0,1888256.0,34853163008.0,1.30402451456e+11,0.0,0.0,0.0,4915.200,4993.600,731.0,0.175,0.476,99.344,0.0,0.0,0.005,1493153442.192,
0.140,0.445,99.400,0.015,0.0,0.0,0.0,7372.800,136553.200,150838841.0,0.0,0.0,3842.0,665.400,0.200,0.0,0.400,3567628288.0,1904640.0,34853163008.0,1.30357497856e+11,0.0,0.0,0.0,7372.800,3843.600,665.400,0.140,0.450,99.395,0.015,0.0,0.0,1493153447.192,
0.155,0.450,99.394,0.0,0.0,0.0,0.0,0.0,145214.0,170110102.0,0.0,0.0,4069.0,671.0,0.400,0.0,0.200,3553181696.0,1904640.0,34853163008.0,1.30371944448e+11,0.0,0.0,0.0,0.0,4071.800,671.400,0.155,0.445,99.399,0.0,0.0,0.0,1493153452.192,
0.200,0.570,99.214,0.005,0.0,0.010,0.0,10649.600,151242.0,201034903.600,0.0,0.0,4245.400,769.200,0.200,0.0,0.800,3523829760.0,1921024.0,34853171200.0,1.30401271808e+11,0.0,0.0,0.0,10649.600,4241.0,768.800,0.200,0.575,99.209,0.005,0.0,0.010,1493153457.192,
0.120,0.420,99.455,0.0,0.0,0.005,0.0,0.0,107374.0,141620139.600,0.0,0.0,3013.800,600.600,0.0,0.0,0.0,3523465216.0,1921024.0,34853167104.0,1.30401640448e+11,0.0,0.0,0.0,0.0,3013.800,600.600,0.120,0.415,99.460,0.0,0.0,0.005,1493153462.192,
0.175,0.440,99.370,0.015,0.0,0.0,0.0,9011.200,129569.200,159271207.800,0.0,0.0,3733.0,683.800,0.400,0.0,0.800,3525517312.0,1937408.0,34853175296.0,1.30399563776e+11,0.0,0.0,0.0,9011.200,3733.0,683.800,0.175,0.445,99.364,0.015,0.0,0.0,1493153467.192,
0.150,0.400,99.424,0.020,0.0,0.005,0.0,13107.200,112016.600,155136057.400,0.0,0.0,3441.0,648.800,0.200,0.200,0.0,3554541568.0,1953792.0,34853171200.0,1.30370527232e+11,0.0,0.0,0.0,13107.200,3441.0,648.800,0.150,0.400,99.424,0.020,0.0,0.005,1493153472.192,
0.160,0.480,99.350,0.0,0.0,0.010,0.0,9830.400,117749.200,157475210.800,0.0,0.0,3510.400,712.600,0.200,0.0,0.800,3525140480.0,1961984.0,34853179392.0,1.30399911936e+11,0.0,0.0,0.0,9830.400,3510.400,712.600,0.160,0.480,99.350,0.0,0.0,0.010,1493153477.192,
0.200,0.581,99.199,0.010,0.0,0.010,0.0,7372.800,176663.600,195179031.800,0.0,0.0,4522.400,771.400,0.200,0.0,0.400,3585675264.0,1978368.0,34853183488.0,1.30339356672e+11,0.0,0.0,0.0,7372.800,4529.800,772.0,0.200,0.576,99.204,0.010,0.0,0.010,1493153482.192,
0.195,0.576,99.229,0.0,0.0,0.0,0.0,4915.200,172449.0,196073685.200,0.0,0.0,4881.400,796.600,0.400,0.0,0.400,3570827264.0,1986560.0,34853179392.0,1.30354200576e+11,0.0,0.0,0.0,4915.200,4876.200,796.0,0.195,0.576,99.229,0.0,0.0,0.0,1493153487.192,
0.170,0.470,99.349,0.005,0.0,0.005,0.0,7372.800,135593.400,170319908.400,0.0,0.0,3917.800,702.400,0.600,0.0,0.800,3568787456.0,2002944.0,34853183488.0,1.30356219904e+11,0.0,0.0,0.0,7372.800,3919.800,702.800,0.175,0.475,99.339,0.005,0.0,0.005,1493153492.192,
0.115,0.375,99.505,0.0,0.0,0.005,0.0,0.0,104864.800,143394195.0,0.0,0.0,3130.0,625.0,0.400,0.0,0.0,3524190208.0,2002944.0,34853187584.0,1.30400813056e+11,0.0,0.0,0.0,0.0,3125.800,624.600,0.110,0.375,99.510,0.0,0.0,0.005,1493153497.192,
0.160,0.460,99.369,0.010,0.0,0.0,0.0,15564.800,125329.800,162900719.0,0.0,0.0,3755.400,692.200,0.400,0.0,0.800,3542626304.0,2019328.0,34853191680.0,1.3038235648e+11,0.0,0.0,0.0,15564.800,3755.400,692.200,0.160,0.460,99.369,0.010,0.0,0.0,1493153502.192,
0.165,0.460,99.345,0.015,0.0,0.015,0.0,13926.400,128117.400,164463700.600,0.0,0.0,3636.0,736.200,0.400,0.0,0.0,3524886528.0,2035712.0,34853187584.0,1.30400083968e+11,0.0,0.0,0.0,13926.400,3636.600,736.600,0.165,0.455,99.350,0.015,0.0,0.015,1493153507.192,
0.145,0.420,99.425,0.005,0.0,0.005,0.0,4915.200,124452.800,150440340.800,0.0,0.0,3544.800,622.400,0.400,0.0,0.800,3525218304.0,2043904.0,34853191680.0,1.30399739904e+11,0.0,0.0,0.0,4915.200,3544.200,622.0,0.145,0.420,99.424,0.005,0.0,0.005,1493153512.192,
0.155,0.445,99.374,0.020,0.0,0.005,0.0,10649.600,151061.600,159502197.200,0.0,0.0,4022.0,667.600,0.0,0.0,0.400,3555110912.0,2060288.0,34853187584.0,1.30369835008e+11,0.0,0.0,0.0,10649.600,4028.600,668.200,0.155,0.450,99.369,0.020,0.0,0.005,1493153517.192,
0.170,0.450,99.379,0.0,0.0,0.0,0.0,0.0,159665.200,162493912.600,0.0,0.0,4267.600,663.0,0.400,0.0,0.600,3577692160.0,2060288.0,34853199872.0,1.30347241472e+11,0.0,0.0,0.0,0.0,4268.600,663.200,0.170,0.450,99.379,0.0,0.0,0.0,1493153522.192,
0.170,0.495,99.320,0.010,0.0,0.005,0.0,12288.0,179474.0,178305533.200,0.0,0.0,4684.800,765.0,0.200,0.0,0.400,3565449216.0,2076672.0,34853195776.0,1.30359472128e+11,0.0,0.0,0.0,12288.0,4677.600,764.600,0.170,0.495,99.320,0.010,0.0,0.005,1493153527.192,
0.170,0.531,99.284,0.010,0.0,0.005,0.0,4915.200,196625.0,195731653.600,0.0,0.0,5068.0,766.800,0.400,0.200,0.400,3526873088.0,2084864.0,34853203968.0,1.30398031872e+11,0.0,0.0,0.0,4915.200,5067.600,766.400,0.170,0.531,99.284,0.010,0.0,0.005,1493153532.192,
0.135,0.420,99.434,0.005,0.0,0.005,0.0,11468.800,150629.0,159251346.800,0.0,0.0,4073.0,663.800,0.0,0.0,0.400,3526242304.0,2101248.0,34853199872.0,1.30398650368e+11,0.0,0.0,0.0,11468.800,4073.0,663.800,0.135,0.420,99.434,0.005,0.0,0.005,1493153537.192,
0.160,0.465,99.360,0.015,0.0,0.0,0.0,14745.600,135144.200,168117669.0,0.0,0.0,3705.0,688.200,0.0,0.200,0.800,3525922816.0,2117632.0,34853199872.0,1.30398953472e+11,0.0,0.0,0.0,14745.600,3705.200,688.600,0.160,0.465,99.360,0.015,0.0,0.0,1493153542.192,
0.180,0.575,99.235,0.0,0.0,0.010,0.0,819.200,185006.600,189864511.200,0.0,0.0,4884.800,768.0,0.400,0.0,0.0,3554832384.0,2117632.0,34853203968.0,1.30370039808e+11,0.0,0.0,0.0,819.200,4885.0,768.200,0.180,0.570,99.240,0.0,0.0,0.010,1493153547.192,
0.215,0.615,99.154,0.005,0.0,0.010,0.0,9830.400,224843.800,214196003.800,0.0,0.0,5699.0,843.200,0.200,0.0,0.800,3523608576.0,2134016.0,34853208064.0,1.30401243136e+11,0.0,0.0,0.0,9830.400,5698.600,842.600,0.215,0.620,99.149,0.005,0.0,0.010,1493153552.192,
0.165,0.590,99.245,0.0,0.0,0.0,0.0,8192.0,135618.800,195228694.800,0.0,0.0,4006.400,757.0,1.0,0.0,0.400,3544838144.0,2142208.0,34853212160.0,1.3038000128e+11,0.0,0.0,0.0,8192.0,4010.800,757.400,0.165,0.590,99.245,0.0,0.0,0.0,1493153557.192,
0.215,0.706,99.049,0.020,0.0,0.010,0.0,7372.800,191246.400,235385037.800,0.0,0.0,5206.600,886.0,0.0,0.0,0.400,3525992448.0,2158592.0,34853208064.0,1.30398834688e+11,0.0,0.0,0.0,7372.800,5202.200,885.600,0.215,0.706,99.049,0.020,0.0,0.010,1493153562.192,
0.125,0.290,99.575,0.010,0.0,0.0,0.0,4915.200,107782.0,120921562.400,0.0,0.0,3144.400,574.800,0.200,0.0,0.400,3529777152.0,2166784.0,34853216256.0,1.303950336e+11,0.0,0.0,0.0,4915.200,3144.400,574.800,0.125,0.290,99.575,0.010,0.0,0.0,1493153567.192,
0.145,0.415,99.430,0.010,0.0,0.0,0.0,14745.600,124541.200,148635491.400,0.0,0.0,3572.200,641.600,0.0,0.0,0.400,3544580096.0,2183168.0,34853220352.0,1.30380210176e+11,0.0,0.0,0.0,14745.600,3573.0,641.800,0.145,0.415,99.430,0.010,0.0,0.0,1493153572.192,
0.175,0.550,99.254,0.015,0.0,0.005,0.0,13926.400,188272.600,183884978.800,0.0,0.0,5201.800,708.600,0.400,0.0,0.400,3557945344.0,2199552.0,34853224448.0,1.30366824448e+11,0.0,0.0,0.0,13926.400,5207.600,709.0,0.175,0.550,99.255,0.015,0.0,0.005,1493153577.192,
0.135,0.425,99.440,0.0,0.0,0.0,0.0,819.200,119197.200,154102419.800,0.0,0.0,3516.0,634.800,0.0,0.0,0.400,3528830976.0,2199552.0,34853220352.0,1.30395942912e+11,0.0,0.0,0.0,819.200,3509.400,634.200,0.135,0.425,99.440,0.0,0.0,0.0,1493153582.192,
0.160,0.515,99.315,0.005,0.0,0.005,0.0,7372.800,151753.0,176214092.800,0.0,0.0,4192.0,727.0,0.0,0.0,0.800,3559956480.0,2215936.0,34853224448.0,1.30364796928e+11,0.0,0.0,0.0,7372.800,4192.0,727.0,0.160,0.510,99.319,0.005,0.0,0.005,1493153587.192,
0.135,0.440,99.420,0.0,0.0,0.005,0.0,8192.0,123542.400,159428031.0,0.0,0.0,3615.200,620.400,0.0,0.0,0.0,3545423872.0,2224128.0,34853224448.0,1.30379321344e+11,0.0,0.0,0.0,8192.0,3615.200,620.400,0.135,0.440,99.420,0.0,0.0,0.005,1493153592.192,
0.195,0.625,99.159,0.010,0.0,0.010,0.0,7372.800,157073.0,201358437.600,0.0,0.0,4498.200,768.800,0.400,0.0,0.800,3545206784.0,2240512.0,34853228544.0,1.30379517952e+11,0.0,0.0,0.0,7372.800,4499.800,769.200,0.195,0.625,99.159,0.010,0.0,0.010,1493153597.192,
0.175,0.480,99.340,0.0,0.0,0.005,0.0,8192.0,133404.400,163143886.200,0.0,0.0,3620.0,662.0,1.0,0.0,0.0,3563651072.0,2248704.0,34853232640.0,1.30361061376e+11,0.0,0.0,0.0,8192.0,3619.800,662.0,0.175,0.480,99.340,0.0,0.0,0.005,1493153602.192,
0.145,0.425,99.410,0.010,0.0,0.010,0.0,8192.0,128818.400,146310045.800,0.0,0.0,3639.600,670.800,0.200,0.0,1.200,3541897216.0,2265088.0,34853240832.0,1.30382790656e+11,0.0,0.0,0.0,8192.0,3638.600,670.800,0.145,0.430,99.405,0.010,0.0,0.010,1493153607.192,
0.155,0.390,99.440,0.015,0.0,0.0,0.0,13926.400,131716.200,132715434.400,0.0,0.0,3653.400,613.600,0.200,0.200,0.400,3527217152.0,2281472.0,34853236736.0,1.30397458432e+11,0.0,0.0,0.0,13926.400,3653.0,613.200,0.155,0.385,99.445,0.015,0.0,0.0,1493153612.192,
0.025,0.005,99.965,0.005,0.0,0.0,0.0,8192.0,4111.400,16484.0,0.0,0.0,206.800,250.200,0.0,0.0,0.800,3528785920.0,2289664.0,34853244928.0,1.3039587328e+11,0.0,0.0,0.0,8192.0,206.800,250.200,0.025,0.005,99.965,0.005,0.0,0.0,1493153617.192,
