"Dstat 0.7.2 CSV output"
"Author:","Dag Wieers <dag@wieers.com>",,,,"URL:","http://dag.wieers.com/home-made/dstat/"
"Host:","osd0.skyhook-4osds.skyhook-pg0.wisc.cloudlab.us",,,,"User:","jlefevre"
"Cmdline:","dstat -av --epoch --integer --noheaders --output dstat-osd0.log 5",,,,"Date:","25 Apr 2017 14:10:10 CDT"

"total cpu usage",,,,,,"dsk/total",,"net/total",,"paging",,"system",,"procs",,,"memory usage",,,,"paging",,"dsk/total",,"system",,"total cpu usage",,,,,,"epoch"
"usr","sys","idl","wai","hiq","siq","read","writ","recv","send","in","out","int","csw","run","blk","new","used","buff","cach","free","in","out","read","writ","int","csw","usr","sys","idl","wai","hiq","siq","epoch"
0.025,0.0,99.975,0.0,0.0,0.0,0.0,8192.0,2249.600,10975.800,0.0,0.0,123.600,128.200,0.0,0.0,0.0,3282444288.0,1384448.0,132915200.0,1.65363449856e+11,0.0,0.0,0.0,8192.0,123.600,128.200,0.025,0.0,99.975,0.0,0.0,0.0,1493152615.776,
0.120,0.270,98.854,0.741,0.0,0.015,95905382.400,2457.600,22262.200,47578319.400,0.0,0.0,1840.600,1785.400,0.200,0.0,0.200,3531132928.0,1392640.0,611528704.0,1.6463613952e+11,0.0,0.0,95905382.400,2457.600,1841.400,1785.600,0.115,0.275,98.854,0.741,0.0,0.015,1493152620.776,
0.135,0.440,98.979,0.435,0.0,0.010,115640729.600,3276.800,26732.800,107108939.800,0.0,0.0,2747.400,2201.200,0.0,0.0,0.0,3603197952.0,1400832.0,1190064128.0,1.6398553088e+11,0.0,0.0,115640729.600,3276.800,2746.800,2201.0,0.135,0.435,98.984,0.435,0.0,0.010,1493152625.776,
0.105,0.415,99.210,0.260,0.0,0.010,95897190.400,2457.600,31685.0,129444077.600,0.0,0.0,2759.200,1829.200,0.0,0.200,0.0,3461844992.0,1409024.0,1669263360.0,1.63647676416e+11,0.0,0.0,95897190.400,2457.600,2759.0,1829.200,0.110,0.415,99.205,0.260,0.0,0.010,1493152630.776,
0.165,0.451,98.964,0.405,0.0,0.015,134005555.200,0.0,36690.400,160061342.0,0.0,0.0,3401.800,2489.0,0.200,0.0,0.400,3372724224.0,1409024.0,2338533376.0,1.63067527168e+11,0.0,0.0,134189056.0,0.0,3402.800,2490.200,0.165,0.450,98.959,0.410,0.0,0.015,1493152635.776,
0.145,0.395,99.014,0.430,0.0,0.015,119839948.800,7372.800,43099.400,131346078.800,0.0,0.0,3174.600,2236.800,0.200,0.0,0.0,3332378624.0,1417216.0,2936967168.0,1.62509430784e+11,0.0,0.0,119656448.0,7372.800,3173.600,2235.600,0.140,0.395,99.024,0.425,0.0,0.015,1493152640.776,
0.145,0.461,98.809,0.581,0.0,0.005,141025280.0,5734.400,38236.0,156171939.400,0.0,0.0,3462.400,2578.800,0.0,0.600,0.0,3287199744.0,1425408.0,3643092992.0,1.61848475648e+11,0.0,0.0,141025280.0,5734.400,3462.400,2578.800,0.150,0.461,98.804,0.581,0.0,0.005,1493152645.776,
0.105,0.345,99.170,0.360,0.0,0.020,101538201.600,6553.600,28987.0,108817580.600,0.0,0.0,2507.400,1923.200,0.400,0.200,0.0,3271385088.0,1441792.0,4151607296.0,1.61355759616e+11,0.0,0.0,101538201.600,6553.600,2507.400,1923.200,0.105,0.350,99.165,0.360,0.0,0.020,1493152650.776,
0.115,0.325,99.165,0.395,0.0,0.0,95897190.400,0.0,23873.600,96817122.400,0.0,0.0,2321.400,1796.600,0.0,0.0,0.0,3301425152.0,1441792.0,4630384640.0,1.60846942208e+11,0.0,0.0,95897190.400,0.0,2321.400,1796.600,0.110,0.320,99.175,0.395,0.0,0.0,1493152655.776,
0.125,0.355,99.114,0.400,0.0,0.005,109999718.400,2457.600,28221.0,118493885.200,0.0,0.0,2709.400,2033.200,0.200,0.200,0.0,3271507968.0,1449984.0,5181054976.0,1.60326180864e+11,0.0,0.0,109999718.400,2457.600,2709.800,2033.200,0.125,0.355,99.114,0.400,0.0,0.005,1493152660.776,
0.120,0.365,99.124,0.380,0.0,0.010,110002995.200,0.0,28937.0,115029954.800,0.0,0.0,2513.200,2092.0,0.0,0.200,0.800,3275128832.0,1449984.0,5731684352.0,1.59771930624e+11,0.0,0.0,110002995.200,0.0,2513.0,2092.400,0.125,0.365,99.119,0.380,0.0,0.010,1493152665.776,
0.135,0.430,99.020,0.410,0.0,0.005,124102246.400,7372.800,40149.400,115936721.200,0.0,0.0,2746.800,2344.800,0.0,0.600,0.0,3349364736.0,1466368.0,6352175104.0,1.59077187584e+11,0.0,0.0,124102246.400,7372.800,2746.600,2344.400,0.130,0.435,99.020,0.410,0.0,0.005,1493152670.776,
0.140,0.455,98.929,0.460,0.0,0.015,140170854.400,8192.0,47446.800,151278396.800,0.0,0.0,3245.600,2619.600,0.0,0.200,0.0,3332808704.0,1474560.0,7053496320.0,1.58392414208e+11,0.0,0.0,140380569.600,8192.0,3250.400,2622.0,0.145,0.455,98.924,0.460,0.0,0.015,1493152675.776,
0.120,0.325,99.179,0.370,0.0,0.005,105213132.800,4915.200,24343.400,115405062.800,0.0,0.0,2583.0,1985.800,0.0,0.600,0.0,3307134976.0,1482752.0,7578595328.0,1.57892980736e+11,0.0,0.0,105003417.600,4915.200,2581.200,1983.800,0.115,0.325,99.184,0.370,0.0,0.005,1493152680.776,
0.130,0.405,98.854,0.601,0.0,0.010,131053977.600,6553.600,39206.0,128387571.400,0.0,0.0,3093.0,2362.400,0.200,0.800,0.0,3351355392.0,1499136.0,8234307584.0,1.5719303168e+11,0.0,0.0,131316121.600,6553.600,3091.200,2364.800,0.130,0.405,98.849,0.606,0.0,0.010,1493152685.776,
0.155,0.440,98.949,0.435,0.0,0.020,130739404.800,0.0,40792.200,145553239.600,0.0,0.0,3331.800,2425.400,0.200,0.800,0.0,3309617152.0,1499136.0,8887910400.0,1.56581167104e+11,0.0,0.0,130660761.600,0.0,3335.600,2425.0,0.160,0.435,98.954,0.430,0.0,0.020,1493152690.776,
0.095,0.360,99.215,0.325,0.0,0.005,95949619.200,2457.600,33897.200,98964944.400,0.0,0.0,2235.200,1788.600,0.200,0.600,0.0,3313971200.0,1507328.0,9367633920.0,1.56097081344e+11,0.0,0.0,95949619.200,2457.600,2231.600,1788.200,0.095,0.360,99.215,0.325,0.0,0.005,1493152695.776,
0.135,0.440,99.004,0.410,0.0,0.010,124563456.0,0.0,33554.0,111560912.800,0.0,0.0,2642.800,2286.600,0.600,0.600,0.0,3403657216.0,1507328.0,9990184960.0,1.55384844288e+11,0.0,0.0,124379955.200,0.0,2641.800,2284.600,0.130,0.440,99.009,0.410,0.0,0.010,1493152700.776,
0.160,0.560,98.769,0.500,0.0,0.010,155127808.0,2457.600,42605.800,104203035.0,0.0,0.0,2943.200,2872.600,0.200,0.400,0.400,3689771008.0,1515520.0,10764312576.0,1.54324594688e+11,0.0,0.0,155127808.0,2457.600,2942.800,2873.200,0.170,0.565,98.754,0.500,0.0,0.010,1493152705.776,
0.150,0.545,98.990,0.310,0.0,0.005,135316275.200,9011.200,32710.200,103006377.200,0.0,0.0,2834.200,2513.400,0.200,0.200,0.0,3874607104.0,1523712.0,11441475584.0,1.53462587392e+11,0.0,0.0,135384268.800,9011.200,2834.600,2513.200,0.145,0.540,99.000,0.310,0.0,0.005,1493152710.776,
0.160,0.496,98.884,0.451,0.0,0.010,131567616.0,9011.200,52081.0,148568843.0,0.0,0.0,3624.0,2476.600,0.400,0.400,0.0,3829903360.0,1540096.0,12099764224.0,1.52848986112e+11,0.0,0.0,131656908.800,9011.200,3625.0,2477.800,0.155,0.496,98.889,0.451,0.0,0.010,1493152715.776,
0.145,0.520,99.014,0.310,0.0,0.010,130807398.400,4915.200,56710.600,140648786.400,0.0,0.0,3594.600,2442.800,0.0,0.0,0.0,3808411648.0,1548288.0,12752543744.0,1.52217690112e+11,0.0,0.0,130650112.0,4915.200,3596.200,2441.200,0.150,0.525,99.004,0.310,0.0,0.010,1493152720.776,
0.155,0.565,98.749,0.515,0.0,0.015,149486796.800,0.0,58692.800,153519319.800,0.0,0.0,3628.800,2796.400,0.200,0.600,0.0,3818729472.0,1548288.0,13501108224.0,1.51458807808e+11,0.0,0.0,149486796.800,0.0,3627.400,2796.800,0.155,0.561,98.754,0.515,0.0,0.015,1493152725.776,
0.135,0.480,98.975,0.395,0.0,0.015,118670950.400,2457.600,35537.200,107686682.800,0.0,0.0,2578.400,2225.0,0.0,0.400,0.0,3893080064.0,1556480.0,14095765504.0,1.50789791744e+11,0.0,0.0,118854451.200,2457.600,2578.0,2227.400,0.130,0.485,98.975,0.395,0.0,0.015,1493152730.776,
0.160,0.555,98.814,0.460,0.0,0.010,146456576.0,0.0,60256.800,154269405.800,0.0,0.0,3282.800,2714.400,0.400,0.800,0.0,3892314112.0,1556480.0,14826409984.0,1.50059913216e+11,0.0,0.0,146273075.200,0.0,3281.600,2711.600,0.160,0.551,98.819,0.460,0.0,0.010,1493152735.776,
0.150,0.496,98.954,0.391,0.0,0.010,138571776.0,2457.600,54944.800,150712694.600,0.0,0.0,3224.800,2597.800,0.0,0.400,0.400,3870511104.0,1564672.0,15518744576.0,1.4938937344e+11,0.0,0.0,138781491.200,2457.600,3226.200,2600.600,0.150,0.501,98.949,0.391,0.0,0.010,1493152740.776,
0.125,0.440,99.064,0.370,0.0,0.0,112453222.400,10649.600,65294.0,134689836.0,0.0,0.0,3068.600,2130.600,0.0,0.200,0.0,3781967872.0,1572864.0,16083894272.0,1.48912758784e+11,0.0,0.0,112243507.200,10649.600,3067.200,2127.800,0.125,0.440,99.064,0.370,0.0,0.0,1493152745.776,
0.130,0.435,99.139,0.290,0.0,0.005,104358707.200,7372.800,62342.800,147824091.200,0.0,0.0,3483.0,2068.200,0.0,0.0,0.0,3600257024.0,1581056.0,16602742784.0,1.48575612928e+11,0.0,0.0,104358707.200,7372.800,3483.0,2068.200,0.135,0.430,99.139,0.290,0.0,0.005,1493152750.776,
0.180,0.611,98.604,0.591,0.0,0.015,157948313.600,9830.400,95732.400,189257875.0,0.0,0.0,4748.200,2932.600,0.200,0.0,0.0,3490582528.0,1597440.0,17393266688.0,1.47894747136e+11,0.0,0.0,157948313.600,9830.400,4748.200,2932.600,0.180,0.611,98.603,0.591,0.0,0.015,1493152755.776,
0.155,0.466,98.849,0.511,0.0,0.020,143871180.800,0.0,45729.0,145550349.400,0.0,0.0,3286.0,2637.600,0.400,0.200,0.200,3518365696.0,1597440.0,18112516096.0,1.4714771456e+11,0.0,0.0,143871180.800,0.0,3286.0,2637.600,0.150,0.466,98.853,0.511,0.0,0.020,1493152760.776,
0.150,0.450,99.059,0.330,0.0,0.010,132563763.200,2457.600,57512.800,148588465.400,0.0,0.0,3233.0,2481.0,0.0,0.0,0.0,3461586944.0,1605632.0,18775633920.0,1.46541367296e+11,0.0,0.0,132563763.200,2457.600,3234.0,2481.0,0.150,0.450,99.059,0.330,0.0,0.010,1493152765.776,
0.150,0.506,98.824,0.516,0.0,0.005,144302080.0,0.0,54438.800,152299811.400,0.0,0.0,3501.400,2663.200,0.600,0.200,0.400,3473661952.0,1605632.0,19498573824.0,1.45806352384e+11,0.0,0.0,144501145.600,0.0,3509.600,2666.200,0.155,0.511,98.814,0.516,0.0,0.005,1493152770.776,
0.195,0.596,98.653,0.546,0.0,0.010,171133337.600,4096.0,72239.400,179660849.600,0.0,0.0,4369.0,3139.200,0.400,0.600,0.0,3468808192.0,1613824.0,20353335296.0,1.4495643648e+11,0.0,0.0,171196416.0,4096.0,4361.400,3139.400,0.190,0.596,98.658,0.546,0.0,0.010,1493152775.776,
0.160,0.561,98.808,0.461,0.0,0.010,157240524.800,4096.0,104781.400,165077757.600,0.0,0.0,4177.0,2914.0,0.200,1.0,0.0,3468496896.0,1622016.0,21140271104.0,1.44169803776e+11,0.0,0.0,157188096.0,4096.0,4176.400,2912.200,0.160,0.561,98.808,0.461,0.0,0.010,1493152780.776,
0.170,0.561,98.644,0.616,0.0,0.010,159117312.0,10649.600,44374.400,123513665.800,0.0,0.0,3298.400,2870.200,0.200,0.0,0.0,3669336064.0,1638400.0,21935382528.0,1.431738368e+11,0.0,0.0,159117312.0,10649.600,3298.400,2870.800,0.170,0.561,98.644,0.616,0.0,0.010,1493152785.776,
0.145,0.510,98.854,0.485,0.0,0.005,137979494.400,4915.200,51205.600,116074748.800,0.0,0.0,3212.200,2534.800,0.200,0.200,0.0,3812335616.0,1646592.0,22622347264.0,1.4234386432e+11,0.0,0.0,137979494.400,4915.200,3215.200,2535.200,0.150,0.505,98.854,0.485,0.0,0.005,1493152790.776,
0.165,0.526,98.704,0.581,0.0,0.025,152580096.0,0.0,82950.400,148920098.600,0.0,0.0,3624.200,2877.800,0.0,0.600,0.600,3866189824.0,1785856.0,23388131328.0,1.41524086784e+11,0.0,0.0,152370380.800,0.0,3620.200,2875.400,0.165,0.526,98.704,0.581,0.0,0.025,1493152795.776,
0.165,0.565,98.714,0.530,0.0,0.025,143968665.600,50790.400,100343.600,171621752.200,0.0,0.0,4810.800,2788.200,0.200,1.200,1.800,3790348288.0,2256896.0,24108793856.0,1.40878794752e+11,0.0,0.0,144178380.800,50790.400,4812.0,2790.200,0.165,0.570,98.709,0.530,0.0,0.025,1493152800.776,
0.170,0.601,98.729,0.486,0.0,0.015,156532736.0,11468.800,118590.0,186940078.600,0.0,0.0,5043.800,2902.400,0.400,0.200,0.0,3685076992.0,2265088.0,24891678720.0,1.40201172992e+11,0.0,0.0,156585164.800,11468.800,5046.800,2904.0,0.165,0.596,98.734,0.491,0.0,0.015,1493152805.776,
0.180,0.491,98.668,0.656,0.0,0.005,164454400.0,3276.800,68469.400,117013476.200,0.0,0.0,3403.800,3066.200,0.400,0.400,1.0,3939835904.0,2273280.0,25713061888.0,1.3912502272e+11,0.0,0.0,164401971.200,3276.800,3403.200,3065.200,0.180,0.491,98.673,0.651,0.0,0.005,1493152810.776,
0.170,0.611,98.568,0.631,0.0,0.020,161780531.200,5734.400,122450.0,182292281.200,0.0,0.0,4381.400,3047.400,0.600,0.400,0.400,3874770944.0,2281472.0,26521972736.0,1.3838116864e+11,0.0,0.0,161754316.800,5734.400,4385.0,3047.200,0.170,0.616,98.563,0.631,0.0,0.020,1493152815.776,
0.160,0.606,98.639,0.586,0.0,0.010,158996889.600,8192.0,83104.400,184871978.400,0.0,0.0,4583.600,2942.200,0.0,0.800,0.0,3783294976.0,2297856.0,27316178944.0,1.37678422016e+11,0.0,0.0,158996889.600,8192.0,4577.600,2942.200,0.160,0.601,98.643,0.586,0.0,0.010,1493152820.776,
0.195,0.626,98.503,0.666,0.0,0.010,175841280.0,4915.200,120410.0,199284880.0,0.0,0.0,5362.800,3268.200,0.800,0.600,0.0,3719307264.0,2306048.0,28193820672.0,1.36864759808e+11,0.0,0.0,175867494.400,4915.200,5366.200,3268.600,0.195,0.631,98.498,0.666,0.0,0.010,1493152825.776,
0.175,0.581,98.844,0.390,0.0,0.010,152873369.600,19660.800,72991.0,189492338.0,0.0,0.0,4408.0,2894.0,0.200,0.400,0.400,3575631872.0,2314240.0,28959223808.0,1.36243023872e+11,0.0,0.0,152663654.400,19660.800,4403.600,2891.200,0.180,0.576,98.844,0.390,0.0,0.010,1493152830.776,
0.145,0.466,99.079,0.295,0.0,0.015,132563763.200,10649.600,81506.600,180414078.0,0.0,0.0,4115.0,2536.600,0.0,0.0,0.400,3365224448.0,2330624.0,29619888128.0,1.35792750592e+11,0.0,0.0,132563763.200,10649.600,4114.800,2536.600,0.140,0.471,99.079,0.295,0.0,0.015,1493152835.776,
0.140,0.466,98.818,0.576,0.0,0.0,152307302.400,8192.0,84848.800,156407345.800,0.0,0.0,4335.200,2810.400,0.0,0.200,0.400,3378253824.0,2338816.0,30383214592.0,1.3501638656e+11,0.0,0.0,152307302.400,8192.0,4339.400,2810.800,0.140,0.461,98.823,0.576,0.0,0.0,1493152840.776,
0.140,0.380,99.129,0.345,0.0,0.005,121281740.800,4096.0,73655.200,130055523.200,0.0,0.0,3679.600,2272.800,0.0,0.200,0.0,3367219200.0,2347008.0,30989336576.0,1.34421291008e+11,0.0,0.0,121281740.800,4096.0,3676.400,2272.400,0.145,0.380,99.124,0.345,0.0,0.005,1493152845.776,
0.135,0.410,99.049,0.400,0.0,0.005,115640729.600,4915.200,49503.600,121148627.400,0.0,0.0,3077.400,2203.800,0.0,0.0,0.400,3365646336.0,2355200.0,31568519168.0,1.33843673088e+11,0.0,0.0,115640729.600,4915.200,3080.400,2203.800,0.130,0.415,99.049,0.400,0.0,0.005,1493152850.776,
0.205,0.586,98.543,0.656,0.0,0.010,180654080.0,7372.800,114218.0,185429601.200,0.0,0.0,5385.200,3226.600,0.600,0.0,0.0,3381919744.0,2371584.0,32471502848.0,1.32924399616e+11,0.0,0.0,180853145.600,7372.800,5387.400,3228.0,0.215,0.586,98.528,0.661,0.0,0.010,1493152855.776,
0.130,0.320,99.259,0.285,0.0,0.005,98575974.400,4915.200,78540.600,109156133.200,0.0,0.0,3380.800,1870.600,0.400,0.0,0.400,3352117248.0,2379776.0,32965263360.0,1.32460433408e+11,0.0,0.0,98376908.800,4915.200,3374.600,1869.200,0.120,0.315,99.279,0.280,0.0,0.005,1493152860.776,
0.025,0.005,99.970,0.0,0.0,0.0,0.0,12288.0,2599.800,14119.200,0.0,0.0,143.400,171.0,0.0,0.0,0.0,3351527424.0,2387968.0,32965255168.0,1.32461023232e+11,0.0,0.0,0.0,12288.0,143.400,171.0,0.030,0.005,99.965,0.0,0.0,0.0,1493152865.776,
