"Dstat 0.7.2 CSV output"
"Author:","Dag Wieers <dag@wieers.com>",,,,"URL:","http://dag.wieers.com/home-made/dstat/"
"Host:","client0.skyhook-4osds.skyhook-pg0.wisc.cloudlab.us",,,,"User:","jlefevre"
"Cmdline:","dstat -av --epoch --integer --noheaders --output dstat-client0.log 5",,,,"Date:","25 Apr 2017 14:10:01 CDT"

"total cpu usage",,,,,,"dsk/total",,"net/total",,"paging",,"system",,"procs",,,"memory usage",,,,"paging",,"dsk/total",,"system",,"total cpu usage",,,,,,"epoch"
"usr","sys","idl","wai","hiq","siq","read","writ","recv","send","in","out","int","csw","run","blk","new","used","buff","cach","free","in","out","read","writ","int","csw","usr","sys","idl","wai","hiq","siq","epoch"
0.126,0.045,99.829,0.0,0.0,0.0,0.0,12288.0,49136.600,7555.200,0.0,0.0,1881.400,7553.400,0.200,0.0,1.400,5468778496.0,238878720.0,1.47414052864e+11,15658483712.0,0.0,0.0,0.0,12288.0,1881.400,7552.200,0.126,0.045,99.829,0.0,0.0,0.0,1493164836.201,
1.160,0.171,98.494,0.030,0.0,0.146,0.0,59801.600,95414140.600,92998.600,0.0,0.0,3939.0,9510.400,0.600,0.0,5.200,5518966784.0,238886912.0,1.47414089728e+11,15608250368.0,0.0,0.0,0.0,59801.600,3939.600,9513.800,1.165,0.176,98.484,0.030,0.0,0.146,1493164841.201,
1.999,0.291,97.454,0.050,0.0,0.206,0.0,167116.800,170503047.400,150676.400,0.0,0.0,5400.600,10715.800,1.0,0.0,0.400,5521850368.0,238899200.0,1.47414417408e+11,15605026816.0,0.0,0.0,0.0,167116.800,5400.0,10713.200,1.994,0.286,97.464,0.050,0.0,0.206,1493164846.201,
2.063,0.346,97.229,0.115,0.0,0.246,0.0,162201.600,174743656.600,151866.400,0.0,0.0,5876.0,10564.0,2.0,0.0,0.0,5526167552.0,238907392.0,1.474147328e+11,15600386048.0,0.0,0.0,0.0,162201.600,5876.200,10565.0,2.063,0.351,97.225,0.115,0.0,0.246,1493164851.201,
2.046,0.357,97.040,0.352,0.0,0.206,0.0,5536972.800,174746088.800,144623.800,0.0,0.0,5616.800,10613.600,1.0,0.200,0.0,5527355392.0,238911488.0,1.47407028224e+11,15606898688.0,0.0,0.0,0.0,5536972.800,5618.0,10614.600,2.051,0.357,97.030,0.352,0.0,0.211,1493164856.201,
1.964,0.281,97.473,0.116,0.0,0.166,0.0,151552.0,164969531.400,147092.200,0.0,0.0,5521.600,10128.0,1.600,0.200,0.0,5524516864.0,238919680.0,1.47407355904e+11,15609401344.0,0.0,0.0,0.0,151552.0,5523.400,10129.0,1.964,0.281,97.473,0.121,0.0,0.161,1493164861.201,
1.964,0.231,97.418,0.136,0.0,0.251,0.0,157286.400,167026880.400,144573.800,0.0,0.0,5708.200,10522.800,1.400,0.0,0.0,5522059264.0,238927872.0,1.4740770816e+11,15611498496.0,0.0,0.0,0.0,157286.400,5709.800,10525.0,1.964,0.226,97.428,0.131,0.0,0.251,1493164866.201,
2.091,0.286,97.367,0.095,0.0,0.161,0.0,151552.0,176872405.400,161029.200,0.0,0.0,5605.0,10910.0,1.800,0.0,0.0,5522636800.0,238936064.0,1.4740803584e+11,15610585088.0,0.0,0.0,0.0,151552.0,5600.200,10906.800,2.101,0.286,97.357,0.095,0.0,0.161,1493164871.201,
2.120,0.296,97.307,0.075,0.0,0.201,0.0,182681.600,183209158.200,167092.600,0.0,0.0,5568.400,10937.0,3.0,0.0,0.0,5519466496.0,238944256.0,1.47408347136e+11,15613435904.0,0.0,0.0,0.0,182681.600,5568.400,10935.400,2.110,0.296,97.317,0.075,0.0,0.201,1493164876.201,
2.171,0.317,97.196,0.090,0.0,0.226,0.0,165478.400,187363488.800,166705.200,0.0,0.0,5870.400,10741.600,2.0,0.0,0.0,5522100224.0,238952448.0,1.474086912e+11,15610449920.0,0.0,0.0,0.0,165478.400,5870.600,10743.800,2.171,0.317,97.195,0.090,0.0,0.226,1493164881.201,
2.051,0.302,97.371,0.101,0.0,0.176,0.0,167936.0,175597127.400,155866.200,0.0,0.0,5377.400,10899.200,1.600,0.200,0.200,5521592320.0,238960640.0,1.47409047552e+11,15610593280.0,0.0,0.0,0.0,167936.0,5379.200,10903.800,2.051,0.302,97.371,0.101,0.0,0.176,1493164886.201,
2.221,0.311,97.151,0.116,0.0,0.201,0.0,167936.0,188338107.400,169513.400,0.0,0.0,5821.800,10881.400,0.600,0.0,0.0,5522214912.0,238960640.0,1.47409403904e+11,15609614336.0,0.0,0.0,0.0,167936.0,5821.600,10875.0,2.215,0.316,97.152,0.116,0.0,0.201,1493164891.201,
2.230,0.311,97.117,0.090,0.0,0.251,0.0,154828.800,194623668.0,180649.600,0.0,0.0,5899.400,11455.400,1.200,0.0,0.0,5507612672.0,238968832.0,1.4740973568e+11,15623876608.0,0.0,0.0,0.0,154828.800,5898.600,11457.200,2.240,0.306,97.112,0.090,0.0,0.251,1493164896.201,
2.221,0.306,97.217,0.060,0.0,0.196,0.0,151552.0,187582463.800,162222.200,0.0,0.0,5596.200,10870.200,2.600,0.0,0.0,5508960256.0,238968832.0,1.47410075648e+11,15622189056.0,0.0,0.0,0.0,151552.0,5597.0,10868.800,2.211,0.307,97.226,0.060,0.0,0.196,1493164901.201,
2.135,0.347,97.182,0.100,0.0,0.236,0.0,153190.400,186634556.400,154905.600,0.0,0.0,5802.0,10585.600,0.400,0.0,0.0,5510549504.0,238981120.0,1.4741041152e+11,15620251648.0,0.0,0.0,0.0,153190.400,5800.200,10584.800,2.135,0.347,97.182,0.100,0.0,0.236,1493164906.201,
2.137,0.312,97.265,0.101,0.0,0.186,0.0,158924.800,184629939.0,168271.800,0.0,0.0,6116.200,11049.600,0.200,0.200,0.0,5514223616.0,238985216.0,1.47410776064e+11,15616208896.0,0.0,0.0,0.0,158924.800,6116.200,11050.400,2.137,0.312,97.265,0.101,0.0,0.186,1493164911.201,
2.180,0.331,97.172,0.090,0.0,0.226,0.0,160563.200,183185660.200,160957.800,0.0,0.0,5733.400,10977.0,1.600,0.0,0.0,5509255168.0,238993408.0,1.47411116032e+11,15620829184.0,0.0,0.0,0.0,160563.200,5733.600,10980.200,2.185,0.331,97.167,0.090,0.0,0.226,1493164916.201,
2.010,0.307,97.377,0.111,0.0,0.196,0.0,158924.800,173581348.200,151715.800,0.0,0.0,5534.600,10457.200,1.800,0.0,0.0,5511630848.0,239001600.0,1.47411439616e+11,15618121728.0,0.0,0.0,0.0,158924.800,5534.200,10451.200,2.005,0.307,97.382,0.111,0.0,0.196,1493164921.201,
0.311,0.075,99.443,0.141,0.0,0.030,0.0,149094.400,23727924.0,18507.0,0.0,0.0,2274.200,7805.400,0.200,0.0,1.0,5473386496.0,239001600.0,1.4741174272e+11,15656062976.0,0.0,0.0,0.0,149094.400,2274.600,7807.200,0.311,0.075,99.443,0.141,0.0,0.030,1493164926.201,
