"Dstat 0.7.2 CSV output"
"Author:","Dag Wieers <dag@wieers.com>",,,,"URL:","http://dag.wieers.com/home-made/dstat/"
"Host:","osd0.skyhook-4osds.skyhook-pg0.wisc.cloudlab.us",,,,"User:","jlefevre"
"Cmdline:","dstat -av --epoch --integer --noheaders --output dstat-osd0.log 5",,,,"Date:","25 Apr 2017 14:10:10 CDT"

"total cpu usage",,,,,,"dsk/total",,"net/total",,"paging",,"system",,"procs",,,"memory usage",,,,"paging",,"dsk/total",,"system",,"total cpu usage",,,,,,"epoch"
"usr","sys","idl","wai","hiq","siq","read","writ","recv","send","in","out","int","csw","run","blk","new","used","buff","cach","free","in","out","read","writ","int","csw","usr","sys","idl","wai","hiq","siq","epoch"
0.020,0.005,99.975,0.0,0.0,0.0,0.0,0.0,2013.400,11154.0,0.0,0.0,135.0,134.0,0.0,0.0,0.0,3330498560.0,2031616.0,32972120064.0,1.32475543552e+11,0.0,0.0,0.0,0.0,134.800,134.0,0.025,0.005,99.970,0.0,0.0,0.0,1493158650.776,
0.350,0.435,99.215,0.0,0.0,0.0,0.0,2457.600,66037.800,124312616.200,0.0,0.0,2317.800,506.0,0.400,0.0,0.0,3369467904.0,2039808.0,32972120064.0,1.32436566016e+11,0.0,0.0,0.0,2457.600,2320.800,506.0,0.345,0.440,99.215,0.0,0.0,0.0,1493158655.776,
0.275,0.410,99.314,0.0,0.0,0.0,0.0,0.0,55295.600,129585348.600,0.0,0.0,2351.0,510.600,0.0,0.0,0.0,3353812992.0,2039808.0,32972120064.0,1.32452220928e+11,0.0,0.0,0.0,0.0,2351.800,511.0,0.275,0.405,99.319,0.0,0.0,0.0,1493158660.776,
0.305,0.495,99.190,0.005,0.0,0.005,0.0,2457.600,54704.200,124945516.800,0.0,0.0,2460.600,573.200,0.600,0.0,0.400,3418517504.0,2048000.0,32972128256.0,1.32387500032e+11,0.0,0.0,0.0,2457.600,2460.0,573.600,0.305,0.495,99.190,0.005,0.0,0.005,1493158665.776,
0.345,0.575,99.074,0.005,0.0,0.0,0.0,12288.0,54282.400,139218445.600,0.0,0.0,2661.600,619.0,0.200,0.0,0.0,3500560384.0,2056192.0,32972124160.0,1.32305453056e+11,0.0,0.0,0.0,12288.0,2658.400,618.200,0.350,0.575,99.069,0.005,0.0,0.0,1493158670.776,
0.415,0.716,98.864,0.005,0.0,0.0,0.0,9011.200,74498.400,169844600.200,0.0,0.0,3221.600,663.600,0.400,0.0,0.0,3604369408.0,2072576.0,32972124160.0,1.32201627648e+11,0.0,0.0,0.0,9011.200,3224.0,664.200,0.410,0.730,98.855,0.005,0.0,0.0,1493158675.776,
0.325,0.585,99.080,0.0,0.0,0.010,0.0,4915.200,60457.800,152245948.800,0.0,0.0,2819.600,583.0,0.200,0.0,0.0,3514474496.0,2080768.0,32972115968.0,1.3229152256e+11,0.0,0.0,0.0,4915.200,2825.200,582.400,0.325,0.571,99.094,0.0,0.0,0.010,1493158680.776,
0.250,0.515,99.235,0.0,0.0,0.0,0.0,2457.600,45789.600,125315755.0,0.0,0.0,2269.800,519.400,0.400,0.0,0.0,3523227648.0,2080768.0,32972124160.0,1.32282761216e+11,0.0,0.0,0.0,2457.600,2261.800,519.800,0.255,0.520,99.225,0.0,0.0,0.0,1493158685.776,
0.320,0.575,99.100,0.0,0.0,0.005,0.0,2457.600,67622.800,134386598.400,0.0,0.0,2774.200,596.600,0.200,0.0,0.0,3560067072.0,2088960.0,32972124160.0,1.322459136e+11,0.0,0.0,0.0,2457.600,2774.200,596.200,0.320,0.570,99.105,0.0,0.0,0.005,1493158690.776,
0.265,0.425,99.305,0.0,0.0,0.005,0.0,0.0,51675.200,128852103.800,0.0,0.0,2385.800,486.400,0.200,0.0,0.0,3470266368.0,2088960.0,32972124160.0,1.32335714304e+11,0.0,0.0,0.0,0.0,2385.800,486.400,0.265,0.425,99.305,0.0,0.0,0.005,1493158695.776,
0.285,0.445,99.255,0.010,0.0,0.005,0.0,2457.600,63726.800,143408277.400,0.0,0.0,2649.0,565.400,0.0,0.0,0.400,3354759168.0,2097152.0,32972128256.0,1.32451209216e+11,0.0,0.0,0.0,2457.600,2649.0,565.400,0.280,0.450,99.255,0.010,0.0,0.005,1493158700.776,
0.315,0.450,99.230,0.0,0.0,0.005,0.0,819.200,39662.200,133662800.0,0.0,0.0,2215.800,557.0,0.400,0.0,0.0,3356921856.0,2097152.0,32972132352.0,1.32449042432e+11,0.0,0.0,0.0,819.200,2219.400,557.400,0.315,0.450,99.230,0.0,0.0,0.005,1493158705.776,
0.285,0.410,99.295,0.0,0.0,0.010,0.0,13107.200,39261.200,118521754.200,0.0,0.0,2041.600,527.800,0.200,0.0,0.0,3384221696.0,2113536.0,32972128256.0,1.32421730304e+11,0.0,0.0,0.0,13107.200,2038.0,527.400,0.285,0.405,99.300,0.0,0.0,0.010,1493158710.776,
0.325,0.500,99.175,0.0,0.0,0.0,0.0,7372.800,65842.400,146247883.800,0.0,0.0,2699.400,561.600,0.200,0.0,0.0,3384807424.0,2129920.0,32972124160.0,1.32421132288e+11,0.0,0.0,0.0,7372.800,2699.400,561.600,0.325,0.500,99.175,0.0,0.0,0.0,1493158715.776,
0.280,0.415,99.305,0.0,0.0,0.0,0.0,0.0,54312.800,126536702.800,0.0,0.0,2304.600,505.0,0.0,0.0,0.0,3354513408.0,2129920.0,32972128256.0,1.32451422208e+11,0.0,0.0,0.0,0.0,2304.600,505.0,0.280,0.420,99.300,0.0,0.0,0.0,1493158720.776,
0.365,0.520,99.104,0.0,0.0,0.010,0.0,2457.600,63882.0,150676905.800,0.0,0.0,2858.800,587.0,0.400,0.0,0.0,3408650240.0,2138112.0,32972128256.0,1.32397277184e+11,0.0,0.0,0.0,2457.600,2862.0,587.400,0.370,0.520,99.099,0.0,0.0,0.010,1493158725.776,
0.410,0.570,99.010,0.0,0.0,0.010,0.0,0.0,62961.600,119037489.600,0.0,0.0,2684.400,619.200,0.400,0.0,0.0,3642580992.0,2138112.0,32972132352.0,1.32163342336e+11,0.0,0.0,0.0,0.0,2681.200,618.800,0.405,0.565,99.019,0.0,0.0,0.010,1493158730.776,
0.350,0.630,99.009,0.0,0.0,0.010,0.0,3276.800,68468.600,153068982.200,0.0,0.0,3010.200,643.400,0.0,0.0,0.400,3644035072.0,2146304.0,32972136448.0,1.32161875968e+11,0.0,0.0,0.0,3276.800,3010.200,643.400,0.350,0.635,99.004,0.0,0.0,0.010,1493158735.776,
0.365,0.636,98.994,0.0,0.0,0.005,0.0,5734.400,68466.800,149695735.600,0.0,0.0,2962.200,654.800,0.200,0.0,0.0,3743584256.0,2154496.0,32972132352.0,1.32062322688e+11,0.0,0.0,0.0,5734.400,2965.0,654.800,0.370,0.635,98.989,0.0,0.0,0.005,1493158740.776,
0.325,0.605,99.060,0.005,0.0,0.005,0.0,9830.400,72984.200,171696205.0,0.0,0.0,3045.400,610.400,0.600,0.0,0.0,3636019200.0,2170880.0,32972132352.0,1.3216987136e+11,0.0,0.0,0.0,9830.400,3045.400,612.600,0.325,0.605,99.059,0.005,0.0,0.005,1493158745.776,
0.310,0.565,99.119,0.0,0.0,0.005,0.0,4915.200,78927.0,178436492.800,0.0,0.0,3256.200,626.200,0.400,0.0,0.0,3401125888.0,2179072.0,32972124160.0,1.32404764672e+11,0.0,0.0,0.0,4915.200,3257.200,624.200,0.305,0.565,99.124,0.0,0.0,0.005,1493158750.776,
0.445,0.605,98.944,0.0,0.0,0.005,0.0,2457.600,66469.800,185895219.200,0.0,0.0,3060.400,690.600,0.800,0.0,0.0,3416309760.0,2179072.0,32972132352.0,1.32389572608e+11,0.0,0.0,0.0,2457.600,3060.600,690.600,0.450,0.600,98.944,0.0,0.0,0.005,1493158755.776,
0.445,0.651,98.894,0.0,0.0,0.010,0.0,2457.600,107297.800,178187750.800,0.0,0.0,3956.0,715.200,0.800,0.0,0.0,3512397824.0,2187264.0,32972132352.0,1.32293476352e+11,0.0,0.0,0.0,2457.600,3952.0,715.0,0.440,0.656,98.894,0.0,0.0,0.010,1493158760.776,
0.290,0.530,99.170,0.0,0.0,0.010,0.0,0.0,89500.800,160923010.400,0.0,0.0,3357.200,604.800,0.0,0.0,0.200,3355537408.0,2187264.0,32972132352.0,1.32450336768e+11,0.0,0.0,0.0,0.0,3357.200,604.800,0.295,0.525,99.170,0.0,0.0,0.010,1493158765.776,
0.255,0.360,99.385,0.0,0.0,0.0,0.0,3276.800,53042.400,104943370.600,0.0,0.0,2032.400,499.200,0.400,0.0,0.400,3356782592.0,2195456.0,32972136448.0,1.32449079296e+11,0.0,0.0,0.0,3276.800,2032.400,499.200,0.255,0.360,99.385,0.0,0.0,0.0,1493158770.776,
0.425,0.645,98.929,0.0,0.0,0.0,0.0,4915.200,83254.0,161820937.600,0.0,0.0,3086.0,693.800,1.0,0.0,0.0,3513573376.0,2203648.0,32972132352.0,1.32292284416e+11,0.0,0.0,0.0,4915.200,3086.0,694.200,0.420,0.650,98.929,0.0,0.0,0.0,1493158775.776,
0.405,0.686,98.889,0.020,0.0,0.0,0.0,8192.0,87882.400,164248622.800,0.0,0.0,3449.600,682.0,0.600,0.0,0.0,3585732608.0,2220032.0,32972132352.0,1.322201088e+11,0.0,0.0,0.0,8192.0,3452.600,684.600,0.405,0.686,98.889,0.020,0.0,0.0,1493158780.776,
0.335,0.640,99.005,0.0,0.0,0.020,0.0,2457.600,81051.600,139096372.200,0.0,0.0,3084.600,593.600,0.400,0.0,0.0,3692916736.0,2228224.0,32972124160.0,1.32112924672e+11,0.0,0.0,0.0,2457.600,3084.400,591.200,0.335,0.645,99.000,0.0,0.0,0.020,1493158785.776,
0.460,0.731,98.799,0.0,0.0,0.010,0.0,0.0,90693.0,162490357.200,0.0,0.0,3519.400,715.200,0.600,0.0,0.200,3851821056.0,2228224.0,32972132352.0,1.3195401216e+11,0.0,0.0,0.0,0.0,3522.0,716.600,0.465,0.726,98.799,0.0,0.0,0.010,1493158790.776,
0.365,0.680,98.944,0.0,0.0,0.010,0.0,5734.400,101487.400,169515284.200,0.0,0.0,3727.400,683.0,0.600,0.0,0.200,3780354048.0,2244608.0,32972132352.0,1.32025462784e+11,0.0,0.0,0.0,5734.400,3726.600,681.200,0.360,0.681,98.949,0.0,0.0,0.010,1493158795.776,
0.385,0.650,98.959,0.0,0.0,0.005,0.0,0.0,87327.200,166845680.0,0.0,0.0,3365.800,647.200,0.400,0.0,0.200,3748941824.0,2244608.0,32972132352.0,1.32056875008e+11,0.0,0.0,0.0,0.0,3361.200,647.0,0.390,0.645,98.960,0.0,0.0,0.005,1493158800.776,
0.365,0.705,98.915,0.010,0.0,0.005,0.0,7372.800,76732.200,141486436.400,0.0,0.0,3097.600,652.800,0.400,0.0,0.600,3867185152.0,2260992.0,32972136448.0,1.319386112e+11,0.0,0.0,0.0,7372.800,3097.600,654.0,0.365,0.710,98.909,0.010,0.0,0.005,1493158805.776,
0.370,0.711,98.919,0.0,0.0,0.0,0.0,6553.600,92309.0,161455599.800,0.0,0.0,3525.0,699.800,0.400,0.0,0.0,3898130432.0,2269184.0,32972136448.0,1.31907657728e+11,0.0,0.0,0.0,6553.600,3526.800,698.800,0.365,0.711,98.924,0.0,0.0,0.0,1493158810.776,
0.345,0.726,98.909,0.0,0.0,0.020,0.0,4096.0,149311.400,223878755.400,0.0,0.0,4231.200,707.200,0.600,0.0,0.0,3579019264.0,2277376.0,32972140544.0,1.32226756608e+11,0.0,0.0,0.0,4096.0,4232.200,707.0,0.345,0.721,98.914,0.0,0.0,0.020,1493158815.776,
0.410,0.661,98.919,0.005,0.0,0.005,0.0,13107.200,96944.800,180825050.400,0.0,0.0,3744.800,649.0,0.0,0.0,0.0,3537371136.0,2293760.0,32972140544.0,1.32268388352e+11,0.0,0.0,0.0,13107.200,3747.0,649.800,0.415,0.666,98.909,0.005,0.0,0.005,1493158820.776,
0.415,0.701,98.869,0.0,0.0,0.015,0.0,2457.600,116163.0,170309499.400,0.0,0.0,3698.0,718.0,0.600,0.0,0.0,3576328192.0,2293760.0,32972140544.0,1.32229431296e+11,0.0,0.0,0.0,2457.600,3693.800,717.200,0.415,0.701,98.869,0.0,0.0,0.015,1493158825.776,
0.390,0.710,98.880,0.0,0.0,0.020,0.0,2457.600,68561.800,168223189.600,0.0,0.0,2627.0,685.0,0.400,0.0,0.0,3620491264.0,2301952.0,32972140544.0,1.32185260032e+11,0.0,0.0,0.0,2457.600,2626.400,685.400,0.390,0.705,98.884,0.0,0.0,0.020,1493158830.776,
0.385,0.650,98.954,0.0,0.0,0.010,0.0,819.200,89389.0,192563940.400,0.0,0.0,2928.600,692.0,0.0,0.0,0.400,3464409088.0,2301952.0,32972144640.0,1.32341338112e+11,0.0,0.0,0.0,819.200,2929.800,691.600,0.380,0.650,98.959,0.0,0.0,0.010,1493158835.776,
0.285,0.425,99.265,0.015,0.0,0.010,0.0,10649.600,54000.800,139516417.400,0.0,0.0,2140.200,549.0,0.0,0.0,0.0,3404025856.0,2318336.0,32972144640.0,1.3240170496e+11,0.0,0.0,0.0,10649.600,2139.0,549.400,0.290,0.430,99.255,0.015,0.0,0.010,1493158840.776,
0.410,0.595,98.984,0.0,0.0,0.010,0.0,0.0,74210.200,189697272.200,0.0,0.0,3092.200,682.400,0.400,0.0,0.0,3353018368.0,2318336.0,32972140544.0,1.32452716544e+11,0.0,0.0,0.0,0.0,3093.400,682.0,0.410,0.590,98.989,0.0,0.0,0.010,1493158845.776,
0.335,0.475,99.165,0.015,0.0,0.010,0.0,8192.0,60809.200,142657977.0,0.0,0.0,2331.800,595.800,0.400,0.0,0.0,3395796992.0,2334720.0,32972140544.0,1.32409921536e+11,0.0,0.0,0.0,8192.0,2330.600,596.600,0.335,0.480,99.160,0.015,0.0,0.010,1493158850.776,
0.370,0.505,99.120,0.0,0.0,0.005,0.0,2457.600,78109.400,147606613.800,0.0,0.0,2743.200,616.400,0.800,0.0,0.0,3437694976.0,2342912.0,32972132352.0,1.32368023552e+11,0.0,0.0,0.0,2457.600,2743.0,616.0,0.370,0.500,99.124,0.0,0.0,0.005,1493158855.776,
0.265,0.440,99.290,0.0,0.0,0.005,0.0,0.0,52325.800,132295202.0,0.0,0.0,2419.400,507.400,0.0,0.0,0.0,3359277056.0,2342912.0,32972140544.0,1.3244643328e+11,0.0,0.0,0.0,0.0,2419.400,507.200,0.260,0.445,99.290,0.0,0.0,0.005,1493158860.776,
0.280,0.370,99.350,0.0,0.0,0.0,0.0,2457.600,56810.0,120129953.800,0.0,0.0,2391.0,492.200,0.400,0.0,0.0,3353391104.0,2351104.0,32972140544.0,1.3245231104e+11,0.0,0.0,0.0,2457.600,2391.0,492.400,0.280,0.370,99.350,0.0,0.0,0.0,1493158865.776,
0.335,0.475,99.174,0.0,0.0,0.015,0.0,2457.600,57537.400,145600932.0,0.0,0.0,2536.600,601.0,0.200,0.0,0.400,3358683136.0,2351104.0,32972148736.0,1.32447010816e+11,0.0,0.0,0.0,2457.600,2538.800,600.800,0.340,0.475,99.170,0.0,0.0,0.015,1493158870.776,
0.265,0.405,99.315,0.005,0.0,0.010,0.0,9830.400,40973.200,116511727.200,0.0,0.0,2043.400,543.0,0.200,0.0,0.0,3376689152.0,2367488.0,32972148736.0,1.32428988416e+11,0.0,0.0,0.0,9830.400,2041.200,542.800,0.265,0.400,99.320,0.005,0.0,0.010,1493158875.776,
0.155,0.280,99.565,0.0,0.0,0.0,0.0,0.0,37762.800,80022535.400,0.0,0.0,1638.0,372.400,0.0,0.0,0.0,3340099584.0,2367488.0,32972144640.0,1.3246558208e+11,0.0,0.0,0.0,0.0,1638.0,372.400,0.155,0.280,99.565,0.0,0.0,0.0,1493158880.776,
0.025,0.005,99.970,0.0,0.0,0.0,0.0,8192.0,2964.600,13211.800,0.0,0.0,140.400,149.800,0.0,0.0,0.0,3340083200.0,2383872.0,32972144640.0,1.3246558208e+11,0.0,0.0,0.0,8192.0,140.400,149.800,0.020,0.005,99.975,0.0,0.0,0.0,1493158885.776,
