"Dstat 0.7.2 CSV output"
"Author:","Dag Wieers <dag@wieers.com>",,,,"URL:","http://dag.wieers.com/home-made/dstat/"
"Host:","client0.skyhook-4osds.skyhook-pg0.wisc.cloudlab.us",,,,"User:","jlefevre"
"Cmdline:","dstat -av --epoch --integer --noheaders --output dstat-client0.log 5",,,,"Date:","25 Apr 2017 14:10:01 CDT"

"total cpu usage",,,,,,"dsk/total",,"net/total",,"paging",,"system",,"procs",,,"memory usage",,,,"paging",,"dsk/total",,"system",,"total cpu usage",,,,,,"epoch"
"usr","sys","idl","wai","hiq","siq","read","writ","recv","send","in","out","int","csw","run","blk","new","used","buff","cach","free","in","out","read","writ","int","csw","usr","sys","idl","wai","hiq","siq","epoch"
0.030,0.025,99.900,0.045,0.0,0.0,0.0,50790.400,44477.800,2301.600,0.0,0.0,1743.800,7308.800,0.600,0.0,0.0,5464432640.0,222777344.0,1.47398004736e+11,15694979072.0,0.0,0.0,0.0,50790.400,1744.0,7310.400,0.030,0.025,99.900,0.045,0.0,0.0,1493157106.201,
0.261,1.000,98.663,0.005,0.0,0.070,0.0,9011.200,121445868.800,85139.0,0.0,0.0,4630.0,8908.0,0.600,0.0,5.0,5648121856.0,222785536.0,1.47398004736e+11,15511281664.0,0.0,0.0,0.0,9011.200,4644.400,8916.600,0.256,1.005,98.658,0.005,0.0,0.075,1493157111.200,
1.020,4.054,94.353,0.065,0.0,0.507,0.0,133529.600,572376846.600,281750.600,0.0,0.0,15932.400,13667.600,2.0,0.0,0.0,5649747968.0,222810112.0,1.47398193152e+11,15509442560.0,0.0,0.0,0.0,133529.600,15918.200,13654.200,1.025,4.049,94.358,0.065,0.0,0.502,1493157116.201,
1.006,4.086,94.501,0.065,0.0,0.342,0.0,110592.0,557319781.0,245936.200,0.0,0.0,12950.0,12210.800,3.0,0.200,0.0,5653217280.0,222834688.0,1.47398406144e+11,15505735680.0,0.0,0.0,0.0,110592.0,12950.800,12215.400,1.006,4.086,94.501,0.065,0.0,0.342,1493157121.201,
0.846,3.745,95.057,0.111,0.0,0.242,0.0,140083.200,499832422.0,182278.600,0.0,0.0,11594.0,10598.400,2.400,0.0,0.0,5649453056.0,222867456.0,1.47398627328e+11,15509245952.0,0.0,0.0,0.0,140083.200,11608.200,10612.800,0.845,3.754,95.048,0.111,0.0,0.242,1493157126.201,
0.987,4.002,94.558,0.111,0.0,0.342,0.0,131072.0,590980847.400,268970.600,0.0,0.0,14881.0,12960.800,1.800,0.0,0.200,5657640960.0,222871552.0,1.47398832128e+11,15500849152.0,0.0,0.0,0.0,131072.0,14865.800,12950.600,0.982,3.998,94.567,0.111,0.0,0.342,1493157131.201,
1.021,4.010,94.560,0.040,0.0,0.367,0.0,130252.800,614160656.0,300114.800,0.0,0.0,14358.0,13478.600,1.400,0.0,0.0,5667348480.0,222892032.0,1.4739902464e+11,15490928640.0,0.0,0.0,0.0,130252.800,14358.200,13472.800,1.026,4.010,94.557,0.040,0.0,0.367,1493157136.201,
1.020,3.926,94.622,0.030,0.0,0.402,0.0,149913.600,672343177.600,393441.400,0.0,0.0,14727.600,16802.600,2.600,0.0,0.0,5653196800.0,222900224.0,1.47399307264e+11,15504789504.0,0.0,0.0,0.0,149913.600,14733.600,16806.600,1.021,3.926,94.621,0.030,0.0,0.402,1493157141.201,
1.023,3.832,94.538,0.060,0.0,0.547,0.0,112230.400,648599678.600,311381.200,0.0,0.0,14004.800,15003.200,1.800,0.200,0.0,5651288064.0,222900224.0,1.47399544832e+11,15506460672.0,0.0,0.0,0.0,112230.400,14005.400,14997.600,1.023,3.832,94.538,0.060,0.0,0.547,1493157146.201,
1.097,4.291,94.164,0.086,0.0,0.362,0.0,140083.200,613498300.800,329265.800,0.0,0.0,14715.400,14368.200,2.400,0.0,0.0,5636382720.0,222912512.0,1.47399774208e+11,15521124352.0,0.0,0.0,0.0,140083.200,14708.600,14368.0,1.091,4.301,94.160,0.086,0.0,0.362,1493157151.201,
1.021,4.334,94.178,0.070,0.0,0.397,0.0,131072.0,582403020.0,265485.200,0.0,0.0,13939.200,12567.400,2.800,0.0,0.0,5656993792.0,222920704.0,1.47399983104e+11,15500296192.0,0.0,0.0,0.0,131072.0,13939.200,12569.200,1.031,4.329,94.173,0.070,0.0,0.397,1493157156.201,
1.077,4.239,94.236,0.096,0.0,0.352,0.0,145817.600,637359301.800,299748.200,0.0,0.0,15749.200,13057.800,2.200,0.0,0.200,5664612352.0,222928896.0,1.47400220672e+11,15492431872.0,0.0,0.0,0.0,145817.600,15754.600,13059.400,1.072,4.229,94.250,0.096,0.0,0.352,1493157161.201,
1.001,3.752,94.634,0.287,0.0,0.327,0.0,4282777.600,580302519.600,281274.0,0.0,0.0,13008.600,13037.0,2.400,0.400,0.0,5669941248.0,222932992.0,1.47394433024e+11,15492886528.0,0.0,0.0,0.0,4282777.600,13006.600,13038.600,1.001,3.752,94.633,0.287,0.0,0.327,1493157166.201,
0.990,3.913,94.564,0.105,0.0,0.427,0.0,133529.600,630482439.600,312731.400,0.0,0.0,14106.0,13917.800,1.600,0.0,0.0,5670789120.0,222986240.0,1.47394625536e+11,15491792896.0,0.0,0.0,0.0,133529.600,14103.600,13914.0,0.990,3.918,94.560,0.105,0.0,0.427,1493157171.201,
0.946,3.930,94.732,0.086,0.0,0.307,0.0,129433.600,585099175.600,257972.200,0.0,0.0,13095.600,12829.200,1.600,0.0,0.0,5673566208.0,222990336.0,1.47394854912e+11,15488782336.0,0.0,0.0,0.0,129433.600,13094.200,12826.800,0.946,3.925,94.736,0.086,0.0,0.307,1493157176.201,
0.951,4.210,94.381,0.070,0.0,0.387,0.0,134348.800,568822262.200,272118.200,0.0,0.0,13581.800,12483.0,2.200,0.0,0.0,5644541952.0,223027200.0,1.47395072e+11,15517552640.0,0.0,0.0,0.0,134348.800,13587.400,12488.600,0.951,4.210,94.376,0.070,0.0,0.392,1493157181.201,
0.915,3.868,94.910,0.045,0.0,0.262,0.0,126976.0,529549669.800,224439.800,0.0,0.0,12360.400,11857.400,1.600,0.200,0.0,5665243136.0,223051776.0,1.47395325952e+11,15496572928.0,0.0,0.0,0.0,126976.0,12355.400,11856.600,0.910,3.868,94.920,0.045,0.0,0.257,1493157186.201,
1.041,4.022,94.520,0.045,0.0,0.372,0.0,132710.400,646967416.0,285304.600,0.0,0.0,13569.200,14283.200,1.800,0.0,0.0,5658591232.0,223064064.0,1.47395559424e+11,15502979072.0,0.0,0.0,0.0,132710.400,13577.600,14292.200,1.041,4.027,94.516,0.045,0.0,0.372,1493157191.201,
1.032,3.814,94.817,0.015,0.0,0.322,0.0,167116.800,592345283.200,300532.600,0.0,0.0,13458.800,13499.0,2.200,0.0,0.0,5664526336.0,223072256.0,1.47395805184e+11,15496790016.0,0.0,0.0,0.0,167116.800,13450.200,13489.600,1.037,3.814,94.812,0.015,0.0,0.322,1493157196.201,
1.017,3.927,94.744,0.040,0.0,0.272,0.0,130252.800,603440216.200,300905.0,0.0,0.0,14638.600,13849.200,2.800,0.0,0.0,5662126080.0,223076352.0,1.47395981312e+11,15499010048.0,0.0,0.0,0.0,130252.800,14640.600,13846.200,1.012,3.927,94.749,0.040,0.0,0.272,1493157201.201,
1.033,4.208,94.376,0.040,0.0,0.343,0.0,133529.600,610474257.200,338228.800,0.0,0.0,14676.600,14506.600,1.800,0.0,0.0,5661929472.0,223105024.0,1.47396202496e+11,15498956800.0,0.0,0.0,0.0,133529.600,14677.600,14511.600,1.033,4.207,94.377,0.040,0.0,0.343,1493157206.200,
1.091,4.259,94.243,0.015,0.0,0.392,0.0,128614.400,632016890.800,332167.800,0.0,0.0,14869.0,14275.600,3.0,0.200,0.0,5676519424.0,223113216.0,1.47396493312e+11,15484067840.0,0.0,0.0,0.0,128614.400,14872.600,14274.400,1.091,4.258,94.243,0.015,0.0,0.392,1493157211.201,
1.012,3.947,94.603,0.076,0.0,0.362,0.0,132710.400,589010906.600,302450.400,0.0,0.0,13980.800,12982.600,2.400,0.0,0.0,5641744384.0,223125504.0,1.47396726784e+11,15518597120.0,0.0,0.0,0.0,132710.400,13981.600,12983.400,1.012,3.948,94.602,0.076,0.0,0.363,1493157216.201,
1.026,3.863,94.598,0.101,0.0,0.412,0.0,128614.400,584673747.400,304624.400,0.0,0.0,14351.400,13004.600,2.400,0.0,0.0,5663866880.0,223154176.0,1.47396898816e+11,15496273920.0,0.0,0.0,0.0,128614.400,14346.400,13001.600,1.031,3.867,94.590,0.101,0.0,0.412,1493157221.201,
1.097,3.891,94.518,0.126,0.0,0.367,0.0,135168.0,630589275.400,321926.400,0.0,0.0,14668.400,13801.0,2.200,0.0,0.0,5656346624.0,223178752.0,1.47397128192e+11,15503540224.0,0.0,0.0,0.0,135168.0,14672.600,13805.400,1.092,3.892,94.522,0.126,0.0,0.368,1493157226.201,
1.172,3.894,94.415,0.111,0.0,0.408,0.0,155648.0,699107334.0,451077.0,0.0,0.0,15873.0,17744.800,2.400,0.200,0.0,5656387584.0,223195136.0,1.47397414912e+11,15503196160.0,0.0,0.0,0.0,162201.600,15879.800,17758.800,1.177,3.889,94.410,0.116,0.0,0.408,1493157231.201,
1.057,4.118,94.362,0.086,0.0,0.378,0.0,126156.800,658408937.600,418759.400,0.0,0.0,15947.200,16502.600,2.800,0.0,0.0,5678034944.0,223199232.0,1.47397668864e+11,15481290752.0,0.0,0.0,0.0,119603.200,15936.400,16495.600,1.062,4.123,94.357,0.081,0.0,0.378,1493157236.201,
0.851,3.671,95.100,0.131,0.0,0.247,0.0,130252.800,517278204.600,249077.400,0.0,0.0,11983.200,12123.400,2.0,0.0,0.0,5675294720.0,223211520.0,1.47397890048e+11,15483797504.0,0.0,0.0,0.0,130252.800,11988.0,12111.200,0.846,3.662,95.114,0.131,0.0,0.247,1493157241.201,
0.932,3.818,94.857,0.081,0.0,0.312,0.0,126156.800,528053359.200,224336.600,0.0,0.0,12864.800,11348.200,2.200,0.0,0.0,5673529344.0,223215616.0,1.4739806208e+11,15485386752.0,0.0,0.0,0.0,126156.800,12860.400,11347.200,0.932,3.818,94.857,0.081,0.0,0.312,1493157246.201,
1.139,4.505,94.034,0.050,0.0,0.272,0.0,145817.600,599385115.200,301474.800,0.0,0.0,14898.600,13512.0,1.600,0.200,0.0,5646864384.0,223227904.0,1.4739830784e+11,15511793664.0,0.0,0.0,0.0,145817.600,14907.200,13529.0,1.139,4.510,94.028,0.050,0.0,0.272,1493157251.201,
0.916,3.904,94.752,0.050,0.0,0.377,0.0,109772.800,554594154.400,267928.200,0.0,0.0,13314.200,12321.200,2.400,0.0,0.0,5661646848.0,223232000.0,1.4739853312e+11,15496781824.0,0.0,0.0,0.0,109772.800,13305.800,12307.400,0.921,3.904,94.748,0.050,0.0,0.377,1493157256.201,
0.910,3.857,94.685,0.111,0.0,0.437,0.0,133529.600,526563611.600,229776.800,0.0,0.0,12143.0,11783.400,1.400,0.0,0.0,5669613568.0,223256576.0,1.47398713344e+11,15488610304.0,0.0,0.0,0.0,133529.600,12139.800,11779.0,0.905,3.857,94.690,0.111,0.0,0.437,1493157261.201,
1.021,4.206,94.365,0.081,0.0,0.327,0.0,141721.600,597210383.0,285270.600,0.0,0.0,13656.0,13420.800,3.200,0.0,0.0,5663617024.0,223297536.0,1.47398930432e+11,15494348800.0,0.0,0.0,0.0,141721.600,13666.600,13428.600,1.022,4.207,94.364,0.081,0.0,0.327,1493157266.201,
1.001,3.960,94.666,0.081,0.0,0.292,0.0,136806.400,563102350.600,263471.0,0.0,0.0,13297.400,12502.0,2.0,0.0,0.0,5670166528.0,223334400.0,1.47399163904e+11,15487528960.0,0.0,0.0,0.0,136806.400,13297.600,12497.600,1.001,3.960,94.667,0.080,0.0,0.292,1493157271.201,
1.107,4.097,94.313,0.091,0.0,0.393,0.0,128614.400,652457570.600,385044.800,0.0,0.0,16316.400,15660.0,3.0,0.200,0.0,5643558912.0,223367168.0,1.47399438336e+11,15513829376.0,0.0,0.0,0.0,128614.400,16325.800,15672.800,1.112,4.102,94.303,0.091,0.0,0.393,1493157276.201,
1.163,4.003,94.375,0.081,0.0,0.378,0.0,131072.0,687424988.600,454076.600,0.0,0.0,16743.0,17675.600,1.600,0.0,0.0,5655392256.0,223379456.0,1.47399675904e+11,15501746176.0,0.0,0.0,0.0,131072.0,16730.800,17677.600,1.163,3.993,94.380,0.081,0.0,0.383,1493157281.201,
1.139,4.036,94.447,0.055,0.0,0.322,0.0,136806.400,635161166.800,400515.800,0.0,0.0,16767.0,15610.600,2.400,0.0,0.200,5657276416.0,223399936.0,1.47399876608e+11,15499640832.0,0.0,0.0,0.0,136806.400,16762.400,15592.400,1.129,4.047,94.451,0.055,0.0,0.318,1493157286.201,
1.164,4.040,94.434,0.055,0.0,0.307,0.0,133529.600,650268948.600,375881.400,0.0,0.0,15368.800,15063.400,2.400,0.0,0.0,5674184704.0,223408128.0,1.47400122368e+11,15482478592.0,0.0,0.0,0.0,133529.600,15365.600,15069.600,1.169,4.030,94.439,0.055,0.0,0.307,1493157291.201,
1.385,3.964,94.259,0.020,0.0,0.373,0.0,134348.800,781446674.200,554716.0,0.0,0.0,18482.600,21020.200,2.800,0.200,0.0,5656055808.0,223428608.0,1.47400409088e+11,15500300288.0,0.0,0.0,0.0,134348.800,18496.200,21034.600,1.385,3.969,94.254,0.020,0.0,0.373,1493157296.201,
1.042,3.589,94.972,0.010,0.0,0.388,0.0,145817.600,616290731.400,359700.200,0.0,0.0,14370.600,14617.200,3.400,0.0,0.0,5667594240.0,223453184.0,1.4740064256e+11,15488503808.0,0.0,0.0,0.0,145817.600,14372.200,14619.800,1.047,3.593,94.962,0.010,0.0,0.388,1493157301.201,
1.121,3.825,94.491,0.050,0.0,0.513,0.0,132710.400,669417595.600,418194.200,0.0,0.0,16566.200,16070.0,3.400,0.0,0.0,5656588288.0,223457280.0,1.47400880128e+11,15499268096.0,0.0,0.0,0.0,132710.400,16550.800,16053.200,1.116,3.826,94.495,0.050,0.0,0.513,1493157306.201,
1.203,3.822,94.527,0.045,0.0,0.403,0.0,134348.800,694212374.600,492747.400,0.0,0.0,18073.600,17994.800,2.600,0.0,0.200,5652570112.0,223485952.0,1.47401089024e+11,15503048704.0,0.0,0.0,0.0,134348.800,18080.600,17990.800,1.203,3.821,94.522,0.045,0.0,0.408,1493157311.201,
1.151,3.965,94.261,0.020,0.0,0.603,0.0,130252.800,720790937.400,485428.0,0.0,0.0,17244.600,18294.200,2.0,0.200,0.0,5652406272.0,223490048.0,1.47401367552e+11,15502929920.0,0.0,0.0,0.0,130252.800,17257.200,18313.600,1.146,3.956,94.280,0.020,0.0,0.598,1493157316.201,
1.047,3.751,94.689,0.106,0.0,0.408,0.0,134348.800,625086683.600,387534.200,0.0,0.0,14882.400,15783.0,2.200,0.0,0.0,5658394624.0,223510528.0,1.47401609216e+11,15496679424.0,0.0,0.0,0.0,134348.800,14865.600,15766.800,1.057,3.755,94.674,0.106,0.0,0.408,1493157321.201,
1.086,3.954,94.553,0.030,0.0,0.377,0.0,128614.400,592774793.400,354103.400,0.0,0.0,14157.600,14983.800,2.200,0.0,0.0,5664010240.0,223522816.0,1.47401814016e+11,15490846720.0,0.0,0.0,0.0,128614.400,14166.800,14981.800,1.076,3.954,94.562,0.030,0.0,0.377,1493157326.201,
1.008,3.801,94.828,0.050,0.0,0.313,0.0,133529.600,588106296.200,316549.400,0.0,0.0,14498.800,13701.400,1.400,0.0,0.0,5658820608.0,223539200.0,1.47402027008e+11,15495806976.0,0.0,0.0,0.0,133529.600,14502.400,13718.600,1.013,3.801,94.823,0.050,0.0,0.313,1493157331.201,
1.093,4.220,94.294,0.071,0.0,0.322,0.0,142540.800,613228945.0,308571.400,0.0,0.0,14294.800,14277.200,2.600,0.0,0.0,5678596096.0,223555584.0,1.4740224e+11,15475802112.0,0.0,0.0,0.0,142540.800,14279.200,14260.600,1.088,4.216,94.304,0.071,0.0,0.322,1493157336.201,
1.030,3.689,94.838,0.055,0.0,0.387,0.0,133529.600,655450301.200,353821.0,0.0,0.0,14226.400,15708.600,2.0,0.200,0.0,5677162496.0,223555584.0,1.4740252672e+11,15476948992.0,0.0,0.0,0.0,133529.600,14226.800,15707.600,1.040,3.699,94.819,0.055,0.0,0.387,1493157341.201,
1.035,3.829,94.488,0.100,0.0,0.548,0.0,130252.800,684840133.0,427097.200,0.0,0.0,15929.200,16181.200,2.0,0.0,0.0,5675188224.0,223571968.0,1.47402747904e+11,15478685696.0,0.0,0.0,0.0,130252.800,15936.0,16185.400,1.030,3.824,94.498,0.100,0.0,0.548,1493157346.201,
0.734,2.695,96.214,0.116,0.0,0.241,0.0,144179.200,484434545.800,299404.600,0.0,0.0,11602.800,15354.0,1.600,0.0,1.0,5474308096.0,223571968.0,1.47403001856e+11,15679311872.0,0.0,0.0,0.0,144179.200,11595.800,15352.400,0.729,2.690,96.223,0.116,0.0,0.241,1493157351.201,
