"Dstat 0.7.2 CSV output"
"Author:","Dag Wieers <dag@wieers.com>",,,,"URL:","http://dag.wieers.com/home-made/dstat/"
"Host:","osd0.skyhook-4osds.skyhook-pg0.wisc.cloudlab.us",,,,"User:","jlefevre"
"Cmdline:","dstat -av --epoch --integer --noheaders --output dstat-osd0.log 5",,,,"Date:","25 Apr 2017 14:10:10 CDT"

"total cpu usage",,,,,,"dsk/total",,"net/total",,"paging",,"system",,"procs",,,"memory usage",,,,"paging",,"dsk/total",,"system",,"total cpu usage",,,,,,"epoch"
"usr","sys","idl","wai","hiq","siq","read","writ","recv","send","in","out","int","csw","run","blk","new","used","buff","cach","free","in","out","read","writ","int","csw","usr","sys","idl","wai","hiq","siq","epoch"
0.020,0.010,99.940,0.030,0.0,0.0,0.0,3276.800,3506.200,12317.200,0.0,0.0,160.400,171.200,0.0,0.0,0.0,3260592128.0,1257472.0,169852928.0,1.65348491264e+11,0.0,0.0,0.0,3276.800,160.400,171.200,0.020,0.010,99.940,0.030,0.0,0.0,1493163260.776,
0.135,0.355,98.879,0.620,0.0,0.010,112845619.200,2457.600,29231.200,67042576.800,0.0,0.0,2319.200,2050.800,0.400,1.200,0.600,3501133824.0,1265664.0,733384704.0,1.645444096e+11,0.0,0.0,112845619.200,2457.600,2321.0,2051.0,0.140,0.360,98.869,0.620,0.0,0.010,1493163265.776,
0.125,0.360,98.949,0.556,0.0,0.010,112821043.200,0.0,31804.800,138285675.800,0.0,0.0,2952.400,2154.200,0.200,0.200,0.0,3410149376.0,1265664.0,1297428480.0,1.64071350272e+11,0.0,0.0,112821043.200,0.0,2953.600,2154.200,0.125,0.355,98.954,0.556,0.0,0.010,1493163270.776,
0.115,0.305,99.184,0.380,0.0,0.015,94885478.400,7372.800,29852.200,125315663.800,0.0,0.0,2591.400,1849.200,0.400,0.200,0.0,3272724480.0,1282048.0,1773301760.0,1.63732885504e+11,0.0,0.0,95095193.600,7372.800,2593.200,1850.800,0.110,0.310,99.184,0.380,0.0,0.015,1493163275.776,
0.145,0.410,98.979,0.455,0.0,0.010,130754969.600,4915.200,34819.0,139719290.400,0.0,0.0,3110.600,2362.0,0.600,0.400,0.0,3259498496.0,1290240.0,2426257408.0,1.63093147648e+11,0.0,0.0,130545254.400,4915.200,3110.600,2360.600,0.145,0.405,98.984,0.455,0.0,0.010,1493163280.776,
0.175,0.396,98.853,0.571,0.0,0.005,146954649.600,4915.200,37841.400,139626745.200,0.0,0.0,3318.800,2667.200,0.400,0.400,0.0,3340709888.0,1298432.0,3160801280.0,1.62277384192e+11,0.0,0.0,147164364.800,4915.200,3318.400,2670.800,0.175,0.401,98.843,0.576,0.0,0.005,1493163285.776,
0.155,0.511,98.829,0.501,0.0,0.005,152023040.0,1638.400,60156.600,166385740.400,0.0,0.0,3993.200,2764.400,0.200,0.600,0.0,3291914240.0,1298432.0,3921125376.0,1.61565855744e+11,0.0,0.0,151813324.800,1638.400,3988.800,2760.400,0.160,0.511,98.829,0.496,0.0,0.005,1493163290.776,
0.120,0.315,99.199,0.360,0.0,0.005,109999718.400,4915.200,29485.400,113966843.400,0.0,0.0,2701.600,2032.800,0.400,0.200,0.400,3298586624.0,1306624.0,4470931456.0,1.61009369088e+11,0.0,0.0,109999718.400,4915.200,2702.400,2032.800,0.115,0.310,99.209,0.360,0.0,0.005,1493163295.776,
0.120,0.395,99.074,0.410,0.0,0.0,115205734.400,0.0,30887.400,122188281.800,0.0,0.0,2835.400,2164.600,0.0,0.400,0.0,3298979840.0,1306624.0,5047525376.0,1.60432381952e+11,0.0,0.0,115415449.600,0.0,2835.800,2167.0,0.120,0.400,99.070,0.410,0.0,0.0,1493163300.776,
0.135,0.395,98.879,0.580,0.0,0.010,127357747.200,7372.800,32015.200,123382328.0,0.0,0.0,2953.0,2302.600,0.400,0.200,0.0,3346460672.0,1323008.0,5683609600.0,1.59748800512e+11,0.0,0.0,127148032.0,7372.800,2951.800,2300.200,0.135,0.390,98.884,0.580,0.0,0.010,1493163305.776,
0.130,0.355,98.839,0.665,0.0,0.010,115640729.600,8192.0,33744.0,124059650.0,0.0,0.0,2907.400,2114.400,0.200,0.200,0.0,3329052672.0,1331200.0,6262013952.0,1.59187795968e+11,0.0,0.0,115640729.600,8192.0,2907.400,2114.400,0.130,0.360,98.834,0.665,0.0,0.010,1493163310.776,
0.110,0.300,99.119,0.460,0.0,0.010,107179212.800,2457.600,33386.600,121106916.600,0.0,0.0,2813.0,1993.800,0.200,0.400,0.0,3287441408.0,1339392.0,6796234752.0,1.5869517824e+11,0.0,0.0,107179212.800,2457.600,2813.0,1993.800,0.110,0.300,99.119,0.460,0.0,0.010,1493163315.776,
0.125,0.330,98.989,0.540,0.0,0.015,115640729.600,0.0,35491.400,126167081.800,0.0,0.0,2875.200,2128.200,0.0,0.0,0.0,3259813888.0,1339392.0,7376404480.0,1.58142636032e+11,0.0,0.0,115640729.600,0.0,2875.200,2128.200,0.125,0.330,98.989,0.540,0.0,0.015,1493163320.776,
0.100,0.295,99.149,0.450,0.0,0.005,99635200.0,6553.600,21264.0,99029108.400,0.0,0.0,2298.600,1860.200,0.600,0.800,0.0,3294646272.0,1347584.0,7874609152.0,1.57609590784e+11,0.0,0.0,99818700.800,6553.600,2299.800,1862.400,0.105,0.290,99.149,0.450,0.0,0.005,1493163325.776,
0.115,0.330,99.029,0.520,0.0,0.005,109082214.400,2457.600,30924.600,115419897.800,0.0,0.0,2719.400,2017.0,0.0,0.0,0.0,3293007872.0,1355776.0,8419483648.0,1.57066346496e+11,0.0,0.0,108898713.600,2457.600,2718.200,2014.800,0.110,0.330,99.034,0.520,0.0,0.005,1493163330.776,
0.130,0.350,99.024,0.491,0.0,0.005,121281740.800,4096.0,30214.800,128226810.200,0.0,0.0,2901.200,2190.400,0.400,0.200,0.0,3279421440.0,1355776.0,9026416640.0,1.56472999936e+11,0.0,0.0,121281740.800,4096.0,2901.200,2190.400,0.130,0.350,99.024,0.491,0.0,0.005,1493163335.776,
0.120,0.300,99.194,0.381,0.0,0.005,109999718.400,2457.600,35067.400,115034610.400,0.0,0.0,2710.0,2067.400,0.0,0.0,0.400,3283238912.0,1363968.0,9576402944.0,1.55919187968e+11,0.0,0.0,109999718.400,2457.600,2710.0,2067.400,0.125,0.305,99.184,0.380,0.0,0.005,1493163340.776,
0.150,0.475,98.654,0.710,0.0,0.010,145077862.400,4915.200,30614.800,116290289.0,0.0,0.0,3081.600,2604.400,0.400,0.600,0.0,3467972608.0,1372160.0,10302820352.0,1.55008028672e+11,0.0,0.0,145287577.600,4915.200,3084.600,2607.0,0.150,0.475,98.649,0.715,0.0,0.010,1493163345.776,
0.160,0.515,98.594,0.715,0.0,0.015,144579788.800,2457.600,35816.800,140915818.0,0.0,0.0,3359.200,2636.400,0.0,0.600,0.0,3513180160.0,1380352.0,11025137664.0,1.54240495616e+11,0.0,0.0,144579788.800,2457.600,3357.200,2635.0,0.160,0.510,98.604,0.710,0.0,0.015,1493163350.776,
0.125,0.430,98.824,0.615,0.0,0.005,117150515.200,4915.200,44138.800,163506277.400,0.0,0.0,3391.400,2169.0,0.400,0.400,0.0,3318550528.0,1388544.0,11610771456.0,1.53849483264e+11,0.0,0.0,117098086.400,4915.200,3393.400,2170.800,0.120,0.435,98.819,0.620,0.0,0.005,1493163355.776,
0.175,0.491,98.328,0.996,0.0,0.010,165754470.400,4096.0,41652.800,145892035.200,0.0,0.0,3667.600,2922.600,0.200,0.400,0.0,3453161472.0,1396736.0,12438556672.0,1.52887078912e+11,0.0,0.0,165597184.0,4096.0,3666.600,2919.800,0.175,0.486,98.338,0.991,0.0,0.010,1493163360.776,
0.145,0.400,98.744,0.700,0.0,0.010,123798323.200,4915.200,31693.400,110492540.200,0.0,0.0,2865.0,2260.800,0.0,0.600,0.400,3554344960.0,1404928.0,13059293184.0,1.5216515072e+11,0.0,0.0,123981824.0,4915.200,2864.200,2263.0,0.145,0.400,98.739,0.705,0.0,0.010,1493163365.776,
0.145,0.455,98.584,0.811,0.0,0.005,127226675.200,8192.0,41676.600,142955732.400,0.0,0.0,3341.400,2416.0,0.400,0.200,0.0,3495432192.0,1413120.0,13693710336.0,1.51589638144e+11,0.0,0.0,127043174.400,8192.0,3340.200,2413.600,0.145,0.455,98.589,0.806,0.0,0.005,1493163370.776,
0.170,0.515,98.424,0.881,0.0,0.010,155599667.200,7372.800,42013.400,180436978.200,0.0,0.0,3807.800,2809.800,0.200,0.400,0.0,3420143616.0,1429504.0,14472081408.0,1.50886539264e+11,0.0,0.0,155783168.0,7372.800,3812.400,2812.200,0.170,0.520,98.419,0.881,0.0,0.010,1493163375.776,
0.175,0.551,98.383,0.881,0.0,0.010,177219993.600,4096.0,52504.0,194489594.400,0.0,0.0,4219.200,3151.200,0.200,0.800,0.0,3368648704.0,1429504.0,15357411328.0,1.50052704256e+11,0.0,0.0,177036492.800,4096.0,4214.600,3148.800,0.180,0.551,98.378,0.881,0.0,0.010,1493163380.776,
0.125,0.380,98.864,0.620,0.0,0.010,118461235.200,2457.600,48361.800,137646850.200,0.0,0.0,3187.800,2157.600,0.600,0.200,0.0,3295604736.0,1437696.0,15949078528.0,1.49534072832e+11,0.0,0.0,118461235.200,2457.600,3191.400,2158.0,0.120,0.375,98.874,0.620,0.0,0.010,1493163385.776,
0.110,0.320,99.024,0.535,0.0,0.010,107187404.800,0.0,45182.600,115075451.800,0.0,0.0,2849.800,1993.0,0.0,0.400,0.200,3285254144.0,1437696.0,16485920768.0,1.49007581184e+11,0.0,0.0,107187404.800,0.0,2846.200,1992.600,0.115,0.325,99.014,0.535,0.0,0.010,1493163390.776,
0.120,0.380,98.799,0.680,0.0,0.020,118461235.200,6553.600,31339.0,123856178.800,0.0,0.0,2845.200,2161.400,0.400,0.200,0.0,3286904832.0,1454080.0,17079001088.0,1.48412833792e+11,0.0,0.0,118461235.200,6553.600,2845.200,2161.400,0.115,0.380,98.804,0.680,0.0,0.020,1493163395.776,
0.170,0.551,98.423,0.846,0.0,0.010,172255641.600,4915.200,43752.600,143400584.800,0.0,0.0,3814.800,3029.600,1.0,1.0,0.400,3478441984.0,1462272.0,17939779584.0,1.47360509952e+11,0.0,0.0,172517785.600,4915.200,3816.600,3032.200,0.170,0.546,98.423,0.851,0.0,0.010,1493163400.776,
0.175,0.501,98.553,0.756,0.0,0.015,161009664.0,819.200,46189.0,146506508.400,0.0,0.0,3799.600,2916.800,0.600,0.600,0.0,3582717952.0,1462272.0,18745024512.0,1.46450989056e+11,0.0,0.0,160931020.800,819.200,3804.0,2916.200,0.180,0.501,98.548,0.756,0.0,0.015,1493163405.776,
0.165,0.556,98.654,0.616,0.0,0.010,163143680.0,7372.800,50608.400,157039385.600,0.0,0.0,3906.600,2982.600,0.0,0.0,0.0,3651489792.0,1478656.0,19558293504.0,1.4556893184e+11,0.0,0.0,162960179.200,7372.800,3904.200,2980.600,0.160,0.561,98.659,0.611,0.0,0.010,1493163410.776,
0.175,0.531,98.598,0.686,0.0,0.010,166409830.400,4915.200,53564.800,161159816.600,0.0,0.0,3936.600,3019.600,0.400,0.200,0.0,3711578112.0,1486848.0,20392493056.0,1.44674635776e+11,0.0,0.0,166409830.400,4915.200,3932.800,3019.600,0.180,0.526,98.598,0.686,0.0,0.010,1493163415.776,
0.130,0.425,98.879,0.556,0.0,0.010,124102246.400,2457.600,50157.0,159072538.400,0.0,0.0,3432.200,2341.800,0.0,0.200,0.0,3569033216.0,1495040.0,21013291008.0,1.44196374528e+11,0.0,0.0,124102246.400,2457.600,3432.200,2342.0,0.130,0.425,98.879,0.556,0.0,0.010,1493163420.776,
0.155,0.555,98.474,0.801,0.0,0.015,155127808.0,2457.600,57630.800,198385649.800,0.0,0.0,4071.200,2854.400,0.200,0.800,0.0,3404091392.0,1495040.0,21787947008.0,1.43586660352e+11,0.0,0.0,155127808.0,2457.600,4076.0,2854.600,0.150,0.560,98.474,0.801,0.0,0.015,1493163425.776,
0.145,0.445,98.819,0.581,0.0,0.010,141025280.0,4096.0,40444.200,166932308.600,0.0,0.0,3508.800,2558.200,0.400,0.0,0.0,3296604160.0,1503232.0,22493224960.0,1.4298886144e+11,0.0,0.0,141025280.0,4096.0,3504.0,2557.800,0.145,0.445,98.819,0.581,0.0,0.010,1493163430.776,
0.160,0.461,98.578,0.791,0.0,0.010,152307302.400,4915.200,33366.0,146595847.400,0.0,0.0,3362.400,2758.800,0.600,0.200,0.400,3372666880.0,1511424.0,23255244800.0,1.42150770688e+11,0.0,0.0,152307302.400,4915.200,3362.400,2758.800,0.160,0.461,98.578,0.791,0.0,0.010,1493163435.776,
0.145,0.410,98.789,0.655,0.0,0.0,126922752.0,4915.200,37689.200,136826234.600,0.0,0.0,3152.0,2337.400,0.200,0.200,0.0,3346595840.0,1519616.0,23889731584.0,1.41542346752e+11,0.0,0.0,126922752.0,4915.200,3153.600,2337.400,0.150,0.410,98.784,0.655,0.0,0.0,1493163440.776,
0.155,0.435,98.864,0.535,0.0,0.010,135384268.800,7372.800,37828.800,139771745.0,0.0,0.0,3284.0,2439.600,0.0,0.200,0.0,3359645696.0,1536000.0,24567402496.0,1.408516096e+11,0.0,0.0,135384268.800,7372.800,3288.400,2440.0,0.150,0.435,98.869,0.535,0.0,0.010,1493163445.776,
0.145,0.430,98.739,0.681,0.0,0.005,136118272.0,0.0,57242.0,150880648.400,0.0,0.0,3572.0,2490.800,0.200,1.0,0.0,3324514304.0,1536000.0,25247444992.0,1.40206698496e+11,0.0,0.0,136380416.0,0.0,3575.400,2494.0,0.150,0.430,98.734,0.681,0.0,0.005,1493163450.776,
0.190,0.551,98.373,0.881,0.0,0.005,176957849.600,2457.600,53188.200,166487961.400,0.0,0.0,4036.600,3093.0,0.0,0.200,0.0,3407831040.0,1544192.0,26131890176.0,1.39238928384e+11,0.0,0.0,176695705.600,2457.600,4027.200,3089.400,0.190,0.546,98.378,0.881,0.0,0.005,1493163455.776,
0.170,0.466,98.698,0.656,0.0,0.010,149617868.800,0.0,43619.800,161855734.0,0.0,0.0,3655.200,2700.200,0.600,0.200,0.0,3385077760.0,1544192.0,26880430080.0,1.3851314176e+11,0.0,0.0,149801369.600,0.0,3658.400,2702.400,0.165,0.466,98.704,0.656,0.0,0.010,1493163460.776,
0.145,0.410,98.879,0.555,0.0,0.010,131919052.800,3276.800,50467.600,148812416.800,0.0,0.0,3404.0,2405.200,0.400,0.200,0.0,3336212480.0,1552384.0,27539214336.0,1.37903214592e+11,0.0,0.0,131919052.800,3276.800,3406.400,2406.200,0.150,0.415,98.869,0.555,0.0,0.010,1493163465.776,
0.210,0.576,98.258,0.946,0.0,0.010,187464089.600,4915.200,69755.0,170912814.800,0.0,0.0,4478.0,3351.200,0.200,0.600,0.400,3469570048.0,1560576.0,28478590976.0,1.36830472192e+11,0.0,0.0,187490304.0,4915.200,4473.800,3350.600,0.205,0.576,98.258,0.951,0.0,0.010,1493163470.776,
0.165,0.495,98.800,0.530,0.0,0.010,131766681.600,5734.400,43216.400,155591315.200,0.0,0.0,3485.0,2422.200,0.400,0.400,0.0,3376181248.0,1568768.0,29136162816.0,1.3626628096e+11,0.0,0.0,131556966.400,5734.400,3483.600,2419.600,0.170,0.490,98.805,0.525,0.0,0.010,1493163475.776,
0.135,0.330,99.054,0.476,0.0,0.005,118461235.200,2457.600,50034.600,118884908.800,0.0,0.0,3223.0,2208.400,0.0,0.200,0.0,3403505664.0,1576960.0,29728468992.0,1.35646642176e+11,0.0,0.0,118461235.200,2457.600,3226.200,2208.400,0.135,0.335,99.049,0.476,0.0,0.005,1493163480.776,
0.155,0.460,98.834,0.541,0.0,0.010,141025280.0,7372.800,40503.0,148786484.600,0.0,0.0,3463.0,2558.200,0.0,0.200,0.0,3389505536.0,1585152.0,30434017280.0,1.34955085824e+11,0.0,0.0,141025280.0,7372.800,3459.800,2558.400,0.155,0.455,98.839,0.541,0.0,0.010,1493163485.776,
0.140,0.380,98.969,0.495,0.0,0.015,121281740.800,2457.600,48452.800,139661444.800,0.0,0.0,3365.0,2252.200,0.0,0.200,0.0,3333906432.0,1593344.0,31039787008.0,1.34404907008e+11,0.0,0.0,121281740.800,2457.600,3365.0,2252.0,0.140,0.380,98.969,0.495,0.0,0.015,1493163490.776,
0.135,0.440,98.899,0.515,0.0,0.010,126922752.0,0.0,45528.400,131739133.600,0.0,0.0,3232.800,2306.0,0.0,0.0,0.0,3337707520.0,1593344.0,31674875904.0,1.33766017024e+11,0.0,0.0,126922752.0,0.0,3232.800,2306.0,0.135,0.440,98.899,0.515,0.0,0.010,1493163495.776,
0.140,0.465,98.709,0.676,0.0,0.010,142283571.200,4096.0,43042.0,145524620.0,0.0,0.0,3440.800,2540.400,0.600,0.800,0.0,3365707776.0,1601536.0,32386895872.0,1.33025988608e+11,0.0,0.0,142493286.400,4096.0,3442.800,2543.200,0.140,0.466,98.709,0.676,0.0,0.010,1493163500.776,
0.135,0.360,99.069,0.430,0.0,0.005,114382438.400,4915.200,46913.400,119517008.0,0.0,0.0,3044.0,2131.400,0.200,0.0,0.400,3375808512.0,1609728.0,32957284352.0,1.324454912e+11,0.0,0.0,114172723.200,4915.200,3043.800,2128.600,0.135,0.360,99.069,0.430,0.0,0.005,1493163505.776,
0.030,0.035,99.900,0.035,0.0,0.0,8461516.800,10649.600,8004.0,15437854.400,0.0,0.0,474.800,333.600,0.0,0.0,0.0,3328073728.0,1617920.0,33000775680.0,1.32449726464e+11,0.0,0.0,8461516.800,10649.600,473.0,333.600,0.030,0.035,99.900,0.035,0.0,0.0,1493163510.776,
