"Dstat 0.7.2 CSV output"
"Author:","Dag Wieers <dag@wieers.com>",,,,"URL:","http://dag.wieers.com/home-made/dstat/"
"Host:","osd1.skyhook-4osds.skyhook-pg0.wisc.cloudlab.us",,,,"User:","jlefevre"
"Cmdline:","dstat -av --epoch --integer --noheaders --output dstat-osd1.log 5",,,,"Date:","25 Apr 2017 14:10:17 CDT"

"total cpu usage",,,,,,"dsk/total",,"net/total",,"paging",,"system",,"procs",,,"memory usage",,,,"paging",,"dsk/total",,"system",,"total cpu usage",,,,,,"epoch"
"usr","sys","idl","wai","hiq","siq","read","writ","recv","send","in","out","int","csw","run","blk","new","used","buff","cach","free","in","out","read","writ","int","csw","usr","sys","idl","wai","hiq","siq","epoch"
0.010,0.005,99.985,0.0,0.0,0.0,0.0,0.0,2771.200,12317.200,0.0,0.0,130.600,126.0,0.0,0.0,0.0,3498819584.0,1536000.0,34882658304.0,1.30397179904e+11,0.0,0.0,0.0,0.0,130.600,126.0,0.010,0.005,99.985,0.0,0.0,0.0,1493164052.192,
0.015,0.005,99.975,0.005,0.0,0.0,0.0,2457.600,2993.0,13022.800,0.0,0.0,135.800,134.800,0.0,0.0,0.0,3498811392.0,1544192.0,34882658304.0,1.30397179904e+11,0.0,0.0,0.0,2457.600,135.800,134.800,0.015,0.005,99.975,0.005,0.0,0.0,1493164057.192,
0.165,0.495,99.325,0.0,0.0,0.015,0.0,0.0,116701.800,162318975.400,0.0,0.0,2987.800,596.400,0.200,0.0,0.0,3500867584.0,1544192.0,34882658304.0,1.30395123712e+11,0.0,0.0,0.0,0.0,2987.800,596.400,0.165,0.500,99.320,0.0,0.0,0.015,1493164062.192,
0.105,0.305,99.575,0.005,0.0,0.010,0.0,2457.600,62671.0,127896576.200,0.0,0.0,1853.400,519.200,0.200,0.0,0.0,3528937472.0,1552384.0,34882658304.0,1.30367045632e+11,0.0,0.0,0.0,2457.600,1859.0,519.600,0.105,0.300,99.580,0.005,0.0,0.010,1493164067.192,
0.105,0.330,99.560,0.0,0.0,0.005,0.0,0.0,73408.600,127703139.800,0.0,0.0,1928.800,500.400,0.0,0.0,0.0,3517739008.0,1552384.0,34882658304.0,1.30378244096e+11,0.0,0.0,0.0,0.0,1928.0,500.200,0.105,0.330,99.560,0.0,0.0,0.005,1493164072.192,
0.135,0.410,99.445,0.005,0.0,0.005,0.0,4096.0,85728.200,157312494.600,0.0,0.0,2307.400,615.200,0.200,0.0,0.0,3500720128.0,1560576.0,34882662400.0,1.30395250688e+11,0.0,0.0,0.0,4096.0,2302.600,615.0,0.135,0.410,99.445,0.005,0.0,0.005,1493164077.192,
0.135,0.395,99.465,0.005,0.0,0.0,0.0,4915.200,83261.800,156337484.800,0.0,0.0,2591.200,576.600,0.200,0.0,0.0,3500908544.0,1568768.0,34882662400.0,1.3039505408e+11,0.0,0.0,0.0,4915.200,2591.200,576.600,0.135,0.395,99.465,0.005,0.0,0.0,1493164082.192,
0.100,0.280,99.610,0.0,0.0,0.010,0.0,0.0,66875.600,103235799.800,0.0,0.0,2052.400,471.400,0.0,0.0,0.0,3501346816.0,1568768.0,34882662400.0,1.30394615808e+11,0.0,0.0,0.0,0.0,2052.400,471.400,0.100,0.285,99.605,0.0,0.0,0.010,1493164087.192,
0.135,0.400,99.445,0.010,0.0,0.010,0.0,2457.600,98508.400,151742169.200,0.0,0.0,2579.200,580.600,0.400,0.0,0.0,3518849024.0,1576960.0,34882662400.0,1.30377105408e+11,0.0,0.0,0.0,2457.600,2579.400,580.600,0.135,0.400,99.445,0.010,0.0,0.010,1493164092.192,
0.150,0.465,99.375,0.0,0.0,0.010,0.0,0.0,116891.0,171945632.400,0.0,0.0,2914.200,646.400,0.0,0.0,0.0,3531325440.0,1576960.0,34882662400.0,1.30364628992e+11,0.0,0.0,0.0,0.0,2914.0,646.400,0.150,0.465,99.375,0.0,0.0,0.010,1493164097.192,
0.135,0.425,99.420,0.005,0.0,0.015,0.0,2457.600,84503.600,162918165.200,0.0,0.0,2870.800,596.200,0.0,0.0,0.0,3501793280.0,1585152.0,34882662400.0,1.3039415296e+11,0.0,0.0,0.0,2457.600,2870.800,596.600,0.135,0.425,99.420,0.005,0.0,0.015,1493164102.192,
0.115,0.295,99.585,0.0,0.0,0.005,0.0,0.0,81481.600,126208562.400,0.0,0.0,2540.200,531.600,0.0,0.0,0.200,3522756608.0,1585152.0,34882662400.0,1.30373189632e+11,0.0,0.0,0.0,0.0,2540.400,531.200,0.115,0.295,99.585,0.0,0.0,0.005,1493164107.192,
0.110,0.365,99.505,0.005,0.0,0.015,0.0,3276.800,82393.800,139276669.600,0.0,0.0,2665.600,514.600,0.0,0.0,0.0,3504877568.0,1593344.0,34882662400.0,1.3039106048e+11,0.0,0.0,0.0,3276.800,2665.400,514.600,0.110,0.365,99.505,0.005,0.0,0.015,1493164112.192,
0.130,0.435,99.415,0.010,0.0,0.010,0.0,4915.200,102575.800,156335920.600,0.0,0.0,3173.800,588.600,0.0,0.0,0.0,3505639424.0,1601536.0,34882662400.0,1.30390290432e+11,0.0,0.0,0.0,4915.200,3173.800,588.600,0.130,0.430,99.420,0.010,0.0,0.010,1493164117.192,
0.140,0.340,99.520,0.0,0.0,0.0,0.0,0.0,89820.800,141806674.600,0.0,0.0,2779.600,515.600,0.0,0.0,0.0,3522093056.0,1601536.0,34882662400.0,1.303738368e+11,0.0,0.0,0.0,0.0,2782.0,516.0,0.140,0.340,99.520,0.0,0.0,0.0,1493164122.192,
0.140,0.420,99.430,0.010,0.0,0.0,0.0,2457.600,94901.600,158995592.800,0.0,0.0,2875.400,630.800,0.0,0.0,0.0,3504873472.0,1609728.0,34882662400.0,1.30391048192e+11,0.0,0.0,0.0,2457.600,2873.400,630.400,0.140,0.420,99.430,0.010,0.0,0.0,1493164127.192,
0.130,0.365,99.500,0.0,0.0,0.005,0.0,0.0,93392.800,145033557.800,0.0,0.0,2740.0,548.200,0.0,0.0,0.0,3522453504.0,1609728.0,34882662400.0,1.3037346816e+11,0.0,0.0,0.0,0.0,2745.400,548.200,0.130,0.365,99.500,0.0,0.0,0.005,1493164132.192,
0.140,0.410,99.445,0.005,0.0,0.0,0.0,2457.600,110508.400,167592629.400,0.0,0.0,2992.400,614.800,0.400,0.0,0.0,3504398336.0,1617920.0,34882662400.0,1.30391515136e+11,0.0,0.0,0.0,2457.600,2986.600,614.800,0.140,0.410,99.445,0.005,0.0,0.0,1493164137.192,
0.125,0.350,99.520,0.0,0.0,0.005,0.0,0.0,83622.200,144498685.200,0.0,0.0,2367.200,548.800,0.200,0.0,0.0,3504431104.0,1617920.0,34882662400.0,1.30391482368e+11,0.0,0.0,0.0,0.0,2367.200,548.800,0.125,0.350,99.520,0.0,0.0,0.005,1493164142.192,
0.135,0.325,99.530,0.005,0.0,0.005,0.0,3276.800,91500.600,138643532.200,0.0,0.0,2222.400,553.800,0.200,0.0,0.0,3504803840.0,1626112.0,34882662400.0,1.3039110144e+11,0.0,0.0,0.0,3276.800,2222.400,553.800,0.135,0.325,99.530,0.005,0.0,0.005,1493164147.192,
0.155,0.520,99.300,0.010,0.0,0.015,0.0,2457.600,136833.600,192338094.800,0.0,0.0,3311.600,693.600,0.200,0.0,0.0,3551137792.0,1634304.0,34882662400.0,1.30344759296e+11,0.0,0.0,0.0,2457.600,3313.0,693.600,0.155,0.520,99.300,0.010,0.0,0.015,1493164152.192,
0.135,0.415,99.435,0.0,0.0,0.015,0.0,0.0,118072.400,167735969.800,0.0,0.0,3017.200,617.400,0.600,0.0,0.0,3521552384.0,1634304.0,34882666496.0,1.30374340608e+11,0.0,0.0,0.0,0.0,3015.800,617.400,0.135,0.420,99.430,0.0,0.0,0.015,1493164157.192,
0.135,0.345,99.510,0.005,0.0,0.005,0.0,2457.600,72108.800,145682465.0,0.0,0.0,2520.200,544.400,0.200,0.0,0.0,3535630336.0,1642496.0,34882666496.0,1.30360254464e+11,0.0,0.0,0.0,2457.600,2525.800,545.0,0.135,0.340,99.515,0.005,0.0,0.005,1493164162.192,
0.125,0.305,99.565,0.0,0.0,0.005,0.0,0.0,81619.200,140124099.400,0.0,0.0,2620.400,529.600,0.0,0.0,0.0,3509747712.0,1642496.0,34882666496.0,1.30386137088e+11,0.0,0.0,0.0,0.0,2614.800,529.0,0.125,0.310,99.560,0.0,0.0,0.005,1493164167.192,
0.140,0.380,99.460,0.010,0.0,0.010,0.0,2457.600,85509.400,156333578.800,0.0,0.0,2799.200,579.200,0.0,0.0,0.0,3504087040.0,1650688.0,34882666496.0,1.30391789568e+11,0.0,0.0,0.0,2457.600,2799.200,579.200,0.140,0.375,99.465,0.010,0.0,0.010,1493164172.192,
0.140,0.425,99.430,0.0,0.0,0.005,0.0,0.0,101009.400,165145512.400,0.0,0.0,3024.800,604.800,0.200,0.0,0.0,3503558656.0,1650688.0,34882666496.0,1.30392317952e+11,0.0,0.0,0.0,0.0,3024.800,604.800,0.140,0.425,99.430,0.0,0.0,0.005,1493164177.192,
0.150,0.440,99.395,0.005,0.0,0.010,0.0,4096.0,125222.400,174020838.200,0.0,0.0,3358.600,646.200,0.0,0.0,0.0,3503144960.0,1658880.0,34882666496.0,1.30392723456e+11,0.0,0.0,0.0,4096.0,3359.800,646.200,0.150,0.440,99.394,0.005,0.0,0.010,1493164182.192,
0.120,0.310,99.555,0.010,0.0,0.005,0.0,4915.200,59147.800,124789960.800,0.0,0.0,2147.400,520.400,0.200,0.0,0.0,3533213696.0,1667072.0,34882666496.0,1.30362646528e+11,0.0,0.0,0.0,4915.200,2146.200,520.400,0.120,0.315,99.550,0.010,0.0,0.005,1493164187.192,
0.120,0.295,99.580,0.0,0.0,0.005,0.0,0.0,70214.400,131400606.600,0.0,0.0,2391.600,485.0,0.200,0.0,0.0,3506515968.0,1667072.0,34882666496.0,1.30389344256e+11,0.0,0.0,0.0,0.0,2391.600,485.0,0.120,0.295,99.580,0.0,0.0,0.005,1493164192.192,
0.165,0.480,99.350,0.005,0.0,0.0,0.0,2457.600,128613.600,179678864.600,0.0,0.0,3607.0,660.600,0.600,0.0,0.0,3506196480.0,1675264.0,34882666496.0,1.30389655552e+11,0.0,0.0,0.0,2457.600,3613.0,660.800,0.165,0.475,99.354,0.005,0.0,0.0,1493164197.192,
0.125,0.345,99.525,0.0,0.0,0.005,0.0,0.0,89807.0,148057858.0,0.0,0.0,2497.600,601.800,0.0,0.0,0.0,3504177152.0,1675264.0,34882666496.0,1.3039167488e+11,0.0,0.0,0.0,0.0,2491.600,601.600,0.125,0.345,99.525,0.0,0.0,0.005,1493164202.192,
0.140,0.440,99.400,0.010,0.0,0.010,0.0,2457.600,125581.200,179822733.0,0.0,0.0,2874.600,679.800,0.0,0.0,0.0,3520892928.0,1683456.0,34882666496.0,1.30374950912e+11,0.0,0.0,0.0,2457.600,2876.800,679.800,0.140,0.440,99.400,0.010,0.0,0.010,1493164207.192,
0.135,0.350,99.505,0.0,0.0,0.010,0.0,0.0,78297.800,150467561.200,0.0,0.0,2287.400,592.600,0.400,0.0,0.0,3504205824.0,1683456.0,34882666496.0,1.30391638016e+11,0.0,0.0,0.0,0.0,2285.200,592.600,0.135,0.350,99.505,0.0,0.0,0.010,1493164212.192,
0.130,0.355,99.495,0.005,0.0,0.015,0.0,3276.800,78345.600,150526114.800,0.0,0.0,2210.400,570.0,0.400,0.0,0.0,3521200128.0,1691648.0,34882666496.0,1.3037463552e+11,0.0,0.0,0.0,3276.800,2211.400,570.0,0.130,0.355,99.495,0.005,0.0,0.015,1493164217.192,
0.105,0.325,99.550,0.010,0.0,0.010,0.0,4915.200,72322.800,132917626.400,0.0,0.0,2074.600,511.200,0.200,0.0,0.0,3532492800.0,1699840.0,34882666496.0,1.30363334656e+11,0.0,0.0,0.0,4915.200,2077.200,511.600,0.105,0.330,99.545,0.010,0.0,0.010,1493164222.192,
0.190,0.580,99.219,0.0,0.0,0.010,0.0,0.0,130634.200,212032090.200,0.0,0.0,3986.200,768.600,0.600,0.0,0.200,3513589760.0,1699840.0,34882666496.0,1.30382237696e+11,0.0,0.0,0.0,0.0,3983.0,768.600,0.190,0.580,99.219,0.0,0.0,0.010,1493164227.192,
0.165,0.470,99.355,0.005,0.0,0.005,0.0,2457.600,111337.400,180876899.200,0.0,0.0,3440.800,647.200,0.200,0.0,0.0,3547340800.0,1708032.0,34882666496.0,1.30348478464e+11,0.0,0.0,0.0,2457.600,3445.800,647.200,0.165,0.465,99.360,0.005,0.0,0.005,1493164232.192,
0.200,0.615,99.179,0.0,0.0,0.005,0.0,0.0,133940.800,222132830.800,0.0,0.0,4023.0,752.800,0.0,0.0,0.0,3548155904.0,1708032.0,34882666496.0,1.3034766336e+11,0.0,0.0,0.0,0.0,4018.600,754.0,0.200,0.620,99.174,0.0,0.0,0.005,1493164237.192,
0.115,0.370,99.505,0.005,0.0,0.005,0.0,2457.600,85226.800,142617816.400,0.0,0.0,2629.200,548.600,0.200,0.0,0.0,3516616704.0,1716224.0,34882670592.0,1.30379190272e+11,0.0,0.0,0.0,2457.600,2628.600,547.400,0.115,0.370,99.505,0.005,0.0,0.005,1493164242.192,
0.110,0.280,99.600,0.0,0.0,0.010,0.0,0.0,89695.0,117250115.0,0.0,0.0,2719.600,492.200,0.0,0.0,0.0,3518918656.0,1716224.0,34882670592.0,1.3037688832e+11,0.0,0.0,0.0,0.0,2721.600,492.200,0.110,0.275,99.605,0.0,0.0,0.010,1493164247.192,
0.120,0.310,99.545,0.010,0.0,0.015,0.0,4096.0,89450.200,127522228.200,0.0,0.0,2610.400,513.800,0.0,0.0,0.0,3502055424.0,1724416.0,34882670592.0,1.3039374336e+11,0.0,0.0,0.0,4096.0,2608.0,513.400,0.120,0.315,99.540,0.010,0.0,0.015,1493164252.192,
0.130,0.425,99.420,0.010,0.0,0.015,0.0,4915.200,119007.800,159261898.600,0.0,0.0,3120.0,585.0,0.200,0.0,0.0,3517403136.0,1732608.0,34882670592.0,1.30378387456e+11,0.0,0.0,0.0,4915.200,3120.600,586.600,0.135,0.420,99.420,0.010,0.0,0.015,1493164257.192,
0.115,0.360,99.515,0.0,0.0,0.010,0.0,0.0,80906.800,144498532.200,0.0,0.0,2160.0,562.600,0.200,0.0,0.0,3503489024.0,1732608.0,34882670592.0,1.30392301568e+11,0.0,0.0,0.0,0.0,2159.600,561.0,0.110,0.365,99.515,0.0,0.0,0.010,1493164262.192,
0.115,0.335,99.540,0.005,0.0,0.005,0.0,2457.600,74335.0,141257168.200,0.0,0.0,2094.800,583.600,0.0,0.0,0.0,3520978944.0,1740800.0,34882670592.0,1.30374803456e+11,0.0,0.0,0.0,2457.600,2095.400,584.400,0.115,0.335,99.540,0.005,0.0,0.005,1493164267.192,
0.125,0.365,99.500,0.0,0.0,0.010,0.0,0.0,88167.400,153130620.600,0.0,0.0,2450.800,563.800,0.200,0.0,0.0,3507019776.0,1740800.0,34882670592.0,1.30388762624e+11,0.0,0.0,0.0,0.0,2450.0,563.0,0.125,0.360,99.505,0.0,0.0,0.010,1493164272.192,
0.135,0.315,99.540,0.010,0.0,0.0,0.0,2457.600,63551.600,136190080.800,0.0,0.0,2314.400,534.600,0.600,0.0,0.0,3503935488.0,1748992.0,34882670592.0,1.3039183872e+11,0.0,0.0,0.0,2457.600,2314.600,534.600,0.135,0.320,99.535,0.010,0.0,0.0,1493164277.192,
0.155,0.490,99.345,0.0,0.0,0.010,0.0,0.0,78360.800,172786836.800,0.0,0.0,2834.800,584.400,0.0,0.0,0.0,3520565248.0,1748992.0,34882670592.0,1.3037520896e+11,0.0,0.0,0.0,0.0,2836.200,584.400,0.155,0.485,99.350,0.0,0.0,0.010,1493164282.192,
0.105,0.305,99.575,0.010,0.0,0.005,0.0,3276.800,71574.200,119257461.800,0.0,0.0,1847.0,515.400,0.0,0.0,0.200,3508146176.0,1757184.0,34882670592.0,1.3038761984e+11,0.0,0.0,0.0,3276.800,1845.400,515.400,0.105,0.305,99.575,0.010,0.0,0.005,1493164287.192,
0.105,0.275,99.600,0.010,0.0,0.010,0.0,7372.800,63795.600,120908720.200,0.0,0.0,1792.200,483.200,0.0,0.200,0.0,3508486144.0,1773568.0,34882662400.0,1.3038727168e+11,0.0,0.0,0.0,7372.800,1792.400,483.200,0.105,0.280,99.595,0.010,0.0,0.010,1493164292.192,
0.110,0.335,99.550,-0.005,0.0,0.010,0.0,819.200,72681.0,132721738.400,0.0,0.0,1913.0,498.400,0.0,0.0,0.0,3508965376.0,1773568.0,34882670592.0,1.30386784256e+11,0.0,0.0,0.0,819.200,1912.800,498.400,0.110,0.330,99.555,-0.005,0.0,0.010,1493164297.192,
0.010,0.0,99.980,0.010,0.0,0.0,0.0,2457.600,3345.200,13545.800,0.0,0.0,151.600,161.0,0.0,0.0,0.0,3508871168.0,1781760.0,34882670592.0,1.30386870272e+11,0.0,0.0,0.0,2457.600,151.600,161.0,0.010,0.005,99.975,0.010,0.0,0.0,1493164302.192,
