"Dstat 0.7.2 CSV output"
"Author:","Dag Wieers <dag@wieers.com>",,,,"URL:","http://dag.wieers.com/home-made/dstat/"
"Host:","osd1.skyhook-4osds.skyhook-pg0.wisc.cloudlab.us",,,,"User:","jlefevre"
"Cmdline:","dstat -av --epoch --integer --noheaders --output dstat-osd1.log 5",,,,"Date:","25 Apr 2017 14:10:17 CDT"

"total cpu usage",,,,,,"dsk/total",,"net/total",,"paging",,"system",,"procs",,,"memory usage",,,,"paging",,"dsk/total",,"system",,"total cpu usage",,,,,,"epoch"
"usr","sys","idl","wai","hiq","siq","read","writ","recv","send","in","out","int","csw","run","blk","new","used","buff","cach","free","in","out","read","writ","int","csw","usr","sys","idl","wai","hiq","siq","epoch"
0.015,0.0,99.980,0.005,0.0,0.0,819.200,2457.600,2521.400,12735.600,0.0,0.0,141.400,167.600,0.0,0.200,0.0,3465359360.0,1265664.0,132464640.0,1.65181104128e+11,0.0,0.0,819.200,2457.600,141.600,167.600,0.010,0.005,99.980,0.005,0.0,0.0,1493156327.192,
0.150,0.520,98.209,1.111,0.0,0.010,135384268.800,3276.800,73937.200,138306993.0,0.0,0.0,3120.200,2505.600,0.200,0.200,0.0,3473014784.0,1273856.0,808525824.0,1.64497379328e+11,0.0,0.0,135384268.800,3276.800,3122.0,2506.0,0.150,0.515,98.214,1.111,0.0,0.010,1493156332.192,
0.100,0.295,99.330,0.270,0.0,0.005,101538201.600,0.0,42410.200,107589653.400,0.0,0.0,2400.600,1883.0,0.200,0.600,0.0,3471351808.0,1273856.0,1316278272.0,1.63991289856e+11,0.0,0.0,101538201.600,0.0,2398.600,1882.600,0.100,0.300,99.325,0.270,0.0,0.005,1493156337.192,
0.120,0.380,99.074,0.415,0.0,0.010,118461235.200,2457.600,66455.200,125710232.800,0.0,0.0,2795.600,2187.400,0.200,0.600,0.0,3453050880.0,1282048.0,1908912128.0,1.63416948736e+11,0.0,0.0,118461235.200,2457.600,2795.600,2187.400,0.120,0.380,99.074,0.415,0.0,0.010,1493156342.192,
0.110,0.320,99.220,0.340,0.0,0.010,103766425.600,0.0,54190.200,100913297.600,0.0,0.0,2429.800,1938.200,0.400,0.400,0.0,3500711936.0,1282048.0,2428260352.0,1.62849939456e+11,0.0,0.0,103976140.800,0.0,2431.400,1940.600,0.110,0.320,99.215,0.345,0.0,0.010,1493156347.192,
0.150,0.460,98.914,0.465,0.0,0.010,144438067.200,3276.800,104003.800,156534519.800,0.0,0.0,3855.800,2650.800,0.200,0.400,0.0,3470725120.0,1290240.0,3150036992.0,1.6215814144e+11,0.0,0.0,144228352.0,3276.800,3862.400,2648.800,0.150,0.461,98.919,0.461,0.0,0.010,1493156352.192,
0.145,0.410,98.974,0.466,0.0,0.005,129743257.600,1638.400,70338.400,136498951.400,0.0,0.0,3454.200,2399.600,0.400,0.800,0.0,3470135296.0,1290240.0,3798642688.0,1.61510125568e+11,0.0,0.0,129743257.600,1638.400,3446.0,2399.200,0.145,0.405,98.979,0.466,0.0,0.005,1493156357.192,
0.135,0.420,98.984,0.450,0.0,0.010,126922752.0,8192.0,63173.800,129568507.400,0.0,0.0,3175.800,2296.200,0.0,0.400,0.0,3487428608.0,1298432.0,4434108416.0,1.60857358336e+11,0.0,0.0,126922752.0,8192.0,3181.0,2296.600,0.135,0.420,98.984,0.450,0.0,0.010,1493156362.192,
0.100,0.355,99.034,0.500,0.0,0.010,115640729.600,0.0,68194.200,125335220.800,0.0,0.0,3194.0,2180.200,0.0,0.200,0.0,3457122304.0,1298432.0,5011755008.0,1.60310018048e+11,0.0,0.0,115640729.600,0.0,3188.800,2179.800,0.100,0.355,99.034,0.500,0.0,0.010,1493156367.192,
0.150,0.501,98.398,0.936,0.0,0.015,162509619.200,2457.600,83056.0,157929728.0,0.0,0.0,4109.600,2925.0,0.400,0.400,0.0,3526643712.0,1306624.0,5824110592.0,1.59428132864e+11,0.0,0.0,162745548.800,2457.600,4111.200,2927.600,0.150,0.506,98.388,0.941,0.0,0.015,1493156372.192,
0.130,0.425,98.809,0.625,0.0,0.010,128006553.600,0.0,78205.0,143732159.0,0.0,0.0,3406.0,2358.0,0.200,0.0,0.0,3478368256.0,1306624.0,6464081920.0,1.58836436992e+11,0.0,0.0,127770624.0,0.0,3405.200,2355.400,0.130,0.420,98.819,0.620,0.0,0.010,1493156377.192,
0.080,0.270,99.265,0.370,0.0,0.015,93076684.800,2457.600,57207.400,96731675.800,0.0,0.0,2237.800,1745.200,0.400,0.200,0.0,3477254144.0,1314816.0,6929846272.0,1.5837177856e+11,0.0,0.0,93076684.800,2457.600,2237.0,1745.200,0.080,0.270,99.265,0.370,0.0,0.015,1493156382.192,
0.105,0.380,98.824,0.675,0.0,0.015,129743257.600,0.0,65130.200,135783656.400,0.0,0.0,3006.600,2390.0,0.600,0.400,0.0,3477753856.0,1314816.0,7577985024.0,1.57723140096e+11,0.0,0.0,129743257.600,0.0,3010.0,2390.400,0.105,0.385,98.819,0.675,0.0,0.015,1493156387.192,
0.125,0.400,98.764,0.691,0.0,0.020,139148492.800,3276.800,91631.800,142304906.200,0.0,0.0,3812.600,2532.800,0.0,0.400,0.0,3502874624.0,1323008.0,8273551360.0,1.570024448e+11,0.0,0.0,139358208.0,3276.800,3811.0,2535.0,0.125,0.395,98.769,0.691,0.0,0.020,1493156392.192,
0.140,0.485,98.519,0.836,0.0,0.020,137636249.600,51609.600,95058.400,148156535.800,0.0,0.0,4110.0,2651.0,0.0,0.400,2.200,3515486208.0,1777664.0,8962031616.0,1.56300898304e+11,0.0,0.0,137426534.400,51609.600,4113.800,2648.800,0.140,0.490,98.514,0.836,0.0,0.020,1493156397.192,
0.150,0.571,98.348,0.921,0.0,0.010,169214771.200,10649.600,129403.800,175117699.600,0.0,0.0,5117.600,3059.400,0.400,0.800,0.200,3506499584.0,1785856.0,9808715776.0,1.55463192576e+11,0.0,0.0,169282764.800,10649.600,5113.800,3063.600,0.155,0.566,98.343,0.926,0.0,0.010,1493156402.192,
0.130,0.390,98.669,0.801,0.0,0.010,133680332.800,2457.600,84550.200,141555777.600,0.0,0.0,3297.0,2444.400,0.200,0.800,0.0,3499524096.0,1794048.0,10477428736.0,1.54801446912e+11,0.0,0.0,133822054.400,2457.600,3296.800,2442.200,0.125,0.395,98.669,0.801,0.0,0.010,1493156407.192,
0.145,0.505,98.574,0.755,0.0,0.020,151206297.600,0.0,99796.200,159247601.0,0.0,0.0,4014.800,2729.200,0.400,0.200,0.0,3495956480.0,1794048.0,11232411648.0,1.54050031616e+11,0.0,0.0,150996582.400,0.0,4013.200,2726.800,0.145,0.505,98.579,0.750,0.0,0.020,1493156412.192,
0.140,0.470,98.584,0.795,0.0,0.010,141444710.400,2457.600,93343.200,147459860.200,0.0,0.0,3580.200,2594.800,0.0,0.600,0.0,3498381312.0,1802240.0,11939766272.0,1.53340243968e+11,0.0,0.0,141601996.800,2457.600,3581.600,2597.200,0.140,0.465,98.584,0.800,0.0,0.010,1493156417.192,
0.130,0.410,98.619,0.821,0.0,0.020,137785344.0,0.0,92776.800,144512111.0,0.0,0.0,3295.800,2512.0,0.0,0.800,0.0,3497394176.0,1802240.0,12628455424.0,1.52652541952e+11,0.0,0.0,137628057.600,0.0,3294.400,2509.600,0.130,0.410,98.624,0.816,0.0,0.020,1493156422.192,
0.165,0.580,98.299,0.941,0.0,0.015,166435225.600,17203.200,113271.800,169614824.800,0.0,0.0,4225.0,3039.400,0.400,1.0,0.200,3529097216.0,1810432.0,13460684800.0,1.51788601344e+11,0.0,0.0,166435225.600,17203.200,4230.600,3039.400,0.165,0.580,98.299,0.941,0.0,0.015,1493156427.192,
0.190,0.651,98.053,1.081,0.0,0.025,186819379.200,4915.200,131393.400,196099783.600,0.0,0.0,5217.0,3375.600,0.0,1.600,0.0,3522600960.0,1818624.0,14394753024.0,1.50861021184e+11,0.0,0.0,187029094.400,4915.200,5212.800,3378.400,0.190,0.651,98.048,1.086,0.0,0.025,1493156432.192,
0.115,0.370,98.814,0.696,0.0,0.005,118371942.400,2457.600,68859.400,126849347.0,0.0,0.0,2929.800,2177.400,0.0,0.400,0.0,3504881664.0,1818624.0,14987063296.0,1.50286430208e+11,0.0,0.0,118319513.600,2457.600,2929.800,2177.600,0.115,0.370,98.809,0.696,0.0,0.010,1493156437.192,
0.155,0.480,98.499,0.851,0.0,0.015,149418803.200,2457.600,96740.200,153343674.800,0.0,0.0,3834.800,2715.600,0.200,0.600,0.0,3524120576.0,1826816.0,15734370304.0,1.49519876096e+11,0.0,0.0,149471232.0,2457.600,3834.800,2714.800,0.155,0.480,98.504,0.851,0.0,0.010,1493156442.192,
0.170,0.541,98.243,1.031,0.0,0.015,168721612.800,0.0,121414.0,179892208.600,0.0,0.0,4026.200,3059.800,0.200,0.600,0.0,3505098752.0,1826816.0,16576978944.0,1.4869628928e+11,0.0,0.0,168511897.600,0.0,4024.800,3057.600,0.170,0.541,98.248,1.026,0.0,0.015,1493156447.192,
0.160,0.441,98.538,0.856,0.0,0.005,152307302.400,2457.600,105685.600,153897970.800,0.0,0.0,3610.600,2747.800,0.400,0.400,0.0,3537346560.0,1835008.0,17338839040.0,1.47902173184e+11,0.0,0.0,152307302.400,2457.600,3610.600,2747.800,0.160,0.440,98.538,0.856,0.0,0.005,1493156452.192,
0.195,0.575,98.174,1.041,0.0,0.015,174871347.200,0.0,119097.0,187520699.600,0.0,0.0,4169.800,3135.400,0.600,0.400,0.200,3510558720.0,1835008.0,18212962304.0,1.4705483776e+11,0.0,0.0,174871347.200,0.0,4170.200,3135.400,0.195,0.575,98.174,1.041,0.0,0.015,1493156457.192,
0.120,0.330,98.944,0.591,0.0,0.015,115703808.0,3276.800,70152.400,114217549.0,0.0,0.0,2715.800,2145.0,0.0,0.400,0.0,3553714176.0,1843200.0,18792435712.0,1.46432200704e+11,0.0,0.0,115861094.400,3276.800,2716.800,2147.800,0.120,0.335,98.934,0.596,0.0,0.015,1493156462.192,
0.120,0.410,98.824,0.630,0.0,0.015,121218662.400,2457.600,75110.0,131285470.800,0.0,0.0,3387.600,2233.200,0.200,0.200,0.0,3525124096.0,1851392.0,19398086656.0,1.45855131648e+11,0.0,0.0,121061376.0,2457.600,3389.800,2230.400,0.120,0.410,98.829,0.625,0.0,0.015,1493156467.192,
0.135,0.530,98.734,0.595,0.0,0.005,143845785.600,0.0,93765.600,152772569.0,0.0,0.0,3972.0,2637.200,0.0,0.600,0.0,3515060224.0,1851392.0,20116451328.0,1.45146830848e+11,0.0,0.0,143845785.600,0.0,3975.400,2637.800,0.135,0.530,98.734,0.595,0.0,0.005,1493156472.192,
0.135,0.476,98.678,0.696,0.0,0.015,152108236.800,2457.600,107549.800,154366151.0,0.0,0.0,4255.600,2722.600,0.600,0.800,0.0,3548033024.0,1859584.0,20877938688.0,1.44352362496e+11,0.0,0.0,152291737.600,2457.600,4256.0,2724.800,0.135,0.471,98.683,0.696,0.0,0.015,1493156477.192,
0.125,0.410,98.909,0.536,0.0,0.020,135410483.200,0.0,95036.800,144079135.600,0.0,0.0,3881.400,2487.0,0.0,0.200,0.0,3531309056.0,1859584.0,21554302976.0,1.43692722176e+11,0.0,0.0,135399833.600,0.0,3875.400,2486.0,0.130,0.410,98.899,0.541,0.0,0.020,1493156482.192,
0.145,0.495,98.714,0.631,0.0,0.015,146839142.400,2457.600,111526.800,153791775.400,0.0,0.0,4546.600,2688.600,0.0,0.0,0.0,3536547840.0,1867776.0,22288121856.0,1.4295365632e+11,0.0,0.0,146666291.200,2457.600,4550.400,2687.600,0.140,0.495,98.724,0.626,0.0,0.015,1493156487.192,
0.165,0.506,98.528,0.781,0.0,0.020,166409830.400,0.0,126348.400,173650183.200,0.0,0.0,4025.600,2992.200,0.200,0.200,0.0,3534209024.0,1867776.0,23120916480.0,1.42123200512e+11,0.0,0.0,166409830.400,0.0,4020.600,2991.800,0.165,0.511,98.523,0.781,0.0,0.020,1493156492.192,
0.135,0.421,98.708,0.716,0.0,0.020,143845785.600,3276.800,114725.200,150366737.800,0.0,0.0,3662.200,2594.800,0.600,0.600,0.0,3534884864.0,1875968.0,23840227328.0,1.41403205632e+11,0.0,0.0,143845785.600,3276.800,3665.0,2594.600,0.135,0.416,98.713,0.716,0.0,0.020,1493156497.192,
0.170,0.501,98.608,0.706,0.0,0.015,163589324.800,2457.600,114760.200,167556493.800,0.0,0.0,4017.0,2959.0,0.400,0.400,0.0,3551838208.0,1884160.0,24658227200.0,1.40568244224e+11,0.0,0.0,163589324.800,2457.600,4014.0,2958.800,0.170,0.501,98.608,0.706,0.0,0.015,1493156502.192,
0.125,0.376,98.783,0.706,0.0,0.010,132563763.200,0.0,99354.800,145050907.800,0.0,0.0,3234.0,2450.600,0.0,0.0,0.0,3521658880.0,1884160.0,25321447424.0,1.39935203328e+11,0.0,0.0,132563763.200,0.0,3234.0,2450.600,0.125,0.376,98.783,0.706,0.0,0.010,1493156507.192,
0.190,0.641,98.118,1.026,0.0,0.025,191873024.0,2457.600,131467.800,200562705.800,0.0,0.0,4795.0,3432.400,0.400,0.400,0.0,3528658944.0,1892352.0,26280288256.0,1.3896935424e+11,0.0,0.0,192030310.400,2457.600,4796.0,3434.600,0.190,0.641,98.118,1.026,0.0,0.025,1493156512.192,
0.220,0.666,97.891,1.182,0.0,0.040,225561804.800,0.0,173563.0,235912055.400,0.0,0.0,6088.0,4076.200,0.200,0.600,0.0,3526467584.0,1892352.0,27407458304.0,1.37844375552e+11,0.0,0.0,225404518.400,0.0,6087.200,4074.0,0.220,0.666,97.891,1.182,0.0,0.040,1493156517.192,
0.080,0.230,99.279,0.400,0.0,0.010,87435673.600,2457.600,55965.800,91423994.200,0.0,0.0,2166.200,1640.600,0.400,0.200,0.0,3527270400.0,1900544.0,27845443584.0,1.37405579264e+11,0.0,0.0,87435673.600,2457.600,2172.400,1650.800,0.080,0.235,99.274,0.400,0.0,0.010,1493156522.192,
0.130,0.400,98.869,0.591,0.0,0.010,132721049.600,0.0,89818.800,138613314.0,0.0,0.0,3207.600,2444.400,0.200,0.200,0.0,3530616832.0,1900544.0,28509851648.0,1.36737824768e+11,0.0,0.0,132878336.0,0.0,3202.800,2437.0,0.130,0.400,98.869,0.590,0.0,0.010,1493156527.192,
0.140,0.396,98.768,0.691,0.0,0.005,143688499.200,4096.0,107161.200,147592150.0,0.0,0.0,4095.200,2636.600,0.200,0.600,0.0,3549413376.0,1908736.0,29226786816.0,1.36002084864e+11,0.0,0.0,143531212.800,4096.0,4097.600,2634.0,0.140,0.391,98.773,0.691,0.0,0.005,1493156532.192,
0.140,0.385,98.834,0.631,0.0,0.010,138414489.600,4915.200,103211.600,142262229.800,0.0,0.0,3364.400,2517.800,0.400,0.200,0.0,3567890432.0,1916928.0,29919850496.0,1.35290535936e+11,0.0,0.0,138624204.800,4915.200,3363.600,2520.200,0.140,0.385,98.834,0.631,0.0,0.010,1493156537.192,
0.145,0.425,98.649,0.760,0.0,0.020,147122585.600,2457.600,123399.800,155533924.0,0.0,0.0,3791.400,2658.600,0.0,1.200,0.0,3554582528.0,1916928.0,30655897600.0,1.34567796736e+11,0.0,0.0,147122585.600,2457.600,3789.600,2658.400,0.145,0.430,98.639,0.765,0.0,0.020,1493156542.192,
0.165,0.456,98.383,0.976,0.0,0.020,165177753.600,2457.600,118518.800,173987896.600,0.0,0.0,4017.200,3045.200,0.600,0.600,0.0,3549945856.0,1925120.0,31480508416.0,1.337478144e+11,0.0,0.0,165151539.200,2457.600,4017.200,3045.600,0.165,0.451,98.393,0.971,0.0,0.020,1493156547.192,
0.155,0.430,98.589,0.816,0.0,0.010,155693875.200,0.0,120435.600,163747551.800,0.0,0.0,3776.0,2797.0,0.200,0.600,0.0,3554607104.0,1925120.0,32258813952.0,1.32964847616e+11,0.0,0.0,155510374.400,0.0,3777.200,2794.200,0.155,0.430,98.589,0.816,0.0,0.010,1493156552.192,
0.150,0.471,98.393,0.971,0.0,0.015,166409830.400,2457.600,112595.200,174183458.0,0.0,0.0,3867.600,3023.600,0.200,0.400,0.0,3556773888.0,1933312.0,33091878912.0,1.3212960768e+11,0.0,0.0,166409830.400,2457.600,3865.0,3023.600,0.155,0.471,98.388,0.971,0.0,0.015,1493156557.192,
0.105,0.355,98.934,0.596,0.0,0.010,117003878.400,0.0,84361.600,122152446.400,0.0,0.0,3108.400,2201.200,0.200,0.200,0.0,3549409280.0,1933312.0,33677889536.0,1.31550961664e+11,0.0,0.0,117161164.800,0.0,3109.400,2203.600,0.100,0.355,98.939,0.595,0.0,0.010,1493156562.192,
0.115,0.340,98.944,0.590,0.0,0.010,111457075.200,3276.800,81563.800,117973588.200,0.0,0.0,2926.600,2075.400,0.200,0.200,0.0,3543142400.0,1941504.0,34234052608.0,1.3100105728e+11,0.0,0.0,111299788.800,3276.800,2925.600,2073.0,0.115,0.345,98.940,0.590,0.0,0.010,1493156567.192,
0.120,0.370,98.749,0.746,0.0,0.015,124102246.400,2457.600,84762.600,129755408.800,0.0,0.0,3004.800,2304.0,0.0,0.800,0.0,3543666688.0,1949696.0,34854555648.0,1.3038002176e+11,0.0,0.0,124102246.400,2457.600,3004.800,2304.0,0.120,0.370,98.749,0.746,0.0,0.015,1493156572.192,
