"Dstat 0.7.2 CSV output"
"Author:","Dag Wieers <dag@wieers.com>",,,,"URL:","http://dag.wieers.com/home-made/dstat/"
"Host:","client0.skyhook-4osds.skyhook-pg0.wisc.cloudlab.us",,,,"User:","jlefevre"
"Cmdline:","dstat -av --epoch --integer --noheaders --output dstat-client0.log 5",,,,"Date:","25 Apr 2017 14:10:01 CDT"

"total cpu usage",,,,,,"dsk/total",,"net/total",,"paging",,"system",,"procs",,,"memory usage",,,,"paging",,"dsk/total",,"system",,"total cpu usage",,,,,,"epoch"
"usr","sys","idl","wai","hiq","siq","read","writ","recv","send","in","out","int","csw","run","blk","new","used","buff","cach","free","in","out","read","writ","int","csw","usr","sys","idl","wai","hiq","siq","epoch"
0.126,0.040,99.824,0.010,0.0,0.0,0.0,9011.200,49251.0,7321.0,0.0,0.0,2007.800,7400.400,0.0,0.0,1.200,5464514560.0,219164672.0,1.47400863744e+11,15695650816.0,0.0,0.0,0.0,9011.200,2007.400,7400.0,0.131,0.040,99.819,0.010,0.0,0.0,1493155956.201,
0.090,0.030,99.864,0.010,0.0,0.005,0.0,7372.800,46652.400,4509.600,0.0,0.0,1881.600,7438.0,0.400,0.0,0.600,5465333760.0,219168768.0,1.4740086784e+11,15694823424.0,0.0,0.0,0.0,7372.800,1882.600,7442.0,0.090,0.030,99.864,0.010,0.0,0.005,1493155961.201,
0.131,0.075,99.704,0.085,0.0,0.005,0.0,108953.600,101301.800,68368.600,0.0,0.0,2504.400,9266.600,1.0,0.200,5.200,5474017280.0,219176960.0,1.47401007104e+11,15685992448.0,0.0,0.0,0.0,108953.600,2505.200,9265.800,0.131,0.075,99.704,0.085,0.0,0.005,1493155966.201,
0.146,0.065,99.694,0.095,0.0,0.0,0.0,156467.200,123547.0,71746.0,0.0,0.0,2545.400,9622.600,0.600,0.0,0.0,5474590720.0,219193344.0,1.47401314304e+11,15685095424.0,0.0,0.0,0.0,156467.200,2544.0,9617.800,0.146,0.065,99.694,0.095,0.0,0.0,1493155971.200,
0.120,0.075,99.699,0.095,0.0,0.010,0.0,154828.800,123642.0,72273.600,0.0,0.0,2520.400,9679.200,0.600,0.0,0.0,5474140160.0,219205632.0,1.47401654272e+11,15685193728.0,0.0,0.0,0.0,154828.800,2520.800,9681.400,0.115,0.075,99.704,0.095,0.0,0.010,1493155976.201,
0.146,0.085,99.649,0.105,0.0,0.015,0.0,172851.200,120744.800,67831.800,0.0,0.0,2523.800,9379.800,0.800,0.0,0.0,5474439168.0,219213824.0,1.47402027008e+11,15684513792.0,0.0,0.0,0.0,172851.200,2524.0,9382.400,0.146,0.085,99.649,0.105,0.0,0.015,1493155981.201,
0.121,0.070,99.784,0.020,0.0,0.005,0.0,143360.0,120769.400,67098.0,0.0,0.0,2526.0,9366.400,0.0,0.200,0.0,5474222080.0,219213824.0,1.47402366976e+11,15684390912.0,0.0,0.0,0.0,143360.0,2525.200,9363.200,0.121,0.070,99.779,0.025,0.0,0.005,1493155986.201,
0.141,0.055,99.779,0.020,0.0,0.005,0.0,145817.600,123160.200,70788.800,0.0,0.0,2595.400,9592.800,0.200,0.0,0.0,5473435648.0,219234304.0,1.47402706944e+11,15684816896.0,0.0,0.0,0.0,145817.600,2596.600,9598.800,0.141,0.055,99.784,0.015,0.0,0.005,1493155991.201,
0.141,0.060,99.774,0.020,0.0,0.005,0.0,149913.600,125179.200,74287.800,0.0,0.0,2780.400,9512.200,0.400,0.0,0.0,5473021952.0,219279360.0,1.4740303872e+11,15684853760.0,0.0,0.0,0.0,149913.600,2779.0,9504.600,0.141,0.060,99.774,0.020,0.0,0.005,1493155996.201,
0.116,0.055,99.789,0.020,0.0,0.020,0.0,165478.400,127032.600,75131.200,0.0,0.0,2684.400,9603.400,0.0,0.0,0.0,5473255424.0,219287552.0,1.47403313152e+11,15684337664.0,0.0,0.0,0.0,165478.400,2684.800,9605.400,0.121,0.055,99.784,0.020,0.0,0.020,1493156001.201,
0.126,0.060,99.789,0.025,0.0,0.0,0.0,176128.0,123611.0,70328.400,0.0,0.0,2589.800,9577.0,0.0,0.0,0.0,5473222656.0,219299840.0,1.47403726848e+11,15683944448.0,0.0,0.0,0.0,176128.0,2590.800,9582.0,0.121,0.060,99.794,0.025,0.0,0.0,1493156006.201,
0.141,0.060,99.764,0.025,0.0,0.010,0.0,131072.0,126688.200,76023.200,0.0,0.0,2590.400,9600.200,1.200,0.200,0.0,5473419264.0,219308032.0,1.47404066816e+11,15683399680.0,0.0,0.0,0.0,131072.0,2589.200,9593.200,0.141,0.060,99.764,0.025,0.0,0.010,1493156011.201,
0.156,0.060,99.679,0.105,0.0,0.0,0.0,158105.600,129940.200,79144.800,0.0,0.0,2659.400,9702.200,0.200,0.0,0.0,5473374208.0,219316224.0,1.47404414976e+11,15683088384.0,0.0,0.0,0.0,158105.600,2659.0,9699.800,0.161,0.060,99.674,0.105,0.0,0.0,1493156016.201,
0.136,0.060,99.719,0.085,0.0,0.0,0.0,153190.400,127609.600,75738.400,0.0,0.0,2567.0,9665.400,0.400,0.0,0.0,5473828864.0,219316224.0,1.47404763136e+11,15682285568.0,0.0,0.0,0.0,153190.400,2567.200,9669.0,0.131,0.060,99.724,0.085,0.0,0.0,1493156021.201,
0.141,0.116,99.483,0.256,0.0,0.005,0.0,6074368.0,126570.0,75982.0,0.0,0.0,2686.600,9814.600,0.400,0.200,0.0,5470932992.0,219336704.0,1.47396067328e+11,15693856768.0,0.0,0.0,0.0,6074368.0,2686.800,9811.400,0.146,0.116,99.478,0.256,0.0,0.005,1493156026.201,
0.105,0.060,99.799,0.025,0.0,0.010,0.0,144179.200,126018.0,75612.0,0.0,0.0,2619.0,9788.600,0.200,0.200,0.0,5470687232.0,219340800.0,1.47396374528e+11,15693791232.0,0.0,0.0,0.0,144179.200,2619.200,9792.600,0.100,0.060,99.804,0.025,0.0,0.010,1493156031.201,
0.141,0.075,99.739,0.035,0.0,0.010,0.0,181043.200,125533.600,73169.800,0.0,0.0,2581.400,9722.0,0.0,0.0,0.0,5469982720.0,219348992.0,1.4739675136e+11,15694110720.0,0.0,0.0,0.0,181043.200,2582.600,9724.800,0.141,0.075,99.739,0.035,0.0,0.010,1493156036.201,
0.121,0.075,99.759,0.040,0.0,0.005,0.0,158105.600,113013.800,53894.0,0.0,0.0,2636.0,9143.200,0.0,0.0,1.200,5460529152.0,219357184.0,1.47397033984e+11,15703273472.0,0.0,0.0,0.0,158105.600,2634.200,9136.400,0.120,0.075,99.759,0.040,0.0,0.005,1493156041.201,
