"Dstat 0.7.2 CSV output"
"Author:","Dag Wieers <dag@wieers.com>",,,,"URL:","http://dag.wieers.com/home-made/dstat/"
"Host:","osd0.skyhook-4osds.skyhook-pg0.wisc.cloudlab.us",,,,"User:","jlefevre"
"Cmdline:","dstat -av --epoch --integer --noheaders --output dstat-osd0.log 5",,,,"Date:","25 Apr 2017 14:10:10 CDT"

"total cpu usage",,,,,,"dsk/total",,"net/total",,"paging",,"system",,"procs",,,"memory usage",,,,"paging",,"dsk/total",,"system",,"total cpu usage",,,,,,"epoch"
"usr","sys","idl","wai","hiq","siq","read","writ","recv","send","in","out","int","csw","run","blk","new","used","buff","cach","free","in","out","read","writ","int","csw","usr","sys","idl","wai","hiq","siq","epoch"
0.025,0.010,99.965,0.0,0.0,0.0,0.0,8192.0,2172.400,11475.800,0.0,0.0,149.800,189.0,0.0,0.0,0.0,3267141632.0,1429504.0,169934848.0,1.65341687808e+11,0.0,0.0,0.0,8192.0,149.800,189.0,0.020,0.010,99.970,0.0,0.0,0.0,1493164835.776,
1.381,0.395,95.696,2.512,0.0,0.015,168003993.600,7372.800,17455.200,17026135.800,0.0,0.0,2290.600,2944.800,0.0,2.400,0.400,3304574976.0,1445888.0,1011683328.0,1.644624896e+11,0.0,0.0,168292352.0,7372.800,2292.400,2948.0,1.381,0.400,95.677,2.527,0.0,0.015,1493164840.776,
3.012,0.946,90.633,5.339,0.0,0.070,381412966.400,0.0,37398.600,40072479.400,0.0,0.0,5101.200,6415.200,1.800,2.200,0.0,3320479744.0,1445888.0,2916585472.0,1.62541682688e+11,0.0,0.0,381281894.400,0.0,5100.200,6413.800,3.018,0.946,90.635,5.331,0.0,0.070,1493164845.776,
3.309,0.951,90.610,5.096,0.0,0.035,381349888.0,7372.800,37413.400,40671027.400,0.0,0.0,5077.800,6361.0,2.200,1.600,0.400,3315331072.0,1462272.0,4822355968.0,1.6064104448e+11,0.0,0.0,381192601.600,7372.800,5077.0,6359.200,3.318,0.946,90.612,5.089,0.0,0.035,1493164850.776,
2.859,0.836,91.985,4.286,0.0,0.035,344101683.200,4915.200,30921.800,37080805.600,0.0,0.0,4391.400,5705.0,1.800,3.200,0.0,3286003712.0,1470464.0,6543015936.0,1.5894970368e+11,0.0,0.0,344101683.200,4915.200,4391.400,5705.0,2.853,0.841,91.986,4.285,0.0,0.035,1493164855.776,
2.993,0.866,91.852,4.184,0.0,0.105,354398208.0,4096.0,35096.800,37144313.200,0.0,0.0,4618.400,5972.400,1.800,2.600,0.400,3316961280.0,1478656.0,8315113472.0,1.57146640384e+11,0.0,0.0,354660352.0,4096.0,4621.800,5976.0,2.992,0.866,91.844,4.188,0.0,0.110,1493164860.776,
2.756,0.865,92.592,3.676,0.0,0.110,330507878.400,10649.600,31765.600,35064064.400,0.0,0.0,4439.800,5522.0,2.400,1.0,0.400,3308736512.0,1486848.0,9966235648.0,1.55503734784e+11,0.0,0.0,330455449.600,10649.600,4442.600,5522.800,2.752,0.861,92.603,3.678,0.0,0.105,1493164865.776,
3.445,0.996,88.794,6.654,0.0,0.110,408564531.200,13107.200,38173.200,42835565.0,0.0,0.0,5455.600,6834.600,2.200,2.800,0.0,3353964544.0,1503232.0,12010762240.0,1.53413963776e+11,0.0,0.0,408538316.800,13107.200,5450.600,6832.800,3.445,0.996,88.789,6.660,0.0,0.110,1493164870.776,
3.534,1.036,89.689,5.641,0.0,0.100,401974067.200,4915.200,40922.600,43755323.800,0.0,0.0,5436.400,6725.0,1.200,4.0,0.0,3306213376.0,1511424.0,14020071424.0,1.51452397568e+11,0.0,0.0,402000281.600,4915.200,5436.400,6725.0,3.538,1.041,89.685,5.635,0.0,0.100,1493164875.776,
3.459,1.106,88.341,7.028,0.0,0.065,423752499.200,2457.600,41405.800,44596251.600,0.0,0.0,5687.400,7076.600,1.800,3.800,0.0,3327381504.0,1519616.0,16142237696.0,1.49309054976e+11,0.0,0.0,423778713.600,2457.600,5688.400,7077.600,3.454,1.101,88.346,7.033,0.0,0.065,1493164880.776,
3.105,0.921,90.021,5.909,0.0,0.045,372647526.400,0.0,35677.200,38926039.0,0.0,0.0,4835.400,6229.600,0.600,3.0,0.0,3366879232.0,1519616.0,18002681856.0,1.47409113088e+11,0.0,0.0,372647526.400,0.0,4834.800,6229.600,3.110,0.921,90.020,5.904,0.0,0.045,1493164885.776,
3.862,1.147,84.974,9.932,0.0,0.085,456479539.200,2457.600,44860.600,48805208.0,0.0,0.0,6386.200,7653.400,2.400,4.200,0.0,3357712384.0,1527808.0,20286734336.0,1.45134219264e+11,0.0,0.0,456531968.0,2457.600,6386.600,7653.600,3.856,1.152,84.970,9.936,0.0,0.085,1493164890.776,
3.932,1.167,85.334,9.507,0.0,0.060,470034022.400,5734.400,44726.800,49042079.800,0.0,0.0,6338.800,7896.200,1.0,6.0,0.0,3395358720.0,1527808.0,22636511232.0,1.42746796032e+11,0.0,0.0,470049587.200,5734.400,6339.600,7897.600,3.937,1.167,85.329,9.507,0.0,0.060,1493164895.776,
3.515,1.051,89.691,5.688,0.0,0.055,415006720.0,6553.600,39935.800,44291591.400,0.0,0.0,5677.0,6938.800,3.0,2.200,0.400,3393372160.0,1536000.0,24709865472.0,1.4067542016e+11,0.0,0.0,414912512.0,6553.600,5675.600,6936.200,3.525,1.051,89.686,5.683,0.0,0.055,1493164900.776,
3.599,1.141,89.665,5.546,0.0,0.050,423459225.600,2457.600,37640.0,44316053.200,0.0,0.0,5400.800,7039.200,3.200,3.600,0.0,3424518144.0,1544192.0,26828587008.0,1.38525544448e+11,0.0,0.0,423501004.800,2457.600,5401.0,7039.800,3.594,1.136,89.673,5.546,0.0,0.050,1493164905.776,
3.661,1.172,88.416,6.721,0.0,0.030,427028480.0,4915.200,41380.0,46405811.800,0.0,0.0,6007.400,7148.600,1.400,4.0,0.0,3374211072.0,1552384.0,28964085760.0,1.36440344576e+11,0.0,0.0,427039129.600,4915.200,6007.400,7148.200,3.651,1.172,88.427,6.720,0.0,0.030,1493164910.776,
3.466,1.062,89.953,5.459,0.0,0.060,398508851.200,7372.800,36293.600,43145337.0,0.0,0.0,5149.200,6637.400,1.600,3.400,0.0,3341828096.0,1568768.0,30956630016.0,1.34480166912e+11,0.0,0.0,398482636.800,7372.800,5149.0,6637.800,3.466,1.067,89.954,5.454,0.0,0.060,1493164915.776,
3.203,0.981,91.571,4.184,0.0,0.060,366602649.600,0.0,35586.400,39220970.800,0.0,0.0,4807.600,6037.800,1.200,2.0,0.0,3332280320.0,1568768.0,32787963904.0,1.326583808e+11,0.0,0.0,366366720.0,0.0,4806.200,6034.600,3.204,0.981,91.571,4.185,0.0,0.060,1493164920.776,
0.385,0.090,99.225,0.290,0.0,0.010,42307584.0,2457.600,7333.200,4517613.400,0.0,0.0,667.0,846.200,0.200,0.0,0.0,3328073728.0,1576960.0,33000648704.0,1.324498944e+11,0.0,0.0,42307584.0,2457.600,667.200,846.600,0.380,0.085,99.235,0.290,0.0,0.010,1493164925.776,
