"Dstat 0.7.2 CSV output"
"Author:","Dag Wieers <dag@wieers.com>",,,,"URL:","http://dag.wieers.com/home-made/dstat/"
"Host:","client0.skyhook-4osds.skyhook-pg0.wisc.cloudlab.us",,,,"User:","jlefevre"
"Cmdline:","dstat -av --epoch --integer --noheaders --output dstat-client0.log 5",,,,"Date:","25 Apr 2017 14:10:01 CDT"

"total cpu usage",,,,,,"dsk/total",,"net/total",,"paging",,"system",,"procs",,,"memory usage",,,,"paging",,"dsk/total",,"system",,"total cpu usage",,,,,,"epoch"
"usr","sys","idl","wai","hiq","siq","read","writ","recv","send","in","out","int","csw","run","blk","new","used","buff","cach","free","in","out","read","writ","int","csw","usr","sys","idl","wai","hiq","siq","epoch"
0.040,0.020,99.814,0.121,0.0,0.005,0.0,154009.600,54418.600,1422.200,0.0,0.0,1732.200,7541.200,0.0,0.0,0.0,5501435904.0,219901952.0,1.4731081728e+11,15748038656.0,0.0,0.0,0.0,154009.600,1731.600,7532.400,0.040,0.015,99.819,0.121,0.0,0.005,1493166496.201,
0.166,0.095,99.704,0.010,0.0,0.025,0.0,37683.200,28779706.800,39273.800,0.0,0.0,2619.800,8141.600,1.400,0.0,5.0,5636550656.0,219910144.0,1.47310845952e+11,15612887040.0,0.0,0.0,0.0,37683.200,2629.800,8152.0,0.176,0.100,99.689,0.010,0.0,0.025,1493166501.201,
11.573,1.913,85.948,0.111,0.0,0.455,0.0,145817.600,1206609756.600,1404594.600,0.0,0.0,34630.600,42081.600,6.600,0.0,0.0,5748191232.0,219918336.0,1.4731106304e+11,15501021184.0,0.0,0.0,0.0,145817.600,34633.200,42089.600,11.576,1.912,85.945,0.111,0.0,0.455,1493166506.201,
10.711,1.658,86.664,0.121,0.0,0.846,0.0,145817.600,1184216828.800,1340058.0,0.0,0.0,29318.600,39404.800,4.400,0.0,0.0,5804683264.0,219918336.0,1.47311382528e+11,15444209664.0,0.0,0.0,0.0,145817.600,29311.400,39390.200,10.715,1.657,86.660,0.121,0.0,0.846,1493166511.201,
11.056,1.706,86.516,0.101,0.0,0.621,0.0,135987.200,1216879328.200,1479055.0,0.0,0.0,31734.200,43484.0,5.0,0.200,0.0,5784702976.0,219934720.0,1.47311681536e+11,15463874560.0,0.0,0.0,0.0,135987.200,31738.0,43493.800,11.049,1.702,86.527,0.101,0.0,0.621,1493166516.201,
10.874,1.643,86.705,0.126,0.0,0.652,0.0,172032.0,1206151401.200,1431343.800,0.0,0.0,30728.600,42147.200,6.600,0.0,0.0,5741834240.0,219942912.0,1.47312001024e+11,15506415616.0,0.0,0.0,0.0,172032.0,30733.0,42155.0,10.876,1.648,86.698,0.126,0.0,0.652,1493166521.201,
10.861,1.675,86.622,0.136,0.0,0.706,0.0,156467.200,1223023922.400,1491136.200,0.0,0.0,31497.0,44579.200,6.200,0.0,0.0,5784399872.0,219959296.0,1.4731229184e+11,15463542784.0,0.0,0.0,0.0,156467.200,31491.600,44568.0,10.875,1.675,86.608,0.136,0.0,0.706,1493166526.201,
10.331,1.525,87.372,0.116,0.0,0.656,0.0,152371.200,1222778221.800,1538707.600,0.0,0.0,31825.200,46825.400,4.0,0.0,0.0,5742313472.0,219959296.0,1.4731259904e+11,15505321984.0,0.0,0.0,0.0,152371.200,31826.600,46831.0,10.313,1.520,87.395,0.116,0.0,0.657,1493166531.201,
10.764,1.804,86.815,0.096,0.0,0.521,0.0,136806.400,1219376566.600,1488523.400,0.0,0.0,30240.200,43998.600,5.600,0.200,0.0,5757730816.0,219967488.0,1.47312902144e+11,15489593344.0,0.0,0.0,0.0,136806.400,30244.0,44002.800,10.773,1.809,86.802,0.096,0.0,0.520,1493166536.201,
10.590,1.725,87.072,0.172,0.0,0.440,0.0,174489.600,1218085035.400,1527281.600,0.0,0.0,30629.0,44358.600,4.800,0.200,0.0,5796208640.0,219979776.0,1.4731321344e+11,15450791936.0,0.0,0.0,0.0,174489.600,30621.800,44353.800,10.582,1.726,87.080,0.172,0.0,0.440,1493166541.201,
10.803,1.592,87.008,0.111,0.0,0.485,0.0,154828.800,1203230915.200,1412362.200,0.0,0.0,29884.600,41521.800,5.0,0.0,0.0,5822300160.0,219979776.0,1.4731352064e+11,15424393216.0,0.0,0.0,0.0,154828.800,29890.0,41515.600,10.798,1.587,87.019,0.111,0.0,0.485,1493166546.201,
11.054,1.721,86.602,0.101,0.0,0.521,0.0,154009.600,1226026500.600,1504349.600,0.0,0.0,31552.200,45557.600,4.800,0.0,0.0,5777522688.0,219987968.0,1.47313819648e+11,15468863488.0,0.0,0.0,0.0,154009.600,31552.200,45554.400,11.073,1.726,86.579,0.101,0.0,0.521,1493166551.201,
10.618,1.713,86.875,0.111,0.0,0.682,0.0,136806.400,1184650168.0,1346686.200,0.0,0.0,29251.0,38244.200,4.200,0.0,0.0,5781778432.0,219996160.0,1.47314130944e+11,15464288256.0,0.0,0.0,0.0,136806.400,29248.800,38252.400,10.613,1.718,86.875,0.111,0.0,0.682,1493166556.201,
11.290,1.728,86.175,0.136,0.0,0.672,0.0,171212.800,1224328163.800,1533770.200,0.0,0.0,31201.600,44723.800,6.400,0.0,0.0,5739913216.0,220000256.0,1.47314450432e+11,15505829888.0,0.0,0.0,0.0,171212.800,31206.0,44731.800,11.290,1.718,86.184,0.136,0.0,0.672,1493166561.201,
11.075,1.803,86.439,0.127,0.0,0.557,0.0,153190.400,1210842967.800,1471804.0,0.0,0.0,33468.200,42762.200,4.200,0.0,0.0,5786406912.0,220008448.0,1.47314737152e+11,15459041280.0,0.0,0.0,0.0,153190.400,33463.400,42756.400,11.065,1.808,86.444,0.127,0.0,0.557,1493166566.201,
10.677,1.695,86.841,0.111,0.0,0.676,0.0,159744.0,1224731351.600,1591631.200,0.0,0.0,33168.600,46366.200,5.200,0.0,0.0,5785841664.0,220020736.0,1.47315048448e+11,15459282944.0,0.0,0.0,0.0,159744.0,33168.800,46361.800,10.678,1.695,86.841,0.111,0.0,0.676,1493166571.201,
10.895,1.694,86.722,0.116,0.0,0.572,0.0,138444.800,1218445765.400,1524043.600,0.0,0.0,31234.200,44724.200,4.400,0.200,0.0,5746991104.0,220028928.0,1.47315355648e+11,15497818112.0,0.0,0.0,0.0,138444.800,31235.600,44723.600,10.896,1.695,86.722,0.116,0.0,0.572,1493166576.201,
10.383,1.785,87.169,0.121,0.0,0.541,0.0,181043.200,1199998594.200,1381421.600,0.0,0.0,28850.800,40454.400,5.600,0.0,0.0,5800955904.0,220028928.0,1.47315683328e+11,15443525632.0,0.0,0.0,0.0,181043.200,28849.800,40465.400,10.392,1.785,87.160,0.121,0.0,0.541,1493166581.201,
9.914,1.761,87.433,0.111,0.0,0.782,0.0,172851.200,1227621200.400,1564800.400,0.0,0.0,32439.0,46021.400,5.200,0.0,0.0,5796274176.0,220041216.0,1.47315982336e+11,15447896064.0,0.0,0.0,0.0,172851.200,32441.0,46019.0,9.909,1.761,87.437,0.111,0.0,0.782,1493166586.201,
10.848,1.542,87.070,0.066,0.0,0.475,0.0,159744.0,1226030599.800,1576380.200,0.0,0.0,31635.400,47707.200,4.600,0.0,0.0,5806931968.0,220049408.0,1.47316297728e+11,15436914688.0,0.0,0.0,0.0,159744.0,31633.600,47701.800,10.856,1.541,87.062,0.066,0.0,0.475,1493166591.201,
11.485,1.883,85.980,0.106,0.0,0.547,0.0,148275.200,1224026486.0,1620372.200,0.0,0.0,34070.600,45389.600,5.400,0.200,0.0,5835644928.0,220057600.0,1.47316596736e+11,15407894528.0,0.0,0.0,0.0,148275.200,34069.0,45396.800,11.467,1.883,85.996,0.106,0.0,0.547,1493166596.201,
11.532,1.870,85.885,0.086,0.0,0.627,0.0,145817.600,1223646355.800,1561645.400,0.0,0.0,32239.400,43211.600,5.0,0.0,0.0,5808128000.0,220061696.0,1.4731692032e+11,15435083776.0,0.0,0.0,0.0,145817.600,32242.400,43205.800,11.538,1.865,85.884,0.086,0.0,0.627,1493166601.201,
9.702,1.464,88.051,0.146,0.0,0.636,0.0,162201.600,1229581534.600,1627232.200,0.0,0.0,31587.800,48115.0,4.400,0.0,0.0,5830021120.0,220069888.0,1.47317239808e+11,15412862976.0,0.0,0.0,0.0,162201.600,31588.200,48116.600,9.705,1.464,88.044,0.146,0.0,0.641,1493166606.201,
9.760,1.573,88.101,0.086,0.0,0.480,0.0,151552.0,1230025540.800,1609536.0,0.0,0.0,31984.600,48278.200,4.600,0.0,0.0,5789282304.0,220069888.0,1.47317530624e+11,15453310976.0,0.0,0.0,0.0,151552.0,31981.400,48281.200,9.758,1.573,88.107,0.086,0.0,0.476,1493166611.201,
10.759,1.795,86.834,0.091,0.0,0.521,0.0,158924.800,1209166555.200,1394313.800,0.0,0.0,29353.600,41499.200,5.0,0.0,0.0,5760069632.0,220090368.0,1.47317837824e+11,15482195968.0,0.0,0.0,0.0,158924.800,29354.200,41492.800,10.757,1.795,86.837,0.091,0.0,0.521,1493166616.201,
11.002,1.728,86.607,0.101,0.0,0.561,0.0,143360.0,1222930038.800,1533871.400,0.0,0.0,31239.400,44859.600,5.200,0.200,0.0,5769113600.0,220102656.0,1.47318145024e+11,15472832512.0,0.0,0.0,0.0,143360.0,31243.0,44863.600,11.002,1.733,86.602,0.101,0.0,0.561,1493166621.201,
2.453,0.382,97.004,0.085,0.0,0.075,0.0,140902.400,266495277.400,305823.200,0.0,0.0,7444.0,15384.800,1.0,0.0,1.0,5504823296.0,220102656.0,1.47318407168e+11,15736860672.0,0.0,0.0,0.0,140902.400,7431.400,15367.400,2.443,0.377,97.019,0.085,0.0,0.075,1493166626.201,
