"Dstat 0.7.2 CSV output"
"Author:","Dag Wieers <dag@wieers.com>",,,,"URL:","http://dag.wieers.com/home-made/dstat/"
"Host:","osd1.skyhook-4osds.skyhook-pg0.wisc.cloudlab.us",,,,"User:","jlefevre"
"Cmdline:","dstat -av --epoch --integer --noheaders --output dstat-osd1.log 5",,,,"Date:","25 Apr 2017 14:10:17 CDT"

"total cpu usage",,,,,,"dsk/total",,"net/total",,"paging",,"system",,"procs",,,"memory usage",,,,"paging",,"dsk/total",,"system",,"total cpu usage",,,,,,"epoch"
"usr","sys","idl","wai","hiq","siq","read","writ","recv","send","in","out","int","csw","run","blk","new","used","buff","cach","free","in","out","read","writ","int","csw","usr","sys","idl","wai","hiq","siq","epoch"
0.080,0.555,99.165,0.200,0.0,0.0,1408204.800,11468.800,3280.200,13909.800,0.0,0.0,496.600,566.800,0.200,0.0,4.600,3462635520.0,1286144.0,132521984.0,1.65183750144e+11,0.0,0.0,1408204.800,11468.800,496.200,566.400,0.075,0.550,99.175,0.200,0.0,0.0,1493150752.192,
0.110,0.280,98.624,0.976,0.0,0.010,87435673.600,3276.800,31623.400,55576385.800,0.0,0.0,1641.200,1646.200,0.0,0.0,0.0,3636002816.0,1294336.0,569081856.0,1.64573814784e+11,0.0,0.0,87435673.600,3276.800,1642.400,1646.200,0.110,0.280,98.624,0.976,0.0,0.010,1493150757.192,
0.105,0.340,99.205,0.345,0.0,0.005,84615168.0,2457.600,60740.400,122329165.400,0.0,0.0,2759.800,1676.800,0.0,0.200,0.0,3464790016.0,1302528.0,992600064.0,1.64321501184e+11,0.0,0.0,84615168.0,2457.600,2758.600,1676.800,0.105,0.340,99.205,0.345,0.0,0.005,1493150762.192,
0.110,0.400,98.929,0.560,0.0,0.0,115640729.600,0.0,62404.400,118918249.400,0.0,0.0,3083.200,2168.400,0.0,0.0,0.0,3475800064.0,1302528.0,1570877440.0,1.6373221376e+11,0.0,0.0,115640729.600,0.0,3083.200,2168.400,0.110,0.400,98.929,0.560,0.0,0.0,1493150767.192,
0.095,0.330,99.064,0.495,0.0,0.015,101538201.600,2457.600,57921.600,110295429.0,0.0,0.0,2729.800,1923.400,0.0,0.0,0.0,3443179520.0,1310720.0,2078916608.0,1.63256786944e+11,0.0,0.0,101538201.600,2457.600,2729.800,1923.400,0.095,0.335,99.059,0.495,0.0,0.015,1493150772.192,
0.135,0.430,98.904,0.526,0.0,0.005,128757760.0,0.0,86764.400,129976655.200,0.0,0.0,3653.600,2386.200,0.200,0.600,0.0,3469860864.0,1310720.0,2723475456.0,1.62585546752e+11,0.0,0.0,128967475.200,0.0,3660.800,2389.0,0.135,0.425,98.904,0.531,0.0,0.005,1493150777.192,
0.165,0.511,98.613,0.696,0.0,0.015,153292800.0,4096.0,96652.0,153358828.400,0.0,0.0,3984.600,2796.200,0.200,0.0,0.0,3503013888.0,1318912.0,3486978048.0,1.61788882944e+11,0.0,0.0,153083084.800,4096.0,3977.400,2793.400,0.165,0.516,98.613,0.691,0.0,0.015,1493150782.192,
0.100,0.335,99.140,0.415,0.0,0.010,95897190.400,819.200,67050.400,106148683.400,0.0,0.0,2837.200,1857.0,0.200,0.0,0.0,3474182144.0,1318912.0,3967803392.0,1.61336889344e+11,0.0,0.0,95897190.400,819.200,2837.400,1858.200,0.105,0.330,99.139,0.415,0.0,0.010,1493150787.192,
0.120,0.355,99.044,0.475,0.0,0.005,107179212.800,2457.600,62183.200,117219554.0,0.0,0.0,2935.0,2009.0,0.600,0.0,0.0,3448213504.0,1327104.0,4504813568.0,1.60825839616e+11,0.0,0.0,107336499.200,2457.600,2936.0,2010.200,0.115,0.360,99.044,0.475,0.0,0.005,1493150792.192,
0.130,0.490,98.819,0.545,0.0,0.015,138362060.800,0.0,65540.600,142840637.600,0.0,0.0,3458.0,2539.400,0.200,0.400,0.0,3463872512.0,1327104.0,5196775424.0,1.60118218752e+11,0.0,0.0,138388275.200,0.0,3458.200,2539.600,0.130,0.490,98.819,0.545,0.0,0.015,1493150797.192,
0.180,0.536,98.398,0.876,0.0,0.010,169073049.600,2457.600,87578.600,177680350.200,0.0,0.0,4393.200,3104.200,0.0,0.600,0.0,3466117120.0,1335296.0,6041305088.0,1.59271436288e+11,0.0,0.0,168889548.800,2457.600,4391.800,3101.600,0.180,0.531,98.403,0.876,0.0,0.010,1493150802.192,
0.100,0.340,99.109,0.445,0.0,0.005,101500518.400,0.0,48067.800,104692139.200,0.0,0.0,2602.200,1936.400,0.200,0.800,0.0,3464146944.0,1335296.0,6548852736.0,1.58765858816e+11,0.0,0.0,101542297.600,0.0,2602.400,1937.600,0.105,0.345,99.099,0.445,0.0,0.005,1493150807.192,
0.130,0.390,98.979,0.500,0.0,0.0,122922598.400,2457.600,55280.800,126376463.200,0.0,0.0,3069.0,2290.800,0.400,0.400,0.0,3479441408.0,1343488.0,7162683392.0,1.58136725504e+11,0.0,0.0,123064320.0,2457.600,3078.400,2292.200,0.125,0.390,98.984,0.500,0.0,0.0,1493150812.192,
0.105,0.380,98.920,0.585,0.0,0.010,108408832.0,0.0,53109.600,114970004.400,0.0,0.0,2818.600,2039.200,0.400,0.0,0.200,3472039936.0,1343488.0,7705153536.0,1.57601656832e+11,0.0,0.0,108225331.200,0.0,2810.200,2037.800,0.105,0.380,98.920,0.585,0.0,0.010,1493150817.192,
0.105,0.365,98.939,0.585,0.0,0.005,112820224.0,4096.0,66846.0,115802325.600,0.0,0.0,3021.200,2085.400,0.600,0.200,0.0,3489325056.0,1351680.0,8269742080.0,1.57019774976e+11,0.0,0.0,112820224.0,4096.0,3023.600,2084.200,0.105,0.365,98.939,0.585,0.0,0.005,1493150822.192,
0.130,0.425,98.734,0.701,0.0,0.010,127027609.600,8192.0,76184.800,132939221.800,0.0,0.0,3490.200,2374.800,0.400,0.600,0.0,3490983936.0,1368064.0,8905355264.0,1.56382486528e+11,0.0,0.0,127237324.800,8192.0,3490.400,2377.200,0.130,0.425,98.734,0.701,0.0,0.010,1493150827.192,
0.150,0.525,98.659,0.655,0.0,0.010,149381939.200,0.0,96836.800,154656473.0,0.0,0.0,4051.0,2742.600,0.0,0.400,0.0,3503378432.0,1368064.0,9651662848.0,1.55623784448e+11,0.0,0.0,149172224.0,0.0,4048.400,2740.200,0.150,0.525,98.659,0.655,0.0,0.010,1493150832.192,
0.120,0.450,98.779,0.646,0.0,0.005,126922752.0,2457.600,74776.400,137390542.400,0.0,0.0,3495.200,2344.800,0.200,0.600,0.0,3479179264.0,1376256.0,10286194688.0,1.55013443584e+11,0.0,0.0,126922752.0,2457.600,3500.0,2345.200,0.120,0.445,98.784,0.646,0.0,0.005,1493150837.192,
0.135,0.445,98.814,0.591,0.0,0.015,132563763.200,0.0,93240.0,137727493.0,0.0,0.0,3765.400,2469.400,0.200,0.400,0.0,3479195648.0,1376256.0,10948591616.0,1.54351030272e+11,0.0,0.0,132563763.200,0.0,3763.400,2469.0,0.135,0.450,98.809,0.591,0.0,0.015,1493150842.192,
0.175,0.506,98.413,0.886,0.0,0.020,157948313.600,2457.600,110670.400,163388674.0,0.0,0.0,4625.600,2890.800,0.400,0.800,0.0,3493916672.0,1384448.0,11739099136.0,1.53545793536e+11,0.0,0.0,157948313.600,2457.600,4621.600,2890.800,0.175,0.501,98.418,0.886,0.0,0.020,1493150847.192,
0.155,0.600,98.314,0.911,0.0,0.020,163589324.800,0.0,118404.600,176123115.400,0.0,0.0,4810.200,2971.800,0.200,0.200,0.0,3464548352.0,1384448.0,12556914688.0,1.52757346304e+11,0.0,0.0,163589324.800,0.0,4810.200,2971.800,0.155,0.600,98.314,0.911,0.0,0.020,1493150852.192,
0.160,0.511,98.318,0.996,0.0,0.015,152307302.400,4096.0,102592.800,158622758.400,0.0,0.0,4146.800,2788.400,0.0,0.400,0.0,3483475968.0,1392640.0,13318209536.0,1.51977115648e+11,0.0,0.0,152307302.400,4096.0,4146.800,2788.400,0.160,0.511,98.318,0.996,0.0,0.015,1493150857.192,
0.185,0.641,98.093,1.066,0.0,0.015,177691852.800,4915.200,93832.200,185585806.600,0.0,0.0,4530.200,3220.600,0.600,0.400,0.0,3485237248.0,1400832.0,14207041536.0,1.51086514176e+11,0.0,0.0,177691852.800,4915.200,4533.800,3221.0,0.185,0.641,98.093,1.066,0.0,0.015,1493150862.192,
0.135,0.525,98.449,0.881,0.0,0.010,149486796.800,0.0,86030.800,157126940.400,0.0,0.0,3940.200,2712.400,0.200,0.400,0.0,3473084416.0,1400832.0,14954344448.0,1.50351364096e+11,0.0,0.0,149486796.800,0.0,3936.600,2712.0,0.135,0.530,98.444,0.881,0.0,0.010,1493150867.192,
0.130,0.461,98.438,0.956,0.0,0.015,152307302.400,2457.600,92420.200,157437336.0,0.0,0.0,4095.200,2781.400,0.400,0.600,0.0,3490877440.0,1409024.0,15715864576.0,1.49572042752e+11,0.0,0.0,152307302.400,2457.600,4099.800,2781.400,0.130,0.461,98.438,0.956,0.0,0.015,1493150872.192,
0.155,0.570,98.329,0.925,0.0,0.020,160768819.200,0.0,101233.400,158852922.600,0.0,0.0,4300.200,2911.400,0.0,0.200,0.0,3533328384.0,1409024.0,16517861376.0,1.48727595008e+11,0.0,0.0,160768819.200,0.0,4302.400,2911.800,0.155,0.570,98.329,0.925,0.0,0.020,1493150877.192,
0.135,0.460,98.714,0.681,0.0,0.010,141916569.600,2457.600,105768.0,154280403.200,0.0,0.0,4219.200,2639.800,0.400,0.800,0.0,3512016896.0,1417216.0,17229971456.0,1.48036788224e+11,0.0,0.0,142100070.400,2457.600,4215.200,2642.0,0.135,0.460,98.714,0.681,0.0,0.010,1493150882.192,
0.115,0.395,98.774,0.701,0.0,0.015,127431475.200,0.0,71309.200,132274077.400,0.0,0.0,3249.0,2359.800,0.600,0.400,0.0,3517669376.0,1417216.0,17866530816.0,1.47394576384e+11,0.0,0.0,127457689.600,0.0,3249.0,2360.200,0.115,0.395,98.769,0.706,0.0,0.015,1493150887.192,
0.130,0.450,98.694,0.715,0.0,0.010,128343244.800,4096.0,84162.200,133934021.800,0.0,0.0,3707.400,2376.600,0.200,0.400,0.0,3523919872.0,1425408.0,18507927552.0,1.4674692096e+11,0.0,0.0,128133529.600,4096.0,3706.800,2373.800,0.130,0.450,98.699,0.710,0.0,0.010,1493150892.192,
0.130,0.451,98.668,0.741,0.0,0.010,145051648.0,4915.200,113245.800,156888364.600,0.0,0.0,4504.0,2694.800,0.400,0.800,0.0,3487268864.0,1433600.0,19233574912.0,1.46057916416e+11,0.0,0.0,145235148.800,4915.200,4503.400,2696.400,0.130,0.451,98.668,0.741,0.0,0.010,1493150897.192,
0.150,0.570,98.394,0.871,0.0,0.015,164900044.800,0.0,131468.800,168361357.200,0.0,0.0,5149.600,3010.800,0.0,1.200,0.0,3517534208.0,1433600.0,20058402816.0,1.45202823168e+11,0.0,0.0,164952473.600,0.0,5149.200,3011.0,0.150,0.566,98.394,0.876,0.0,0.015,1493150902.192,
0.120,0.375,98.929,0.566,0.0,0.010,121585664.0,2457.600,97372.800,130007529.400,0.0,0.0,3866.600,2265.400,0.600,0.400,0.0,3502030848.0,1441792.0,20665233408.0,1.44611487744e+11,0.0,0.0,121349734.400,2457.600,3871.200,2263.600,0.120,0.380,98.929,0.561,0.0,0.010,1493150907.192,
0.155,0.420,98.779,0.626,0.0,0.020,143122432.0,0.0,92937.200,145773747.200,0.0,0.0,3868.400,2588.0,0.600,0.400,0.0,3527208960.0,1441792.0,21382078464.0,1.43869464576e+11,0.0,0.0,143279718.400,0.0,3868.200,2590.600,0.155,0.420,98.774,0.631,0.0,0.020,1493150912.192,
0.135,0.421,98.848,0.571,0.0,0.025,144569139.200,2457.600,100370.0,157473449.200,0.0,0.0,4233.0,2663.800,0.600,0.200,0.0,3484577792.0,1449984.0,22104330240.0,1.43189835776e+11,0.0,0.0,144411852.800,2457.600,4227.400,2661.0,0.135,0.416,98.858,0.566,0.0,0.025,1493150917.192,
0.140,0.515,98.694,0.631,0.0,0.020,157948313.600,0.0,118771.600,161323667.800,0.0,0.0,4712.400,2862.200,0.0,0.800,0.0,3519172608.0,1449984.0,22892912640.0,1.4236665856e+11,0.0,0.0,157948313.600,0.0,4715.200,2862.200,0.140,0.515,98.694,0.631,0.0,0.020,1493150922.192,
0.145,0.570,98.634,0.630,0.0,0.020,160768819.200,3276.800,109633.800,167974532.600,0.0,0.0,4439.800,2923.200,0.800,0.400,0.0,3519795200.0,1458176.0,23697051648.0,1.41561888768e+11,0.0,0.0,160768819.200,3276.800,4440.0,2924.0,0.145,0.570,98.634,0.630,0.0,0.020,1493150927.192,
0.160,0.535,98.554,0.741,0.0,0.010,157948313.600,4915.200,116739.800,169103521.200,0.0,0.0,4896.400,2866.200,0.400,0.400,0.200,3490516992.0,1466368.0,24487657472.0,1.4080055296e+11,0.0,0.0,157948313.600,4915.200,4893.400,2865.400,0.160,0.541,98.549,0.741,0.0,0.010,1493150932.192,
0.140,0.515,98.519,0.821,0.0,0.005,146666291.200,0.0,119681.800,153391017.600,0.0,0.0,4409.800,2727.400,0.0,0.400,0.0,3491622912.0,1466368.0,25221120000.0,1.40065984512e+11,0.0,0.0,146666291.200,0.0,4409.800,2727.400,0.140,0.510,98.524,0.821,0.0,0.005,1493150937.192,
0.160,0.531,98.497,0.801,0.0,0.010,172050841.600,2457.600,116602.800,179880426.0,0.0,0.0,4768.200,3106.200,0.400,0.0,0.0,3494096896.0,1474560.0,26081472512.0,1.39203149824e+11,0.0,0.0,172050841.600,2457.600,4768.200,3106.200,0.165,0.531,98.492,0.801,0.0,0.010,1493150942.192,
0.180,0.571,98.594,0.641,0.0,0.015,172050841.600,0.0,106890.800,168507449.600,0.0,0.0,4570.400,3144.800,0.0,0.600,0.0,3557928960.0,1474560.0,26940809216.0,1.38279981056e+11,0.0,0.0,172050841.600,0.0,4574.400,3145.400,0.175,0.576,98.593,0.641,0.0,0.015,1493150947.192,
0.115,0.376,99.134,0.366,0.0,0.010,119037952.0,2457.600,81415.800,135424530.0,0.0,0.0,3470.800,2242.800,0.0,0.200,0.0,3500605440.0,1482752.0,27536883712.0,1.37741221888e+11,0.0,0.0,119195238.400,2457.600,3468.200,2245.0,0.115,0.371,99.134,0.371,0.0,0.010,1493150952.192,
0.125,0.345,99.249,0.270,0.0,0.010,112044441.600,0.0,85551.200,114198909.400,0.0,0.0,3406.600,2081.200,0.200,0.200,0.0,3516104704.0,1482752.0,28096921600.0,1.37165684736e+11,0.0,0.0,112086220.800,0.0,3413.0,2080.0,0.125,0.345,99.254,0.265,0.0,0.010,1493150957.192,
0.135,0.460,99.044,0.350,0.0,0.010,132762828.800,3276.800,98785.0,141270651.600,0.0,0.0,3962.800,2434.800,0.600,0.400,0.0,3518185472.0,1490944.0,28760727552.0,1.36499789824e+11,0.0,0.0,132563763.200,3276.800,3960.600,2433.600,0.135,0.460,99.044,0.350,0.0,0.010,1493150962.192,
0.180,0.591,98.482,0.731,0.0,0.015,177691852.800,2457.600,165441.400,182653744.600,0.0,0.0,5852.0,3240.600,0.200,0.800,0.0,3534090240.0,1499136.0,29648977920.0,1.35595626496e+11,0.0,0.0,177691852.800,2457.600,5846.400,3240.200,0.180,0.591,98.482,0.731,0.0,0.015,1493150967.192,
0.140,0.510,98.769,0.570,0.0,0.010,129743257.600,0.0,115008.200,139333098.400,0.0,0.0,4376.200,2391.0,0.400,0.400,0.0,3509006336.0,1499136.0,30297903104.0,1.34971785216e+11,0.0,0.0,129743257.600,0.0,4385.0,2391.600,0.140,0.515,98.764,0.570,0.0,0.010,1493150972.192,
0.115,0.405,99.104,0.360,0.0,0.015,118461235.200,2457.600,76362.200,121868130.600,0.0,0.0,3466.400,2193.400,0.0,0.0,0.0,3523444736.0,1507328.0,30889504768.0,1.3436573696e+11,0.0,0.0,118461235.200,2457.600,3457.600,2192.800,0.115,0.405,99.104,0.360,0.0,0.015,1493150977.192,
0.135,0.531,98.763,0.561,0.0,0.010,149486796.800,0.0,128778.800,158961988.0,0.0,0.0,4754.400,2727.0,0.0,0.0,0.0,3511619584.0,1507328.0,31637016576.0,1.33630050304e+11,0.0,0.0,149486796.800,0.0,4754.800,2727.0,0.135,0.531,98.763,0.561,0.0,0.010,1493150982.192,
0.150,0.436,98.904,0.491,0.0,0.020,140967936.0,2457.600,107737.200,141571183.600,0.0,0.0,4147.400,2614.0,0.400,0.600,0.0,3542048768.0,1515520.0,32342802432.0,1.32893827072e+11,0.0,0.0,141203865.600,2457.600,4149.0,2621.600,0.150,0.436,98.899,0.496,0.0,0.020,1493150987.192,
0.140,0.521,98.648,0.661,0.0,0.030,152364646.400,0.0,125906.600,165155220.800,0.0,0.0,4089.600,2802.200,0.200,0.200,0.0,3514011648.0,1515520.0,33104044032.0,1.32160622592e+11,0.0,0.0,152128716.800,0.0,4087.600,2794.600,0.140,0.516,98.658,0.656,0.0,0.030,1493150992.192,
0.135,0.475,98.914,0.465,0.0,0.010,130314240.0,4096.0,86284.800,135662761.0,0.0,0.0,3717.400,2463.800,0.200,0.800,0.800,3526373376.0,1523712.0,33756303360.0,1.31495993344e+11,0.0,0.0,130523955.200,4096.0,3719.400,2466.200,0.135,0.480,98.904,0.470,0.0,0.010,1493150997.192,
0.160,0.546,98.664,0.621,0.0,0.010,154577305.600,12288.0,130524.200,154638260.200,0.0,0.0,4886.200,2807.200,0.200,0.400,0.0,3570298880.0,1540096.0,34527625216.0,1.306807296e+11,0.0,0.0,154367590.400,12288.0,4884.200,2804.800,0.160,0.541,98.674,0.616,0.0,0.010,1493151002.192,
0.075,0.245,99.350,0.320,0.0,0.010,64871628.800,0.0,63401.200,75428895.800,0.0,0.0,2277.800,1301.600,0.0,0.0,0.0,3524694016.0,1540096.0,34853122048.0,1.30400837632e+11,0.0,0.0,64871628.800,0.0,2277.800,1301.600,0.075,0.250,99.345,0.320,0.0,0.010,1493151007.192,
