"Dstat 0.7.2 CSV output"
"Author:","Dag Wieers <dag@wieers.com>",,,,"URL:","http://dag.wieers.com/home-made/dstat/"
"Host:","osd1.skyhook-4osds.skyhook-pg0.wisc.cloudlab.us",,,,"User:","jlefevre"
"Cmdline:","dstat -av --epoch --integer --noheaders --output dstat-osd1.log 5",,,,"Date:","25 Apr 2017 14:10:17 CDT"

"total cpu usage",,,,,,"dsk/total",,"net/total",,"paging",,"system",,"procs",,,"memory usage",,,,"paging",,"dsk/total",,"system",,"total cpu usage",,,,,,"epoch"
"usr","sys","idl","wai","hiq","siq","read","writ","recv","send","in","out","int","csw","run","blk","new","used","buff","cach","free","in","out","read","writ","int","csw","usr","sys","idl","wai","hiq","siq","epoch"
0.010,0.0,99.980,0.010,0.0,0.0,0.0,2457.600,2126.200,12584.0,0.0,0.0,116.400,126.600,0.0,0.0,0.0,3499614208.0,1232896.0,34882560000.0,1.30396786688e+11,0.0,0.0,0.0,2457.600,116.400,126.600,0.010,0.005,99.975,0.010,0.0,0.0,1493165662.192,
0.075,0.175,99.745,0.0,0.0,0.005,0.0,0.0,23201.400,14508599.400,0.0,0.0,551.400,285.600,0.0,0.0,0.0,3740688384.0,1232896.0,34882564096.0,1.30155708416e+11,0.0,0.0,0.0,0.0,554.800,285.800,0.075,0.175,99.745,0.0,0.0,0.005,1493165667.192,
0.205,0.666,99.114,0.005,0.0,0.010,0.0,4096.0,349378.400,295156927.400,0.0,0.0,6192.200,918.200,0.800,0.0,0.0,3514408960.0,1241088.0,34882564096.0,1.30381979648e+11,0.0,0.0,0.0,4096.0,6188.800,918.0,0.205,0.661,99.119,0.005,0.0,0.010,1493165672.192,
0.245,0.756,98.974,0.010,0.0,0.015,0.0,4915.200,350212.200,281301707.600,0.0,0.0,8112.600,971.600,0.600,0.0,0.0,3519766528.0,1249280.0,34882564096.0,1.30376613888e+11,0.0,0.0,0.0,4915.200,8121.600,972.400,0.245,0.760,98.969,0.010,0.0,0.015,1493165677.192,
0.250,0.746,98.969,0.0,0.0,0.035,0.0,0.0,350686.600,290825475.800,0.0,0.0,9526.600,949.400,0.600,0.0,0.0,3501035520.0,1249280.0,34882564096.0,1.30395344896e+11,0.0,0.0,0.0,0.0,9517.600,948.600,0.250,0.746,98.969,0.0,0.0,0.035,1493165682.192,
0.280,0.811,98.889,0.005,0.0,0.015,0.0,2457.600,366864.600,303447481.0,0.0,0.0,10011.0,1032.800,0.400,0.0,0.0,3573702656.0,1257472.0,34882564096.0,1.30322669568e+11,0.0,0.0,0.0,2457.600,10017.200,1033.0,0.285,0.806,98.889,0.005,0.0,0.015,1493165687.192,
0.255,0.721,99.004,0.0,0.0,0.020,0.0,0.0,380431.200,291908598.200,0.0,0.0,9980.400,967.200,0.200,0.0,0.0,3563085824.0,1257472.0,34882564096.0,1.303332864e+11,0.0,0.0,0.0,0.0,9979.0,967.400,0.250,0.721,99.009,0.0,0.0,0.020,1493165692.192,
0.215,0.641,99.114,0.010,0.0,0.020,0.0,2457.600,311073.200,268710596.600,0.0,0.0,8580.800,912.400,0.200,0.0,0.0,3543814144.0,1265664.0,34882564096.0,1.30352549888e+11,0.0,0.0,0.0,2457.600,8580.800,912.400,0.215,0.646,99.109,0.010,0.0,0.020,1493165697.192,
0.245,0.761,98.978,0.0,0.0,0.015,0.0,0.0,382574.0,305103042.0,0.0,0.0,10473.800,1000.200,0.800,0.0,0.0,3535290368.0,1265664.0,34882564096.0,1.30361073664e+11,0.0,0.0,0.0,0.0,10475.800,1000.200,0.245,0.756,98.983,0.0,0.0,0.015,1493165702.192,
0.255,0.786,98.929,0.005,0.0,0.025,0.0,3276.800,387332.0,305313374.800,0.0,0.0,10394.800,1026.200,0.400,0.0,0.0,3518595072.0,1273856.0,34882564096.0,1.30377760768e+11,0.0,0.0,0.0,3276.800,10388.0,1025.800,0.255,0.786,98.929,0.005,0.0,0.025,1493165707.192,
0.255,0.741,98.994,0.005,0.0,0.005,0.0,4915.200,342249.800,300790899.0,0.0,0.0,9056.600,978.0,0.200,0.0,0.0,3504644096.0,1282048.0,34882564096.0,1.30391703552e+11,0.0,0.0,0.0,4915.200,9068.600,978.0,0.255,0.741,98.994,0.005,0.0,0.005,1493165712.192,
0.305,0.876,98.803,0.0,0.0,0.015,0.0,0.0,406817.800,345032998.800,0.0,0.0,11267.400,1141.0,0.600,0.0,0.0,3532271616.0,1282048.0,34882564096.0,1.30364076032e+11,0.0,0.0,0.0,0.0,11256.0,1141.400,0.305,0.881,98.798,0.0,0.0,0.015,1493165717.192,
0.255,0.726,98.999,0.005,0.0,0.015,0.0,2457.600,331591.200,291947650.600,0.0,0.0,9175.200,952.600,0.600,0.0,0.0,3508514816.0,1290240.0,34882564096.0,1.3038782464e+11,0.0,0.0,0.0,2457.600,9174.600,952.200,0.255,0.721,99.004,0.005,0.0,0.015,1493165722.192,
0.265,0.781,98.939,0.010,0.0,0.005,25395.200,0.0,366961.800,312595032.600,0.0,0.0,9901.0,1050.800,0.0,0.0,0.400,3510599680.0,1290240.0,34882691072.0,1.303856128e+11,0.0,0.0,25395.200,0.0,9901.0,1050.800,0.265,0.781,98.939,0.010,0.0,0.005,1493165727.192,
0.255,0.691,99.024,0.020,0.0,0.010,0.0,5734.400,341591.400,284838178.400,0.0,0.0,9091.0,978.200,0.800,0.0,0.0,3572113408.0,1306624.0,34882682880.0,1.3032409088e+11,0.0,0.0,0.0,5734.400,9096.800,979.0,0.255,0.696,99.019,0.020,0.0,0.010,1493165732.192,
0.245,0.736,99.008,0.0,0.0,0.010,0.0,0.0,393763.0,302765803.600,0.0,0.0,10606.600,991.400,0.400,0.0,0.0,3540144128.0,1306624.0,34882691072.0,1.30356051968e+11,0.0,0.0,0.0,0.0,10607.200,992.0,0.245,0.736,99.008,0.0,0.0,0.010,1493165737.192,
0.270,0.771,98.939,0.010,0.0,0.010,0.0,3276.800,373580.800,298135141.200,0.0,0.0,10464.600,1039.400,0.200,0.0,0.0,3604373504.0,1314816.0,34882691072.0,1.302918144e+11,0.0,0.0,0.0,3276.800,10463.800,1039.600,0.270,0.771,98.939,0.010,0.0,0.010,1493165742.192,
0.280,0.821,98.879,0.010,0.0,0.010,0.0,2457.600,414317.400,314718664.800,0.0,0.0,11194.600,1057.400,0.200,0.0,0.0,3571277824.0,1323008.0,34882691072.0,1.30324901888e+11,0.0,0.0,0.0,2457.600,11190.600,1055.800,0.280,0.816,98.884,0.010,0.0,0.010,1493165747.192,
0.260,0.761,98.948,0.0,0.0,0.030,0.0,0.0,388698.200,300940424.200,0.0,0.0,10377.200,994.800,0.0,0.0,0.0,3571150848.0,1323008.0,34882695168.0,1.30325024768e+11,0.0,0.0,0.0,0.0,10381.400,994.800,0.260,0.761,98.948,0.0,0.0,0.030,1493165752.192,
0.305,0.981,98.688,0.005,0.0,0.020,0.0,2457.600,430172.400,337111891.0,0.0,0.0,11481.600,1098.400,0.0,0.0,0.0,3594199040.0,1331200.0,34882695168.0,1.30301968384e+11,0.0,0.0,0.0,2457.600,11484.0,1098.600,0.305,0.981,98.688,0.005,0.0,0.020,1493165757.192,
0.270,0.856,98.853,0.0,0.0,0.020,0.0,0.0,406663.0,317202619.400,0.0,0.0,10937.0,1038.0,0.600,0.0,0.0,3509936128.0,1331200.0,34882695168.0,1.30386231296e+11,0.0,0.0,0.0,0.0,10928.800,1037.800,0.270,0.861,98.848,0.0,0.0,0.020,1493165762.192,
0.210,0.661,99.109,0.010,0.0,0.010,0.0,3276.800,322510.400,247714372.800,0.0,0.0,8984.400,858.600,0.600,0.0,0.0,3518582784.0,1339392.0,34882695168.0,1.30377576448e+11,0.0,0.0,0.0,3276.800,8984.400,858.600,0.210,0.661,99.109,0.010,0.0,0.010,1493165767.192,
0.255,0.741,98.984,0.0,0.0,0.020,0.0,0.0,325665.200,283621443.200,0.0,0.0,9056.600,979.800,0.200,0.0,0.0,3557785600.0,1339392.0,34882695168.0,1.30338373632e+11,0.0,0.0,0.0,0.0,9062.0,980.200,0.255,0.736,98.989,0.0,0.0,0.020,1493165772.192,
0.250,0.756,98.968,0.005,0.0,0.020,0.0,4096.0,390742.600,287157148.600,0.0,0.0,10253.0,972.600,0.200,0.0,0.0,3567394816.0,1347584.0,34882695168.0,1.30328756224e+11,0.0,0.0,0.0,4096.0,10257.200,972.600,0.250,0.761,98.963,0.005,0.0,0.020,1493165777.192,
0.280,0.881,98.804,0.010,0.0,0.025,0.0,4915.200,397293.0,317798735.200,0.0,0.0,11010.600,1053.600,1.0,0.0,0.0,3559636992.0,1355776.0,34882695168.0,1.30336505856e+11,0.0,0.0,0.0,4915.200,11005.0,1053.600,0.280,0.876,98.809,0.010,0.0,0.025,1493165782.192,
0.245,0.716,99.028,0.0,0.0,0.010,0.0,0.0,333070.200,283811540.800,0.0,0.0,9426.800,961.800,0.400,0.0,0.0,3587026944.0,1355776.0,34882695168.0,1.30309115904e+11,0.0,0.0,0.0,0.0,9426.400,961.800,0.245,0.716,99.028,0.0,0.0,0.010,1493165787.192,
0.070,0.180,99.740,0.005,0.0,0.005,0.0,2457.600,104367.400,78012269.200,0.0,0.0,2725.400,335.800,0.200,0.0,0.0,3533234176.0,1363968.0,34882695168.0,1.3036290048e+11,0.0,0.0,0.0,2457.600,2722.0,335.800,0.070,0.180,99.740,0.005,0.0,0.005,1493165792.192,
