"Dstat 0.7.2 CSV output"
"Author:","Dag Wieers <dag@wieers.com>",,,,"URL:","http://dag.wieers.com/home-made/dstat/"
"Host:","osd1.skyhook-4osds.skyhook-pg0.wisc.cloudlab.us",,,,"User:","jlefevre"
"Cmdline:","dstat -av --epoch --integer --noheaders --output dstat-osd1.log 5",,,,"Date:","25 Apr 2017 14:10:17 CDT"

"total cpu usage",,,,,,"dsk/total",,"net/total",,"paging",,"system",,"procs",,,"memory usage",,,,"paging",,"dsk/total",,"system",,"total cpu usage",,,,,,"epoch"
"usr","sys","idl","wai","hiq","siq","read","writ","recv","send","in","out","int","csw","run","blk","new","used","buff","cach","free","in","out","read","writ","int","csw","usr","sys","idl","wai","hiq","siq","epoch"
0.010,0.0,99.980,0.010,0.0,0.0,0.0,4915.200,2849.800,13415.600,0.0,0.0,148.200,168.0,0.0,0.0,0.0,3532845056.0,2072576.0,34853101568.0,1.30392174592e+11,0.0,0.0,0.0,4915.200,148.0,168.0,0.010,0.005,99.975,0.010,0.0,0.0,1493158647.192,
0.010,0.005,99.985,0.0,0.0,0.0,0.0,0.0,2442.400,12846.600,0.0,0.0,120.400,134.800,0.0,0.0,0.0,3533676544.0,2072576.0,34853101568.0,1.30391343104e+11,0.0,0.0,0.0,0.0,120.400,134.800,0.010,0.005,99.985,0.0,0.0,0.0,1493158652.192,
0.385,0.675,98.919,0.005,0.0,0.015,0.0,2457.600,93263.600,162368760.0,0.0,0.0,2605.200,657.200,0.800,0.0,0.0,3536199680.0,2080768.0,34853101568.0,1.30388811776e+11,0.0,0.0,0.0,2457.600,2605.200,657.200,0.385,0.670,98.924,0.005,0.0,0.015,1493158657.192,
0.305,0.470,99.220,0.0,0.0,0.005,0.0,0.0,93166.800,136554129.200,0.0,0.0,2518.800,583.200,0.400,0.0,0.0,3554988032.0,2080768.0,34853101568.0,1.30370023424e+11,0.0,0.0,0.0,0.0,2524.400,586.0,0.305,0.470,99.219,0.0,0.0,0.005,1493158662.192,
0.260,0.390,99.340,0.010,0.0,0.0,0.0,2457.600,79654.400,117483099.200,0.0,0.0,2477.800,537.200,0.600,0.0,0.0,3555270656.0,2088960.0,34853101568.0,1.30369732608e+11,0.0,0.0,0.0,2457.600,2478.400,534.800,0.260,0.390,99.340,0.010,0.0,0.0,1493158667.192,
0.380,0.630,98.974,0.0,0.0,0.015,0.0,0.0,132082.200,173870367.200,0.0,0.0,3893.600,651.600,1.200,0.0,0.0,3568443392.0,2088960.0,34853101568.0,1.30356559872e+11,0.0,0.0,0.0,0.0,3893.400,652.200,0.380,0.630,98.974,0.0,0.0,0.015,1493158672.192,
0.375,0.660,98.949,0.005,0.0,0.010,0.0,3276.800,148852.600,177500627.0,0.0,0.0,4193.0,667.200,0.200,0.0,0.0,3554287616.0,2097152.0,34853101568.0,1.30370707456e+11,0.0,0.0,0.0,3276.800,4187.0,666.200,0.375,0.660,98.949,0.005,0.0,0.010,1493158677.192,
0.320,0.490,99.184,0.005,0.0,0.0,0.0,4915.200,126432.0,143709838.200,0.0,0.0,3471.200,555.600,0.600,0.0,0.0,3536920576.0,2105344.0,34853101568.0,1.30388066304e+11,0.0,0.0,0.0,4915.200,3471.400,555.600,0.320,0.490,99.184,0.005,0.0,0.0,1493158682.192,
0.325,0.520,99.144,0.0,0.0,0.010,0.0,0.0,98111.0,143557563.600,0.0,0.0,2978.0,593.200,0.200,0.0,0.0,3580366848.0,2105344.0,34853101568.0,1.30344620032e+11,0.0,0.0,0.0,0.0,2980.400,593.400,0.325,0.525,99.140,0.0,0.0,0.010,1493158687.192,
0.405,0.591,98.979,0.010,0.0,0.015,0.0,2457.600,129585.200,180833909.400,0.0,0.0,3802.800,705.600,1.0,0.0,0.0,3549392896.0,2113536.0,34853105664.0,1.30375581696e+11,0.0,0.0,0.0,2457.600,3800.600,705.800,0.405,0.591,98.979,0.010,0.0,0.015,1493158692.192,
0.250,0.440,99.300,0.0,0.0,0.010,0.0,0.0,72159.0,120937627.200,0.0,0.0,2385.0,507.0,0.200,0.0,0.0,3553800192.0,2113536.0,34853105664.0,1.303711744e+11,0.0,0.0,0.0,0.0,2387.800,507.200,0.250,0.440,99.300,0.0,0.0,0.010,1493158697.192,
0.305,0.500,99.170,0.005,0.0,0.020,0.0,2457.600,93560.200,144503372.0,0.0,0.0,2479.400,608.200,0.600,0.0,0.0,3563466752.0,2121728.0,34853105664.0,1.30361499648e+11,0.0,0.0,0.0,2457.600,2476.800,607.600,0.305,0.500,99.170,0.005,0.0,0.020,1493158702.192,
0.275,0.400,99.320,0.0,0.0,0.005,0.0,0.0,69666.200,121656942.800,0.0,0.0,2258.800,511.800,0.200,0.0,0.0,3554934784.0,2121728.0,34853105664.0,1.30370031616e+11,0.0,0.0,0.0,0.0,2261.0,511.800,0.275,0.395,99.325,0.0,0.0,0.005,1493158707.192,
0.290,0.440,99.255,0.010,0.0,0.005,0.0,4096.0,92226.200,132033190.400,0.0,0.0,2778.800,521.200,0.200,0.0,0.0,3535699968.0,2129920.0,34853105664.0,1.3038925824e+11,0.0,0.0,0.0,4096.0,2776.0,521.200,0.290,0.445,99.250,0.010,0.0,0.005,1493158712.192,
0.390,0.591,99.014,0.005,0.0,0.0,0.0,4915.200,133095.200,172192059.400,0.0,0.0,3770.0,655.800,0.400,0.0,0.0,3554111488.0,2138112.0,34853105664.0,1.30370838528e+11,0.0,0.0,0.0,4915.200,3772.800,655.800,0.390,0.591,99.014,0.005,0.0,0.0,1493158717.192,
0.380,0.630,98.965,0.0,0.0,0.025,0.0,0.0,117847.400,173894531.400,0.0,0.0,2976.0,687.0,0.400,0.0,0.0,3555676160.0,2138112.0,34853105664.0,1.30369273856e+11,0.0,0.0,0.0,0.0,2978.800,687.0,0.380,0.630,98.965,0.0,0.0,0.025,1493158722.192,
0.370,0.570,99.035,0.010,0.0,0.015,0.0,2457.600,139043.800,162438699.200,0.0,0.0,2996.600,688.400,0.200,0.0,0.0,3578306560.0,2146304.0,34853105664.0,1.30346635264e+11,0.0,0.0,0.0,2457.600,2991.0,688.400,0.370,0.570,99.035,0.010,0.0,0.015,1493158727.192,
0.310,0.545,99.144,0.0,0.0,0.0,0.0,0.0,116349.600,145531728.600,0.0,0.0,3387.600,581.400,0.0,0.0,0.0,3602202624.0,2146304.0,34853105664.0,1.303227392e+11,0.0,0.0,0.0,0.0,3387.800,581.400,0.310,0.540,99.149,0.0,0.0,0.0,1493158732.192,
0.360,0.646,98.984,0.005,0.0,0.005,0.0,2457.600,160919.0,189467410.200,0.0,0.0,3491.800,685.800,0.400,0.0,0.0,3540869120.0,2154496.0,34853105664.0,1.30384064512e+11,0.0,0.0,0.0,2457.600,3491.600,685.800,0.360,0.646,98.984,0.005,0.0,0.005,1493158737.192,
0.360,0.575,99.044,0.0,0.0,0.020,0.0,0.0,130095.400,164309484.200,0.0,0.0,2887.600,710.800,0.200,0.0,0.0,3586981888.0,2154496.0,34853105664.0,1.30337951744e+11,0.0,0.0,0.0,0.0,2892.200,711.0,0.360,0.580,99.039,0.0,0.0,0.020,1493158742.192,
0.410,0.680,98.889,0.010,0.0,0.010,0.0,3276.800,140986.600,189763297.200,0.0,0.0,3860.600,751.0,0.0,0.0,0.0,3559170048.0,2162688.0,34853105664.0,1.30365755392e+11,0.0,0.0,0.0,3276.800,3856.0,750.800,0.410,0.675,98.894,0.010,0.0,0.010,1493158747.192,
0.330,0.551,99.109,0.005,0.0,0.005,0.0,4915.200,127058.600,161747856.0,0.0,0.0,3707.800,627.200,0.400,0.0,0.0,3558543360.0,2170880.0,34853105664.0,1.30366373888e+11,0.0,0.0,0.0,4915.200,3713.800,627.600,0.330,0.556,99.104,0.005,0.0,0.005,1493158752.192,
0.375,0.615,98.999,0.0,0.0,0.010,0.0,0.0,160833.600,171368048.400,0.0,0.0,4378.200,647.200,0.200,0.0,0.0,3539787776.0,2170880.0,34853105664.0,1.30385129472e+11,0.0,0.0,0.0,0.0,4372.200,646.800,0.375,0.610,99.004,0.0,0.0,0.010,1493158757.192,
0.380,0.660,98.944,0.010,0.0,0.005,0.0,2457.600,153788.600,182403275.400,0.0,0.0,3178.400,683.600,0.200,0.0,0.0,3543089152.0,2179072.0,34853105664.0,1.30381819904e+11,0.0,0.0,0.0,2457.600,3178.400,683.600,0.380,0.660,98.944,0.010,0.0,0.005,1493158762.192,
0.385,0.671,98.934,0.0,0.0,0.010,0.0,0.0,154837.800,185123071.800,0.0,0.0,3353.400,728.400,0.200,0.0,0.0,3557785600.0,2179072.0,34853105664.0,1.30367123456e+11,0.0,0.0,0.0,0.0,3353.400,728.400,0.385,0.671,98.934,0.0,0.0,0.010,1493158767.192,
0.355,0.565,99.054,0.010,0.0,0.015,0.0,2457.600,134040.200,163291443.400,0.0,0.0,2830.0,609.400,0.200,0.0,0.0,3540414464.0,2187264.0,34853105664.0,1.303844864e+11,0.0,0.0,0.0,2457.600,2844.800,609.400,0.355,0.570,99.049,0.010,0.0,0.015,1493158772.192,
0.395,0.555,99.049,0.0,0.0,0.0,0.0,0.0,142568.0,161558608.800,0.0,0.0,3082.200,652.200,0.800,0.0,0.0,3587805184.0,2187264.0,34853109760.0,1.30337091584e+11,0.0,0.0,0.0,0.0,3068.0,652.200,0.395,0.555,99.049,0.0,0.0,0.0,1493158777.192,
0.340,0.505,99.144,0.005,0.0,0.005,0.0,4096.0,123128.800,155841266.400,0.0,0.0,2824.400,593.400,0.200,0.0,0.0,3574898688.0,2195456.0,34853109760.0,1.30349989888e+11,0.0,0.0,0.0,4096.0,2827.400,594.200,0.340,0.505,99.144,0.005,0.0,0.005,1493158782.192,
0.330,0.490,99.164,0.005,0.0,0.010,0.0,4915.200,116529.0,148649232.600,0.0,0.0,2724.200,598.800,0.200,0.0,0.0,3540713472.0,2203648.0,34853109760.0,1.30384166912e+11,0.0,0.0,0.0,4915.200,2720.600,598.0,0.330,0.485,99.169,0.005,0.0,0.010,1493158787.192,
0.380,0.606,99.009,0.0,0.0,0.005,0.0,0.0,124345.400,171316956.600,0.0,0.0,3736.400,663.800,0.200,0.0,0.200,3564638208.0,2203648.0,34853109760.0,1.30360242176e+11,0.0,0.0,0.0,0.0,3736.400,663.800,0.380,0.606,99.009,0.0,0.0,0.005,1493158792.192,
0.375,0.530,99.079,0.005,0.0,0.010,0.0,2457.600,122473.600,161932934.400,0.0,0.0,3590.800,631.600,0.200,0.0,0.200,3540656128.0,2211840.0,34853109760.0,1.30384216064e+11,0.0,0.0,0.0,2457.600,3590.800,631.600,0.375,0.535,99.074,0.005,0.0,0.010,1493158797.192,
0.365,0.600,99.029,0.0,0.0,0.005,0.0,3276.800,128804.600,162377018.0,0.0,0.0,3690.600,656.800,0.400,0.0,0.200,3589480448.0,2220032.0,34853109760.0,1.30335383552e+11,0.0,0.0,0.0,3276.800,3697.200,657.200,0.365,0.600,99.029,0.0,0.0,0.005,1493158802.192,
0.370,0.625,98.974,0.020,0.0,0.010,0.0,5734.400,140479.800,173821013.600,0.0,0.0,4112.200,680.200,0.200,0.0,0.200,3556728832.0,2236416.0,34853109760.0,1.30368118784e+11,0.0,0.0,0.0,5734.400,4106.0,680.200,0.370,0.625,98.974,0.020,0.0,0.010,1493158807.192,
0.415,0.636,98.944,0.0,0.0,0.005,0.0,0.0,147166.800,182220036.400,0.0,0.0,4214.800,685.600,0.600,0.0,0.0,3575234560.0,2236416.0,34853109760.0,1.30349613056e+11,0.0,0.0,0.0,0.0,4221.800,685.800,0.420,0.631,98.944,0.0,0.0,0.005,1493158812.192,
0.540,0.806,98.639,0.005,0.0,0.010,0.0,6553.600,231746.600,225780994.800,0.0,0.0,6331.200,804.600,1.200,0.0,0.0,3606196224.0,2252800.0,34853109760.0,1.30318635008e+11,0.0,0.0,0.0,6553.600,6331.400,804.800,0.536,0.816,98.634,0.005,0.0,0.010,1493158817.192,
0.491,0.846,98.638,0.010,0.0,0.015,0.0,4915.200,177056.600,220023860.600,0.0,0.0,5181.200,808.400,0.0,0.0,0.0,3630452736.0,2260992.0,34853109760.0,1.30294370304e+11,0.0,0.0,0.0,4915.200,5174.200,807.600,0.491,0.836,98.648,0.010,0.0,0.015,1493158822.192,
0.315,0.520,99.159,0.0,0.0,0.005,0.0,0.0,148867.200,159402578.200,0.0,0.0,4062.0,616.0,0.200,0.0,0.200,3541368832.0,2260992.0,34853109760.0,1.30383454208e+11,0.0,0.0,0.0,0.0,4061.400,616.0,0.315,0.525,99.154,0.0,0.0,0.005,1493158827.192,
0.245,0.395,99.350,0.010,0.0,0.0,0.0,2457.600,100192.400,115053563.400,0.0,0.0,2744.400,518.800,0.200,0.0,0.0,3541274624.0,2269184.0,34853109760.0,1.30383540224e+11,0.0,0.0,0.0,2457.600,2744.400,518.800,0.245,0.395,99.350,0.010,0.0,0.0,1493158832.192,
0.265,0.460,99.275,0.0,0.0,0.0,0.0,819.200,108707.200,124416167.400,0.0,0.0,2686.800,520.600,0.0,0.0,0.0,3559489536.0,2269184.0,34853109760.0,1.30365325312e+11,0.0,0.0,0.0,819.200,2687.0,520.600,0.265,0.460,99.275,0.0,0.0,0.0,1493158837.192,
0.320,0.525,99.144,0.005,0.0,0.005,0.0,2457.600,118494.200,155758303.600,0.0,0.0,3425.0,591.800,0.400,0.0,0.0,3542687744.0,2277376.0,34853109760.0,1.30382118912e+11,0.0,0.0,0.0,2457.600,3424.800,591.800,0.320,0.520,99.149,0.005,0.0,0.005,1493158842.192,
0.315,0.550,99.129,0.0,0.0,0.005,0.0,0.0,110363.0,150399336.0,0.0,0.0,3154.200,619.800,0.400,0.0,0.0,3541020672.0,2277376.0,34853109760.0,1.30383785984e+11,0.0,0.0,0.0,0.0,3155.0,622.400,0.315,0.550,99.129,0.0,0.0,0.005,1493158847.192,
0.345,0.645,98.995,0.005,0.0,0.010,0.0,3276.800,130160.600,169910443.200,0.0,0.0,2931.200,646.400,0.400,0.0,0.0,3587891200.0,2285568.0,34853109760.0,1.30336907264e+11,0.0,0.0,0.0,3276.800,2932.400,644.0,0.345,0.650,98.990,0.005,0.0,0.010,1493158852.192,
0.300,0.515,99.165,0.010,0.0,0.010,0.0,2457.600,112666.800,151564228.200,0.0,0.0,2593.800,593.800,0.200,0.0,0.0,3539574784.0,2293760.0,34853113856.0,1.30385211392e+11,0.0,0.0,0.0,2457.600,2591.800,593.600,0.305,0.510,99.165,0.010,0.0,0.010,1493158857.192,
0.380,0.620,98.984,0.0,0.0,0.015,0.0,0.0,119969.800,166652579.800,0.0,0.0,2733.0,660.800,0.400,0.0,0.0,3589165056.0,2293760.0,34853113856.0,1.3033562112e+11,0.0,0.0,0.0,0.0,2738.0,661.0,0.375,0.620,98.989,0.0,0.0,0.015,1493158862.192,
0.305,0.465,99.220,0.005,0.0,0.005,0.0,2457.600,94782.200,140061018.600,0.0,0.0,2283.200,561.200,0.0,0.0,0.0,3540148224.0,2301952.0,34853113856.0,1.3038462976e+11,0.0,0.0,0.0,2457.600,2278.200,561.0,0.305,0.470,99.215,0.005,0.0,0.005,1493158867.192,
0.295,0.525,99.175,0.0,0.0,0.005,0.0,0.0,110433.200,147467245.0,0.0,0.0,2496.200,584.600,0.400,0.0,0.0,3540246528.0,2301952.0,34853113856.0,1.30384531456e+11,0.0,0.0,0.0,0.0,2496.200,584.600,0.295,0.520,99.179,0.0,0.0,0.005,1493158872.192,
0.290,0.395,99.300,0.010,0.0,0.005,0.0,2457.600,95140.600,120567119.200,0.0,0.0,2109.400,531.200,0.200,0.0,0.0,3591323648.0,2310144.0,34853113856.0,1.30333446144e+11,0.0,0.0,0.0,2457.600,2110.0,531.600,0.290,0.400,99.295,0.010,0.0,0.005,1493158877.192,
0.160,0.265,99.570,0.0,0.0,0.005,0.0,0.0,65918.800,79977727.0,0.0,0.0,1704.200,382.0,0.0,0.0,0.0,3538997248.0,2310144.0,34853113856.0,1.30385772544e+11,0.0,0.0,0.0,0.0,1703.600,381.600,0.160,0.260,99.575,0.0,0.0,0.005,1493158882.192,
