"Dstat 0.7.2 CSV output"
"Author:","Dag Wieers <dag@wieers.com>",,,,"URL:","http://dag.wieers.com/home-made/dstat/"
"Host:","client0.skyhook-4osds.skyhook-pg0.wisc.cloudlab.us",,,,"User:","jlefevre"
"Cmdline:","dstat -av --epoch --integer --noheaders --output dstat-client0.log 5",,,,"Date:","25 Apr 2017 14:10:01 CDT"

"total cpu usage",,,,,,"dsk/total",,"net/total",,"paging",,"system",,"procs",,,"memory usage",,,,"paging",,"dsk/total",,"system",,"total cpu usage",,,,,,"epoch"
"usr","sys","idl","wai","hiq","siq","read","writ","recv","send","in","out","int","csw","run","blk","new","used","buff","cach","free","in","out","read","writ","int","csw","usr","sys","idl","wai","hiq","siq","epoch"
0.030,0.025,99.905,0.040,0.0,0.0,0.0,34406.400,44822.0,2490.200,0.0,0.0,1744.200,7375.200,0.600,0.0,0.400,5467578368.0,209088512.0,1.47395842048e+11,15707684864.0,0.0,0.0,0.0,34406.400,1743.400,7369.600,0.030,0.025,99.905,0.040,0.0,0.0,1493153396.201,
0.675,2.631,96.426,0.030,0.0,0.237,0.0,49152.0,497808074.400,406840.0,0.0,0.0,14206.800,16669.400,1.800,0.0,5.400,5664632832.0,209096704.0,1.47395899392e+11,15510564864.0,0.0,0.0,0.0,49152.0,14209.600,16673.800,0.685,2.636,96.412,0.030,0.0,0.237,1493153401.201,
0.902,3.775,94.884,0.106,0.0,0.333,0.0,148275.200,615188663.600,358606.800,0.0,0.0,15617.0,14244.600,2.800,0.0,0.400,5662404608.0,209129472.0,1.47396128768e+11,15512530944.0,0.0,0.0,0.0,148275.200,15618.600,14245.800,0.892,3.781,94.889,0.106,0.0,0.333,1493153406.201,
0.892,3.643,95.092,0.101,0.0,0.272,0.0,142540.800,631112232.600,399071.0,0.0,0.0,15266.800,15447.400,2.200,0.0,0.800,5658488832.0,209158144.0,1.47396354048e+11,15516192768.0,0.0,0.0,0.0,142540.800,15275.0,15450.600,0.902,3.638,95.087,0.101,0.0,0.272,1493153411.201,
0.966,3.769,94.767,0.091,0.0,0.408,0.0,134348.800,662379297.800,430043.800,0.0,0.0,17726.400,15338.600,2.200,0.200,0.400,5673943040.0,209190912.0,1.47396595712e+11,15500464128.0,0.0,0.0,0.0,134348.800,17718.800,15334.200,0.956,3.774,94.767,0.096,0.0,0.408,1493153416.201,
0.994,3.622,94.975,0.081,0.0,0.328,0.0,124518.400,788007837.0,631270.0,0.0,0.0,19420.800,21136.200,1.600,0.0,0.400,5674029056.0,209199104.0,1.47396837376e+11,15500128256.0,0.0,0.0,0.0,124518.400,19421.200,21134.800,0.994,3.618,94.985,0.076,0.0,0.328,1493153421.201,
0.877,3.605,95.049,0.126,0.0,0.343,0.0,186777.600,697760135.400,506167.600,0.0,0.0,16287.600,18515.0,2.200,0.0,0.400,5672931328.0,209244160.0,1.47397107712e+11,15500910592.0,0.0,0.0,0.0,186777.600,16293.600,18522.600,0.877,3.605,95.049,0.126,0.0,0.343,1493153426.201,
0.953,3.872,94.495,0.398,0.0,0.282,0.0,4315545.600,646388973.200,445478.800,0.0,0.0,16170.400,15954.400,1.800,0.200,0.400,5663879168.0,209305600.0,1.47393826816e+11,15513182208.0,0.0,0.0,0.0,4315545.600,16162.0,15944.200,0.953,3.871,94.495,0.398,0.0,0.282,1493153431.201,
0.939,3.977,94.696,0.106,0.0,0.283,0.0,140083.200,698173064.200,511571.400,0.0,0.0,17635.800,18610.600,2.400,0.0,0.400,5650468864.0,209321984.0,1.47394060288e+11,15526342656.0,0.0,0.0,0.0,140083.200,17633.0,18612.200,0.944,3.982,94.686,0.106,0.0,0.283,1493153436.201,
1.028,3.594,94.929,0.106,0.0,0.343,0.0,129433.600,792550915.0,704158.400,0.0,0.0,20479.600,22674.200,2.200,0.200,0.400,5652393984.0,209354752.0,1.47394322432e+11,15524122624.0,0.0,0.0,0.0,129433.600,20488.400,22679.0,1.023,3.594,94.934,0.106,0.0,0.343,1493153441.201,
0.855,3.477,95.094,0.121,0.0,0.453,0.0,163840.0,703147517.600,506090.200,0.0,0.0,16703.800,18114.400,1.600,0.0,0.400,5684215808.0,209358848.0,1.47394588672e+11,15492030464.0,0.0,0.0,0.0,163840.0,16700.400,18110.400,0.860,3.472,95.094,0.121,0.0,0.453,1493153446.201,
0.945,3.755,94.330,0.518,0.0,0.452,0.0,6470041.600,721585376.0,479862.0,0.0,0.0,16736.600,18828.0,2.400,0.200,0.800,5668118528.0,209461248.0,1.4739419136e+11,15508422656.0,0.0,0.0,0.0,6470041.600,16731.400,18826.800,0.940,3.755,94.334,0.518,0.0,0.452,1493153451.201,
0.951,4.054,94.463,0.116,0.0,0.417,0.0,140902.400,740834354.400,518588.400,0.0,0.0,18490.800,18927.800,2.200,0.0,0.400,5661999104.0,209477632.0,1.47394433024e+11,15514284032.0,0.0,0.0,0.0,140902.400,18491.0,18932.800,0.955,4.053,94.458,0.116,0.0,0.417,1493153456.201,
0.784,3.851,94.767,0.121,0.0,0.478,0.0,171212.800,621668124.0,402745.400,0.0,0.0,15980.400,15526.400,2.400,0.200,0.400,5656862720.0,209506304.0,1.47394686976e+11,15519137792.0,0.0,0.0,0.0,171212.800,15979.800,15519.800,0.784,3.851,94.767,0.121,0.0,0.478,1493153461.201,
0.912,3.626,95.029,0.101,0.0,0.332,0.0,160563.200,601330228.600,386256.400,0.0,0.0,15264.200,15261.600,2.600,0.0,0.400,5654196224.0,209522688.0,1.47394936832e+11,15521538048.0,0.0,0.0,0.0,160563.200,15282.600,15273.400,0.911,3.631,95.025,0.101,0.0,0.332,1493153466.201,
0.877,3.567,95.153,0.055,0.0,0.348,0.0,152371.200,637845772.800,413750.400,0.0,0.0,15321.800,15675.600,2.200,0.0,0.400,5652615168.0,209559552.0,1.47395145728e+11,15522873344.0,0.0,0.0,0.0,152371.200,15313.400,15673.800,0.872,3.567,95.158,0.055,0.0,0.348,1493153471.201,
0.887,3.890,94.785,0.116,0.0,0.322,0.0,146636.800,626468323.400,383989.0,0.0,0.0,15669.200,14610.600,3.0,0.0,0.400,5654548480.0,209580032.0,1.4739539968e+11,15520665600.0,0.0,0.0,0.0,154009.600,15660.600,14605.200,0.887,3.885,94.790,0.116,0.0,0.322,1493153476.201,
0.926,3.987,94.548,0.131,0.0,0.408,0.0,140083.200,685087060.600,481829.600,0.0,0.0,17890.600,16888.200,2.600,0.0,0.400,5658386432.0,209608704.0,1.4739562496e+11,15516573696.0,0.0,0.0,0.0,132710.400,17903.600,16890.400,0.926,3.992,94.543,0.131,0.0,0.408,1493153481.201,
0.977,4.054,94.425,0.141,0.0,0.403,0.0,175308.800,714338204.0,493831.200,0.0,0.0,18104.200,18053.400,2.0,0.0,0.600,5660090368.0,209612800.0,1.47395887104e+11,15514603520.0,0.0,0.0,0.0,175308.800,18090.600,18052.200,0.982,4.049,94.425,0.141,0.0,0.403,1493153486.201,
0.795,3.724,94.927,0.121,0.0,0.433,0.0,152371.200,664803281.0,384008.200,0.0,0.0,14989.400,16038.400,2.400,0.0,0.800,5671493632.0,209625088.0,1.47396124672e+11,15502950400.0,0.0,0.0,0.0,152371.200,14999.0,16038.400,0.795,3.724,94.927,0.121,0.0,0.433,1493153491.201,
0.796,3.646,95.156,0.081,0.0,0.322,0.0,147456.0,646534607.0,377914.200,0.0,0.0,14880.200,15233.200,2.200,0.200,0.400,5664399360.0,209641472.0,1.47396354048e+11,15509798912.0,0.0,0.0,0.0,147456.0,14871.200,15233.800,0.790,3.655,95.152,0.081,0.0,0.322,1493153496.201,
0.882,3.925,94.805,0.091,0.0,0.297,0.0,132710.400,620171057.600,385721.0,0.0,0.0,16251.200,15735.800,1.800,0.200,0.400,5665783808.0,209694720.0,1.47396591616e+11,15508123648.0,0.0,0.0,0.0,132710.400,16259.400,15738.600,0.882,3.926,94.799,0.091,0.0,0.302,1493153501.201,
0.886,3.794,94.827,0.106,0.0,0.387,0.0,172032.0,621577049.0,437275.200,0.0,0.0,15519.400,16367.400,1.800,0.0,0.400,5645090816.0,209739776.0,1.47396849664e+11,15528513536.0,0.0,0.0,0.0,172032.0,15532.400,16385.600,0.891,3.785,94.836,0.106,0.0,0.383,1493153506.201,
0.873,3.783,94.971,0.055,0.0,0.318,0.0,153190.400,644208396.800,463044.0,0.0,0.0,16744.200,17192.400,2.600,0.0,0.400,5659820032.0,209764352.0,1.47397070848e+11,15513538560.0,0.0,0.0,0.0,153190.400,16732.400,17178.0,0.873,3.783,94.971,0.055,0.0,0.318,1493153511.201,
0.876,3.435,95.281,0.081,0.0,0.327,0.0,149913.600,625017709.800,397312.200,0.0,0.0,15239.800,15503.200,1.400,0.0,0.400,5657534464.0,209801216.0,1.47397275648e+11,15515582464.0,0.0,0.0,0.0,149913.600,15246.400,15509.600,0.876,3.435,95.281,0.081,0.0,0.327,1493153516.201,
0.983,3.649,94.930,0.055,0.0,0.383,0.0,130252.800,664544293.0,458276.0,0.0,0.0,17313.600,16521.200,1.800,0.200,0.600,5651263488.0,209813504.0,1.473975296e+11,15521587200.0,0.0,0.0,0.0,130252.800,17311.600,16511.0,0.978,3.654,94.929,0.055,0.0,0.383,1493153521.201,
1.055,3.767,94.673,0.131,0.0,0.374,0.0,159744.0,736156106.200,605718.800,0.0,0.0,20630.200,20091.400,2.0,0.0,0.800,5665476608.0,209829888.0,1.4739777536e+11,15507111936.0,0.0,0.0,0.0,159744.0,20615.200,20083.200,1.055,3.766,94.674,0.131,0.0,0.374,1493153526.201,
1.014,3.412,95.104,0.136,0.0,0.333,0.0,154009.600,734877596.400,605612.600,0.0,0.0,19412.200,20361.800,2.400,0.0,0.400,5655420928.0,209854464.0,1.47398037504e+11,15516880896.0,0.0,0.0,0.0,154009.600,19425.0,20378.400,1.020,3.402,95.109,0.136,0.0,0.333,1493153531.201,
0.988,3.474,95.119,0.091,0.0,0.328,0.0,134348.800,698460815.200,590248.600,0.0,0.0,18916.600,19692.0,2.200,0.200,0.800,5648023552.0,209883136.0,1.47398283264e+11,15524003840.0,0.0,0.0,0.0,134348.800,18915.600,19676.200,0.988,3.484,95.109,0.091,0.0,0.328,1493153536.201,
0.872,3.509,95.220,0.076,0.0,0.323,0.0,159744.0,634854820.0,426482.400,0.0,0.0,15864.400,15894.200,1.800,0.0,0.400,5694492672.0,209915904.0,1.47398549504e+11,15477235712.0,0.0,0.0,0.0,159744.0,15858.400,15899.400,0.872,3.505,95.224,0.076,0.0,0.323,1493153541.201,
0.987,3.680,94.745,0.106,0.0,0.483,0.0,176947.200,746639381.400,605426.0,0.0,0.0,19641.800,20609.0,2.0,0.0,0.800,5660422144.0,209944576.0,1.47398782976e+11,15511044096.0,0.0,0.0,0.0,176947.200,19638.200,20604.800,0.987,3.685,94.740,0.106,0.0,0.483,1493153546.201,
1.073,3.444,94.954,0.141,0.0,0.388,0.0,167936.0,817578664.800,724906.400,0.0,0.0,18944.600,23463.800,1.600,0.0,0.800,5674975232.0,209969152.0,1.4739904512e+11,15496204288.0,0.0,0.0,0.0,167936.0,18951.400,23473.200,1.073,3.439,94.959,0.141,0.0,0.388,1493153551.201,
0.880,3.731,94.815,0.091,0.0,0.483,0.0,144179.200,677431941.200,431829.0,0.0,0.0,15510.0,16703.800,2.0,0.200,0.800,5671235584.0,209969152.0,1.47399319552e+11,15499669504.0,0.0,0.0,0.0,144179.200,15509.800,16707.0,0.880,3.731,94.816,0.091,0.0,0.483,1493153556.201,
0.901,4.255,94.391,0.126,0.0,0.327,0.0,144998.400,728918973.600,442700.600,0.0,0.0,17366.0,17050.400,1.800,0.0,0.400,5650956288.0,210001920.0,1.47399561216e+11,15519674368.0,0.0,0.0,0.0,144998.400,17369.0,17055.400,0.901,4.255,94.390,0.126,0.0,0.327,1493153561.201,
0.906,3.419,95.282,0.126,0.0,0.267,0.0,171212.800,718518144.400,533884.800,0.0,0.0,17126.200,18714.0,2.0,0.0,0.400,5640540160.0,210022400.0,1.47399815168e+11,15529816064.0,0.0,0.0,0.0,171212.800,17131.400,18720.0,0.906,3.414,95.287,0.126,0.0,0.267,1493153566.201,
1.055,3.638,94.646,0.313,0.0,0.348,0.0,4776755.200,740929655.600,570328.0,0.0,0.0,18834.400,20198.0,1.800,0.200,0.400,5670559744.0,210051072.0,1.47393179648e+11,15506403328.0,0.0,0.0,0.0,4776755.200,18817.600,20175.400,1.050,3.643,94.646,0.313,0.0,0.348,1493153571.200,
1.018,3.690,94.768,0.101,0.0,0.423,0.0,127795.200,786068635.200,611788.800,0.0,0.0,20162.400,21346.800,2.400,0.200,0.800,5663600640.0,210063360.0,1.47393429504e+11,15513100288.0,0.0,0.0,0.0,127795.200,20176.600,21365.0,1.023,3.689,94.759,0.101,0.0,0.428,1493153576.201,
0.922,3.859,94.771,0.146,0.0,0.302,0.0,163840.0,652112946.200,440336.200,0.0,0.0,16604.600,16563.200,2.0,0.0,0.400,5654081536.0,210075648.0,1.47393683456e+11,15522353152.0,0.0,0.0,0.0,163840.0,16603.600,16555.200,0.922,3.859,94.775,0.146,0.0,0.297,1493153581.201,
0.942,3.734,94.825,0.146,0.0,0.353,0.0,185958.400,756084016.0,534114.0,0.0,0.0,18846.800,19580.400,1.200,0.0,0.800,5692391424.0,210100224.0,1.47393929216e+11,15483772928.0,0.0,0.0,0.0,185958.400,18842.0,19572.0,0.947,3.739,94.815,0.146,0.0,0.353,1493153586.201,
0.856,3.837,94.829,0.111,0.0,0.368,0.0,139264.0,650864045.0,401613.200,0.0,0.0,15012.600,16453.400,2.0,0.200,0.400,5675139072.0,210120704.0,1.47394179072e+11,15500754944.0,0.0,0.0,0.0,139264.0,15007.400,16453.400,0.846,3.832,94.843,0.111,0.0,0.368,1493153591.201,
0.917,3.717,94.933,0.106,0.0,0.327,0.0,145817.600,697096840.0,514556.600,0.0,0.0,17196.0,18325.400,1.400,0.0,0.800,5666504704.0,210145280.0,1.47394433024e+11,15509110784.0,0.0,0.0,0.0,145817.600,17209.200,18340.400,0.917,3.713,94.937,0.106,0.0,0.327,1493153596.201,
0.851,3.470,95.195,0.161,0.0,0.322,0.0,173670.400,696678192.400,481728.200,0.0,0.0,16210.800,18928.200,2.200,0.0,0.800,5668974592.0,210182144.0,1.4739468288e+11,15506354176.0,0.0,0.0,0.0,173670.400,16194.600,18909.600,0.856,3.475,95.186,0.161,0.0,0.322,1493153601.201,
0.876,3.652,94.993,0.136,0.0,0.343,0.0,149913.600,642586807.400,410772.200,0.0,0.0,15936.400,15566.800,1.400,0.0,0.400,5652123648.0,210194432.0,1.47394920448e+11,15522955264.0,0.0,0.0,0.0,149913.600,15946.400,15580.0,0.876,3.652,94.988,0.136,0.0,0.348,1493153606.201,
0.912,3.616,94.958,0.096,0.0,0.418,0.0,129433.600,699556881.0,566227.200,0.0,0.0,18100.200,19714.200,2.0,0.200,0.400,5662228480.0,210223104.0,1.47395170304e+11,15512571904.0,0.0,0.0,0.0,129433.600,18091.600,19700.800,0.907,3.616,94.968,0.096,0.0,0.413,1493153611.201,
0.191,1.095,98.573,0.085,0.0,0.055,0.0,157286.400,105231765.0,30399.800,0.0,0.0,3523.400,7960.200,0.400,0.0,1.800,5463728128.0,210239488.0,1.47395395584e+11,15710830592.0,0.0,0.0,0.0,157286.400,3521.400,7959.800,0.191,1.090,98.578,0.085,0.0,0.055,1493153616.201,
