"Dstat 0.7.2 CSV output"
"Author:","Dag Wieers <dag@wieers.com>",,,,"URL:","http://dag.wieers.com/home-made/dstat/"
"Host:","osd0.skyhook-4osds.skyhook-pg0.wisc.cloudlab.us",,,,"User:","jlefevre"
"Cmdline:","dstat -av --epoch --integer --noheaders --output dstat-osd0.log 5",,,,"Date:","25 Apr 2017 14:10:10 CDT"

"total cpu usage",,,,,,"dsk/total",,"net/total",,"paging",,"system",,"procs",,,"memory usage",,,,"paging",,"dsk/total",,"system",,"total cpu usage",,,,,,"epoch"
"usr","sys","idl","wai","hiq","siq","read","writ","recv","send","in","out","int","csw","run","blk","new","used","buff","cach","free","in","out","read","writ","int","csw","usr","sys","idl","wai","hiq","siq","epoch"
0.020,0.005,99.960,0.015,0.0,0.0,0.0,3276.800,2204.800,11152.200,0.0,0.0,128.800,132.200,0.0,0.0,0.0,3281244160.0,1294336.0,141205504.0,1.65356449792e+11,0.0,0.0,0.0,3276.800,128.800,132.200,0.020,0.005,99.960,0.015,0.0,0.0,1493156325.776,
0.100,0.235,99.049,0.611,0.0,0.005,85663744.0,2457.600,31373.400,55566607.0,0.0,0.0,1777.600,1610.400,0.200,0.600,0.0,3445305344.0,1302528.0,568352768.0,1.64765233152e+11,0.0,0.0,85847244.800,2457.600,1778.800,1612.600,0.105,0.240,99.039,0.610,0.0,0.005,1493156330.776,
0.140,0.490,98.889,0.470,0.0,0.010,133507481.600,0.0,50113.600,147314370.600,0.0,0.0,3341.200,2489.800,0.0,0.200,0.0,3416485888.0,1302528.0,1237102592.0,1.64125302784e+11,0.0,0.0,133507481.600,0.0,3341.200,2490.0,0.135,0.490,98.889,0.475,0.0,0.010,1493156335.776,
0.100,0.350,99.299,0.245,0.0,0.005,102193561.600,2457.600,31480.600,130394696.800,0.0,0.0,2647.600,1910.200,0.400,1.0,0.0,3285520384.0,1310720.0,1746944000.0,1.63746418688e+11,0.0,0.0,102182912.0,2457.600,2648.0,1909.200,0.105,0.345,99.304,0.240,0.0,0.005,1493156340.776,
0.140,0.415,99.119,0.315,0.0,0.010,125638246.400,0.0,32677.0,132751465.400,0.0,0.0,2845.0,2310.400,0.600,0.400,0.0,3282092032.0,1310720.0,2376105984.0,1.63120685056e+11,0.0,0.0,125648896.0,0.0,2844.200,2311.200,0.140,0.420,99.114,0.315,0.0,0.010,1493156345.776,
0.140,0.420,99.019,0.410,0.0,0.010,125559603.200,4096.0,33697.400,117521461.200,0.0,0.0,2850.0,2306.800,0.200,0.400,0.400,3349921792.0,1318912.0,3002114048.0,1.6242683904e+11,0.0,0.0,125376102.400,4096.0,2849.200,2304.600,0.135,0.420,99.024,0.410,0.0,0.010,1493156350.776,
0.150,0.391,99.094,0.361,0.0,0.005,129740800.0,819.200,27468.200,131063915.200,0.0,0.0,3008.0,2393.200,0.200,0.0,0.0,3377299456.0,1318912.0,3652722688.0,1.61748852736e+11,0.0,0.0,129740800.0,819.200,3009.600,2393.600,0.155,0.386,99.094,0.361,0.0,0.005,1493156355.776,
0.130,0.410,99.029,0.420,0.0,0.010,122356531.200,10649.600,41712.200,141025412.800,0.0,0.0,3211.0,2284.800,0.0,0.400,0.0,3314929664.0,1335296.0,4263624704.0,1.61200304128e+11,0.0,0.0,122592460.800,10649.600,3211.0,2288.0,0.125,0.415,99.024,0.425,0.0,0.010,1493156360.776,
0.120,0.335,99.149,0.385,0.0,0.010,106129817.600,0.0,38340.0,115934169.800,0.0,0.0,2758.0,2011.0,0.0,0.200,0.200,3289862144.0,1335296.0,4795543552.0,1.606934528e+11,0.0,0.0,105893888.0,0.0,2761.200,2007.800,0.120,0.330,99.159,0.380,0.0,0.010,1493156365.776,
0.110,0.320,99.149,0.415,0.0,0.005,107179212.800,7372.800,28266.200,113790741.800,0.0,0.0,2615.600,1995.600,0.0,0.0,0.0,3276431360.0,1351680.0,5330780160.0,1.60171630592e+11,0.0,0.0,107179212.800,7372.800,2610.800,1995.200,0.110,0.325,99.144,0.415,0.0,0.005,1493156370.776,
0.130,0.355,99.054,0.455,0.0,0.005,118465331.200,0.0,37631.600,123872049.600,0.0,0.0,2766.200,2167.600,0.400,0.600,0.0,3277393920.0,1351680.0,5922754560.0,1.59578693632e+11,0.0,0.0,118465331.200,0.0,2766.200,2167.600,0.135,0.350,99.054,0.455,0.0,0.005,1493156375.776,
0.115,0.340,99.094,0.440,0.0,0.010,109905510.400,2457.600,29043.800,102666030.600,0.0,0.0,2569.200,2002.600,0.600,0.200,0.0,3338436608.0,1359872.0,6472040448.0,1.58968356864e+11,0.0,0.0,109999718.400,2457.600,2572.600,2002.800,0.115,0.345,99.089,0.440,0.0,0.010,1493156380.776,
0.110,0.330,99.264,0.285,0.0,0.010,104452915.200,0.0,21821.600,108119058.800,0.0,0.0,2533.600,1939.800,0.200,0.0,0.400,3355865088.0,1359872.0,6994055168.0,1.58428913664e+11,0.0,0.0,104358707.200,0.0,2532.0,1940.0,0.105,0.325,99.274,0.285,0.0,0.010,1493156385.776,
0.145,0.440,98.914,0.490,0.0,0.010,129900544.0,7372.800,34958.0,142772130.0,0.0,0.0,3221.800,2380.600,0.200,0.200,0.0,3318665216.0,1368064.0,7643627520.0,1.57816532992e+11,0.0,0.0,130084044.800,7372.800,3225.200,2383.0,0.145,0.445,98.909,0.490,0.0,0.010,1493156390.776,
0.140,0.410,98.759,0.676,0.0,0.015,132466278.400,11468.800,31817.200,133312922.0,0.0,0.0,3132.600,2426.0,0.0,0.400,0.0,3346272256.0,1667072.0,8306618368.0,1.57125636096e+11,0.0,0.0,132282777.600,11468.800,3127.400,2423.200,0.145,0.405,98.759,0.676,0.0,0.015,1493156395.776,
0.160,0.435,98.679,0.720,0.0,0.005,130458419.200,63078.400,45571.0,147249911.400,0.0,0.0,3236.800,2484.200,0.200,0.600,2.400,3314380800.0,2129920.0,8958722048.0,1.56504961024e+11,0.0,0.0,130694348.800,63078.400,3238.0,2487.200,0.160,0.440,98.669,0.725,0.0,0.005,1493156400.776,
0.125,0.335,99.035,0.485,0.0,0.020,106838425.600,13107.200,34900.800,106731335.400,0.0,0.0,2449.0,1949.600,0.0,0.400,0.0,3347681280.0,2146304.0,9490759680.0,1.55939606528e+11,0.0,0.0,106602496.0,13107.200,2453.600,1947.0,0.125,0.330,99.045,0.480,0.0,0.020,1493156405.776,
0.135,0.411,98.678,0.766,0.0,0.010,149486796.800,0.0,44867.800,137682716.600,0.0,0.0,3503.200,2687.400,0.400,0.400,0.0,3433738240.0,2146304.0,10240700416.0,1.55103608832e+11,0.0,0.0,149486796.800,0.0,3497.600,2687.200,0.140,0.411,98.673,0.766,0.0,0.010,1493156410.776,
0.175,0.490,98.594,0.731,0.0,0.010,154194739.200,2457.600,61290.600,164225081.400,0.0,0.0,3833.800,2771.400,0.0,1.0,0.0,3429089280.0,2154496.0,11011084288.0,1.54337865728e+11,0.0,0.0,154430668.800,2457.600,3835.0,2773.600,0.165,0.495,98.594,0.736,0.0,0.010,1493156415.776,
0.130,0.400,99.059,0.400,0.0,0.010,112356556.800,819.200,42837.200,137119040.400,0.0,0.0,3082.600,2117.600,0.200,0.0,0.800,3324858368.0,2154496.0,11571998720.0,1.53881182208e+11,0.0,0.0,112251699.200,819.200,3081.800,2116.600,0.135,0.400,99.059,0.395,0.0,0.010,1493156420.776,
0.195,0.590,98.374,0.826,0.0,0.015,175878144.0,28672.0,77899.800,173435172.0,0.0,0.0,4508.800,3153.200,0.0,1.400,0.0,3372130304.0,2170880.0,12452745216.0,1.52953147392e+11,0.0,0.0,175956787.200,28672.0,4509.400,3153.800,0.190,0.591,98.379,0.826,0.0,0.015,1493156425.776,
0.160,0.495,98.639,0.685,0.0,0.020,149937356.800,9830.400,49923.600,149235034.0,0.0,0.0,3480.800,2681.400,0.600,1.200,0.0,3426746368.0,2187264.0,13200879616.0,1.52150380544e+11,0.0,0.0,149727641.600,9830.400,3484.200,2680.0,0.160,0.490,98.644,0.685,0.0,0.020,1493156430.776,
0.100,0.275,99.219,0.395,0.0,0.010,93076684.800,0.0,37006.0,115275333.200,0.0,0.0,2445.0,1756.800,0.0,0.200,0.0,3337424896.0,2187264.0,13667643392.0,1.5177293824e+11,0.0,0.0,93076684.800,0.0,2440.400,1756.200,0.100,0.275,99.219,0.395,0.0,0.010,1493156435.776,
0.160,0.466,98.708,0.651,0.0,0.015,161948467.200,2457.600,50558.600,154272241.0,0.0,0.0,3692.200,2855.0,0.600,0.600,0.0,3419250688.0,2195456.0,14477529088.0,1.5088121856e+11,0.0,0.0,162105753.600,2457.600,3693.200,2856.600,0.165,0.471,98.698,0.651,0.0,0.015,1493156440.776,
0.200,0.581,98.754,0.466,0.0,0.0,170871193.600,0.0,70680.400,171134089.400,0.0,0.0,4325.600,3052.0,0.400,0.400,0.0,3457765376.0,2195456.0,15331061760.0,1.499891712e+11,0.0,0.0,170713907.200,0.0,4324.600,3050.400,0.195,0.576,98.764,0.466,0.0,0.0,1493156445.776,
0.130,0.386,99.124,0.356,0.0,0.005,124102246.400,2457.600,53277.600,144119109.200,0.0,0.0,3450.400,2282.0,0.200,0.200,0.0,3386097664.0,2203648.0,15951200256.0,1.49440692224e+11,0.0,0.0,124102246.400,2457.600,3450.400,2282.0,0.130,0.386,99.124,0.356,0.0,0.005,1493156450.776,
0.110,0.350,99.179,0.355,0.0,0.005,106115072.0,0.0,42957.200,118974535.400,0.0,0.0,2801.400,2003.600,0.600,0.200,0.400,3339616256.0,2203648.0,16481214464.0,1.48957159424e+11,0.0,0.0,106377216.0,0.0,2802.800,2006.0,0.110,0.355,99.174,0.355,0.0,0.005,1493156455.776,
0.160,0.461,98.719,0.651,0.0,0.010,142089420.800,12288.0,60586.200,137190231.800,0.0,0.0,3679.200,2565.800,0.400,0.200,0.0,3404873728.0,2220032.0,17192714240.0,1.48180385792e+11,0.0,0.0,141827276.800,12288.0,3677.800,2563.400,0.160,0.456,98.724,0.651,0.0,0.010,1493156460.776,
0.180,0.510,98.604,0.690,0.0,0.015,152307302.400,2457.600,39923.0,128661709.400,0.0,0.0,3152.600,2753.0,0.400,0.600,0.0,3547471872.0,2228224.0,17954103296.0,1.472763904e+11,0.0,0.0,152307302.400,2457.600,3152.600,2753.0,0.180,0.510,98.604,0.690,0.0,0.015,1493156465.776,
0.140,0.540,98.899,0.410,0.0,0.010,139934924.800,4915.200,33071.0,141525041.600,0.0,0.0,3148.600,2563.400,0.400,0.600,0.0,3574702080.0,2236416.0,18652524544.0,1.46550730752e+11,0.0,0.0,140197068.800,4915.200,3153.800,2566.800,0.145,0.545,98.889,0.410,0.0,0.010,1493156470.776,
0.155,0.565,98.749,0.525,0.0,0.005,149827584.0,2457.600,51857.600,146164612.600,0.0,0.0,3372.600,2758.400,0.400,0.0,0.0,3632205824.0,2244608.0,19403194368.0,1.45742548992e+11,0.0,0.0,149775155.200,2457.600,3368.600,2757.400,0.155,0.565,98.749,0.525,0.0,0.005,1493156475.776,
0.185,0.586,98.713,0.511,0.0,0.005,169979904.0,0.0,34720.600,136314273.600,0.0,0.0,3408.600,3061.200,0.400,0.200,0.0,3821686784.0,2244608.0,20251275264.0,1.44704987136e+11,0.0,0.0,169770188.800,0.0,3407.400,3058.800,0.180,0.586,98.718,0.511,0.0,0.005,1493156480.776,
0.155,0.485,98.884,0.470,0.0,0.005,135290060.800,2457.600,37008.200,133619260.200,0.0,0.0,2964.200,2493.400,0.600,0.0,0.0,3860537344.0,2252800.0,20928081920.0,1.43989321728e+11,0.0,0.0,135384268.800,2457.600,2969.200,2494.0,0.160,0.485,98.879,0.470,0.0,0.005,1493156485.776,
0.185,0.621,98.558,0.616,0.0,0.020,166504038.400,0.0,71873.800,203146286.800,0.0,0.0,4041.400,3061.200,0.200,1.0,0.0,3721539584.0,2252800.0,21760684032.0,1.43295717376e+11,0.0,0.0,166409830.400,0.0,4036.400,3060.600,0.180,0.616,98.568,0.616,0.0,0.020,1493156490.776,
0.150,0.531,98.784,0.525,0.0,0.010,135384268.800,8192.0,61530.600,171551229.600,0.0,0.0,3464.0,2564.400,0.400,0.600,0.400,3577638912.0,2260992.0,22438596608.0,1.4276169728e+11,0.0,0.0,135384268.800,8192.0,3464.800,2564.600,0.150,0.535,98.779,0.525,0.0,0.010,1493156495.776,
0.160,0.551,98.653,0.616,0.0,0.020,153618022.400,4915.200,74920.800,177590444.200,0.0,0.0,4040.600,2851.400,0.200,0.800,0.0,3506708480.0,2269184.0,23207198720.0,1.42064017408e+11,0.0,0.0,153827737.600,4915.200,4041.600,2852.600,0.160,0.551,98.653,0.616,0.0,0.020,1493156500.776,
0.130,0.355,99.174,0.330,0.0,0.010,111509504.0,8192.0,41594.0,146411256.600,0.0,0.0,3045.400,2123.600,0.0,0.0,0.0,3352883200.0,2277376.0,23763423232.0,1.41661609984e+11,0.0,0.0,111299788.800,8192.0,3043.600,2122.200,0.135,0.350,99.174,0.330,0.0,0.010,1493156505.776,
0.150,0.450,98.824,0.560,0.0,0.015,136548352.0,7372.800,38292.600,138615936.800,0.0,0.0,3240.800,2486.0,0.800,0.400,0.0,3376238592.0,2293760.0,24446926848.0,1.40954734592e+11,0.0,0.0,136731852.800,7372.800,3242.200,2488.400,0.145,0.450,98.829,0.560,0.0,0.015,1493156510.776,
0.180,0.545,98.460,0.790,0.0,0.025,162425241.600,0.0,74015.400,167118213.800,0.0,0.0,4241.800,2895.600,0.200,0.800,0.0,3396628480.0,2293760.0,25259421696.0,1.40121849856e+11,0.0,0.0,162241740.800,0.0,4240.600,2893.200,0.180,0.550,98.455,0.790,0.0,0.025,1493156515.776,
0.210,0.591,98.498,0.681,0.0,0.020,186153369.600,2457.600,81232.200,195545862.600,0.0,0.0,4808.800,3301.0,0.600,0.400,0.0,3386937344.0,2301952.0,26189090816.0,1.3920186368e+11,0.0,0.0,186153369.600,2457.600,4810.400,3301.400,0.215,0.586,98.498,0.681,0.0,0.020,1493156520.776,
0.180,0.516,98.854,0.440,0.0,0.010,155127808.0,0.0,82160.200,158090566.400,0.0,0.0,4285.400,2804.200,0.200,0.200,0.0,3417690112.0,2301952.0,26965524480.0,1.38394677248e+11,0.0,0.0,155127808.0,0.0,4283.600,2803.800,0.180,0.516,98.854,0.440,0.0,0.010,1493156525.776,
0.135,0.415,99.079,0.365,0.0,0.005,127525683.200,3276.800,62565.200,139754111.600,0.0,0.0,3562.0,2352.800,0.200,0.600,0.0,3379810304.0,2310144.0,27602415616.0,1.37795657728e+11,0.0,0.0,127787827.200,3276.800,3569.0,2356.200,0.135,0.420,99.074,0.365,0.0,0.005,1493156530.776,
0.170,0.466,98.588,0.766,0.0,0.010,170971136.0,9011.200,54465.0,150883694.200,0.0,0.0,3512.0,3055.800,0.200,1.200,0.0,3521392640.0,2318336.0,28458389504.0,1.36798093312e+11,0.0,0.0,170971136.0,9011.200,3506.400,3055.400,0.170,0.466,98.583,0.771,0.0,0.010,1493156535.776,
0.155,0.425,98.909,0.495,0.0,0.015,133040537.600,0.0,65255.0,164143605.800,0.0,0.0,3419.600,2482.800,0.0,0.0,0.400,3390992384.0,2318336.0,29122592768.0,1.36264290304e+11,0.0,0.0,132778393.600,0.0,3421.800,2482.600,0.155,0.425,98.914,0.490,0.0,0.015,1493156540.776,
0.165,0.455,98.794,0.566,0.0,0.020,155112243.200,2457.600,89081.200,155096832.800,0.0,0.0,3870.200,2832.0,0.200,1.0,0.0,3434344448.0,2326528.0,29900541952.0,1.35442980864e+11,0.0,0.0,155321958.400,2457.600,3868.0,2831.800,0.165,0.451,98.799,0.566,0.0,0.020,1493156545.776,
0.165,0.475,98.869,0.480,0.0,0.010,146681856.0,4915.200,49827.200,147499016.800,0.0,0.0,3694.400,2692.800,0.200,0.200,0.0,3463757824.0,2334720.0,30631780352.0,1.34682320896e+11,0.0,0.0,146472140.800,4915.200,3698.0,2690.600,0.160,0.480,98.869,0.480,0.0,0.010,1493156550.776,
0.125,0.370,99.064,0.430,0.0,0.010,114733875.200,7372.800,40982.800,140013852.400,0.0,0.0,3135.600,2123.200,0.200,0.600,0.200,3359641600.0,2351104.0,31206354944.0,1.34211846144e+11,0.0,0.0,114943590.400,7372.800,3131.800,2125.400,0.125,0.365,99.069,0.430,0.0,0.010,1493156555.776,
0.105,0.325,99.139,0.420,0.0,0.010,114078515.200,0.0,27649.0,113568945.600,0.0,0.0,2641.800,2108.600,0.200,0.600,0.0,3399032832.0,2351104.0,31777083392.0,1.33601726464e+11,0.0,0.0,114104729.600,0.0,2642.0,2108.800,0.105,0.330,99.134,0.420,0.0,0.010,1493156560.776,
0.155,0.410,98.794,0.620,0.0,0.020,135032832.0,4096.0,58910.400,146960363.400,0.0,0.0,3602.800,2466.400,0.0,0.0,0.0,3365855232.0,2359296.0,32451911680.0,1.32960067584e+11,0.0,0.0,134796902.400,4096.0,3602.400,2463.600,0.160,0.405,98.794,0.620,0.0,0.020,1493156565.776,
0.125,0.300,99.224,0.340,0.0,0.010,101538201.600,4915.200,46816.0,108458150.400,0.0,0.0,2896.0,1929.400,0.200,0.200,0.0,3350654976.0,2367488.0,32959930368.0,1.3246724096e+11,0.0,0.0,101538201.600,4915.200,2895.200,1929.800,0.120,0.300,99.229,0.340,0.0,0.010,1493156570.776,
0.030,0.010,99.945,0.015,0.0,0.0,2820505.600,819.200,3631.200,2962660.600,0.0,0.0,208.0,207.800,0.0,0.0,0.400,3347374080.0,2367488.0,32973905920.0,1.32456546304e+11,0.0,0.0,2820505.600,819.200,207.800,207.400,0.035,0.010,99.940,0.015,0.0,0.0,1493156575.776,
