"Dstat 0.7.2 CSV output"
"Author:","Dag Wieers <dag@wieers.com>",,,,"URL:","http://dag.wieers.com/home-made/dstat/"
"Host:","osd0.skyhook-4osds.skyhook-pg0.wisc.cloudlab.us",,,,"User:","jlefevre"
"Cmdline:","dstat -av --epoch --integer --noheaders --output dstat-osd0.log 5",,,,"Date:","25 Apr 2017 14:10:10 CDT"

"total cpu usage",,,,,,"dsk/total",,"net/total",,"paging",,"system",,"procs",,,"memory usage",,,,"paging",,"dsk/total",,"system",,"total cpu usage",,,,,,"epoch"
"usr","sys","idl","wai","hiq","siq","read","writ","recv","send","in","out","int","csw","run","blk","new","used","buff","cach","free","in","out","read","writ","int","csw","usr","sys","idl","wai","hiq","siq","epoch"
0.015,0.005,99.975,0.005,0.0,0.0,9011.200,4915.200,2289.0,11518.400,0.0,0.0,133.800,152.400,0.0,0.0,0.200,3272425472.0,1642496.0,132968448.0,1.65373157376e+11,0.0,0.0,9011.200,4915.200,133.800,152.400,0.020,0.005,99.970,0.005,0.0,0.0,1493152260.776,
0.301,0.686,95.467,3.536,0.0,0.010,307435110.400,8192.0,14475.0,20435.0,0.0,0.0,2888.800,5189.400,0.400,2.200,0.0,3265486848.0,1658880.0,1668739072.0,1.63844308992e+11,0.0,0.0,307435110.400,8192.0,2890.800,5193.400,0.300,0.686,95.468,3.535,0.0,0.010,1493152265.776,
0.401,0.997,92.502,6.071,0.0,0.030,431191654.400,0.0,19773.400,30289.200,0.0,0.0,4028.200,7294.400,0.400,4.200,0.0,3294470144.0,1658880.0,3826585600.0,1.61657479168e+11,0.0,0.0,431480012.800,0.0,4027.600,7293.0,0.401,1.002,92.486,6.081,0.0,0.030,1493152270.776,
0.376,0.811,94.936,3.862,0.0,0.015,378293452.800,2457.600,17202.800,28996.200,0.0,0.0,3499.800,6313.400,0.400,1.800,0.0,3268517888.0,1667072.0,5715558400.0,1.59794450432e+11,0.0,0.0,378005094.400,2457.600,3498.400,6310.800,0.371,0.806,94.956,3.852,0.0,0.015,1493152275.776,
0.336,0.767,95.350,3.537,0.0,0.010,358204211.200,0.0,17090.400,28406.400,0.0,0.0,3341.600,6038.600,0.200,3.0,0.400,3272384512.0,1667072.0,7507431424.0,1.57998710784e+11,0.0,0.0,358204211.200,0.0,3341.600,6038.600,0.336,0.767,95.351,3.537,0.0,0.010,1493152280.776,
0.320,0.781,96.060,2.819,0.0,0.020,344584192.0,10649.600,17773.600,29397.400,0.0,0.0,3269.200,5839.800,0.800,2.600,0.0,3294633984.0,1683456.0,9230643200.0,1.56253233152e+11,0.0,0.0,344809472.0,10649.600,3270.600,5841.600,0.325,0.781,96.054,2.819,0.0,0.020,1493152285.776,
0.421,1.002,93.885,4.676,0.0,0.015,422887424.0,1638.400,19757.0,30903.200,0.0,0.0,3995.400,7134.600,1.400,1.800,0.0,3329765376.0,1683456.0,11346051072.0,1.54102693888e+11,0.0,0.0,422898073.600,1638.400,3995.400,7135.600,0.416,1.007,93.881,4.681,0.0,0.015,1493152290.776,
0.471,1.102,93.629,4.763,0.0,0.035,436134707.200,6553.600,19026.600,31136.800,0.0,0.0,4415.200,7354.0,0.200,4.400,0.0,3298586624.0,1699840.0,13524996096.0,1.51954911232e+11,0.0,0.0,436082278.400,6553.600,4415.0,7353.600,0.476,1.102,93.630,4.757,0.0,0.035,1493152295.776,
0.456,1.142,93.072,5.300,0.0,0.030,451134259.200,2457.600,20395.0,30736.600,0.0,0.0,4211.400,7622.400,1.400,4.200,0.0,3313057792.0,1708032.0,15782727680.0,1.49682700288e+11,0.0,0.0,451160473.600,2457.600,4211.400,7622.800,0.451,1.142,93.076,5.300,0.0,0.030,1493152300.776,
0.371,0.926,95.193,3.495,0.0,0.015,365654016.0,0.0,17462.0,28844.400,0.0,0.0,3436.600,6161.400,0.400,3.600,0.0,3334709248.0,1708032.0,17612521472.0,1.4783125504e+11,0.0,0.0,365758873.600,0.0,3438.0,6163.0,0.370,0.931,95.174,3.509,0.0,0.015,1493152305.776,
0.526,1.247,91.336,6.856,0.0,0.035,489137766.400,2457.600,22095.200,32242.800,0.0,0.0,4623.0,8346.600,0.400,7.400,0.0,3357552640.0,1716224.0,20055842816.0,1.45365082112e+11,0.0,0.0,489085337.600,2457.600,4621.800,8345.200,0.531,1.237,91.348,6.848,0.0,0.035,1493152310.776,
0.451,1.158,91.356,7.011,0.0,0.025,489431040.0,0.0,22536.400,33722.200,0.0,0.0,4611.600,8383.600,0.400,7.600,0.0,3357028352.0,1716224.0,22503079936.0,1.4291836928e+11,0.0,0.0,489431040.0,0.0,4611.800,8383.800,0.451,1.158,91.351,7.015,0.0,0.025,1493152315.776,
0.471,0.957,93.756,4.791,0.0,0.025,442583449.600,4096.0,19854.600,31401.200,0.0,0.0,4123.600,7478.200,0.200,3.600,0.400,3363885056.0,1724416.0,24717156352.0,1.40697427968e+11,0.0,0.0,442557235.200,4096.0,4123.600,7477.800,0.471,0.962,93.757,4.785,0.0,0.025,1493152320.776,
0.456,1.072,92.979,5.463,0.0,0.030,453063475.200,1638.400,21083.0,30955.400,0.0,0.0,4249.200,7683.800,0.200,5.400,0.0,3376771072.0,1724416.0,26983227392.0,1.38418470912e+11,0.0,0.0,453115904.0,1638.400,4249.200,7684.400,0.451,1.072,92.983,5.464,0.0,0.030,1493152325.776,
0.451,1.087,92.544,5.888,0.0,0.030,467275776.0,13107.200,19608.200,31281.200,0.0,0.0,4365.400,7934.200,1.200,5.0,0.0,3359965184.0,1740800.0,29318041600.0,1.36100446208e+11,0.0,0.0,467212697.600,13107.200,4368.0,7938.400,0.461,1.082,92.545,5.882,0.0,0.030,1493152330.776,
0.426,0.932,95.292,3.321,0.0,0.030,387845324.800,4915.200,18754.600,30197.800,0.0,0.0,3755.800,6511.0,0.0,2.800,0.0,3325026304.0,1748992.0,31255248896.0,1.341981696e+11,0.0,0.0,387620044.800,4915.200,3752.600,6506.200,0.416,0.932,95.301,3.321,0.0,0.030,1493152335.776,
0.376,0.831,95.542,3.230,0.0,0.020,341281177.600,2457.600,15889.400,28056.400,0.0,0.0,3370.0,5719.0,0.0,1.800,0.0,3329372160.0,1757184.0,32963751936.0,1.32485312512e+11,0.0,0.0,341281177.600,2457.600,3369.0,5716.200,0.376,0.836,95.538,3.230,0.0,0.020,1493152340.776,
0.020,0.010,99.970,0.0,0.0,0.0,0.0,0.0,2916.0,17221.800,0.0,0.0,142.600,137.200,0.0,0.0,0.0,3329974272.0,1757184.0,32963657728.0,1.32484804608e+11,0.0,0.0,0.0,0.0,142.600,137.200,0.020,0.005,99.975,0.0,0.0,0.0,1493152345.776,
