"Dstat 0.7.2 CSV output"
"Author:","Dag Wieers <dag@wieers.com>",,,,"URL:","http://dag.wieers.com/home-made/dstat/"
"Host:","osd0.skyhook-4osds.skyhook-pg0.wisc.cloudlab.us",,,,"User:","jlefevre"
"Cmdline:","dstat -av --epoch --integer --noheaders --output dstat-osd0.log 5",,,,"Date:","25 Apr 2017 14:10:10 CDT"

"total cpu usage",,,,,,"dsk/total",,"net/total",,"paging",,"system",,"procs",,,"memory usage",,,,"paging",,"dsk/total",,"system",,"total cpu usage",,,,,,"epoch"
"usr","sys","idl","wai","hiq","siq","read","writ","recv","send","in","out","int","csw","run","blk","new","used","buff","cach","free","in","out","read","writ","int","csw","usr","sys","idl","wai","hiq","siq","epoch"
0.020,0.005,99.970,0.005,0.0,0.0,0.0,4915.200,3428.0,13303.800,0.0,0.0,155.400,174.0,0.0,0.0,0.0,3330592768.0,1589248.0,33000554496.0,1.3244745728e+11,0.0,0.0,0.0,4915.200,155.400,174.0,0.020,0.0,99.975,0.005,0.0,0.0,1493166495.776,
0.020,0.005,99.965,0.010,0.0,0.0,0.0,4096.0,2463.0,11020.400,0.0,0.0,136.200,142.600,0.0,0.0,0.0,3330162688.0,1597440.0,33000562688.0,1.32447870976e+11,0.0,0.0,0.0,4096.0,136.200,142.600,0.020,0.005,99.965,0.010,0.0,0.0,1493166500.776,
2.268,0.921,96.781,0.005,0.0,0.025,0.0,4915.200,275620.200,260715631.400,0.0,0.0,8429.0,892.200,1.600,0.0,0.0,3359289344.0,1605632.0,33000562688.0,1.32418736128e+11,0.0,0.0,0.0,4915.200,8431.200,892.200,2.273,0.921,96.776,0.005,0.0,0.025,1493166505.776,
2.527,0.896,96.522,0.0,0.0,0.055,0.0,2457.600,292597.400,284357779.600,0.0,0.0,8041.800,990.600,1.800,0.0,0.0,3359645696.0,1605632.0,33000562688.0,1.32418379776e+11,0.0,0.0,0.0,2457.600,8040.200,990.600,2.522,0.901,96.522,0.0,0.0,0.055,1493166510.776,
2.507,1.016,96.427,0.010,0.0,0.040,0.0,2457.600,335201.0,294247162.600,0.0,0.0,7767.400,1021.800,1.800,0.0,0.0,3361615872.0,1613824.0,33000562688.0,1.32416401408e+11,0.0,0.0,0.0,2457.600,7766.800,1021.800,2.512,1.016,96.422,0.010,0.0,0.040,1493166515.776,
2.262,0.876,96.832,0.0,0.0,0.030,0.0,0.0,280718.0,251974976.0,0.0,0.0,8686.0,914.0,2.0,0.0,0.400,3433820160.0,1613824.0,33000566784.0,1.32344193024e+11,0.0,0.0,0.0,0.0,8689.400,914.400,2.268,0.876,96.826,0.0,0.0,0.030,1493166520.776,
2.157,0.836,96.973,0.005,0.0,0.030,0.0,2457.600,284705.0,245462410.600,0.0,0.0,8891.200,895.0,1.200,0.0,0.0,3385933824.0,1622016.0,33000566784.0,1.32392071168e+11,0.0,0.0,0.0,2457.600,8891.200,895.400,2.147,0.836,96.983,0.005,0.0,0.030,1493166525.776,
2.403,0.901,96.646,0.010,0.0,0.040,0.0,6553.600,319193.400,271883717.600,0.0,0.0,9790.800,969.800,0.400,0.0,0.0,3393449984.0,1630208.0,33000566784.0,1.32384546816e+11,0.0,0.0,0.0,6553.600,9790.600,969.600,2.408,0.901,96.641,0.010,0.0,0.040,1493166530.776,
2.243,0.886,96.831,0.010,0.0,0.030,0.0,3276.800,310866.800,259917499.800,0.0,0.0,9439.200,909.0,0.600,0.0,0.0,3348709376.0,1638400.0,33000562688.0,1.32429283328e+11,0.0,0.0,0.0,3276.800,9441.200,908.400,2.238,0.881,96.840,0.010,0.0,0.030,1493166535.776,
2.499,0.972,96.505,0.010,0.0,0.015,0.0,7372.800,322940.200,283275487.200,0.0,0.0,9804.200,961.800,1.200,0.0,0.0,3406802944.0,1654784.0,33000562688.0,1.32371173376e+11,0.0,0.0,0.0,7372.800,9806.400,962.200,2.514,0.976,96.485,0.010,0.0,0.015,1493166540.776,
2.643,1.031,96.246,0.0,0.0,0.080,0.0,0.0,329184.800,300090762.800,0.0,0.0,10286.800,1007.400,2.600,0.0,0.0,3451371520.0,1654784.0,33000562688.0,1.323266048e+11,0.0,0.0,0.0,0.0,10287.200,1007.600,2.633,1.036,96.251,0.0,0.0,0.080,1493166545.776,
2.603,0.996,96.361,0.010,0.0,0.030,0.0,2457.600,311675.400,273957384.0,0.0,0.0,9788.0,974.600,1.800,0.0,0.0,3544231936.0,1662976.0,33000562688.0,1.32233736192e+11,0.0,0.0,0.0,2457.600,9785.0,974.400,2.603,0.991,96.366,0.010,0.0,0.030,1493166550.776,
2.477,1.086,96.376,0.0,0.0,0.060,0.0,0.0,316516.0,301826337.800,0.0,0.0,9808.0,1005.200,1.0,0.0,0.0,3518832640.0,1662976.0,33000566784.0,1.32259131392e+11,0.0,0.0,0.0,0.0,9806.0,1004.800,2.488,1.081,96.371,0.0,0.0,0.060,1493166555.776,
2.292,0.981,96.662,0.010,0.0,0.055,0.0,2457.600,334477.600,296356109.800,0.0,0.0,10168.200,983.400,1.200,0.0,0.400,3385942016.0,1671168.0,33000570880.0,1.32392009728e+11,0.0,0.0,0.0,2457.600,10168.600,983.400,2.282,0.981,96.672,0.010,0.0,0.055,1493166560.776,
2.177,0.906,96.847,0.005,0.0,0.065,25395.200,4915.200,275726.600,237869830.600,0.0,0.0,8198.400,925.400,1.800,0.0,0.200,3485368320.0,1679360.0,33000697856.0,1.32292448256e+11,0.0,0.0,25395.200,4915.200,8201.200,925.800,2.176,0.916,96.838,0.005,0.0,0.065,1493166565.776,
2.853,1.211,95.841,0.015,0.0,0.080,0.0,9011.200,395850.800,341349338.0,0.0,0.0,12092.400,1134.0,1.600,0.0,0.0,3395268608.0,1695744.0,33000693760.0,1.3238253568e+11,0.0,0.0,0.0,9011.200,12087.400,1134.400,2.853,1.201,95.851,0.015,0.0,0.080,1493166570.776,
2.869,1.117,95.964,0.010,0.0,0.040,0.0,4915.200,393850.400,314646927.400,0.0,0.0,11526.200,1111.200,1.600,0.0,0.0,3478679552.0,1703936.0,33000693760.0,1.32299116544e+11,0.0,0.0,0.0,4915.200,11531.800,1110.400,2.874,1.122,95.955,0.010,0.0,0.040,1493166575.776,
2.603,1.056,96.316,0.0,0.0,0.025,0.0,2457.600,305910.200,298518393.400,0.0,0.0,9721.800,1016.200,1.400,0.0,0.0,3472330752.0,1703936.0,33000693760.0,1.32305465344e+11,0.0,0.0,0.0,2457.600,9715.200,1016.200,2.598,1.051,96.326,0.0,0.0,0.025,1493166580.776,
2.529,1.032,96.389,0.010,0.0,0.040,0.0,2457.600,349890.800,303912201.0,0.0,0.0,10336.0,991.400,1.800,0.0,0.0,3445215232.0,1712128.0,33000693760.0,1.32332572672e+11,0.0,0.0,0.0,2457.600,10339.200,991.800,2.529,1.042,96.380,0.010,0.0,0.040,1493166585.776,
2.322,0.961,96.702,0.0,0.0,0.015,0.0,819.200,316001.200,235700467.600,0.0,0.0,9705.200,944.600,0.600,0.0,0.400,3594878976.0,1712128.0,33000701952.0,1.32182900736e+11,0.0,0.0,0.0,819.200,9712.0,946.400,2.322,0.956,96.707,0.0,0.0,0.015,1493166590.776,
2.694,1.117,96.149,0.020,0.0,0.020,0.0,9830.400,396508.600,296621213.0,0.0,0.0,11315.200,1088.800,1.800,0.0,0.0,3655528448.0,1728512.0,33000697856.0,1.32122238976e+11,0.0,0.0,0.0,9830.400,11313.200,1087.400,2.694,1.117,96.149,0.020,0.0,0.020,1493166595.776,
2.518,1.167,96.295,0.015,0.0,0.005,0.0,4915.200,379600.800,323772861.600,0.0,0.0,11345.600,1035.200,0.800,0.0,0.0,3519922176.0,1736704.0,33000697856.0,1.32257837056e+11,0.0,0.0,0.0,4915.200,11340.400,1034.400,2.513,1.162,96.305,0.015,0.0,0.005,1493166600.776,
2.844,1.192,95.940,0.005,0.0,0.020,0.0,7372.800,375838.600,315490578.200,0.0,0.0,12487.200,1057.400,2.200,0.0,0.0,3535683584.0,1744896.0,33000697856.0,1.32242067456e+11,0.0,0.0,0.0,7372.800,12488.800,1057.400,2.853,1.196,95.925,0.005,0.0,0.020,1493166605.776,
2.358,0.951,96.666,0.010,0.0,0.015,0.0,2457.600,333221.600,243697894.400,0.0,0.0,9974.400,974.200,0.800,0.0,0.0,3617222656.0,1753088.0,33000697856.0,1.32160520192e+11,0.0,0.0,0.0,2457.600,9972.200,974.200,2.353,0.946,96.676,0.010,0.0,0.015,1493166610.776,
2.212,0.961,96.771,0.0,0.0,0.055,0.0,0.0,294990.600,242498770.200,0.0,0.0,9149.600,898.200,1.200,0.0,0.0,3656806400.0,1753088.0,33000697856.0,1.32120936448e+11,0.0,0.0,0.0,0.0,9153.800,898.600,2.212,0.961,96.772,0.0,0.0,0.055,1493166615.776,
2.469,1.137,96.364,0.010,0.0,0.020,0.0,2457.600,349414.400,305293304.400,0.0,0.0,11058.0,1038.0,1.200,0.0,0.0,3526479872.0,1761280.0,33000697856.0,1.32251254784e+11,0.0,0.0,0.0,2457.600,11053.600,1038.0,2.469,1.137,96.364,0.010,0.0,0.020,1493166620.776,
0.420,0.185,99.395,0.0,0.0,0.0,0.0,0.0,97290.400,79407775.800,0.0,0.0,2872.0,339.800,0.200,0.0,0.400,3345833984.0,1761280.0,33000706048.0,1.3243189248e+11,0.0,0.0,0.0,0.0,2870.0,339.400,0.420,0.185,99.395,0.0,0.0,0.0,1493166625.776,
