"Dstat 0.7.2 CSV output"
"Author:","Dag Wieers <dag@wieers.com>",,,,"URL:","http://dag.wieers.com/home-made/dstat/"
"Host:","client0.skyhook-4osds.skyhook-pg0.wisc.cloudlab.us",,,,"User:","jlefevre"
"Cmdline:","dstat -av --epoch --integer --noheaders --output dstat-client0.log 5",,,,"Date:","25 Apr 2017 14:10:01 CDT"

"total cpu usage",,,,,,"dsk/total",,"net/total",,"paging",,"system",,"procs",,,"memory usage",,,,"paging",,"dsk/total",,"system",,"total cpu usage",,,,,,"epoch"
"usr","sys","idl","wai","hiq","siq","read","writ","recv","send","in","out","int","csw","run","blk","new","used","buff","cach","free","in","out","read","writ","int","csw","usr","sys","idl","wai","hiq","siq","epoch"
0.075,0.020,99.864,0.040,0.0,0.0,0.0,13107.200,47039.600,4719.200,0.0,0.0,1818.400,7479.200,0.0,0.0,0.600,5474168832.0,236367872.0,1.47407724544e+11,15661932544.0,0.0,0.0,0.0,13107.200,1818.600,7480.400,0.080,0.020,99.859,0.040,0.0,0.0,1493163261.201,
4.009,3.491,92.142,0.096,0.0,0.262,0.0,135168.0,485685911.200,254678.0,0.0,0.0,16772.0,13402.200,3.600,0.0,5.200,5652369408.0,236376064.0,1.47407818752e+11,15483629568.0,0.0,0.0,0.0,135168.0,16774.200,13400.0,4.014,3.491,92.137,0.096,0.0,0.262,1493163266.201,
4.407,3.849,91.282,0.070,0.0,0.392,0.0,115507.200,496868163.0,163835.600,0.0,0.0,11277.0,10491.0,2.600,0.200,0.0,5667008512.0,236384256.0,1.474080768e+11,15468724224.0,0.0,0.0,0.0,115507.200,11275.0,10492.400,4.401,3.854,91.283,0.070,0.0,0.392,1493163271.201,
4.222,4.051,91.354,0.101,0.0,0.272,0.0,134348.800,488047832.0,149270.400,0.0,0.0,11317.0,10559.200,3.0,0.0,0.0,5650755584.0,236396544.0,1.474082816e+11,15484760064.0,0.0,0.0,0.0,134348.800,11331.0,10556.0,4.218,4.057,91.353,0.101,0.0,0.272,1493163276.201,
4.258,3.780,91.444,0.136,0.0,0.382,0.0,139264.0,504282983.0,201809.800,0.0,0.0,13338.200,11528.800,3.800,0.0,0.0,5668802560.0,236404736.0,1.47408478208e+11,15466508288.0,0.0,0.0,0.0,139264.0,13334.0,11550.0,4.263,3.776,91.443,0.136,0.0,0.382,1493163281.201,
5.539,4.036,89.832,0.231,0.0,0.362,0.0,6438912.0,637145205.200,265074.0,0.0,0.0,13802.400,13890.600,5.400,0.200,0.200,5635039232.0,236408832.0,1.47403055104e+11,15505690624.0,0.0,0.0,0.0,6438912.0,13792.400,13873.0,5.548,4.040,89.819,0.231,0.0,0.362,1493163286.201,
5.683,4.201,89.503,0.332,0.0,0.281,0.0,4559667.200,644094533.200,300274.200,0.0,0.0,18757.400,14551.200,4.400,0.200,0.0,5641781248.0,236425216.0,1.47403264e+11,15498723328.0,0.0,0.0,0.0,4559667.200,18760.600,14552.0,5.679,4.192,89.516,0.332,0.0,0.281,1493163291.201,
4.842,3.974,90.537,0.085,0.0,0.562,0.0,132710.400,551738809.200,210968.800,0.0,0.0,12434.200,12710.800,3.400,0.0,0.0,5643874304.0,236429312.0,1.47403497472e+11,15496392704.0,0.0,0.0,0.0,132710.400,12436.600,12710.600,4.841,3.978,90.529,0.085,0.0,0.567,1493163296.201,
4.485,4.004,90.743,0.226,0.0,0.542,0.0,555417.600,541033984.0,227402.800,0.0,0.0,12845.600,11977.200,2.600,0.0,0.0,5663014912.0,236437504.0,1.47403333632e+11,15477407744.0,0.0,0.0,0.0,555417.600,12845.0,11974.400,4.485,3.999,90.753,0.226,0.0,0.537,1493163301.201,
5.398,4.253,89.515,0.352,0.0,0.482,0.0,4631756.800,602605587.200,259534.600,0.0,0.0,13664.0,13197.400,3.800,0.200,0.0,5660598272.0,236445696.0,1.47403485184e+11,15479664640.0,0.0,0.0,0.0,4631756.800,13658.600,13196.600,5.394,4.259,89.513,0.352,0.0,0.482,1493163306.201,
5.461,4.074,90.003,0.100,0.0,0.362,0.0,139264.0,604641341.800,244055.800,0.0,0.0,13327.600,12248.800,3.200,0.0,0.0,5656784896.0,236470272.0,1.4740373504e+11,15483203584.0,0.0,0.0,0.0,139264.0,13331.400,12251.0,5.470,4.079,89.989,0.100,0.0,0.362,1493163311.201,
5.313,4.203,89.931,0.100,0.0,0.452,0.0,194969.600,600233282.200,242782.200,0.0,0.0,18169.400,12678.800,4.400,0.0,0.0,5648113664.0,236470272.0,1.47403993088e+11,15491616768.0,0.0,0.0,0.0,194969.600,18166.0,12675.600,5.309,4.199,89.940,0.100,0.0,0.452,1493163316.201,
4.240,3.788,91.350,0.095,0.0,0.527,0.0,105676.800,503919075.200,207787.800,0.0,0.0,11564.600,11658.600,4.400,0.200,0.0,5666119680.0,236478464.0,1.47404201984e+11,15473393664.0,0.0,0.0,0.0,105676.800,11570.400,11665.800,4.235,3.788,91.354,0.095,0.0,0.527,1493163321.201,
4.408,4.197,90.993,0.111,0.0,0.292,0.0,133529.600,497946903.0,175643.0,0.0,0.0,11600.400,10908.600,3.200,0.0,0.0,5670895616.0,236478464.0,1.47404414976e+11,15468404736.0,0.0,0.0,0.0,133529.600,11594.400,10908.200,4.413,4.196,90.989,0.111,0.0,0.292,1493163326.201,
4.478,4.030,91.030,0.116,0.0,0.347,0.0,137625.600,510033580.200,188180.400,0.0,0.0,11612.600,11005.400,3.600,0.0,0.0,5658918912.0,236490752.0,1.47404599296e+11,15480184832.0,0.0,0.0,0.0,137625.600,11614.400,11002.600,4.477,4.030,91.025,0.116,0.0,0.352,1493163331.201,
4.909,4.030,90.523,0.156,0.0,0.382,0.0,172851.200,562181501.0,223522.400,0.0,0.0,12560.0,12200.400,4.200,0.0,0.0,5653487616.0,236498944.0,1.47404828672e+11,15485378560.0,0.0,0.0,0.0,172851.200,12558.600,12196.800,4.904,4.035,90.528,0.156,0.0,0.377,1493163336.201,
5.746,3.896,89.856,0.116,0.0,0.387,0.0,116326.400,653675653.400,295577.400,0.0,0.0,14016.600,14377.0,3.800,0.200,0.0,5639323648.0,236507136.0,1.47405058048e+11,15499304960.0,0.0,0.0,0.0,116326.400,14019.200,14380.800,5.747,3.887,89.859,0.116,0.0,0.392,1493163341.201,
4.650,4.127,90.600,0.226,0.0,0.397,0.0,2152857.600,544114708.600,231028.0,0.0,0.0,13116.400,12192.400,3.800,0.0,0.0,5653995520.0,236511232.0,1.4739976192e+11,15489925120.0,0.0,0.0,0.0,2152857.600,13122.400,12192.800,4.650,4.132,90.600,0.226,0.0,0.392,1493163346.201,
4.870,3.819,90.819,0.106,0.0,0.387,0.0,130252.800,558163431.200,218367.600,0.0,0.0,12551.0,11969.200,3.800,0.0,0.0,5655539712.0,236527616.0,1.4739996672e+11,15488159744.0,0.0,0.0,0.0,130252.800,12546.800,11965.0,4.874,3.814,90.819,0.106,0.0,0.387,1493163351.201,
5.190,3.837,90.385,0.131,0.0,0.458,0.0,156467.200,637734186.0,269663.400,0.0,0.0,14090.0,13336.0,4.400,0.0,0.0,5652754432.0,236544000.0,1.47400175616e+11,15490719744.0,0.0,0.0,0.0,156467.200,14086.800,13338.0,5.190,3.842,90.379,0.131,0.0,0.458,1493163356.200,
5.311,4.083,90.138,0.106,0.0,0.362,0.0,132710.400,605962517.800,262622.800,0.0,0.0,14000.0,13141.400,4.400,0.200,0.0,5657456640.0,236560384.0,1.47400450048e+11,15485726720.0,0.0,0.0,0.0,132710.400,14003.200,13142.400,5.305,4.083,90.144,0.106,0.0,0.362,1493163361.201,
5.044,4.329,90.269,0.106,0.0,0.252,0.0,134348.800,575930854.200,261185.800,0.0,0.0,14068.800,12778.400,3.800,0.0,0.0,5651570688.0,236568576.0,1.47400671232e+11,15491383296.0,0.0,0.0,0.0,134348.800,14066.600,12779.800,5.044,4.329,90.269,0.106,0.0,0.252,1493163366.201,
5.324,3.951,90.222,0.141,0.0,0.362,0.0,140083.200,623433898.0,271532.200,0.0,0.0,13499.400,13974.600,4.600,0.0,0.0,5657165824.0,236576768.0,1.47400880128e+11,15485571072.0,0.0,0.0,0.0,140083.200,13506.800,13975.0,5.323,3.951,90.223,0.141,0.0,0.362,1493163371.200,
5.496,3.798,90.249,0.116,0.0,0.342,0.0,142540.800,617009984.600,266831.200,0.0,0.0,13455.400,13427.600,4.600,0.0,0.0,5659262976.0,236584960.0,1.47401105408e+11,15483240448.0,0.0,0.0,0.0,142540.800,13448.400,13423.800,5.501,3.798,90.243,0.116,0.0,0.342,1493163376.201,
5.065,3.997,90.192,0.115,0.0,0.632,0.0,140902.400,638251391.0,305114.200,0.0,0.0,14315.400,14180.400,3.600,0.200,0.0,5651492864.0,236584960.0,1.47401367552e+11,15490748416.0,0.0,0.0,0.0,140902.400,14322.800,14184.800,5.065,3.997,90.191,0.115,0.0,0.632,1493163381.201,
5.808,4.251,89.373,0.116,0.0,0.452,0.0,140902.400,672694996.200,350625.600,0.0,0.0,15229.600,16352.600,3.600,0.0,0.200,5652385792.0,236597248.0,1.47401609216e+11,15489601536.0,0.0,0.0,0.0,140902.400,15224.200,16349.200,5.812,4.255,89.366,0.116,0.0,0.452,1493163386.201,
5.311,3.913,90.243,0.181,0.0,0.352,0.0,579174.400,645096741.0,355538.400,0.0,0.0,14812.400,16009.600,4.0,0.0,0.200,5663768576.0,236617728.0,1.47401682944e+11,15478124544.0,0.0,0.0,0.0,579174.400,14807.600,16008.800,5.307,3.908,90.252,0.181,0.0,0.352,1493163391.201,
4.526,3.791,91.185,0.146,0.0,0.352,0.0,153190.400,559038025.400,220844.0,0.0,0.0,12978.0,12860.400,3.600,0.0,0.0,5653417984.0,236625920.0,1.47401924608e+11,15488225280.0,0.0,0.0,0.0,153190.400,12991.400,12877.200,4.526,3.792,91.185,0.146,0.0,0.352,1493163396.201,
4.887,3.764,90.906,0.101,0.0,0.342,0.0,134348.800,571958153.400,257823.600,0.0,0.0,13476.200,13297.0,3.200,0.200,0.0,5661442048.0,236634112.0,1.47402153984e+11,15479963648.0,0.0,0.0,0.0,134348.800,13465.400,13286.600,4.891,3.769,90.897,0.101,0.0,0.342,1493163401.201,
5.541,4.266,89.570,0.136,0.0,0.487,0.0,140902.400,674912971.0,334667.800,0.0,0.0,15445.0,15243.800,4.0,0.0,0.0,5671370752.0,236642304.0,1.47402387456e+11,15469793280.0,0.0,0.0,0.0,140902.400,15450.200,15241.400,5.532,4.257,89.588,0.136,0.0,0.487,1493163406.201,
5.227,4.074,89.997,0.115,0.0,0.586,0.0,139264.0,652426591.600,336733.0,0.0,0.0,15294.200,15176.600,3.800,0.0,0.0,5645434880.0,236642304.0,1.47402604544e+11,15495512064.0,0.0,0.0,0.0,139264.0,15286.200,15171.800,5.237,4.079,89.983,0.115,0.0,0.586,1493163411.201,
4.985,3.907,90.511,0.110,0.0,0.486,0.0,140902.400,620861765.400,287240.200,0.0,0.0,13932.0,14129.800,4.600,0.0,0.0,5653028864.0,236654592.0,1.47402846208e+11,15487664128.0,0.0,0.0,0.0,140902.400,13934.600,14134.200,4.985,3.902,90.517,0.110,0.0,0.486,1493163416.201,
4.454,3.932,90.896,0.105,0.0,0.612,0.0,161382.400,568495929.0,267833.0,0.0,0.0,13616.600,12981.400,3.600,0.0,0.0,5650804736.0,236662784.0,1.47403096064e+11,15489630208.0,0.0,0.0,0.0,161382.400,13619.400,12976.800,4.444,3.938,90.900,0.105,0.0,0.612,1493163421.201,
5.295,3.999,90.199,0.095,0.0,0.412,0.0,113868.800,625371576.800,305935.400,0.0,0.0,14166.200,14206.0,3.600,0.200,0.0,5665341440.0,236670976.0,1.47403329536e+11,15474851840.0,0.0,0.0,0.0,113868.800,14162.600,14207.800,5.295,3.994,90.203,0.095,0.0,0.412,1493163426.201,
5.210,4.089,90.218,0.096,0.0,0.387,0.0,139264.0,615410897.200,292999.800,0.0,0.0,14348.200,14301.400,4.0,0.0,0.0,5658882048.0,236670976.0,1.47403563008e+11,15481077760.0,0.0,0.0,0.0,139264.0,14359.400,14304.0,5.215,4.094,90.209,0.096,0.0,0.387,1493163431.201,
5.516,4.160,89.726,0.106,0.0,0.492,0.0,142540.800,623362272.800,279430.400,0.0,0.0,14491.200,13731.800,3.800,0.0,0.0,5658492928.0,236679168.0,1.47403792384e+11,15481229312.0,0.0,0.0,0.0,142540.800,14487.0,13728.600,5.516,4.160,89.726,0.106,0.0,0.492,1493163436.201,
5.489,4.157,89.736,0.131,0.0,0.488,0.0,152371.200,647364445.400,292477.800,0.0,0.0,14611.0,14436.0,3.800,0.0,0.0,5663571968.0,236691456.0,1.47404034048e+11,15475896320.0,0.0,0.0,0.0,152371.200,14606.0,14434.800,5.484,4.162,89.737,0.131,0.0,0.488,1493163441.201,
5.090,4.165,90.162,0.151,0.0,0.433,0.0,140083.200,596646994.600,268873.0,0.0,0.0,13954.200,13397.0,4.800,0.200,0.0,5650550784.0,236699648.0,1.47404283904e+11,15488659456.0,0.0,0.0,0.0,140083.200,13953.0,13395.600,5.091,4.160,90.166,0.151,0.0,0.433,1493163446.201,
5.840,4.345,89.068,0.060,0.0,0.687,0.0,134348.800,694386383.400,407613.400,0.0,0.0,16354.600,17063.200,3.800,0.0,0.0,5650128896.0,236703744.0,1.47404505088e+11,15488856064.0,0.0,0.0,0.0,134348.800,16358.0,17063.600,5.844,4.349,89.059,0.060,0.0,0.687,1493163451.201,
5.268,3.676,90.543,0.095,0.0,0.417,0.0,144179.200,610312128.400,260088.600,0.0,0.0,13289.800,12486.600,3.800,0.0,0.0,5660221440.0,236716032.0,1.4740473856e+11,15478517760.0,0.0,0.0,0.0,144179.200,13283.600,12486.200,5.264,3.677,90.546,0.095,0.0,0.417,1493163456.201,
5.394,3.932,90.091,0.116,0.0,0.467,0.0,138444.800,630324495.0,277029.400,0.0,0.0,13843.0,13913.800,4.0,0.0,0.0,5652029440.0,236724224.0,1.4740496384e+11,15486476288.0,0.0,0.0,0.0,138444.800,13846.0,13917.400,5.402,3.931,90.084,0.115,0.0,0.467,1493163461.201,
5.258,4.080,90.169,0.116,0.0,0.377,0.0,140902.400,635932799.200,327053.800,0.0,0.0,15518.800,14571.0,3.600,0.200,0.0,5659934720.0,236736512.0,1.47405205504e+11,15478317056.0,0.0,0.0,0.0,140902.400,15517.600,14570.400,5.253,4.075,90.174,0.116,0.0,0.382,1493163466.201,
5.985,4.057,89.529,0.076,0.0,0.352,0.0,135987.200,705119550.400,372544.600,0.0,0.0,16130.200,16579.800,4.0,0.0,0.0,5665996800.0,236736512.0,1.47405443072e+11,15472017408.0,0.0,0.0,0.0,135987.200,16128.400,16580.400,5.982,4.053,89.542,0.076,0.0,0.347,1493163471.201,
5.071,4.081,90.306,0.080,0.0,0.462,0.0,145817.600,607500822.0,250175.600,0.0,0.0,13825.200,13209.400,4.600,0.0,0.0,5664477184.0,236744704.0,1.47405688832e+11,15473283072.0,0.0,0.0,0.0,145817.600,13828.400,13211.0,5.080,4.080,90.292,0.080,0.0,0.467,1493163476.201,
5.266,3.944,90.147,0.121,0.0,0.523,0.0,131072.0,621487226.400,316751.800,0.0,0.0,14080.800,14409.200,5.0,0.0,0.400,5643173888.0,236744704.0,1.47405893632e+11,15494381568.0,0.0,0.0,0.0,131072.0,14087.200,14412.600,5.260,3.959,90.138,0.121,0.0,0.522,1493163481.201,
5.086,3.850,90.606,0.075,0.0,0.382,0.0,188416.0,577431202.0,237930.400,0.0,0.0,12648.400,12660.200,3.800,0.200,0.0,5641449472.0,236756992.0,1.47406135296e+11,15495852032.0,0.0,0.0,0.0,188416.0,12640.600,12653.0,5.097,3.840,90.606,0.080,0.0,0.377,1493163486.201,
5.759,4.236,89.508,0.126,0.0,0.372,0.0,134348.800,690684200.600,344261.400,0.0,0.0,15706.400,15826.600,3.800,0.0,0.0,5667737600.0,236765184.0,1.47406385152e+11,15469305856.0,0.0,0.0,0.0,134348.800,15705.0,15826.800,5.754,4.236,89.517,0.121,0.0,0.372,1493163491.201,
4.839,3.680,90.848,0.146,0.0,0.487,0.0,144998.400,585176302.600,264285.400,0.0,0.0,12871.800,13319.200,4.800,0.0,0.0,5640581120.0,236773376.0,1.47406614528e+11,15496224768.0,0.0,0.0,0.0,144998.400,12877.0,13323.400,4.835,3.680,90.852,0.146,0.0,0.487,1493163496.201,
4.911,3.912,90.565,0.110,0.0,0.502,0.0,139264.0,588633022.200,268021.600,0.0,0.0,13391.400,13366.800,5.0,0.0,0.0,5648121856.0,236773376.0,1.47406823424e+11,15488475136.0,0.0,0.0,0.0,139264.0,13386.600,13362.600,4.906,3.916,90.565,0.110,0.0,0.502,1493163501.201,
5.422,4.209,89.461,0.140,0.0,0.767,0.0,155648.0,649743682.600,314737.800,0.0,0.0,14607.200,14952.400,4.600,0.0,0.0,5643259904.0,236781568.0,1.47407077376e+11,15493074944.0,0.0,0.0,0.0,165478.400,14616.0,14964.400,5.426,4.209,89.453,0.140,0.0,0.772,1493163506.201,
1.230,0.808,97.761,0.120,0.0,0.080,0.0,127795.200,134363527.200,55048.200,0.0,0.0,3839.800,9416.0,0.400,0.0,1.0,5470797824.0,236793856.0,1.47407273984e+11,15665328128.0,0.0,0.0,0.0,117964.800,3830.400,9405.200,1.225,0.798,97.781,0.120,0.0,0.075,1493163511.201,
