"Dstat 0.7.2 CSV output"
"Author:","Dag Wieers <dag@wieers.com>",,,,"URL:","http://dag.wieers.com/home-made/dstat/"
"Host:","osd1.skyhook-4osds.skyhook-pg0.wisc.cloudlab.us",,,,"User:","jlefevre"
"Cmdline:","dstat -av --epoch --integer --noheaders --output dstat-osd1.log 5",,,,"Date:","25 Apr 2017 14:10:17 CDT"

"total cpu usage",,,,,,"dsk/total",,"net/total",,"paging",,"system",,"procs",,,"memory usage",,,,"paging",,"dsk/total",,"system",,"total cpu usage",,,,,,"epoch"
"usr","sys","idl","wai","hiq","siq","read","writ","recv","send","in","out","int","csw","run","blk","new","used","buff","cach","free","in","out","read","writ","int","csw","usr","sys","idl","wai","hiq","siq","epoch"
0.065,0.875,98.860,0.200,0.0,0.0,1403289.600,21299.200,3486.800,13647.0,0.0,0.0,564.800,629.200,0.200,0.200,4.600,3452944384.0,1130496.0,162070528.0,1.65164048384e+11,0.0,0.0,1403289.600,21299.200,564.200,628.800,0.065,0.875,98.860,0.200,0.0,0.0,1493165237.192,
0.090,0.275,98.414,1.206,0.0,0.015,82119884.800,3276.800,61661.400,43101976.400,0.0,0.0,2325.800,1530.800,0.0,0.600,0.0,3658125312.0,1138688.0,572559360.0,1.64548370432e+11,0.0,0.0,82382028.800,3276.800,2332.600,1534.0,0.095,0.275,98.404,1.210,0.0,0.015,1493165242.192,
0.245,0.906,97.568,1.266,0.0,0.015,229614387.200,2457.600,322765.600,278395250.0,0.0,0.0,10665.200,4165.600,0.400,0.800,0.0,3456966656.0,1146880.0,1721200640.0,1.63600879616e+11,0.0,0.0,229588172.800,2457.600,10660.0,4165.200,0.240,0.906,97.577,1.262,0.0,0.015,1493165247.192,
0.291,1.012,96.688,1.989,0.0,0.020,287481856.0,0.0,346401.0,297885215.600,0.0,0.0,11499.800,5054.600,0.600,0.800,0.0,3471577088.0,1146880.0,3158192128.0,1.62149277696e+11,0.0,0.0,287481856.0,0.0,11505.200,5054.800,0.291,1.012,96.683,1.994,0.0,0.020,1493165252.192,
0.250,0.846,97.000,1.883,0.0,0.020,256917504.0,2457.600,306742.800,274596901.200,0.0,0.0,10268.600,4565.600,1.0,0.800,0.0,3440316416.0,1155072.0,4443705344.0,1.6089501696e+11,0.0,0.0,256891289.600,2457.600,10263.0,4567.0,0.250,0.846,97.000,1.883,0.0,0.020,1493165257.192,
0.326,0.972,96.212,2.470,0.0,0.020,306239897.600,0.0,360008.800,315776601.200,0.0,0.0,12137.800,5346.200,0.400,1.600,0.0,3470319616.0,1155072.0,5973827584.0,1.5933489152e+11,0.0,0.0,306239897.600,0.0,12137.800,5344.400,0.326,0.972,96.217,2.465,0.0,0.020,1493165262.192,
0.241,0.872,97.264,1.599,0.0,0.025,267056742.400,4096.0,338274.400,279728637.600,0.0,0.0,11292.200,4740.200,0.200,1.0,0.0,3464445952.0,1163264.0,7309762560.0,1.58004822016e+11,0.0,0.0,267004313.600,4096.0,11299.200,4740.400,0.241,0.867,97.269,1.598,0.0,0.025,1493165267.192,
0.256,0.772,97.445,1.498,0.0,0.030,250504806.400,819.200,326184.600,265594064.600,0.0,0.0,10629.400,4433.800,0.800,1.600,0.0,3448045568.0,1163264.0,8561750016.0,1.56769234944e+11,0.0,0.0,250504806.400,819.200,10621.800,4432.200,0.256,0.772,97.445,1.498,0.0,0.030,1493165272.192,
0.321,0.947,96.874,1.844,0.0,0.015,292451942.400,2457.600,351413.200,298147574.400,0.0,0.0,11854.600,5129.400,0.200,1.400,0.0,3491377152.0,1171456.0,10023591936.0,1.55264053248e+11,0.0,0.0,292478156.800,2457.600,11861.400,5133.600,0.321,0.952,96.869,1.844,0.0,0.015,1493165277.192,
0.296,0.922,96.903,1.859,0.0,0.020,281201049.600,0.0,355760.800,303046653.600,0.0,0.0,11913.400,4954.0,0.600,1.200,0.0,3447185408.0,1171456.0,11429076992.0,1.53902759936e+11,0.0,0.0,281017548.800,0.0,11913.0,4948.800,0.296,0.922,96.903,1.859,0.0,0.020,1493165282.192,
0.286,0.957,96.724,2.009,0.0,0.025,292043161.600,2457.600,423565.0,300900716.600,0.0,0.0,13085.0,5220.800,1.0,2.200,0.0,3475361792.0,1179648.0,12889796608.0,1.52413855744e+11,0.0,0.0,292279091.200,2457.600,13084.800,5224.200,0.286,0.957,96.714,2.019,0.0,0.025,1493165287.192,
0.341,1.142,95.891,2.595,0.0,0.030,331535155.200,0.0,403524.600,347234012.200,0.0,0.0,13631.200,5858.800,1.600,1.200,0.0,3486523392.0,1179648.0,14548905984.0,1.50743584768e+11,0.0,0.0,331508940.800,0.0,13631.0,5858.200,0.341,1.137,95.901,2.590,0.0,0.030,1493165292.192,
0.286,0.882,97.114,1.698,0.0,0.020,276792115.200,2457.600,358142.0,290046259.600,0.0,0.0,11557.600,4910.200,0.600,2.0,0.0,3471273984.0,1187840.0,15931445248.0,1.4937628672e+11,0.0,0.0,276765900.800,2457.600,11552.800,4910.800,0.291,0.887,97.109,1.693,0.0,0.020,1493165297.192,
0.286,0.987,96.603,2.089,0.0,0.035,301044531.200,0.0,395793.800,315527235.800,0.0,0.0,12848.600,5295.800,0.200,1.800,0.0,3471511552.0,1187840.0,17437212672.0,1.47870281728e+11,0.0,0.0,301070745.600,0.0,12848.400,5295.200,0.281,0.987,96.608,2.089,0.0,0.035,1493165302.192,
0.266,0.857,96.939,1.919,0.0,0.020,274805555.200,4096.0,305658.800,283106564.400,0.0,0.0,10598.0,4876.0,0.400,2.400,0.0,3500097536.0,1196032.0,18810077184.0,1.4646882304e+11,0.0,0.0,274831769.600,4096.0,10597.600,4876.0,0.266,0.857,96.929,1.929,0.0,0.020,1493165307.192,
0.291,0.932,96.603,2.149,0.0,0.025,288058572.800,4915.200,396085.400,291554409.400,0.0,0.0,12779.200,5060.0,0.800,1.800,0.0,3553091584.0,1204224.0,20252024832.0,1.44973873152e+11,0.0,0.0,288074137.600,4915.200,12785.800,5060.0,0.291,0.927,96.618,2.140,0.0,0.025,1493165312.192,
0.286,0.962,96.722,1.995,0.0,0.035,294019072.0,0.0,383393.200,316121452.600,0.0,0.0,13043.400,5212.600,0.400,1.600,0.0,3512324096.0,1204224.0,21721997312.0,1.4354466816e+11,0.0,0.0,293924864.0,0.0,13036.800,5212.0,0.286,0.962,96.722,1.995,0.0,0.035,1493165317.192,
0.296,0.942,96.778,1.944,0.0,0.040,288362496.0,2457.600,381139.200,295042713.600,0.0,0.0,12462.600,5065.0,0.600,1.800,0.0,3549904896.0,1212416.0,23162757120.0,1.4206631936e+11,0.0,0.0,288362496.0,2457.600,12471.600,5064.600,0.296,0.947,96.773,1.944,0.0,0.040,1493165322.192,
0.306,0.918,96.835,1.921,0.0,0.020,298973593.600,0.0,404149.0,293174397.400,0.0,0.0,13093.400,5297.400,0.600,2.0,0.0,3648413696.0,1212416.0,24657244160.0,1.4047332352e+11,0.0,0.0,298868736.0,0.0,13088.600,5297.200,0.306,0.918,96.836,1.921,0.0,0.020,1493165327.192,
0.341,1.163,95.764,2.717,0.0,0.015,324159078.400,2457.600,435687.0,347969081.600,0.0,0.0,14117.200,5733.400,0.800,1.200,0.0,3609481216.0,1220608.0,26279170048.0,1.3889032192e+11,0.0,0.0,324290150.400,2457.600,14121.400,5734.800,0.341,1.158,95.769,2.717,0.0,0.015,1493165332.192,
0.311,1.018,96.135,2.502,0.0,0.035,291875225.600,0.0,401377.600,325771965.200,0.0,0.0,13226.200,5249.600,0.0,2.200,0.0,3501817856.0,1220608.0,27738288128.0,1.375388672e+11,0.0,0.0,291875225.600,0.0,13218.0,5248.400,0.311,1.023,96.125,2.507,0.0,0.035,1493165337.192,
0.241,0.782,97.679,1.288,0.0,0.010,235758387.200,3276.800,340319.800,247199036.800,0.0,0.0,10967.200,4201.800,0.200,0.400,0.0,3502358528.0,1228800.0,28917186560.0,1.36359419904e+11,0.0,0.0,235574886.400,3276.800,10972.200,4199.800,0.241,0.782,97.684,1.283,0.0,0.010,1493165342.192,
0.286,0.867,96.912,1.915,0.0,0.020,276053196.800,4915.200,337558.800,286786268.800,0.0,0.0,11289.400,4879.400,0.600,0.600,0.0,3518857216.0,1236992.0,30296293376.0,1.34963806208e+11,0.0,0.0,276262912.0,4915.200,11284.0,4881.200,0.286,0.862,96.912,1.920,0.0,0.020,1493165347.192,
0.281,0.922,96.893,1.864,0.0,0.040,277263974.400,0.0,389943.0,287107621.800,0.0,0.0,12601.400,4885.400,0.800,1.0,0.0,3538042880.0,1236992.0,31682478080.0,1.3355843584e+11,0.0,0.0,277237760.0,0.0,12608.0,4886.600,0.281,0.922,96.898,1.859,0.0,0.040,1493165352.192,
0.321,1.017,96.407,2.215,0.0,0.040,297201664.0,2457.600,384610.600,317206331.600,0.0,0.0,12941.200,5224.400,1.0,1.0,0.0,3502440448.0,1245184.0,33170558976.0,1.32105949184e+11,0.0,0.0,297201664.0,2457.600,12934.800,5223.800,0.321,1.017,96.402,2.220,0.0,0.040,1493165357.192,
0.276,0.857,96.813,2.035,0.0,0.020,267051827.200,0.0,358071.400,274262575.800,0.0,0.0,11783.0,4727.600,0.600,1.600,0.0,3530133504.0,1245184.0,34506813440.0,1.30742001664e+11,0.0,0.0,267119820.800,0.0,11783.600,4726.800,0.281,0.862,96.808,2.030,0.0,0.020,1493165362.192,
0.090,0.225,99.149,0.525,0.0,0.010,75510579.200,2457.600,113356.0,85531392.600,0.0,0.0,3827.0,1487.800,0.0,0.400,0.200,3502329856.0,1253376.0,34882560000.0,1.3039405056e+11,0.0,0.0,75259084.800,2457.600,3825.0,1486.200,0.085,0.225,99.154,0.525,0.0,0.010,1493165367.192,
