"Dstat 0.7.2 CSV output"
"Author:","Dag Wieers <dag@wieers.com>",,,,"URL:","http://dag.wieers.com/home-made/dstat/"
"Host:","client0.skyhook-4osds.skyhook-pg0.wisc.cloudlab.us",,,,"User:","jlefevre"
"Cmdline:","dstat -av --epoch --integer --noheaders --output dstat-client0.log 5",,,,"Date:","25 Apr 2017 14:10:01 CDT"

"total cpu usage",,,,,,"dsk/total",,"net/total",,"paging",,"system",,"procs",,,"memory usage",,,,"paging",,"dsk/total",,"system",,"total cpu usage",,,,,,"epoch"
"usr","sys","idl","wai","hiq","siq","read","writ","recv","send","in","out","int","csw","run","blk","new","used","buff","cach","free","in","out","read","writ","int","csw","usr","sys","idl","wai","hiq","siq","epoch"
0.080,0.020,99.885,0.015,0.0,0.0,0.0,9830.400,46931.600,4596.800,0.0,0.0,1851.200,7486.0,0.0,0.0,0.600,5478690816.0,213528576.0,1.47403395072e+11,15684579328.0,0.0,0.0,0.0,9830.400,1851.400,7486.800,0.075,0.020,99.890,0.015,0.0,0.0,1493154471.201,
0.216,0.623,99.096,0.005,0.0,0.060,0.0,6553.600,72330984.200,56165.200,0.0,0.0,3530.800,8269.0,0.800,0.0,5.800,5645578240.0,213536768.0,1.47403395072e+11,15517683712.0,0.0,0.0,0.0,6553.600,3531.800,8269.800,0.216,0.633,99.081,0.005,0.0,0.065,1493154476.201,
0.844,4.318,94.285,0.126,0.0,0.427,0.0,131891.200,570328651.600,253826.800,0.0,0.0,14016.400,12269.600,2.400,0.0,0.0,5653483520.0,213561344.0,1.47403546624e+11,15509602304.0,0.0,0.0,0.0,131891.200,14016.400,12266.600,0.844,4.313,94.290,0.126,0.0,0.427,1493154481.201,
0.789,4.226,94.472,0.151,0.0,0.362,0.0,143360.0,557309142.600,196350.400,0.0,0.0,12250.600,11150.200,2.0,0.0,0.0,5651382272.0,213577728.0,1.47403771904e+11,15511461888.0,0.0,0.0,0.0,143360.0,12259.200,11160.600,0.794,4.232,94.467,0.151,0.0,0.357,1493154486.201,
0.723,3.838,94.881,0.116,0.0,0.442,0.0,120422.400,522722642.600,157862.800,0.0,0.0,12789.800,10553.600,1.600,0.200,0.0,5656981504.0,213585920.0,1.4740400128e+11,15505625088.0,0.0,0.0,0.0,120422.400,12784.800,10543.400,0.718,3.838,94.886,0.116,0.0,0.442,1493154491.201,
0.849,4.080,94.257,0.397,0.0,0.417,0.0,5572198.400,582149426.600,217043.200,0.0,0.0,12538.600,12024.400,2.200,0.0,0.0,5633404928.0,213610496.0,1.47396472832e+11,15536705536.0,0.0,0.0,0.0,5572198.400,12543.200,12042.800,0.854,4.080,94.252,0.397,0.0,0.417,1493154496.201,
0.759,4.153,94.610,0.131,0.0,0.347,0.0,144998.400,513404803.0,184677.200,0.0,0.0,11710.400,11110.0,1.600,0.0,0.0,5641449472.0,213643264.0,1.47396681728e+11,15528419328.0,0.0,0.0,0.0,144998.400,11702.600,11092.800,0.764,4.148,94.610,0.131,0.0,0.347,1493154501.201,
0.785,3.975,94.727,0.101,0.0,0.413,0.0,167116.800,555377889.600,180955.200,0.0,0.0,11942.600,11005.200,1.600,0.0,0.0,5660954624.0,213671936.0,1.47396882432e+11,15508684800.0,0.0,0.0,0.0,167116.800,11941.0,11006.800,0.775,3.975,94.731,0.101,0.0,0.418,1493154506.201,
0.685,3.937,95.021,0.101,0.0,0.257,0.0,120422.400,482863577.800,176861.400,0.0,0.0,11010.400,10769.0,2.400,0.200,0.0,5635612672.0,213684224.0,1.47397115904e+11,15533780992.0,0.0,0.0,0.0,120422.400,11013.0,10766.200,0.690,3.942,95.016,0.101,0.0,0.252,1493154511.201,
0.825,4.258,94.460,0.096,0.0,0.362,0.0,123699.200,580655142.200,215759.400,0.0,0.0,12523.200,11752.200,2.400,0.0,0.0,5661966336.0,213688320.0,1.47397320704e+11,15507218432.0,0.0,0.0,0.0,123699.200,12522.0,11753.400,0.824,4.253,94.465,0.096,0.0,0.362,1493154516.201,
0.879,4.357,94.182,0.136,0.0,0.447,0.0,157286.400,666479927.0,316820.200,0.0,0.0,14579.200,14915.200,2.800,0.0,0.0,5645971456.0,213712896.0,1.47397558272e+11,15522951168.0,0.0,0.0,0.0,157286.400,14582.600,14920.400,0.879,4.358,94.181,0.136,0.0,0.447,1493154521.201,
0.759,4.181,94.558,0.141,0.0,0.362,0.0,141721.600,556187040.800,250511.0,0.0,0.0,13570.0,12328.400,1.600,0.0,0.0,5655834624.0,213737472.0,1.47397804032e+11,15512817664.0,0.0,0.0,0.0,141721.600,13572.0,12322.0,0.759,4.186,94.553,0.141,0.0,0.362,1493154526.201,
0.754,4.102,94.727,0.080,0.0,0.337,0.0,135168.0,554527665.600,236404.200,0.0,0.0,12519.800,11956.600,2.200,0.200,0.0,5647933440.0,213749760.0,1.4739802112e+11,15520489472.0,0.0,0.0,0.0,135168.0,12514.800,11957.600,0.749,4.097,94.732,0.085,0.0,0.337,1493154531.201,
0.704,3.767,95.101,0.080,0.0,0.347,0.0,122060.800,579886624.0,215763.800,0.0,0.0,12693.200,12078.200,2.0,0.0,0.0,5641805824.0,213757952.0,1.47398238208e+11,15526391808.0,0.0,0.0,0.0,122060.800,12696.600,12088.600,0.704,3.767,95.106,0.075,0.0,0.347,1493154536.201,
0.890,3.902,94.785,0.096,0.0,0.327,0.0,137625.600,656622459.600,380753.400,0.0,0.0,14211.200,16066.800,2.0,0.0,0.0,5667262464.0,213778432.0,1.47398467584e+11,15500685312.0,0.0,0.0,0.0,137625.600,14211.800,16058.200,0.890,3.902,94.785,0.096,0.0,0.327,1493154541.201,
0.831,4.151,94.554,0.121,0.0,0.343,0.0,154009.600,628324202.0,331209.400,0.0,0.0,14663.800,14342.800,2.400,0.0,0.0,5643796480.0,213803008.0,1.47398701056e+11,15523893248.0,0.0,0.0,0.0,154009.600,14658.600,14345.400,0.831,4.151,94.549,0.121,0.0,0.348,1493154546.201,
0.780,4.137,94.660,0.075,0.0,0.347,0.0,140902.400,556138023.0,264791.600,0.0,0.0,12685.800,12775.800,2.400,0.0,0.0,5650579456.0,213823488.0,1.47398934528e+11,15516856320.0,0.0,0.0,0.0,140902.400,12685.200,12774.800,0.785,4.141,94.657,0.075,0.0,0.342,1493154551.201,
0.820,3.925,94.832,0.101,0.0,0.322,0.0,116326.400,591100650.600,309223.200,0.0,0.0,13762.400,13049.400,2.200,0.200,0.0,5645787136.0,213848064.0,1.47399155712e+11,15521402880.0,0.0,0.0,0.0,116326.400,13775.800,13052.800,0.820,3.920,94.836,0.101,0.0,0.322,1493154556.201,
0.996,4.151,94.299,0.166,0.0,0.387,0.0,142540.800,686080601.0,354268.200,0.0,0.0,15940.800,14830.0,2.400,0.0,0.0,5670301696.0,213868544.0,1.4739939328e+11,15496630272.0,0.0,0.0,0.0,142540.800,15927.600,14826.200,0.996,4.146,94.304,0.166,0.0,0.387,1493154561.201,
0.916,3.889,94.738,0.096,0.0,0.362,0.0,162201.600,682871309.800,396074.600,0.0,0.0,15987.0,16324.800,2.200,0.0,0.0,5640224768.0,213884928.0,1.47399643136e+11,15526440960.0,0.0,0.0,0.0,162201.600,15999.0,16339.800,0.911,3.894,94.737,0.096,0.0,0.362,1493154566.201,
0.839,3.894,94.774,0.030,0.0,0.462,0.0,143360.0,632652607.800,321253.600,0.0,0.0,13918.600,14522.400,3.0,0.0,0.0,5674741760.0,213897216.0,1.473998848e+11,15491670016.0,0.0,0.0,0.0,143360.0,13907.400,14506.800,0.844,3.894,94.769,0.030,0.0,0.462,1493154571.201,
0.899,4.437,94.101,0.040,0.0,0.523,0.0,123699.200,647942370.0,338547.600,0.0,0.0,16553.600,13890.600,3.200,0.200,0.0,5639315456.0,213921792.0,1.4740013056e+11,15526825984.0,0.0,0.0,0.0,123699.200,16563.0,13898.200,0.899,4.432,94.106,0.040,0.0,0.523,1493154576.201,
0.809,3.950,94.633,0.090,0.0,0.518,0.0,140083.200,588556145.800,276974.800,0.0,0.0,13691.400,13490.0,1.600,0.0,0.0,5668065280.0,213934080.0,1.47400364032e+11,15497830400.0,0.0,0.0,0.0,140083.200,13686.400,13487.0,0.804,3.950,94.638,0.090,0.0,0.518,1493154581.201,
0.739,3.873,94.950,0.055,0.0,0.382,0.0,134348.800,550591734.600,256549.400,0.0,0.0,12906.600,12297.200,1.800,0.0,0.0,5660147712.0,213938176.0,1.4740058112e+11,15505526784.0,0.0,0.0,0.0,134348.800,12901.200,12290.800,0.744,3.873,94.945,0.055,0.0,0.382,1493154586.201,
0.790,3.577,95.236,0.111,0.0,0.287,0.0,161382.400,561803681.0,259244.600,0.0,0.0,12143.600,13122.400,2.200,0.0,0.0,5655543808.0,213979136.0,1.47400794112e+11,15509876736.0,0.0,0.0,0.0,161382.400,12157.800,13128.600,0.790,3.586,95.227,0.111,0.0,0.287,1493154591.201,
1.097,4.012,94.377,0.126,0.0,0.388,0.0,147456.0,715052339.600,459564.600,0.0,0.0,17171.400,16963.600,1.600,0.0,0.800,5664935936.0,214007808.0,1.4740103168e+11,15500218368.0,0.0,0.0,0.0,147456.0,17165.600,16973.0,1.093,4.003,94.391,0.126,0.0,0.388,1493154596.201,
0.875,3.718,95.029,0.091,0.0,0.287,0.0,126156.800,602133464.400,339764.800,0.0,0.0,13654.200,14701.600,1.800,0.200,0.0,5672857600.0,214020096.0,1.47401289728e+11,15492026368.0,0.0,0.0,0.0,126156.800,13655.200,14703.0,0.881,3.718,95.024,0.091,0.0,0.287,1493154601.201,
0.901,3.731,94.975,0.096,0.0,0.297,0.0,140083.200,638910155.600,417198.800,0.0,0.0,15818.400,16457.600,1.400,0.0,0.200,5675626496.0,214036480.0,1.47401474048e+11,15489056768.0,0.0,0.0,0.0,140083.200,15809.800,16443.400,0.896,3.736,94.975,0.096,0.0,0.297,1493154606.201,
0.946,3.657,94.970,0.070,0.0,0.357,0.0,156467.200,675651888.600,402780.800,0.0,0.0,15525.400,16359.600,2.0,0.0,0.0,5661044736.0,214052864.0,1.4740174848e+11,15503347712.0,0.0,0.0,0.0,156467.200,15538.400,16369.0,0.951,3.652,94.970,0.070,0.0,0.357,1493154611.201,
0.936,4.177,94.353,0.086,0.0,0.448,0.0,134348.800,654222358.200,376470.200,0.0,0.0,15578.0,15035.800,2.800,0.0,0.0,5655068672.0,214065152.0,1.4740199424e+11,15509065728.0,0.0,0.0,0.0,134348.800,15565.0,15024.0,0.931,4.192,94.344,0.086,0.0,0.448,1493154616.201,
0.765,3.899,94.904,0.075,0.0,0.357,0.0,113868.800,537069604.600,220283.800,0.0,0.0,11938.0,11645.800,2.0,0.200,0.0,5691523072.0,214106112.0,1.47402227712e+11,15472336896.0,0.0,0.0,0.0,113868.800,11944.800,11655.400,0.765,3.889,94.913,0.075,0.0,0.357,1493154621.201,
0.844,3.692,94.947,0.050,0.0,0.467,0.0,126976.0,624979443.800,352910.0,0.0,0.0,14284.800,15501.200,2.0,0.0,0.0,5662113792.0,214110208.0,1.474024448e+11,15501524992.0,0.0,0.0,0.0,126976.0,14293.800,15502.600,0.849,3.691,94.942,0.050,0.0,0.467,1493154626.201,
0.806,3.842,94.984,0.050,0.0,0.317,0.0,132710.400,568966101.600,300805.200,0.0,0.0,14295.800,13400.800,3.200,0.0,0.0,5671698432.0,214122496.0,1.47402678272e+11,15491694592.0,0.0,0.0,0.0,132710.400,14279.800,13387.400,0.801,3.847,94.984,0.050,0.0,0.317,1493154631.201,
0.932,3.900,94.745,0.086,0.0,0.338,0.0,153190.400,638458495.400,366342.600,0.0,0.0,15202.400,14970.600,2.0,0.0,0.0,5680660480.0,214122496.0,1.47402924032e+11,15482486784.0,0.0,0.0,0.0,153190.400,15202.600,14974.400,0.937,3.890,94.750,0.086,0.0,0.338,1493154636.201,
0.905,4.052,94.540,0.080,0.0,0.422,0.0,131072.0,606606127.800,340351.200,0.0,0.0,14285.600,14217.800,1.400,0.0,0.0,5658836992.0,214155264.0,1.47403153408e+11,15504048128.0,0.0,0.0,0.0,131072.0,14302.800,14222.600,0.900,4.058,94.540,0.080,0.0,0.422,1493154641.201,
0.911,4.128,94.498,0.055,0.0,0.408,0.0,122880.0,609647130.800,346672.400,0.0,0.0,15337.0,13869.800,2.600,0.200,0.0,5666328576.0,214171648.0,1.47403382784e+11,15496310784.0,0.0,0.0,0.0,122880.0,15321.800,13862.600,0.911,4.128,94.497,0.055,0.0,0.408,1493154646.201,
0.977,3.829,94.746,0.086,0.0,0.363,0.0,133529.600,636429525.0,442410.400,0.0,0.0,16245.200,16754.200,2.0,0.0,0.0,5662982144.0,214188032.0,1.47403599872e+11,15499423744.0,0.0,0.0,0.0,133529.600,16254.400,16763.0,0.977,3.828,94.746,0.086,0.0,0.363,1493154651.201,
0.908,3.923,94.650,0.126,0.0,0.393,0.0,159744.0,584728685.600,309031.600,0.0,0.0,14627.0,13357.400,2.200,0.0,0.0,5668257792.0,214200320.0,1.47403874304e+11,15493861376.0,0.0,0.0,0.0,159744.0,14618.0,13351.200,0.907,3.927,94.646,0.126,0.0,0.393,1493154656.201,
1.023,4.257,94.322,0.071,0.0,0.327,0.0,128614.400,698989666.400,499364.800,0.0,0.0,18646.800,17768.600,3.0,0.0,0.0,5669240832.0,214216704.0,1.47404099584e+11,15492636672.0,0.0,0.0,0.0,128614.400,18650.200,17768.800,1.028,4.253,94.321,0.071,0.0,0.328,1493154661.201,
0.890,3.525,95.102,0.101,0.0,0.382,0.0,115507.200,650229989.400,387093.0,0.0,0.0,15340.400,15498.0,2.800,0.0,0.0,5667741696.0,214265856.0,1.47404345344e+11,15493840896.0,0.0,0.0,0.0,115507.200,15336.200,15496.200,0.885,3.525,95.107,0.101,0.0,0.382,1493154666.201,
1.018,3.930,94.669,0.071,0.0,0.312,0.0,134348.800,693537798.600,501752.200,0.0,0.0,18149.800,18077.400,2.800,0.0,0.0,5650788352.0,214286336.0,1.47404599296e+11,15510519808.0,0.0,0.0,0.0,134348.800,18153.400,18082.400,1.023,3.929,94.665,0.071,0.0,0.312,1493154671.201,
0.887,3.940,94.856,0.055,0.0,0.262,0.0,157286.400,594283797.400,327801.400,0.0,0.0,14329.800,13918.200,1.800,0.0,0.0,5678022656.0,214310912.0,1.4740484096e+11,15483019264.0,0.0,0.0,0.0,157286.400,14325.200,13914.0,0.887,3.941,94.855,0.055,0.0,0.262,1493154676.201,
1.012,3.891,94.680,0.035,0.0,0.383,0.0,143360.0,703929201.600,452986.0,0.0,0.0,16312.0,17766.600,3.200,0.0,0.0,5657763840.0,214335488.0,1.47405058048e+11,15503036416.0,0.0,0.0,0.0,143360.0,16318.0,17769.200,1.012,3.891,94.675,0.035,0.0,0.388,1493154681.201,
1.072,3.844,94.641,0.050,0.0,0.392,0.0,138444.800,747862462.200,444487.400,0.0,0.0,16605.800,18154.800,2.400,0.200,0.200,5670486016.0,214360064.0,1.47405316096e+11,15490031616.0,0.0,0.0,0.0,138444.800,16603.0,18155.400,1.072,3.849,94.647,0.045,0.0,0.387,1493154686.201,
0.956,3.851,94.765,0.040,0.0,0.388,0.0,113868.800,651140734.600,384341.800,0.0,0.0,14681.200,15528.400,3.0,0.0,0.0,5674438656.0,214372352.0,1.4740555776e+11,15485825024.0,0.0,0.0,0.0,113868.800,14686.0,15526.800,0.961,3.846,94.760,0.045,0.0,0.388,1493154691.201,
0.856,3.761,94.991,0.045,0.0,0.347,0.0,135168.0,584661642.800,308252.200,0.0,0.0,13344.0,13786.200,2.0,0.0,0.0,5669572608.0,214417408.0,1.47405799424e+11,15490404352.0,0.0,0.0,0.0,135168.0,13339.400,13787.400,0.846,3.766,94.996,0.045,0.0,0.347,1493154696.201,
1.003,4.164,94.097,0.433,0.0,0.302,0.0,6095667.200,671823428.600,415515.600,0.0,0.0,16451.0,16823.0,2.0,0.200,0.0,5647196160.0,214474752.0,1.47396542464e+11,15521980416.0,0.0,0.0,0.0,6095667.200,16454.600,16826.400,1.003,4.158,94.103,0.433,0.0,0.302,1493154701.201,
0.851,3.457,95.269,0.121,0.0,0.302,0.0,131072.0,588598594.800,345624.200,0.0,0.0,13625.200,15033.400,1.200,0.200,0.0,5661208576.0,214482944.0,1.47396767744e+11,15507734528.0,0.0,0.0,0.0,131891.200,13627.800,15045.400,0.856,3.457,95.259,0.126,0.0,0.302,1493154706.201,
0.875,3.587,95.039,0.101,0.0,0.397,0.0,113049.600,603009927.0,334423.200,0.0,0.0,13245.400,14980.0,2.0,0.0,0.0,5648207872.0,214495232.0,1.47397001216e+11,15520489472.0,0.0,0.0,0.0,112230.400,13242.200,14970.600,0.870,3.593,95.044,0.096,0.0,0.398,1493154711.201,
0.826,3.290,95.516,0.121,0.0,0.247,0.0,174489.600,622278403.200,484979.600,0.0,0.0,14999.0,19176.200,1.800,0.0,0.0,5665562624.0,214503424.0,1.47397218304e+11,15502909440.0,0.0,0.0,0.0,174489.600,14995.200,19171.400,0.826,3.285,95.521,0.121,0.0,0.247,1493154716.201,
