"Dstat 0.7.2 CSV output"
"Author:","Dag Wieers <dag@wieers.com>",,,,"URL:","http://dag.wieers.com/home-made/dstat/"
"Host:","client0.skyhook-4osds.skyhook-pg0.wisc.cloudlab.us",,,,"User:","jlefevre"
"Cmdline:","dstat -av --epoch --integer --noheaders --output dstat-client0.log 5",,,,"Date:","25 Apr 2017 14:10:01 CDT"

"total cpu usage",,,,,,"dsk/total",,"net/total",,"paging",,"system",,"procs",,,"memory usage",,,,"paging",,"dsk/total",,"system",,"total cpu usage",,,,,,"epoch"
"usr","sys","idl","wai","hiq","siq","read","writ","recv","send","in","out","int","csw","run","blk","new","used","buff","cach","free","in","out","read","writ","int","csw","usr","sys","idl","wai","hiq","siq","epoch"
0.146,0.030,99.804,0.020,0.0,0.0,0.0,27033.600,50968.400,8489.200,0.0,0.0,1897.400,7519.800,0.200,0.0,1.400,5473697792.0,212103168.0,1.47397255168e+11,15697137664.0,0.0,0.0,0.0,27033.600,1897.600,7520.200,0.141,0.030,99.809,0.020,0.0,0.0,1493154096.201,
0.251,0.241,99.362,0.035,0.0,0.111,0.0,55705.600,96796526.400,88812.800,0.0,0.0,3918.200,9381.800,0.200,0.0,5.600,5516369920.0,212115456.0,1.4739730432e+11,15654404096.0,0.0,0.0,0.0,55705.600,3918.200,9383.0,0.251,0.246,99.357,0.035,0.0,0.110,1493154101.201,
0.487,0.321,98.955,0.050,0.0,0.186,0.0,167936.0,176567866.400,146767.0,0.0,0.0,5459.200,10492.800,0.200,0.0,0.600,5519474688.0,212140032.0,1.47397586944e+11,15650992128.0,0.0,0.0,0.0,167936.0,5462.600,10492.0,0.487,0.316,98.960,0.050,0.0,0.186,1493154106.201,
0.422,0.362,98.974,0.080,0.0,0.161,0.0,171212.800,186445331.0,167538.600,0.0,0.0,7139.0,10801.600,0.0,0.0,0.0,5524779008.0,212152320.0,1.4739791872e+11,15645343744.0,0.0,0.0,0.0,171212.800,7135.600,10803.600,0.422,0.367,98.969,0.080,0.0,0.161,1493154111.201,
0.387,0.397,98.920,0.111,0.0,0.186,0.0,144179.200,180128281.600,160965.800,0.0,0.0,5821.800,10705.400,0.600,0.200,0.400,5525626880.0,212156416.0,1.47398270976e+11,15644139520.0,0.0,0.0,0.0,144179.200,5821.800,10708.600,0.387,0.392,98.925,0.111,0.0,0.186,1493154116.201,
0.467,0.296,98.895,0.151,0.0,0.191,0.0,176947.200,171955219.600,147084.200,0.0,0.0,5317.400,10472.0,0.600,0.0,0.400,5519220736.0,212185088.0,1.47398598656e+11,15650189312.0,0.0,0.0,0.0,176947.200,5317.400,10468.200,0.467,0.296,98.895,0.151,0.0,0.191,1493154121.201,
0.362,0.322,99.010,0.070,0.0,0.236,0.0,164659.200,177024573.400,150458.200,0.0,0.0,5611.0,10607.800,0.200,0.0,0.0,5519863808.0,212197376.0,1.47398950912e+11,15649181696.0,0.0,0.0,0.0,164659.200,5616.600,10608.600,0.372,0.322,99.000,0.070,0.0,0.236,1493154126.201,
0.412,0.327,98.989,0.111,0.0,0.161,0.0,149913.600,188334758.800,151375.400,0.0,0.0,5714.0,10596.400,0.600,0.200,0.400,5519724544.0,212230144.0,1.47399282688e+11,15648956416.0,0.0,0.0,0.0,150732.800,5708.200,10594.600,0.402,0.332,98.989,0.116,0.0,0.161,1493154131.201,
0.392,0.357,98.975,0.085,0.0,0.191,0.0,145817.600,188968662.800,153327.200,0.0,0.0,5798.200,10576.200,0.400,0.0,0.0,5519241216.0,212238336.0,1.4739961856e+11,15649095680.0,0.0,0.0,0.0,144998.400,5798.400,10579.400,0.397,0.352,98.980,0.080,0.0,0.191,1493154136.201,
0.402,0.261,98.995,0.131,0.0,0.211,0.0,190873.600,183375312.400,159766.600,0.0,0.0,5628.0,10869.0,1.200,0.0,0.400,5520896000.0,212262912.0,1.47399958528e+11,15647076352.0,0.0,0.0,0.0,190873.600,5628.400,10870.200,0.397,0.261,98.999,0.131,0.0,0.211,1493154141.201,
0.412,0.362,98.960,0.075,0.0,0.191,0.0,163840.0,193144930.200,167936.0,0.0,0.0,6318.600,10839.0,1.600,0.0,0.400,5519560704.0,212279296.0,1.47400298496e+11,15648055296.0,0.0,0.0,0.0,163840.0,6323.400,10843.400,0.417,0.362,98.955,0.075,0.0,0.191,1493154146.201,
0.462,0.286,98.975,0.040,0.0,0.236,0.0,141721.600,200346185.0,168087.200,0.0,0.0,5731.200,11017.0,1.0,0.200,0.0,5521805312.0,212295680.0,1.47400646656e+11,15645446144.0,0.0,0.0,0.0,141721.600,5726.400,11010.800,0.462,0.291,98.970,0.040,0.0,0.236,1493154151.201,
0.492,0.332,98.870,0.080,0.0,0.226,0.0,162201.600,201827007.0,182410.800,0.0,0.0,6292.0,11191.800,0.400,0.0,0.400,5518307328.0,212295680.0,1.47400994816e+11,15648595968.0,0.0,0.0,0.0,162201.600,6291.400,11188.800,0.487,0.327,98.880,0.080,0.0,0.226,1493154156.201,
0.422,0.312,98.934,0.141,0.0,0.191,0.0,183500.800,194290322.800,162623.200,0.0,0.0,6010.800,11019.400,0.600,0.0,0.0,5518520320.0,212324352.0,1.47401347072e+11,15648002048.0,0.0,0.0,0.0,183500.800,6010.800,11018.200,0.427,0.312,98.929,0.141,0.0,0.191,1493154161.201,
0.417,0.342,98.990,0.050,0.0,0.201,0.0,172032.0,195507744.600,165053.0,0.0,0.0,5686.0,10977.800,0.200,0.0,0.400,5518143488.0,212332544.0,1.47401682944e+11,15648034816.0,0.0,0.0,0.0,172032.0,5686.200,10981.200,0.417,0.342,98.990,0.050,0.0,0.201,1493154166.201,
0.447,0.322,99.025,0.010,0.0,0.196,0.0,143360.0,194662230.200,175380.0,0.0,0.0,6083.400,10986.600,0.200,0.200,0.400,5520830464.0,212344832.0,1.47402043392e+11,15644975104.0,0.0,0.0,0.0,143360.0,6087.0,10986.0,0.442,0.322,99.030,0.010,0.0,0.196,1493154171.201,
0.437,0.317,99.050,0.030,0.0,0.166,0.0,180224.0,181156780.0,152823.400,0.0,0.0,5454.200,10832.200,0.400,0.0,0.0,5518618624.0,212344832.0,1.47402416128e+11,15646814208.0,0.0,0.0,0.0,180224.0,5452.800,10840.800,0.442,0.317,99.045,0.030,0.0,0.166,1493154176.201,
0.105,0.100,99.749,0.010,0.0,0.035,0.0,167116.800,38548180.600,29159.800,0.0,0.0,2573.600,8029.600,0.400,0.0,1.400,5478133760.0,212357120.0,1.47402719232e+11,15686983680.0,0.0,0.0,0.0,167116.800,2571.200,8017.800,0.105,0.100,99.749,0.010,0.0,0.035,1493154181.201,
