"Dstat 0.7.2 CSV output"
"Author:","Dag Wieers <dag@wieers.com>",,,,"URL:","http://dag.wieers.com/home-made/dstat/"
"Host:","osd1.skyhook-4osds.skyhook-pg0.wisc.cloudlab.us",,,,"User:","jlefevre"
"Cmdline:","dstat -av --epoch --integer --noheaders --output dstat-osd1.log 5",,,,"Date:","25 Apr 2017 14:10:17 CDT"

"total cpu usage",,,,,,"dsk/total",,"net/total",,"paging",,"system",,"procs",,,"memory usage",,,,"paging",,"dsk/total",,"system",,"total cpu usage",,,,,,"epoch"
"usr","sys","idl","wai","hiq","siq","read","writ","recv","send","in","out","int","csw","run","blk","new","used","buff","cach","free","in","out","read","writ","int","csw","usr","sys","idl","wai","hiq","siq","epoch"
0.150,1.096,98.514,0.240,0.0,0.0,1424588.800,20480.0,5515.0,15594.200,0.0,0.0,818.0,957.600,0.400,0.200,13.400,3429888000.0,1318912.0,162050048.0,1.65186936832e+11,0.0,0.0,1424588.800,20480.0,818.0,957.600,0.150,1.096,98.514,0.240,0.0,0.0,1493163257.192,
0.010,0.005,99.985,0.0,0.0,0.0,0.0,3276.800,2682.400,12891.800,0.0,0.0,144.200,148.800,0.0,0.0,0.0,3428540416.0,1327104.0,162050048.0,1.65188276224e+11,0.0,0.0,0.0,3276.800,144.200,148.800,0.010,0.010,99.980,0.0,0.0,0.0,1493163262.192,
0.170,0.585,98.369,0.855,0.0,0.020,150482944.0,2457.600,80485.200,156618981.600,0.0,0.0,3776.800,2833.200,0.400,1.200,0.0,3423580160.0,1335296.0,914939904.0,1.64440338432e+11,0.0,0.0,150666444.800,2457.600,3778.0,2835.600,0.170,0.580,98.374,0.856,0.0,0.020,1493163267.192,
0.090,0.315,99.239,0.340,0.0,0.015,106183065.600,0.0,46290.0,106598465.0,0.0,0.0,2345.600,1944.200,0.400,0.400,0.0,3449667584.0,1335296.0,1444757504.0,1.63884433408e+11,0.0,0.0,105999564.800,0.0,2344.800,1942.0,0.090,0.315,99.239,0.340,0.0,0.015,1493163272.192,
0.105,0.275,99.269,0.335,0.0,0.015,98717696.0,2457.600,45583.400,108267988.800,0.0,0.0,2368.200,1868.400,0.200,0.200,0.0,3416190976.0,1343488.0,1938747392.0,1.63423911936e+11,0.0,0.0,98717696.0,2457.600,2368.600,1868.200,0.105,0.275,99.269,0.335,0.0,0.015,1493163277.192,
0.130,0.330,99.184,0.350,0.0,0.005,115640729.600,0.0,76796.600,117878355.200,0.0,0.0,2750.0,2124.800,0.0,0.0,0.0,3446112256.0,1343488.0,2516144128.0,1.6281659392e+11,0.0,0.0,115640729.600,0.0,2750.0,2124.800,0.130,0.330,99.184,0.350,0.0,0.005,1493163282.192,
0.170,0.591,98.393,0.836,0.0,0.010,180516454.400,3276.800,100037.600,182005478.400,0.0,0.0,4018.0,3248.600,0.0,0.200,0.0,3477417984.0,1351680.0,3418021888.0,1.6188340224e+11,0.0,0.0,180516454.400,3276.800,4017.600,3248.600,0.170,0.591,98.393,0.836,0.0,0.010,1493163287.192,
0.110,0.400,99.104,0.375,0.0,0.010,118461235.200,819.200,85144.200,134248792.200,0.0,0.0,3051.800,2218.600,0.0,0.0,0.0,3415654400.0,1351680.0,4010704896.0,1.61352482816e+11,0.0,0.0,118461235.200,819.200,3051.400,2218.600,0.110,0.400,99.104,0.375,0.0,0.010,1493163292.192,
0.105,0.370,99.064,0.455,0.0,0.005,119981670.400,3276.800,60758.0,122598332.400,0.0,0.0,2686.400,2217.800,0.400,0.400,0.0,3444293632.0,1359872.0,4611768320.0,1.60722771968e+11,0.0,0.0,120138956.800,3276.800,2687.800,2219.0,0.105,0.370,99.064,0.455,0.0,0.005,1493163297.192,
0.125,0.410,99.009,0.445,0.0,0.010,131043328.0,0.0,91458.800,139896705.0,0.0,0.0,3127.800,2387.800,0.0,0.400,0.0,3417944064.0,1359872.0,5266161664.0,1.60094728192e+11,0.0,0.0,130886041.600,0.0,3126.400,2386.600,0.125,0.415,99.004,0.445,0.0,0.010,1493163302.192,
0.160,0.531,98.568,0.726,0.0,0.015,172050841.600,2457.600,101020.0,176477782.0,0.0,0.0,3937.800,3137.400,0.200,1.200,0.0,3436781568.0,1368064.0,6127177728.0,1.59214866432e+11,0.0,0.0,172050841.600,2457.600,3942.0,3137.800,0.160,0.526,98.573,0.726,0.0,0.015,1493163307.192,
0.110,0.330,99.219,0.330,0.0,0.010,113475584.0,0.0,66696.400,121421921.400,0.0,0.0,2740.400,2149.800,0.400,0.400,0.0,3426562048.0,1368064.0,6694137856.0,1.58658125824e+11,0.0,0.0,113659084.800,0.0,2737.600,2152.200,0.110,0.330,99.219,0.330,0.0,0.010,1493163312.192,
0.140,0.465,98.949,0.425,0.0,0.020,146010931.200,2457.600,87501.600,150479904.200,0.0,0.0,3381.600,2670.0,0.0,0.800,0.0,3440115712.0,1376256.0,7424253952.0,1.57914447872e+11,0.0,0.0,145827430.400,2457.600,3382.400,2667.400,0.140,0.465,98.949,0.425,0.0,0.020,1493163317.192,
0.080,0.310,99.355,0.245,0.0,0.010,98717696.0,0.0,63721.200,106097425.400,0.0,0.0,2379.800,1851.0,0.200,0.0,0.0,3424174080.0,1376256.0,7918399488.0,1.57436243968e+11,0.0,0.0,98717696.0,0.0,2377.600,1850.800,0.080,0.315,99.350,0.245,0.0,0.010,1493163322.192,
0.115,0.365,99.159,0.350,0.0,0.010,115440844.800,4096.0,50417.600,117960531.200,0.0,0.0,2627.200,2176.0,0.200,0.200,0.200,3438456832.0,1384448.0,8496164864.0,1.56844187648e+11,0.0,0.0,115624345.600,4096.0,2628.600,2177.800,0.115,0.365,99.159,0.350,0.0,0.010,1493163327.192,
0.115,0.410,99.069,0.400,0.0,0.005,118686515.200,4915.200,66022.400,125452541.400,0.0,0.0,2788.400,2211.0,0.200,0.800,0.0,3443961856.0,1392640.0,9088507904.0,1.56246331392e+11,0.0,0.0,118503014.400,4915.200,2787.0,2209.200,0.115,0.410,99.069,0.400,0.0,0.005,1493163332.192,
0.140,0.475,98.889,0.475,0.0,0.020,148108083.200,2457.600,89015.400,154767675.200,0.0,0.0,3441.600,2702.0,0.200,0.200,0.0,3436412928.0,1392640.0,9829679104.0,1.5551270912e+11,0.0,0.0,148291584.0,2457.600,3442.800,2704.400,0.140,0.470,98.894,0.475,0.0,0.020,1493163337.192,
0.150,0.460,98.954,0.425,0.0,0.010,145224499.200,2457.600,93043.800,150677542.600,0.0,0.0,3389.0,2649.600,0.600,0.0,0.0,3447742464.0,1400832.0,10554810368.0,1.54776240128e+11,0.0,0.0,145040998.400,2457.600,3390.200,2647.200,0.150,0.465,98.949,0.425,0.0,0.010,1493163342.192,
0.140,0.460,98.904,0.480,0.0,0.015,141025280.0,0.0,93638.0,149007988.800,0.0,0.0,3411.200,2609.200,0.0,0.800,0.0,3448446976.0,1400832.0,11260289024.0,1.5407005696e+11,0.0,0.0,141025280.0,0.0,3408.800,2609.200,0.140,0.455,98.909,0.480,0.0,0.015,1493163347.192,
0.120,0.360,99.104,0.410,0.0,0.005,121281740.800,2457.600,67069.800,125461345.0,0.0,0.0,2808.0,2228.200,0.200,0.600,0.0,3449307136.0,1409024.0,11867467776.0,1.53462009856e+11,0.0,0.0,121281740.800,2457.600,2808.400,2228.200,0.120,0.365,99.099,0.410,0.0,0.005,1493163352.192,
0.150,0.481,98.743,0.616,0.0,0.010,157948313.600,0.0,89452.400,167627010.200,0.0,0.0,3711.200,2861.200,0.600,0.600,0.0,3434536960.0,1409024.0,12656943104.0,1.52687304704e+11,0.0,0.0,157948313.600,0.0,3710.800,2861.200,0.150,0.481,98.743,0.616,0.0,0.010,1493163357.192,
0.170,0.565,98.659,0.600,0.0,0.005,160768819.200,3276.800,110562.0,166432061.800,0.0,0.0,3790.800,2949.0,0.400,0.800,0.0,3454418944.0,1417216.0,13459595264.0,1.51864762368e+11,0.0,0.0,160768819.200,3276.800,3790.800,2949.0,0.170,0.560,98.664,0.600,0.0,0.005,1493163362.192,
0.145,0.570,98.749,0.520,0.0,0.015,163589324.800,2457.600,95589.0,168794817.400,0.0,0.0,3754.600,2991.800,0.200,0.400,0.0,3469266944.0,1425408.0,14278094848.0,1.51031406592e+11,0.0,0.0,163589324.800,2457.600,3756.400,2991.800,0.145,0.570,98.749,0.520,0.0,0.015,1493163367.192,
0.135,0.456,98.778,0.626,0.0,0.005,146666291.200,0.0,96351.400,156372420.800,0.0,0.0,3594.600,2694.400,0.200,0.200,0.0,3458969600.0,1425408.0,15010807808.0,1.50308990976e+11,0.0,0.0,146666291.200,0.0,3593.200,2694.400,0.135,0.461,98.774,0.626,0.0,0.005,1493163372.192,
0.130,0.500,98.799,0.555,0.0,0.015,150991667.200,2457.600,101086.200,154277963.800,0.0,0.0,3679.0,2771.800,0.400,0.400,0.0,3463974912.0,1433600.0,15766536192.0,1.49548249088e+11,0.0,0.0,151164518.400,2457.600,3680.200,2773.0,0.130,0.500,98.794,0.561,0.0,0.015,1493163377.192,
0.160,0.540,98.714,0.565,0.0,0.020,162084454.400,0.0,122646.0,171905205.200,0.0,0.0,3995.0,2917.200,0.200,0.400,0.0,3461545984.0,1433600.0,16575856640.0,1.48741357568e+11,0.0,0.0,161911603.200,0.0,3993.400,2916.0,0.160,0.540,98.719,0.560,0.0,0.020,1493163382.192,
0.160,0.475,98.834,0.521,0.0,0.010,152315494.400,2457.600,95359.0,154995798.0,0.0,0.0,3754.400,2815.200,0.200,0.200,0.200,3480727552.0,1441792.0,17337999360.0,1.47960025088e+11,0.0,0.0,152315494.400,2457.600,3760.0,2815.400,0.160,0.471,98.839,0.521,0.0,0.010,1493163387.192,
0.170,0.586,98.528,0.706,0.0,0.010,174871347.200,3276.800,128319.800,185072653.800,0.0,0.0,4184.0,3150.800,0.400,0.0,0.0,3482030080.0,1449984.0,18212556800.0,1.47084156928e+11,0.0,0.0,174871347.200,3276.800,4181.0,3150.800,0.170,0.586,98.529,0.706,0.0,0.010,1493163392.192,
0.095,0.320,99.255,0.320,0.0,0.010,98717696.0,4096.0,61024.0,107369553.200,0.0,0.0,2417.600,1841.0,0.200,0.200,0.0,3452121088.0,1458176.0,18706780160.0,1.46619834368e+11,0.0,0.0,98717696.0,4096.0,2415.0,1840.800,0.095,0.320,99.255,0.320,0.0,0.010,1493163397.192,
0.140,0.405,99.024,0.415,0.0,0.015,135384268.800,4915.200,93570.0,140734959.0,0.0,0.0,3335.200,2466.600,0.600,0.600,0.0,3470749696.0,1466368.0,19384856576.0,1.45923121152e+11,0.0,0.0,135541555.200,4915.200,3336.600,2468.400,0.140,0.410,99.019,0.415,0.0,0.015,1493163402.192,
0.170,0.576,98.604,0.641,0.0,0.010,168690483.200,2457.600,131959.600,174818094.200,0.0,0.0,4175.400,3066.200,0.200,0.600,0.0,3468505088.0,1466368.0,20227715072.0,1.45082507264e+11,0.0,0.0,168716697.600,2457.600,4175.800,3067.400,0.170,0.571,98.604,0.646,0.0,0.010,1493163407.192,
0.145,0.481,98.964,0.400,0.0,0.010,147206144.0,2457.600,105432.200,156288269.200,0.0,0.0,3625.200,2703.600,0.600,0.400,0.0,3457728512.0,1474560.0,20963098624.0,1.44357892096e+11,0.0,0.0,147022643.200,2457.600,3636.200,2700.600,0.150,0.480,98.964,0.395,0.0,0.010,1493163412.192,
0.150,0.496,98.899,0.451,0.0,0.005,156412313.600,0.0,102453.600,162224540.200,0.0,0.0,3839.200,2855.800,0.400,0.0,0.0,3468181504.0,1474560.0,21745303552.0,1.43565234176e+11,0.0,0.0,156543385.600,0.0,3827.400,2857.0,0.145,0.501,98.899,0.451,0.0,0.005,1493163417.192,
0.120,0.365,99.154,0.350,0.0,0.010,122817740.800,2457.600,79165.200,126082903.600,0.0,0.0,2911.200,2272.800,0.200,0.0,0.0,3491520512.0,1482752.0,22358130688.0,1.4292905984e+11,0.0,0.0,122686668.800,2457.600,2910.200,2271.600,0.120,0.365,99.154,0.350,0.0,0.010,1493163422.192,
0.165,0.501,98.828,0.501,0.0,0.005,163589324.800,819.200,117524.800,174762751.0,0.0,0.0,3991.600,2998.0,0.400,1.0,0.0,3462426624.0,1482752.0,23176499200.0,1.42139785216e+11,0.0,0.0,163589324.800,819.200,3991.600,2998.0,0.165,0.496,98.833,0.501,0.0,0.005,1493163427.192,
0.130,0.461,98.999,0.405,0.0,0.005,138204774.400,3276.800,101367.0,144549440.400,0.0,0.0,3428.600,2557.200,0.600,0.0,0.0,3464142848.0,1490944.0,23868207104.0,1.41446352896e+11,0.0,0.0,138204774.400,3276.800,3428.600,2557.200,0.130,0.461,98.999,0.405,0.0,0.005,1493163432.192,
0.165,0.501,98.733,0.581,0.0,0.020,163589324.800,2457.600,115794.600,168042195.200,0.0,0.0,3947.800,2952.0,0.600,0.400,0.0,3480838144.0,1499136.0,24685674496.0,1.40612182016e+11,0.0,0.0,163589324.800,2457.600,3951.200,2952.400,0.165,0.506,98.728,0.581,0.0,0.020,1493163437.192,
0.170,0.565,98.404,0.846,0.0,0.015,163589324.800,0.0,105376.800,167467922.200,0.0,0.0,3830.400,2960.0,0.200,0.200,0.0,3512713216.0,1499136.0,25503195136.0,1.39762786304e+11,0.0,0.0,163589324.800,0.0,3827.0,2959.600,0.170,0.565,98.404,0.846,0.0,0.015,1493163442.192,
0.160,0.585,98.429,0.811,0.0,0.015,163547545.600,2457.600,105152.400,174676495.200,0.0,0.0,3823.400,3005.800,0.800,0.0,0.0,3481772032.0,1507328.0,26321924096.0,1.38974990336e+11,0.0,0.0,163589324.800,2457.600,3823.800,3005.800,0.160,0.581,98.434,0.811,0.0,0.015,1493163447.192,
0.230,0.711,98.218,0.816,0.0,0.025,211579699.200,0.0,150630.200,220824009.400,0.0,0.0,4975.400,3813.200,0.400,0.800,0.0,3487694848.0,1507328.0,27379507200.0,1.37911484416e+11,0.0,0.0,211537920.0,0.0,4978.200,3813.200,0.230,0.711,98.218,0.816,0.0,0.025,1493163452.192,
0.090,0.275,99.360,0.270,0.0,0.005,90256179.200,2457.600,56060.0,95037369.800,0.0,0.0,2203.200,1686.200,0.0,0.400,0.0,3489226752.0,1515520.0,27830767616.0,1.37458683904e+11,0.0,0.0,90256179.200,2457.600,2200.200,1686.200,0.090,0.280,99.355,0.270,0.0,0.005,1493163457.192,
0.140,0.405,98.914,0.536,0.0,0.005,130293760.0,0.0,85101.400,137671264.0,0.0,0.0,3218.200,2404.400,0.0,0.800,0.0,3492765696.0,1515520.0,28482994176.0,1.368029184e+11,0.0,0.0,130555904.0,0.0,3219.800,2407.800,0.140,0.400,98.919,0.536,0.0,0.005,1493163462.192,
0.125,0.470,98.769,0.631,0.0,0.005,140474777.600,4096.0,112155.600,138854747.800,0.0,0.0,3444.200,2597.400,0.0,0.800,0.0,3519086592.0,1523712.0,29184765952.0,1.36074817536e+11,0.0,0.0,140212633.600,4096.0,3445.800,2594.400,0.125,0.470,98.769,0.631,0.0,0.005,1493163467.192,
0.175,0.550,98.594,0.661,0.0,0.020,159363891.200,4915.200,125331.400,173377624.600,0.0,0.0,4117.800,2921.200,0.200,0.800,0.0,3502567424.0,1531904.0,29981151232.0,1.35294943232e+11,0.0,0.0,159547392.0,4915.200,4116.600,2923.200,0.175,0.550,98.594,0.661,0.0,0.020,1493163472.192,
0.135,0.375,99.099,0.370,0.0,0.020,125507174.400,2457.600,75961.800,127307182.0,0.0,0.0,2963.200,2296.0,0.0,0.600,0.0,3510128640.0,1531904.0,30607941632.0,1.34660591616e+11,0.0,0.0,125323673.600,2457.600,2961.400,2293.600,0.135,0.380,99.094,0.370,0.0,0.020,1493163477.192,
0.135,0.446,98.944,0.461,0.0,0.015,136563916.800,2457.600,83604.400,144429372.600,0.0,0.0,3644.800,2521.800,0.200,0.400,0.0,3517661184.0,1540096.0,31291916288.0,1.33969076224e+11,0.0,0.0,136773632.0,2457.600,3650.800,2524.400,0.135,0.446,98.939,0.466,0.0,0.015,1493163482.192,
0.140,0.525,98.829,0.500,0.0,0.005,142666137.600,0.0,83426.0,151590905.400,0.0,0.0,3899.200,2612.800,0.0,0.0,0.0,3500232704.0,1540096.0,32004837376.0,1.33273583616e+11,0.0,0.0,142456422.400,0.0,3894.800,2610.200,0.140,0.525,98.834,0.495,0.0,0.005,1493163487.192,
0.185,0.631,98.127,1.042,0.0,0.015,194614886.400,2457.600,137166.800,203445574.200,0.0,0.0,5538.0,3514.200,0.0,0.400,0.0,3500277760.0,1548288.0,32978702336.0,1.32299665408e+11,0.0,0.0,194614886.400,2457.600,5536.0,3514.200,0.185,0.631,98.127,1.042,0.0,0.015,1493163492.192,
0.140,0.415,98.884,0.545,0.0,0.015,128783974.400,0.0,86389.400,135424315.0,0.0,0.0,3682.200,2380.0,0.200,0.400,0.200,3495968768.0,1548288.0,33623404544.0,1.31659272192e+11,0.0,0.0,128967475.200,0.0,3683.600,2382.400,0.140,0.415,98.884,0.545,0.0,0.015,1493163497.192,
0.120,0.370,99.069,0.430,0.0,0.010,125061529.600,3276.800,83060.0,132703483.200,0.0,0.0,3513.0,2270.400,0.0,0.800,0.0,3486732288.0,1556480.0,34247962624.0,1.310439424e+11,0.0,0.0,124878028.800,3276.800,3511.600,2268.0,0.120,0.365,99.074,0.431,0.0,0.010,1493163502.192,
0.120,0.400,98.999,0.475,0.0,0.005,126922752.0,2457.600,65259.0,132704173.400,0.0,0.0,3227.600,2357.800,0.200,0.400,0.0,3487838208.0,1564672.0,34882818048.0,1.30407972864e+11,0.0,0.0,126922752.0,2457.600,3227.600,2357.800,0.120,0.405,98.994,0.475,0.0,0.005,1493163507.192,
0.010,0.010,99.980,0.0,0.0,0.0,0.0,0.0,2574.400,13017.400,0.0,0.0,127.800,135.0,0.0,0.0,0.0,3488219136.0,1564672.0,34882674688.0,1.30407735296e+11,0.0,0.0,0.0,0.0,127.800,135.0,0.010,0.005,99.985,0.0,0.0,0.0,1493163512.192,
