"Dstat 0.7.2 CSV output"
"Author:","Dag Wieers <dag@wieers.com>",,,,"URL:","http://dag.wieers.com/home-made/dstat/"
"Host:","osd1.skyhook-4osds.skyhook-pg0.wisc.cloudlab.us",,,,"User:","jlefevre"
"Cmdline:","dstat -av --epoch --integer --noheaders --output dstat-osd1.log 5",,,,"Date:","25 Apr 2017 14:10:17 CDT"

"total cpu usage",,,,,,"dsk/total",,"net/total",,"paging",,"system",,"procs",,,"memory usage",,,,"paging",,"dsk/total",,"system",,"total cpu usage",,,,,,"epoch"
"usr","sys","idl","wai","hiq","siq","read","writ","recv","send","in","out","int","csw","run","blk","new","used","buff","cach","free","in","out","read","writ","int","csw","usr","sys","idl","wai","hiq","siq","epoch"
0.015,0.005,99.980,0.0,0.0,0.0,0.0,0.0,3040.400,13078.600,0.0,0.0,142.200,142.200,0.0,0.0,0.0,3520196608.0,2002944.0,34853187584.0,1.30404806656e+11,0.0,0.0,0.0,0.0,142.200,142.200,0.015,0.005,99.980,0.0,0.0,0.0,1493155232.192,
0.100,0.300,99.595,0.005,0.0,0.0,0.0,4096.0,87486.200,84896185.200,0.0,0.0,2456.800,398.0,0.200,0.0,0.0,3610034176.0,2011136.0,34853187584.0,1.30314960896e+11,0.0,0.0,0.0,4096.0,2456.800,398.0,0.100,0.295,99.600,0.005,0.0,0.0,1493155237.192,
0.135,0.410,99.440,0.010,0.0,0.005,0.0,4915.200,138598.800,156303462.600,0.0,0.0,3829.0,584.200,0.0,0.0,0.0,3526787072.0,2019328.0,34853187584.0,1.30398199808e+11,0.0,0.0,0.0,4915.200,3830.800,584.200,0.135,0.410,99.440,0.010,0.0,0.005,1493155242.192,
0.115,0.335,99.545,0.0,0.0,0.005,0.0,0.0,90986.400,133465329.0,0.0,0.0,2796.200,523.400,0.200,0.0,0.0,3522732032.0,2019328.0,34853187584.0,1.30402254848e+11,0.0,0.0,0.0,0.0,2794.400,523.400,0.115,0.335,99.545,0.0,0.0,0.005,1493155247.192,
0.120,0.350,99.525,0.005,0.0,0.0,0.0,2457.600,100363.400,140915462.200,0.0,0.0,2930.400,540.600,0.200,0.0,0.0,3540340736.0,2027520.0,34853187584.0,1.30384637952e+11,0.0,0.0,0.0,2457.600,2930.400,540.600,0.120,0.350,99.525,0.005,0.0,0.0,1493155252.192,
0.195,0.595,99.194,0.0,0.0,0.015,0.0,0.0,185800.800,215957967.400,0.0,0.0,5054.800,764.0,0.0,0.0,0.0,3524837376.0,2027520.0,34853187584.0,1.30400141312e+11,0.0,0.0,0.0,0.0,5054.800,764.0,0.195,0.595,99.194,0.0,0.0,0.015,1493155257.192,
0.125,0.330,99.530,0.005,0.0,0.010,0.0,2457.600,101952.600,129489046.600,0.0,0.0,2903.400,514.600,0.200,0.0,0.0,3524292608.0,2035712.0,34853187584.0,1.30400677888e+11,0.0,0.0,0.0,2457.600,2909.0,514.600,0.125,0.330,99.530,0.005,0.0,0.010,1493155262.192,
0.140,0.385,99.470,0.0,0.0,0.005,0.0,0.0,132799.0,156603844.600,0.0,0.0,3620.400,595.600,0.400,0.0,0.0,3524493312.0,2035712.0,34853187584.0,1.30400477184e+11,0.0,0.0,0.0,0.0,3614.800,595.600,0.140,0.385,99.470,0.0,0.0,0.005,1493155267.192,
0.160,0.460,99.370,0.005,0.0,0.005,0.0,3276.800,122707.0,168240011.600,0.0,0.0,3668.200,645.200,0.400,0.0,0.0,3569909760.0,2043904.0,34853187584.0,1.30355052544e+11,0.0,0.0,0.0,3276.800,3669.800,645.200,0.160,0.460,99.370,0.005,0.0,0.005,1493155272.192,
0.120,0.380,99.490,0.010,0.0,0.0,0.0,4915.200,136565.800,150284361.0,0.0,0.0,3700.400,547.400,0.0,0.0,0.0,3523690496.0,2052096.0,34853187584.0,1.30401263616e+11,0.0,0.0,0.0,4915.200,3698.800,547.400,0.120,0.380,99.490,0.010,0.0,0.0,1493155277.192,
0.155,0.410,99.430,0.0,0.0,0.005,0.0,0.0,140343.0,166849260.800,0.0,0.0,3949.400,646.400,0.400,0.0,0.0,3541000192.0,2052096.0,34853187584.0,1.3038395392e+11,0.0,0.0,0.0,0.0,3949.800,646.400,0.155,0.410,99.430,0.0,0.0,0.005,1493155282.192,
0.110,0.350,99.530,0.005,0.0,0.005,0.0,2457.600,115425.400,134956928.400,0.0,0.0,3334.0,542.800,0.0,0.0,0.0,3541397504.0,2060288.0,34853191680.0,1.3038354432e+11,0.0,0.0,0.0,2457.600,3333.600,542.800,0.110,0.350,99.530,0.005,0.0,0.005,1493155287.192,
0.140,0.400,99.455,0.0,0.0,0.005,0.0,0.0,127078.200,150661960.600,0.0,0.0,3656.600,604.400,0.400,0.0,0.0,3569078272.0,2060288.0,34853191680.0,1.30355863552e+11,0.0,0.0,0.0,0.0,3660.800,605.200,0.140,0.405,99.450,0.0,0.0,0.005,1493155292.192,
0.150,0.430,99.394,0.010,0.0,0.015,0.0,2457.600,144211.0,178912066.600,0.0,0.0,4043.0,641.0,0.200,0.0,0.0,3542085632.0,2068480.0,34853191680.0,1.30382848e+11,0.0,0.0,0.0,2457.600,4039.0,640.600,0.150,0.430,99.394,0.010,0.0,0.015,1493155297.192,
0.135,0.350,99.515,0.0,0.0,0.0,0.0,0.0,109992.600,138413405.400,0.0,0.0,2991.200,515.400,0.200,0.0,0.0,3525173248.0,2068480.0,34853191680.0,1.30399760384e+11,0.0,0.0,0.0,0.0,2991.0,515.0,0.135,0.345,99.520,0.0,0.0,0.0,1493155302.192,
0.125,0.370,99.495,0.005,0.0,0.005,0.0,4096.0,114919.600,149462257.400,0.0,0.0,3166.200,603.200,0.0,0.0,0.0,3542720512.0,2076672.0,34853191680.0,1.30382204928e+11,0.0,0.0,0.0,4096.0,3166.200,603.200,0.125,0.375,99.490,0.005,0.0,0.005,1493155307.192,
0.125,0.345,99.520,0.005,0.0,0.005,0.0,4915.200,112995.200,142540811.600,0.0,0.0,3346.200,557.200,0.400,0.0,0.0,3526127616.0,2084864.0,34853191680.0,1.30398789632e+11,0.0,0.0,0.0,4915.200,3346.200,557.200,0.125,0.345,99.520,0.005,0.0,0.005,1493155312.192,
0.190,0.555,99.240,0.0,0.0,0.015,0.0,0.0,181919.600,200559009.0,0.0,0.0,4873.0,693.400,0.200,0.0,0.0,3535712256.0,2084864.0,34853191680.0,1.30389204992e+11,0.0,0.0,0.0,0.0,4873.400,693.800,0.190,0.550,99.245,0.0,0.0,0.015,1493155317.192,
0.185,0.470,99.314,0.010,0.0,0.020,819.200,2457.600,158732.400,182864900.0,0.0,0.0,4402.600,673.200,0.400,0.0,0.200,3531235328.0,2093056.0,34853195776.0,1.30393669632e+11,0.0,0.0,819.200,2457.600,4402.200,672.800,0.185,0.470,99.315,0.010,0.0,0.020,1493155322.192,
0.205,0.570,99.204,0.005,0.0,0.015,0.0,3276.800,157444.600,211610855.200,0.0,0.0,4437.800,749.200,0.400,0.0,0.0,3547488256.0,2101248.0,34853195776.0,1.30377408512e+11,0.0,0.0,0.0,3276.800,4444.400,749.600,0.210,0.570,99.199,0.005,0.0,0.015,1493155327.192,
0.155,0.470,99.360,0.005,0.0,0.010,0.0,2457.600,147557.400,183601676.200,0.0,0.0,4204.200,677.0,0.0,0.0,0.0,3532918784.0,2109440.0,34853195776.0,1.30391969792e+11,0.0,0.0,0.0,2457.600,4197.600,676.600,0.150,0.475,99.360,0.005,0.0,0.010,1493155332.192,
0.125,0.380,99.485,0.0,0.0,0.010,0.0,0.0,118390.600,145694713.800,0.0,0.0,3263.200,565.600,0.0,0.0,0.0,3547914240.0,2109440.0,34853195776.0,1.30376974336e+11,0.0,0.0,0.0,0.0,3264.0,565.800,0.125,0.375,99.490,0.0,0.0,0.010,1493155337.192,
0.155,0.440,99.385,0.010,0.0,0.010,0.0,3276.800,130543.800,168747282.800,0.0,0.0,3853.400,631.200,0.400,0.0,0.0,3550756864.0,2117632.0,34853195776.0,1.3037412352e+11,0.0,0.0,0.0,3276.800,3857.600,631.400,0.155,0.440,99.385,0.010,0.0,0.010,1493155342.192,
0.145,0.430,99.415,0.005,0.0,0.005,0.0,4915.200,122775.800,169358967.800,0.0,0.0,3633.200,637.800,0.200,0.0,0.0,3533352960.0,2125824.0,34853195776.0,1.30391519232e+11,0.0,0.0,0.0,4915.200,3628.200,637.400,0.145,0.430,99.415,0.005,0.0,0.005,1493155347.192,
0.145,0.400,99.445,0.0,0.0,0.010,0.0,0.0,114631.0,156343517.0,0.0,0.0,3349.400,605.200,0.400,0.0,0.0,3533139968.0,2125824.0,34853195776.0,1.30391732224e+11,0.0,0.0,0.0,0.0,3349.400,605.200,0.145,0.405,99.440,0.0,0.0,0.010,1493155352.192,
0.140,0.445,99.400,0.005,0.0,0.010,0.0,3276.800,133500.400,159258974.600,0.0,0.0,3655.0,598.0,1.0,0.0,0.0,3547561984.0,2134016.0,34853195776.0,1.30377302016e+11,0.0,0.0,0.0,3276.800,3657.800,598.0,0.140,0.445,99.400,0.005,0.0,0.010,1493155357.192,
0.140,0.395,99.459,0.0,0.0,0.005,0.0,0.0,132486.600,154144533.0,0.0,0.0,3875.200,584.800,0.0,0.0,0.0,3579449344.0,2134016.0,34853195776.0,1.30345414656e+11,0.0,0.0,0.0,0.0,3880.600,585.200,0.140,0.395,99.459,0.0,0.0,0.005,1493155362.192,
0.160,0.495,99.334,0.010,0.0,0.0,0.0,2457.600,175872.400,183089171.0,0.0,0.0,4799.800,692.400,0.200,0.0,0.0,3581108224.0,2142208.0,34853195776.0,1.30343747584e+11,0.0,0.0,0.0,2457.600,4798.0,694.600,0.160,0.495,99.334,0.010,0.0,0.0,1493155367.192,
0.210,0.555,99.224,0.0,0.0,0.010,0.0,0.0,193900.400,199556944.200,0.0,0.0,5051.200,772.200,0.400,0.0,2.400,3546537984.0,2142208.0,34853228544.0,1.30378285056e+11,0.0,0.0,0.0,0.0,5045.200,770.0,0.210,0.551,99.229,0.0,0.0,0.010,1493155372.192,
0.200,0.486,99.299,0.010,0.0,0.005,0.0,15564.800,179109.200,176651277.400,0.0,0.0,4631.400,819.0,0.200,0.0,2.400,3557052416.0,2158592.0,34853228544.0,1.3036775424e+11,0.0,0.0,0.0,15564.800,4639.600,819.200,0.200,0.490,99.294,0.010,0.0,0.005,1493155377.192,
0.180,0.475,99.330,0.010,0.0,0.005,0.0,4915.200,157354.800,181595213.600,0.0,0.0,4332.800,720.400,0.400,0.0,0.400,3552108544.0,2166784.0,34853224448.0,1.30372694016e+11,0.0,0.0,0.0,4915.200,4333.200,722.800,0.180,0.475,99.330,0.010,0.0,0.005,1493155382.192,
0.140,0.385,99.460,0.010,0.0,0.005,0.0,10649.600,104430.600,146993082.400,0.0,0.0,3224.600,578.600,0.0,0.0,0.0,3563773952.0,2174976.0,34853224448.0,1.30361020416e+11,0.0,0.0,0.0,10649.600,3221.800,576.400,0.140,0.385,99.460,0.010,0.0,0.005,1493155387.192,
0.170,0.550,99.265,0.010,0.0,0.005,0.0,2457.600,166877.400,197599978.600,0.0,0.0,4585.600,719.0,0.200,0.0,0.0,3547357184.0,2183168.0,34853224448.0,1.30377428992e+11,0.0,0.0,0.0,2457.600,4579.600,718.600,0.170,0.550,99.265,0.010,0.0,0.005,1493155392.192,
0.185,0.526,99.289,0.0,0.0,0.0,0.0,0.0,188532.800,211414932.400,0.0,0.0,5095.400,726.400,0.400,0.0,0.0,3543986176.0,2183168.0,34853224448.0,1.303808e+11,0.0,0.0,0.0,0.0,5095.0,726.400,0.185,0.526,99.289,0.0,0.0,0.0,1493155397.192,
0.175,0.591,99.214,0.005,0.0,0.015,0.0,2457.600,180370.200,207194496.800,0.0,0.0,4695.800,736.200,0.400,0.0,0.0,3545837568.0,2191360.0,34853224448.0,1.30378940416e+11,0.0,0.0,0.0,2457.600,4704.200,736.200,0.175,0.586,99.219,0.005,0.0,0.015,1493155402.192,
0.105,0.300,99.590,0.0,0.0,0.005,0.0,0.0,108238.400,129049174.600,0.0,0.0,3082.0,526.200,0.200,0.0,0.0,3528155136.0,2191360.0,34853224448.0,1.30396622848e+11,0.0,0.0,0.0,0.0,3073.800,525.800,0.105,0.300,99.590,0.0,0.0,0.005,1493155407.192,
0.135,0.400,99.460,0.005,0.0,0.0,0.0,9011.200,138151.800,149198885.400,0.0,0.0,3844.0,598.400,0.400,0.0,0.0,3557285888.0,2199552.0,34853224448.0,1.30367483904e+11,0.0,0.0,0.0,9011.200,3847.400,598.800,0.135,0.400,99.460,0.005,0.0,0.0,1493155412.192,
0.135,0.420,99.430,0.010,0.0,0.005,0.0,4915.200,157553.400,163682884.600,0.0,0.0,4112.200,604.600,0.400,0.0,0.0,3544850432.0,2207744.0,34853224448.0,1.30379911168e+11,0.0,0.0,0.0,4915.200,4109.0,604.600,0.135,0.420,99.430,0.010,0.0,0.005,1493155417.192,
0.115,0.370,99.500,0.0,0.0,0.015,0.0,0.0,119709.200,144285378.200,0.0,0.0,3400.400,548.600,0.200,0.0,0.0,3528937472.0,2207744.0,34853224448.0,1.30395824128e+11,0.0,0.0,0.0,0.0,3400.200,548.200,0.115,0.370,99.500,0.0,0.0,0.015,1493155422.192,
0.135,0.365,99.490,0.010,0.0,0.0,0.0,2457.600,117575.200,156209245.0,0.0,0.0,3586.600,625.200,0.0,0.0,0.0,3530063872.0,2215936.0,34853224448.0,1.30394689536e+11,0.0,0.0,0.0,2457.600,3594.600,625.200,0.135,0.365,99.490,0.010,0.0,0.0,1493155427.192,
0.170,0.511,99.309,0.0,0.0,0.010,0.0,0.0,207217.200,203606113.400,0.0,0.0,5523.800,716.600,0.400,0.0,0.0,3527512064.0,2215936.0,34853224448.0,1.30397241344e+11,0.0,0.0,0.0,0.0,5516.600,718.800,0.170,0.516,99.304,0.0,0.0,0.010,1493155432.192,
0.190,0.596,99.199,0.005,0.0,0.010,0.0,2457.600,201697.200,217494037.800,0.0,0.0,5395.0,789.0,0.200,0.0,0.0,3587719168.0,2224128.0,34853224448.0,1.30337026048e+11,0.0,0.0,0.0,2457.600,5401.400,786.800,0.190,0.596,99.199,0.005,0.0,0.010,1493155437.192,
0.175,0.490,99.324,0.0,0.0,0.010,0.0,0.0,192039.200,181929700.800,0.0,0.0,4732.0,681.600,0.200,0.0,0.0,3616378880.0,2224128.0,34853224448.0,1.30308366336e+11,0.0,0.0,0.0,0.0,4725.200,682.0,0.175,0.490,99.324,0.0,0.0,0.010,1493155442.192,
0.125,0.375,99.495,0.005,0.0,0.0,0.0,3276.800,131261.400,154490420.400,0.0,0.0,3528.400,567.400,0.600,0.0,0.0,3545088000.0,2232320.0,34853224448.0,1.30379649024e+11,0.0,0.0,0.0,3276.800,3531.200,567.400,0.125,0.375,99.495,0.005,0.0,0.0,1493155447.192,
0.115,0.330,99.550,0.005,0.0,0.0,0.0,2457.600,102570.200,127437436.400,0.0,0.0,2820.0,505.600,0.400,0.0,0.0,3528151040.0,2240512.0,34853228544.0,1.30396573696e+11,0.0,0.0,0.0,2457.600,2817.0,505.600,0.115,0.330,99.550,0.005,0.0,0.0,1493155452.192,
0.010,0.005,99.985,0.0,0.0,0.0,0.0,0.0,2512.600,13853.200,0.0,0.0,133.400,129.800,0.0,0.0,0.0,3528040448.0,2240512.0,34853228544.0,1.30396684288e+11,0.0,0.0,0.0,0.0,133.200,129.400,0.010,0.005,99.985,0.0,0.0,0.0,1493155457.192,
