"Dstat 0.7.2 CSV output"
"Author:","Dag Wieers <dag@wieers.com>",,,,"URL:","http://dag.wieers.com/home-made/dstat/"
"Host:","osd0.skyhook-4osds.skyhook-pg0.wisc.cloudlab.us",,,,"User:","jlefevre"
"Cmdline:","dstat -av --epoch --integer --noheaders --output dstat-osd0.log 5",,,,"Date:","25 Apr 2017 14:10:10 CDT"

"total cpu usage",,,,,,"dsk/total",,"net/total",,"paging",,"system",,"procs",,,"memory usage",,,,"paging",,"dsk/total",,"system",,"total cpu usage",,,,,,"epoch"
"usr","sys","idl","wai","hiq","siq","read","writ","recv","send","in","out","int","csw","run","blk","new","used","buff","cach","free","in","out","read","writ","int","csw","usr","sys","idl","wai","hiq","siq","epoch"
0.015,0.005,99.975,0.005,0.0,0.0,0.0,3276.800,2964.0,11703.0,0.0,0.0,150.600,149.0,0.0,0.0,0.0,3257352192.0,1503232.0,169852928.0,1.6535148544e+11,0.0,0.0,0.0,3276.800,150.600,149.0,0.020,0.005,99.970,0.005,0.0,0.0,1493166075.776,
1.741,0.725,95.554,1.926,0.0,0.055,186895564.800,2457.600,164221.800,139417955.0,0.0,0.0,5335.800,3340.600,1.0,1.400,0.400,3542814720.0,1511424.0,1104150528.0,1.6413171712e+11,0.0,0.0,187052851.200,2457.600,5338.800,3342.600,1.741,0.725,95.553,1.926,0.0,0.055,1493166080.776,
2.559,1.202,93.569,2.645,0.0,0.025,280199987.200,4915.200,320835.200,283362818.200,0.0,0.0,9427.0,5002.0,2.0,1.200,0.0,3628109824.0,1519616.0,2505162752.0,1.626454016e+11,0.0,0.0,280226201.600,4915.200,9429.0,5002.200,2.569,1.207,93.551,2.649,0.0,0.025,1493166085.776,
2.611,1.243,93.446,2.651,0.0,0.050,286013030.400,9830.400,357494.0,315877412.0,0.0,0.0,12397.600,5153.600,1.200,1.200,0.200,3524333568.0,1617920.0,3933589504.0,1.613206528e+11,0.0,0.0,285829529.600,9830.400,12394.0,5151.800,2.602,1.238,93.464,2.647,0.0,0.050,1493166090.776,
2.193,1.062,94.817,1.863,0.0,0.065,245952512.0,0.0,302281.0,265829064.600,0.0,0.0,10391.200,4485.800,1.0,1.400,0.200,3483787264.0,1761280.0,5165490176.0,1.60129155072e+11,0.0,0.0,246188441.600,0.0,10393.200,4488.0,2.188,1.061,94.819,1.867,0.0,0.065,1493166095.776,
2.164,0.992,94.465,2.319,0.0,0.060,242028544.0,13926.400,324837.400,286421883.600,0.0,0.0,11957.200,4353.600,1.800,1.0,0.0,3306008576.0,1777664.0,6373441536.0,1.59098966016e+11,0.0,0.0,241792614.400,13926.400,11960.0,4351.0,2.169,0.992,94.465,2.314,0.0,0.060,1493166100.776,
2.103,0.951,94.869,1.997,0.0,0.080,244424704.0,1638.400,265600.800,253876097.200,0.0,0.0,10182.800,4356.200,1.200,1.400,0.0,3326377984.0,1777664.0,7597387776.0,1.57854650368e+11,0.0,0.0,244581990.400,1638.400,10177.800,4358.800,2.108,0.951,94.864,1.997,0.0,0.080,1493166105.776,
2.344,1.062,94.091,2.449,0.0,0.055,257625292.800,4915.200,296655.200,269110689.200,0.0,0.0,10534.400,4570.200,0.800,0.800,0.400,3338997760.0,1785856.0,8884252672.0,1.56555157504e+11,0.0,0.0,257468006.400,4915.200,10534.200,4567.600,2.339,1.067,94.091,2.449,0.0,0.055,1493166110.776,
2.089,0.917,95.012,1.948,0.0,0.035,233483468.800,0.0,270569.0,240220716.400,0.0,0.0,10384.800,4211.200,1.400,1.400,0.400,3360903168.0,1785856.0,10052919296.0,1.55364585472e+11,0.0,0.0,233693184.0,0.0,10390.400,4216.0,2.088,0.917,95.012,1.948,0.0,0.035,1493166115.776,
2.621,1.167,93.055,3.107,0.0,0.050,299550310.400,7372.800,334343.200,290718154.400,0.0,0.0,12656.400,5367.400,1.800,0.600,0.0,3455549440.0,1802240.0,11550064640.0,1.53772777472e+11,0.0,0.0,299382374.400,7372.800,12655.0,5363.400,2.620,1.167,93.056,3.106,0.0,0.050,1493166120.776,
2.490,1.142,93.246,3.076,0.0,0.045,280068915.200,8192.0,372592.400,307302243.200,0.0,0.0,13370.0,4946.400,1.800,1.800,0.0,3413344256.0,1810432.0,12950347776.0,1.52414691328e+11,0.0,0.0,280226201.600,8192.0,13369.600,4948.200,2.500,1.142,93.227,3.081,0.0,0.050,1493166125.776,
2.482,1.181,93.465,2.782,0.0,0.090,282889420.800,10649.600,345573.0,286081312.400,0.0,0.0,12797.0,5044.400,0.800,1.200,0.0,3461828608.0,1826816.0,14365564928.0,1.5095097344e+11,0.0,0.0,282926284.800,10649.600,12798.0,5045.0,2.477,1.176,93.474,2.788,0.0,0.085,1493166130.776,
2.575,1.257,93.367,2.730,0.0,0.070,291696640.0,4915.200,364174.400,299801281.400,0.0,0.0,12942.800,5230.600,1.200,1.0,0.0,3470934016.0,1835008.0,15823372288.0,1.4948405248e+11,0.0,0.0,291460710.400,4915.200,12942.0,5227.600,2.571,1.258,93.381,2.721,0.0,0.070,1493166135.776,
1.808,0.876,95.583,1.698,0.0,0.035,212518502.400,6553.600,282861.800,236689644.800,0.0,0.0,10037.800,3822.400,2.0,0.800,0.0,3429183488.0,1843200.0,16886804480.0,1.48462362624e+11,0.0,0.0,212754432.0,6553.600,10038.400,3825.0,1.813,0.876,95.569,1.707,0.0,0.035,1493166140.776,
2.935,1.402,91.971,3.621,0.0,0.070,326287360.0,2457.600,343997.400,301870043.600,0.0,0.0,13304.800,5735.200,1.200,2.0,0.400,3588784128.0,1851392.0,18516910080.0,1.46672648192e+11,0.0,0.0,326261145.600,2457.600,13302.200,5735.200,2.925,1.403,91.986,3.617,0.0,0.070,1493166145.776,
2.815,1.272,92.586,3.226,0.0,0.100,314612121.600,4915.200,348572.0,303255047.800,0.0,0.0,12085.800,5563.600,2.400,1.0,0.0,3732946944.0,1851392.0,20088684544.0,1.44956710912e+11,0.0,0.0,314612121.600,4915.200,12087.400,5563.600,2.830,1.272,92.567,3.226,0.0,0.105,1493166150.776,
2.614,1.237,93.135,2.949,0.0,0.065,274784256.0,7372.800,393433.600,359254496.800,0.0,0.0,13010.600,4958.600,1.800,0.200,0.200,3391926272.0,1867776.0,21463482368.0,1.43922917376e+11,0.0,0.0,274574540.800,7372.800,13010.600,4956.600,2.609,1.237,93.150,2.944,0.0,0.060,1493166155.776,
2.775,1.142,92.562,3.466,0.0,0.055,308798259.200,4915.200,319050.200,294530971.400,0.0,0.0,11256.600,5404.400,1.800,1.800,0.0,3536093184.0,1875968.0,23008153600.0,1.4223407104e+11,0.0,0.0,308955545.600,4915.200,11256.600,5405.200,2.775,1.147,92.557,3.466,0.0,0.055,1493166160.776,
2.164,0.987,94.611,2.199,0.0,0.040,242484838.400,2457.600,340681.0,272718462.800,0.0,0.0,12114.800,4358.200,1.200,1.200,0.0,3437277184.0,1884160.0,24222085120.0,1.41118947328e+11,0.0,0.0,242537267.200,2457.600,12116.600,4359.0,2.159,0.982,94.616,2.204,0.0,0.040,1493166165.776,
2.594,1.041,93.256,3.039,0.0,0.070,277945548.800,0.0,357343.200,288972436.0,0.0,0.0,11813.200,4954.800,1.400,1.200,0.0,3435626496.0,1884160.0,25609379840.0,1.39733303296e+11,0.0,0.0,277735833.600,0.0,11809.0,4952.400,2.594,1.042,93.260,3.034,0.0,0.070,1493166170.776,
2.752,1.263,92.312,3.644,0.0,0.030,320431718.400,4096.0,323184.0,272106625.0,0.0,0.0,12228.200,5571.400,2.200,1.600,0.0,3761512448.0,1892352.0,27212255232.0,1.3780453376e+11,0.0,0.0,320641433.600,4096.0,12235.200,5573.600,2.756,1.263,92.302,3.649,0.0,0.030,1493166175.776,
2.682,1.148,93.176,2.958,0.0,0.035,288965427.200,4915.200,386563.600,348227927.400,0.0,0.0,14231.600,5198.600,1.600,1.600,0.400,3539034112.0,1900544.0,28657807360.0,1.36581451776e+11,0.0,0.0,288965427.200,4915.200,14231.800,5199.200,2.677,1.153,93.177,2.958,0.0,0.035,1493166180.776,
2.294,1.012,94.520,2.144,0.0,0.030,251470643.200,819.200,343471.600,291784894.600,0.0,0.0,12559.200,4488.800,2.0,0.400,0.0,3395649536.0,1900544.0,29915721728.0,1.35466921984e+11,0.0,0.0,251470643.200,819.200,12554.600,4488.600,2.289,1.012,94.525,2.144,0.0,0.030,1493166185.776,
2.148,0.976,94.352,2.483,0.0,0.040,249620070.400,7372.800,283639.0,257655088.400,0.0,0.0,10561.600,4418.200,1.400,1.0,0.0,3403550720.0,1916928.0,31161569280.0,1.34213156864e+11,0.0,0.0,249646284.800,7372.800,10558.200,4418.0,2.153,0.971,94.352,2.484,0.0,0.040,1493166190.776,
2.465,1.042,93.928,2.540,0.0,0.025,269630668.800,4915.200,291752.200,261054201.800,0.0,0.0,11166.600,4718.600,2.0,0.600,0.0,3529768960.0,1925120.0,32512335872.0,1.3273616384e+11,0.0,0.0,269552025.600,4915.200,11171.200,4719.0,2.469,1.047,93.924,2.535,0.0,0.025,1493166195.776,
0.946,0.435,97.913,0.701,0.0,0.005,97826406.400,2457.600,182161.800,136706024.800,0.0,0.0,6091.0,1934.800,0.800,0.200,0.0,3325972480.0,1933312.0,33000673280.0,1.3245161472e+11,0.0,0.0,97669120.0,2457.600,6085.0,1932.0,0.941,0.430,97.923,0.701,0.0,0.005,1493166200.776,
