"Dstat 0.7.2 CSV output"
"Author:","Dag Wieers <dag@wieers.com>",,,,"URL:","http://dag.wieers.com/home-made/dstat/"
"Host:","client0.skyhook-4osds.skyhook-pg0.wisc.cloudlab.us",,,,"User:","jlefevre"
"Cmdline:","dstat -av --epoch --integer --noheaders --output dstat-client0.log 5",,,,"Date:","25 Apr 2017 14:10:01 CDT"

"total cpu usage",,,,,,"dsk/total",,"net/total",,"paging",,"system",,"procs",,,"memory usage",,,,"paging",,"dsk/total",,"system",,"total cpu usage",,,,,,"epoch"
"usr","sys","idl","wai","hiq","siq","read","writ","recv","send","in","out","int","csw","run","blk","new","used","buff","cach","free","in","out","read","writ","int","csw","usr","sys","idl","wai","hiq","siq","epoch"
0.115,0.035,99.824,0.025,0.0,0.0,0.0,12288.0,48918.0,6789.200,0.0,0.0,1863.0,7242.0,0.200,0.0,1.0,5466755072.0,220246016.0,1.473990656e+11,15694127104.0,0.0,0.0,0.0,12288.0,1862.600,7236.800,0.115,0.035,99.824,0.025,0.0,0.0,1493156326.201,
0.719,2.795,96.240,0.045,0.0,0.201,0.0,47513.600,387107985.800,221374.600,0.0,0.0,10021.800,12018.200,1.800,0.0,5.200,5641056256.0,220250112.0,1.47399094272e+11,15519793152.0,0.0,0.0,0.0,47513.600,10033.600,12030.800,0.724,2.800,96.225,0.045,0.0,0.206,1493156331.201,
0.855,3.792,94.906,0.085,0.0,0.362,0.0,121241.600,546482128.800,203378.0,0.0,0.0,11951.600,11309.400,1.800,0.200,0.0,5645103104.0,220262400.0,1.47399323648e+11,15515504640.0,0.0,0.0,0.0,121241.600,11951.200,11301.600,0.855,3.797,94.906,0.085,0.0,0.357,1493156336.201,
0.909,4.134,94.420,0.131,0.0,0.407,0.0,141721.600,536175759.0,216013.0,0.0,0.0,14471.200,11161.400,2.0,0.0,0.0,5655896064.0,220282880.0,1.47399540736e+11,15504474112.0,0.0,0.0,0.0,141721.600,14459.800,11156.200,0.909,4.129,94.425,0.131,0.0,0.407,1493156341.201,
0.775,3.712,95.056,0.116,0.0,0.342,0.0,136806.400,481980978.800,171885.0,0.0,0.0,10907.800,10498.0,1.800,0.0,0.0,5660778496.0,220303360.0,1.4739976192e+11,15499350016.0,0.0,0.0,0.0,136806.400,10910.600,10497.800,0.775,3.717,95.050,0.116,0.0,0.342,1493156346.201,
0.866,4.017,94.760,0.096,0.0,0.262,0.0,135168.0,529861606.800,245288.400,0.0,0.0,12407.600,12496.600,1.800,0.0,0.0,5659369472.0,220303360.0,1.47399942144e+11,15500578816.0,0.0,0.0,0.0,135168.0,12406.400,12499.0,0.861,4.017,94.760,0.096,0.0,0.267,1493156351.201,
0.946,4.146,94.420,0.166,0.0,0.322,0.0,155648.0,548200176.200,189687.400,0.0,0.0,12233.200,11493.800,2.200,0.0,0.0,5665267712.0,220327936.0,1.47400192e+11,15494406144.0,0.0,0.0,0.0,155648.0,12233.0,11493.0,0.956,4.145,94.416,0.166,0.0,0.317,1493156356.201,
1.000,4.232,94.260,0.126,0.0,0.382,0.0,122880.0,625058347.600,252535.200,0.0,0.0,13004.200,12554.400,2.200,0.200,0.0,5641650176.0,220336128.0,1.4740041728e+11,15517790208.0,0.0,0.0,0.0,122880.0,13014.0,12555.0,0.995,4.227,94.270,0.126,0.0,0.382,1493156361.201,
0.896,4.066,94.626,0.121,0.0,0.292,0.0,137625.600,526228988.800,226007.0,0.0,0.0,12077.200,11824.0,2.400,0.0,0.0,5643948032.0,220340224.0,1.4740062208e+11,15515283456.0,0.0,0.0,0.0,137625.600,12066.200,11826.600,0.891,4.066,94.630,0.121,0.0,0.292,1493156366.201,
0.919,4.057,94.456,0.131,0.0,0.437,0.0,138444.800,528273334.800,196349.800,0.0,0.0,11787.600,11053.600,1.600,0.0,0.0,5650251776.0,220356608.0,1.47400802304e+11,15508783104.0,0.0,0.0,0.0,138444.800,11787.800,11047.400,0.919,4.053,94.461,0.131,0.0,0.437,1493156371.201,
0.999,4.385,94.013,0.171,0.0,0.432,0.0,160563.200,615416587.400,301136.0,0.0,0.0,14052.600,14055.600,2.400,0.200,0.0,5656113152.0,220385280.0,1.47401076736e+11,15502618624.0,0.0,0.0,0.0,161382.400,14053.0,14063.200,0.999,4.394,94.005,0.171,0.0,0.432,1493156376.201,
0.865,3.908,94.809,0.091,0.0,0.327,0.0,115507.200,496029255.600,201266.0,0.0,0.0,11214.200,11184.800,2.0,0.0,0.0,5649334272.0,220401664.0,1.47401293824e+11,15509164032.0,0.0,0.0,0.0,114688.0,11215.200,11184.600,0.870,3.908,94.805,0.091,0.0,0.327,1493156381.201,
0.886,3.915,94.787,0.111,0.0,0.302,0.0,140083.200,510914475.0,167612.800,0.0,0.0,11444.0,10718.800,2.600,0.0,0.0,5656080384.0,220413952.0,1.47401510912e+11,15502188544.0,0.0,0.0,0.0,140083.200,11444.0,10711.400,0.886,3.915,94.787,0.111,0.0,0.302,1493156386.201,
0.925,3.781,94.756,0.141,0.0,0.397,0.0,135987.200,639988012.0,277383.400,0.0,0.0,13403.800,14237.400,1.400,0.0,0.0,5651435520.0,220442624.0,1.4740168704e+11,15506628608.0,0.0,0.0,0.0,135987.200,13408.0,14241.0,0.925,3.781,94.755,0.141,0.0,0.397,1493156391.201,
0.986,3.993,94.523,0.151,0.0,0.347,0.0,223641.600,589827826.200,242403.400,0.0,0.0,13148.800,12539.0,2.200,0.0,1.600,5639233536.0,220463104.0,1.47401986048e+11,15518511104.0,0.0,0.0,0.0,223641.600,13147.0,12538.600,0.986,3.993,94.523,0.151,0.0,0.347,1493156396.201,
1.116,4.126,94.180,0.101,0.0,0.477,0.0,131072.0,658346633.800,346725.200,0.0,0.0,15416.200,14817.200,2.800,0.200,0.800,5644017664.0,220475392.0,1.47402215424e+11,15513485312.0,0.0,0.0,0.0,131072.0,15416.600,14814.0,1.116,4.126,94.180,0.101,0.0,0.477,1493156401.201,
0.941,3.970,94.641,0.126,0.0,0.322,0.0,130252.800,601804245.800,287477.600,0.0,0.0,13310.800,13859.200,2.0,0.0,0.0,5638414336.0,220479488.0,1.47402457088e+11,15518842880.0,0.0,0.0,0.0,130252.800,13318.600,13872.0,0.941,3.965,94.646,0.126,0.0,0.322,1493156406.201,
0.966,3.863,94.674,0.116,0.0,0.382,0.0,135168.0,587831823.0,274548.600,0.0,0.0,13472.200,13229.400,2.200,0.0,0.200,5654867968.0,220487680.0,1.47402633216e+11,15502204928.0,0.0,0.0,0.0,135168.0,13466.600,13222.0,0.961,3.868,94.674,0.116,0.0,0.382,1493156411.201,
0.981,3.879,94.687,0.146,0.0,0.307,0.0,156467.200,632256155.0,323289.600,0.0,0.0,14780.800,14026.600,2.800,0.0,0.0,5656113152.0,220512256.0,1.47402903552e+11,15500664832.0,0.0,0.0,0.0,156467.200,14774.200,14026.200,0.986,3.874,94.687,0.146,0.0,0.307,1493156416.200,
0.921,3.939,94.753,0.096,0.0,0.292,0.0,120422.400,553422272.400,248943.0,0.0,0.0,12808.800,12605.0,2.400,0.200,0.0,5645840384.0,220524544.0,1.4740314112e+11,15510687744.0,0.0,0.0,0.0,120422.400,12810.800,12601.200,0.921,3.949,94.743,0.096,0.0,0.292,1493156421.201,
1.046,4.163,94.274,0.126,0.0,0.392,0.0,139264.0,654924252.800,348129.400,0.0,0.0,14525.800,14669.800,2.200,0.0,0.0,5657153536.0,220557312.0,1.47403362304e+11,15499120640.0,0.0,0.0,0.0,139264.0,14534.400,14677.600,1.041,4.158,94.283,0.126,0.0,0.392,1493156426.201,
1.155,4.257,93.881,0.126,0.0,0.582,0.0,142540.800,656168153.400,327887.200,0.0,0.0,15583.800,13991.200,2.800,0.0,0.0,5642260480.0,220581888.0,1.47403554816e+11,15513796608.0,0.0,0.0,0.0,142540.800,15576.0,13984.600,1.160,4.257,93.876,0.125,0.0,0.582,1493156431.201,
0.840,3.927,94.876,0.096,0.0,0.261,0.0,156467.200,510791662.400,218259.400,0.0,0.0,11572.600,12010.200,2.0,0.0,0.0,5653721088.0,220614656.0,1.4740383744e+11,15502020608.0,0.0,0.0,0.0,156467.200,11571.800,12013.0,0.840,3.927,94.876,0.096,0.0,0.261,1493156436.201,
0.970,3.872,94.781,0.080,0.0,0.297,0.0,136806.400,625886807.0,306418.600,0.0,0.0,13645.200,14398.0,1.200,0.200,0.0,5654188032.0,220651520.0,1.47404046336e+11,15501307904.0,0.0,0.0,0.0,136806.400,13645.0,14397.400,0.966,3.862,94.790,0.085,0.0,0.297,1493156441.201,
1.040,3.895,94.572,0.101,0.0,0.392,0.0,121241.600,658153228.800,332828.800,0.0,0.0,14255.200,14321.0,2.600,0.0,0.0,5634760704.0,220667904.0,1.47404283904e+11,15520481280.0,0.0,0.0,0.0,121241.600,14256.0,14323.400,1.045,3.895,94.572,0.096,0.0,0.392,1493156446.201,
1.092,4.383,93.986,0.141,0.0,0.398,0.0,145817.600,677616089.600,338855.400,0.0,0.0,15790.600,14330.600,2.200,0.0,0.0,5646000128.0,220700672.0,1.4740453376e+11,15508959232.0,0.0,0.0,0.0,145817.600,15794.200,14325.600,1.087,4.389,93.986,0.141,0.0,0.398,1493156451.201,
1.021,4.063,94.424,0.121,0.0,0.372,0.0,144998.400,653573537.0,340148.800,0.0,0.0,14784.600,15234.800,2.400,0.0,0.0,5657460736.0,220721152.0,1.4740473856e+11,15497273344.0,0.0,0.0,0.0,144998.400,14778.200,15237.0,1.026,4.062,94.419,0.121,0.0,0.372,1493156456.201,
0.990,3.833,94.615,0.141,0.0,0.422,0.0,160563.200,609097540.0,316153.800,0.0,0.0,13728.0,14213.800,2.0,0.0,0.0,5654786048.0,220733440.0,1.47405021184e+11,15499653120.0,0.0,0.0,0.0,160563.200,13728.200,14211.600,0.990,3.832,94.616,0.141,0.0,0.422,1493156461.201,
0.866,3.893,94.929,0.081,0.0,0.232,0.0,122060.800,530639484.800,228263.600,0.0,0.0,12707.0,11533.400,1.400,0.200,0.0,5653876736.0,220758016.0,1.47405234176e+11,15500324864.0,0.0,0.0,0.0,122060.800,12709.400,11534.0,0.866,3.893,94.928,0.081,0.0,0.232,1493156466.201,
0.936,4.170,94.467,0.111,0.0,0.317,0.0,138444.800,562708788.400,232934.400,0.0,0.0,13457.400,10876.0,2.200,0.0,0.0,5641760768.0,220774400.0,1.4740545536e+11,15512203264.0,0.0,0.0,0.0,138444.800,13466.600,10879.800,0.941,4.174,94.453,0.111,0.0,0.322,1493156471.201,
0.994,4.053,94.470,0.110,0.0,0.372,0.0,135168.0,624659365.600,305021.200,0.0,0.0,14096.0,13669.400,2.800,0.0,0.0,5663645696.0,220778496.0,1.47405631488e+11,15490138112.0,0.0,0.0,0.0,135168.0,14094.600,13675.200,0.989,4.048,94.480,0.110,0.0,0.372,1493156476.201,
0.941,3.959,94.593,0.126,0.0,0.382,0.0,141721.600,590693652.600,243119.400,0.0,0.0,12657.800,12462.600,1.800,0.0,0.0,5663657984.0,220790784.0,1.47405869056e+11,15489875968.0,0.0,0.0,0.0,141721.600,12650.0,12450.400,0.941,3.959,94.597,0.126,0.0,0.377,1493156481.201,
1.036,4.059,94.351,0.126,0.0,0.428,0.0,136806.400,626066036.0,296056.400,0.0,0.0,13677.400,13666.0,2.600,0.200,0.200,5649940480.0,220815360.0,1.47406139392e+11,15503298560.0,0.0,0.0,0.0,136806.400,13676.400,13676.800,1.046,4.063,94.337,0.126,0.0,0.427,1493156486.201,
1.212,4.119,94.197,0.121,0.0,0.352,0.0,142540.800,668828049.600,356370.0,0.0,0.0,15477.800,14829.600,2.800,0.200,0.0,5646295040.0,220844032.0,1.47406393344e+11,15506661376.0,0.0,0.0,0.0,142540.800,15487.400,14825.0,1.202,4.118,94.202,0.121,0.0,0.357,1493156491.201,
1.086,4.054,94.412,0.116,0.0,0.332,0.0,140083.200,618903489.400,334096.800,0.0,0.0,13948.0,14637.800,2.400,0.0,0.0,5656596480.0,220852224.0,1.47406585856e+11,15496159232.0,0.0,0.0,0.0,140083.200,13942.200,14636.600,1.091,4.049,94.417,0.116,0.0,0.327,1493156496.201,
1.158,4.113,93.944,0.423,0.0,0.362,0.0,6216089.600,639942204.600,360854.0,0.0,0.0,15236.800,15220.600,2.0,0.200,0.0,5652553728.0,220860416.0,1.47397779456e+11,15509000192.0,0.0,0.0,0.0,6216089.600,15231.400,15217.200,1.148,4.113,93.953,0.423,0.0,0.363,1493156501.201,
0.990,4.093,94.404,0.106,0.0,0.407,0.0,152371.200,582181785.0,300150.600,0.0,0.0,13515.800,13432.800,1.800,0.0,0.0,5659156480.0,220864512.0,1.47398070272e+11,15502102528.0,0.0,0.0,0.0,152371.200,13518.800,13436.600,0.991,4.093,94.404,0.106,0.0,0.407,1493156506.200,
1.097,4.132,94.297,0.096,0.0,0.378,0.0,147456.0,646406782.400,340103.0,0.0,0.0,15036.600,14913.200,2.400,0.0,0.0,5643874304.0,220889088.0,1.47398303744e+11,15517126656.0,0.0,0.0,0.0,147456.0,15042.0,14915.400,1.102,4.127,94.297,0.096,0.0,0.378,1493156511.201,
1.258,4.206,94.003,0.131,0.0,0.402,0.0,145817.600,745684294.600,460638.200,0.0,0.0,18004.800,18485.400,2.200,0.0,0.0,5658394624.0,220925952.0,1.4739853312e+11,15502340096.0,0.0,0.0,0.0,145817.600,17998.800,18487.800,1.258,4.210,93.999,0.131,0.0,0.402,1493156516.201,
1.014,3.655,94.843,0.095,0.0,0.392,0.0,144998.400,635423229.200,327708.800,0.0,0.0,13292.0,14400.600,2.600,0.0,0.0,5653590016.0,220925952.0,1.47398754304e+11,15506923520.0,0.0,0.0,0.0,144998.400,13292.800,14391.0,1.014,3.660,94.839,0.095,0.0,0.392,1493156521.201,
1.021,3.974,94.597,0.086,0.0,0.322,0.0,152371.200,641488673.400,380640.400,0.0,0.0,14683.400,15355.800,2.600,0.0,0.0,5655740416.0,220950528.0,1.47399032832e+11,15504470016.0,0.0,0.0,0.0,152371.200,14685.600,15358.200,1.016,3.975,94.602,0.086,0.0,0.322,1493156526.201,
1.107,4.057,94.488,0.045,0.0,0.302,0.0,126976.0,658375676.0,398804.400,0.0,0.0,15637.400,16146.400,2.800,0.200,0.0,5648584704.0,220958720.0,1.47399266304e+11,15511384064.0,0.0,0.0,0.0,126976.0,15633.0,16151.400,1.112,4.057,94.479,0.050,0.0,0.302,1493156531.201,
1.045,3.929,94.488,0.126,0.0,0.412,0.0,129433.600,612406643.200,322772.600,0.0,0.0,13994.0,14019.800,3.200,0.0,0.0,5655011328.0,220971008.0,1.47399499776e+11,15504711680.0,0.0,0.0,0.0,129433.600,13993.200,14017.200,1.040,3.930,94.497,0.121,0.0,0.412,1493156536.201,
1.086,3.687,94.684,0.126,0.0,0.417,0.0,135987.200,664701472.0,384643.800,0.0,0.0,14316.600,15726.200,2.400,0.0,0.0,5652844544.0,221016064.0,1.4739974144e+11,15506591744.0,0.0,0.0,0.0,135987.200,14329.800,15745.800,1.091,3.682,94.684,0.126,0.0,0.417,1493156541.201,
1.197,3.877,94.454,0.060,0.0,0.412,0.0,135987.200,718344262.200,421833.0,0.0,0.0,15874.0,17150.600,2.600,0.0,0.0,5661507584.0,221016064.0,1.47399950336e+11,15497719808.0,0.0,0.0,0.0,135987.200,15868.200,17137.600,1.197,3.877,94.454,0.060,0.0,0.412,1493156546.201,
1.056,4.067,94.455,0.080,0.0,0.342,0.0,149913.600,639365046.400,330810.200,0.0,0.0,14975.0,13980.400,2.200,0.0,0.0,5656875008.0,221048832.0,1.47400220672e+11,15502049280.0,0.0,0.0,0.0,149913.600,14972.200,13971.0,1.056,4.067,94.455,0.080,0.0,0.342,1493156551.201,
1.087,4.433,94.047,0.091,0.0,0.342,0.0,112230.400,650845318.0,333753.600,0.0,0.0,15460.600,14348.600,2.200,0.200,0.0,5656670208.0,221052928.0,1.47400462336e+11,15502008320.0,0.0,0.0,0.0,112230.400,15472.200,14361.0,1.082,4.433,94.047,0.091,0.0,0.347,1493156556.201,
0.876,3.730,95.072,0.076,0.0,0.247,0.0,130252.800,513766060.800,208139.0,0.0,0.0,11703.600,11340.0,1.600,0.0,0.0,5659418624.0,221081600.0,1.47400675328e+11,15499018240.0,0.0,0.0,0.0,130252.800,11687.0,11325.200,0.876,3.735,95.072,0.075,0.0,0.242,1493156561.201,
1.000,3.870,94.753,0.065,0.0,0.312,0.0,134348.800,571187620.0,306620.0,0.0,0.0,13363.200,12640.200,1.600,0.0,0.0,5658902528.0,221093888.0,1.47400851456e+11,15499345920.0,0.0,0.0,0.0,134348.800,13364.200,12640.800,1.000,3.865,94.758,0.065,0.0,0.312,1493156566.201,
1.021,3.863,94.713,0.131,0.0,0.272,0.0,152371.200,609541129.200,328828.600,0.0,0.0,13725.600,15276.0,1.600,0.0,0.0,5660831744.0,221122560.0,1.47401117696e+11,15497121792.0,0.0,0.0,0.0,152371.200,13725.200,15280.0,1.021,3.864,94.712,0.131,0.0,0.272,1493156571.201,
0.151,0.643,99.066,0.100,0.0,0.040,0.0,109772.800,95951449.400,37167.400,0.0,0.0,3104.800,8403.0,0.600,0.200,1.0,5465702400.0,221143040.0,1.47401302016e+11,15692046336.0,0.0,0.0,0.0,109772.800,3104.600,8405.200,0.156,0.638,99.066,0.100,0.0,0.040,1493156576.201,
