"Dstat 0.7.2 CSV output"
"Author:","Dag Wieers <dag@wieers.com>",,,,"URL:","http://dag.wieers.com/home-made/dstat/"
"Host:","osd1.skyhook-4osds.skyhook-pg0.wisc.cloudlab.us",,,,"User:","jlefevre"
"Cmdline:","dstat -av --epoch --integer --noheaders --output dstat-osd1.log 5",,,,"Date:","25 Apr 2017 14:10:17 CDT"

"total cpu usage",,,,,,"dsk/total",,"net/total",,"paging",,"system",,"procs",,,"memory usage",,,,"paging",,"dsk/total",,"system",,"total cpu usage",,,,,,"epoch"
"usr","sys","idl","wai","hiq","siq","read","writ","recv","send","in","out","int","csw","run","blk","new","used","buff","cach","free","in","out","read","writ","int","csw","usr","sys","idl","wai","hiq","siq","epoch"
0.010,0.005,99.980,0.005,0.0,0.0,0.0,2457.600,2975.800,13232.0,0.0,0.0,145.400,148.0,0.0,0.0,0.0,3519500288.0,1581056.0,34853171200.0,1.30405941248e+11,0.0,0.0,0.0,2457.600,145.400,148.0,0.010,0.005,99.980,0.005,0.0,0.0,1493151537.192,
0.135,0.430,99.430,0.0,0.0,0.005,0.0,0.0,134540.400,130054634.600,0.0,0.0,3389.0,525.200,0.400,0.0,0.200,3541110784.0,1581056.0,34853171200.0,1.30384330752e+11,0.0,0.0,0.0,0.0,3399.0,525.400,0.135,0.435,99.425,0.0,0.0,0.005,1493151542.192,
0.120,0.390,99.465,0.010,0.0,0.015,0.0,2457.600,117599.800,142638835.800,0.0,0.0,3271.0,560.0,0.0,0.0,0.0,3540742144.0,1589248.0,34853171200.0,1.303846912e+11,0.0,0.0,0.0,2457.600,3261.200,559.800,0.120,0.385,99.470,0.010,0.0,0.015,1493151547.192,
0.125,0.340,99.535,0.0,0.0,0.0,0.0,0.0,103458.600,134356478.800,0.0,0.0,2907.400,511.800,0.0,0.0,0.0,3523723264.0,1589248.0,34853171200.0,1.3040171008e+11,0.0,0.0,0.0,0.0,2919.800,511.800,0.125,0.345,99.530,0.0,0.0,0.0,1493151552.192,
0.160,0.480,99.344,0.005,0.0,0.010,0.0,3276.800,144532.200,171064760.400,0.0,0.0,3956.800,658.800,0.200,0.0,0.0,3523424256.0,1597440.0,34853171200.0,1.30402000896e+11,0.0,0.0,0.0,3276.800,3944.200,658.800,0.160,0.475,99.349,0.005,0.0,0.010,1493151557.192,
0.160,0.505,99.320,0.010,0.0,0.005,0.0,4915.200,121641.400,171051712.400,0.0,0.0,3558.800,647.800,0.0,0.0,0.0,3524112384.0,1605632.0,34853171200.0,1.30401304576e+11,0.0,0.0,0.0,4915.200,3558.800,647.800,0.160,0.510,99.315,0.010,0.0,0.005,1493151562.192,
0.115,0.335,99.545,0.0,0.0,0.005,0.0,0.0,83161.200,117987302.200,0.0,0.0,2448.600,504.0,0.600,0.0,0.0,3536388096.0,1605632.0,34853171200.0,1.30389028864e+11,0.0,0.0,0.0,0.0,2449.200,505.600,0.120,0.330,99.545,0.0,0.0,0.005,1493151567.192,
0.110,0.325,99.560,0.005,0.0,0.0,0.0,2457.600,75616.800,127025387.800,0.0,0.0,2346.0,480.400,0.0,0.0,0.0,3541528576.0,1613824.0,34853171200.0,1.30383880192e+11,0.0,0.0,0.0,2457.600,2345.800,479.200,0.105,0.325,99.565,0.005,0.0,0.0,1493151572.192,
0.160,0.465,99.365,0.0,0.0,0.010,0.0,0.0,111647.200,159272770.800,0.0,0.0,3425.200,617.400,0.400,0.0,0.0,3553468416.0,1613824.0,34853171200.0,1.30371940352e+11,0.0,0.0,0.0,0.0,3427.600,619.200,0.160,0.470,99.360,0.0,0.0,0.010,1493151577.192,
0.140,0.440,99.410,0.010,0.0,0.0,0.0,2457.600,120043.800,158552428.800,0.0,0.0,3647.800,590.800,0.0,0.0,0.0,3526754304.0,1622016.0,34853175296.0,1.30398642176e+11,0.0,0.0,0.0,2457.600,3647.400,588.600,0.140,0.440,99.410,0.010,0.0,0.0,1493151582.192,
0.090,0.260,99.650,0.0,0.0,0.0,0.0,0.0,54228.800,100788925.800,0.0,0.0,1915.800,474.0,0.200,0.0,0.0,3524726784.0,1622016.0,34853175296.0,1.30400669696e+11,0.0,0.0,0.0,0.0,1913.400,474.0,0.090,0.260,99.650,0.0,0.0,0.0,1493151587.192,
0.125,0.395,99.470,0.005,0.0,0.005,0.0,4096.0,114537.200,144579364.200,0.0,0.0,3081.0,579.400,0.200,0.0,0.0,3523149824.0,1630208.0,34853175296.0,1.30402238464e+11,0.0,0.0,0.0,4096.0,3081.0,579.400,0.125,0.395,99.470,0.005,0.0,0.005,1493151592.192,
0.135,0.395,99.465,0.005,0.0,0.0,0.0,4915.200,100283.400,143555790.600,0.0,0.0,3086.800,538.200,0.200,0.0,0.0,3554488320.0,1638400.0,34853175296.0,1.30370891776e+11,0.0,0.0,0.0,4915.200,3087.600,538.200,0.135,0.395,99.465,0.005,0.0,0.0,1493151597.192,
0.130,0.390,99.475,0.0,0.0,0.005,0.0,0.0,121576.600,147588715.200,0.0,0.0,3407.0,569.800,0.400,0.0,0.0,3540656128.0,1638400.0,34853175296.0,1.30384723968e+11,0.0,0.0,0.0,0.0,3406.200,569.800,0.130,0.385,99.480,0.0,0.0,0.005,1493151602.192,
0.150,0.545,99.285,0.010,0.0,0.010,0.0,2457.600,148965.800,179344726.200,0.0,0.0,4045.600,681.200,0.200,0.0,0.0,3540111360.0,1646592.0,34853175296.0,1.30385260544e+11,0.0,0.0,0.0,2457.600,4045.600,681.200,0.150,0.545,99.285,0.010,0.0,0.010,1493151607.192,
0.145,0.470,99.380,0.0,0.0,0.005,0.0,0.0,129522.600,161667143.0,0.0,0.0,3657.600,615.0,0.200,0.0,0.0,3541811200.0,1646592.0,34853175296.0,1.30383560704e+11,0.0,0.0,0.0,0.0,3657.600,615.0,0.145,0.475,99.375,0.0,0.0,0.005,1493151612.192,
0.165,0.575,99.250,0.005,0.0,0.005,0.0,2457.600,149917.0,186589411.0,0.0,0.0,4150.0,710.400,0.200,0.0,0.0,3557625856.0,1654784.0,34853175296.0,1.30367737856e+11,0.0,0.0,0.0,2457.600,4151.200,710.400,0.165,0.570,99.255,0.005,0.0,0.005,1493151617.192,
0.130,0.375,99.485,0.0,0.0,0.010,0.0,0.0,100262.600,142688535.0,0.0,0.0,2527.200,545.0,0.600,0.0,0.0,3528941568.0,1654784.0,34853175296.0,1.30396422144e+11,0.0,0.0,0.0,0.0,2526.400,545.400,0.130,0.380,99.480,0.0,0.0,0.010,1493151622.192,
0.160,0.470,99.355,0.005,0.0,0.010,0.0,3276.800,130757.800,168696362.800,0.0,0.0,3373.400,654.600,0.400,0.0,0.200,3543384064.0,1662976.0,34853175296.0,1.30381971456e+11,0.0,0.0,0.0,3276.800,3380.200,654.600,0.160,0.470,99.355,0.005,0.0,0.010,1493151627.192,
0.185,0.605,99.190,0.010,0.0,0.010,0.0,4915.200,138510.200,197044867.0,0.0,0.0,4145.0,681.600,0.0,0.0,0.0,3525255168.0,1671168.0,34853175296.0,1.3040009216e+11,0.0,0.0,0.0,4915.200,4137.800,681.200,0.185,0.600,99.195,0.010,0.0,0.010,1493151632.192,
0.155,0.480,99.360,0.0,0.0,0.005,0.0,0.0,135493.400,173993341.0,0.0,0.0,3922.400,614.400,0.200,0.0,0.0,3525873664.0,1671168.0,34853175296.0,1.30399473664e+11,0.0,0.0,0.0,0.0,3922.400,614.400,0.155,0.480,99.359,0.0,0.0,0.005,1493151637.192,
0.160,0.480,99.344,0.005,0.0,0.010,0.0,2457.600,149015.400,176950708.600,0.0,0.0,4222.0,648.600,0.200,0.0,0.0,3527278592.0,1679360.0,34853175296.0,1.30398060544e+11,0.0,0.0,0.0,2457.600,4222.0,648.600,0.165,0.480,99.339,0.005,0.0,0.010,1493151642.192,
0.180,0.540,99.269,0.0,0.0,0.010,0.0,0.0,185292.400,188409247.800,0.0,0.0,4921.400,713.600,0.400,0.0,0.0,3559723008.0,1679360.0,34853175296.0,1.30365616128e+11,0.0,0.0,0.0,0.0,4921.400,713.600,0.175,0.540,99.274,0.0,0.0,0.010,1493151647.192,
0.155,0.475,99.364,0.005,0.0,0.0,0.0,2457.600,154671.600,181313934.200,0.0,0.0,4342.400,649.200,0.400,0.0,0.0,3544453120.0,1687552.0,34853175296.0,1.30380877824e+11,0.0,0.0,0.0,2457.600,4350.400,649.400,0.155,0.480,99.359,0.005,0.0,0.0,1493151652.192,
0.145,0.480,99.374,0.0,0.0,0.0,0.0,0.0,140629.200,172943540.800,0.0,0.0,4009.800,635.800,0.0,0.0,0.0,3529162752.0,1687552.0,34853175296.0,1.30396168192e+11,0.0,0.0,0.0,0.0,4001.800,635.600,0.145,0.475,99.379,0.0,0.0,0.0,1493151657.192,
0.125,0.360,99.505,0.010,0.0,0.0,0.0,3276.800,106625.200,124570152.600,0.0,0.0,2939.600,520.800,0.400,0.0,0.0,3584200704.0,1695744.0,34853175296.0,1.30341122048e+11,0.0,0.0,0.0,3276.800,2940.0,521.200,0.125,0.365,99.500,0.010,0.0,0.0,1493151662.192,
0.135,0.465,99.380,0.005,0.0,0.015,0.0,2457.600,151820.200,170093486.800,0.0,0.0,4270.400,635.600,0.200,0.0,0.0,3552071680.0,1703936.0,34853179392.0,1.30373238784e+11,0.0,0.0,0.0,2457.600,4274.0,639.600,0.135,0.465,99.380,0.005,0.0,0.015,1493151667.192,
0.160,0.546,99.289,0.0,0.0,0.005,0.0,0.0,187892.600,200883893.800,0.0,0.0,5133.400,709.400,0.200,0.0,0.0,3529191424.0,1703936.0,34853179392.0,1.3039611904e+11,0.0,0.0,0.0,0.0,5129.400,705.400,0.160,0.546,99.289,0.0,0.0,0.005,1493151672.192,
0.150,0.475,99.355,0.010,0.0,0.010,0.0,2457.600,137475.800,168339376.800,0.0,0.0,3860.600,613.600,0.0,0.0,0.0,3546034176.0,1712128.0,34853179392.0,1.30379268096e+11,0.0,0.0,0.0,2457.600,3860.600,613.200,0.150,0.475,99.355,0.010,0.0,0.010,1493151677.192,
0.165,0.440,99.389,0.0,0.0,0.005,0.0,0.0,146251.200,172294065.0,0.0,0.0,4039.0,636.0,0.200,0.0,0.0,3547197440.0,1712128.0,34853179392.0,1.30378104832e+11,0.0,0.0,0.0,0.0,4049.600,636.0,0.165,0.440,99.389,0.0,0.0,0.005,1493151682.192,
0.155,0.490,99.334,0.010,0.0,0.010,0.0,2457.600,158405.600,177376941.600,0.0,0.0,4116.0,679.400,0.200,0.0,0.0,3574423552.0,1720320.0,34853179392.0,1.30350870528e+11,0.0,0.0,0.0,2457.600,4110.200,680.200,0.155,0.490,99.334,0.010,0.0,0.010,1493151687.192,
0.145,0.440,99.410,0.0,0.0,0.005,0.0,0.0,144452.800,166279198.0,0.0,0.0,3825.400,612.0,0.400,0.0,0.0,3529129984.0,1720320.0,34853179392.0,1.30396164096e+11,0.0,0.0,0.0,0.0,3820.600,611.200,0.145,0.435,99.415,0.0,0.0,0.005,1493151692.192,
0.160,0.526,99.299,0.005,0.0,0.010,0.0,4096.0,166805.800,190948078.0,0.0,0.0,4518.800,692.200,0.0,0.0,0.0,3559862272.0,1728512.0,34853179392.0,1.30365423616e+11,0.0,0.0,0.0,4096.0,4518.800,692.200,0.160,0.531,99.294,0.005,0.0,0.010,1493151697.192,
0.185,0.555,99.229,0.005,0.0,0.025,0.0,4915.200,188015.0,197255908.800,0.0,0.0,4972.0,720.400,0.600,0.0,0.0,3560321024.0,1736704.0,34853179392.0,1.30364956672e+11,0.0,0.0,0.0,4915.200,4972.0,720.400,0.185,0.555,99.229,0.005,0.0,0.025,1493151702.192,
0.225,0.731,99.034,0.0,0.0,0.010,0.0,0.0,221632.0,243173189.600,0.0,0.0,6061.800,866.600,0.200,0.0,0.0,3588743168.0,1736704.0,34853179392.0,1.30336534528e+11,0.0,0.0,0.0,0.0,6065.600,866.600,0.225,0.726,99.039,0.0,0.0,0.010,1493151707.192,
0.135,0.440,99.405,0.010,0.0,0.010,0.0,2457.600,147019.600,164895381.800,0.0,0.0,4077.200,609.0,0.400,0.0,0.0,3543928832.0,1744896.0,34853179392.0,1.30381340672e+11,0.0,0.0,0.0,2457.600,4073.800,609.400,0.140,0.440,99.400,0.010,0.0,0.010,1493151712.192,
0.130,0.375,99.485,0.0,0.0,0.010,0.0,0.0,137316.0,135227652.400,0.0,0.0,3639.200,539.400,0.400,0.0,0.0,3558150144.0,1744896.0,34853179392.0,1.3036711936e+11,0.0,0.0,0.0,0.0,3648.600,540.0,0.125,0.380,99.485,0.0,0.0,0.010,1493151717.192,
0.140,0.440,99.405,0.005,0.0,0.010,0.0,2457.600,131608.600,154756804.200,0.0,0.0,3845.0,617.200,0.400,0.0,0.200,3573563392.0,1753088.0,34853179392.0,1.3035169792e+11,0.0,0.0,0.0,2457.600,3843.0,617.0,0.140,0.440,99.405,0.005,0.0,0.010,1493151722.192,
0.140,0.481,99.354,0.015,0.0,0.010,0.0,3276.800,173928.0,176038076.600,0.0,0.0,4629.200,661.400,0.400,0.0,0.0,3535339520.0,1761280.0,34853179392.0,1.303899136e+11,0.0,0.0,0.0,3276.800,4621.800,661.0,0.140,0.481,99.354,0.015,0.0,0.010,1493151727.192,
0.160,0.511,99.314,0.005,0.0,0.010,0.0,3276.800,189522.200,179914563.0,0.0,0.0,4821.0,660.800,0.200,0.0,0.0,3530018816.0,1769472.0,34853179392.0,1.30395226112e+11,0.0,0.0,0.0,3276.800,4820.600,660.400,0.160,0.511,99.314,0.005,0.0,0.010,1493151732.192,
0.190,0.565,99.230,0.005,0.0,0.010,0.0,4915.200,150670.600,190736959.200,0.0,0.0,4452.400,701.200,0.400,0.0,0.0,3546935296.0,1777664.0,34853179392.0,1.3037830144e+11,0.0,0.0,0.0,4915.200,4460.0,701.600,0.190,0.560,99.235,0.005,0.0,0.010,1493151737.192,
0.175,0.550,99.269,0.0,0.0,0.005,0.0,0.0,155737.600,184469470.800,0.0,0.0,4375.800,690.200,0.400,0.0,0.0,3561799680.0,1777664.0,34853179392.0,1.30363437056e+11,0.0,0.0,0.0,0.0,4375.600,690.0,0.175,0.555,99.265,0.0,0.0,0.005,1493151742.192,
0.150,0.480,99.355,0.010,0.0,0.005,0.0,2457.600,145652.400,160383239.800,0.0,0.0,3845.0,624.200,0.600,0.0,0.0,3594113024.0,1785856.0,34853183488.0,1.30331111424e+11,0.0,0.0,0.0,2457.600,3838.400,624.400,0.150,0.485,99.350,0.010,0.0,0.005,1493151747.192,
0.155,0.470,99.370,0.0,0.0,0.005,0.0,0.0,139644.600,165540963.200,0.0,0.0,3822.400,597.200,0.400,0.0,0.0,3572469760.0,1785856.0,34853183488.0,1.30352754688e+11,0.0,0.0,0.0,0.0,3822.0,597.200,0.155,0.465,99.375,0.0,0.0,0.005,1493151752.192,
0.140,0.480,99.370,0.005,0.0,0.005,0.0,2457.600,131474.0,160117219.600,0.0,0.0,3713.0,618.400,0.800,0.0,0.0,3530924032.0,1794048.0,34853183488.0,1.30394292224e+11,0.0,0.0,0.0,2457.600,3712.600,618.0,0.140,0.480,99.370,0.005,0.0,0.005,1493151757.192,
0.010,0.010,99.980,0.0,0.0,0.0,0.0,819.200,3024.800,16187.0,0.0,0.0,133.600,142.0,0.0,0.0,0.0,3531702272.0,1794048.0,34853183488.0,1.30393513984e+11,0.0,0.0,0.0,819.200,133.600,142.0,0.010,0.005,99.985,0.0,0.0,0.0,1493151762.192,
