"Dstat 0.7.2 CSV output"
"Author:","Dag Wieers <dag@wieers.com>",,,,"URL:","http://dag.wieers.com/home-made/dstat/"
"Host:","osd1.skyhook-4osds.skyhook-pg0.wisc.cloudlab.us",,,,"User:","jlefevre"
"Cmdline:","dstat -av --epoch --integer --noheaders --output dstat-osd1.log 5",,,,"Date:","25 Apr 2017 14:10:17 CDT"

"total cpu usage",,,,,,"dsk/total",,"net/total",,"paging",,"system",,"procs",,,"memory usage",,,,"paging",,"dsk/total",,"system",,"total cpu usage",,,,,,"epoch"
"usr","sys","idl","wai","hiq","siq","read","writ","recv","send","in","out","int","csw","run","blk","new","used","buff","cach","free","in","out","read","writ","int","csw","usr","sys","idl","wai","hiq","siq","epoch"
0.070,0.565,99.185,0.175,0.0,0.005,1411481.600,11468.800,3216.600,13503.400,0.0,0.0,484.200,631.0,0.200,0.0,4.600,3469680640.0,1409024.0,132493312.0,1.65176610816e+11,0.0,0.0,1411481.600,11468.800,483.400,630.600,0.070,0.570,99.180,0.175,0.0,0.005,1493154472.192,
0.105,0.315,98.580,0.985,0.0,0.015,87435673.600,3276.800,35943.600,52934400.200,0.0,0.0,1812.0,1618.400,0.0,0.400,0.0,3646296064.0,1417216.0,569593856.0,1.64562886656e+11,0.0,0.0,87435673.600,3276.800,1821.800,1618.600,0.105,0.315,98.580,0.985,0.0,0.015,1493154477.192,
0.100,0.345,99.044,0.505,0.0,0.005,98597273.600,2457.600,69508.800,133222188.0,0.0,0.0,3047.0,1880.0,0.200,0.400,0.0,3505766400.0,1425408.0,1061814272.0,1.64211187712e+11,0.0,0.0,98806988.800,2457.600,3038.800,1882.600,0.100,0.345,99.039,0.510,0.0,0.005,1493154482.192,
0.110,0.410,98.979,0.480,0.0,0.020,115761152.0,0.0,53844.0,129425294.200,0.0,0.0,3048.0,2167.0,0.0,0.400,0.0,3458277376.0,1425408.0,1641693184.0,1.63678797824e+11,0.0,0.0,115551436.800,0.0,3046.400,2164.200,0.110,0.410,98.984,0.475,0.0,0.020,1493154487.192,
0.090,0.385,99.065,0.455,0.0,0.005,106351001.600,2457.600,40067.0,109114212.0,0.0,0.0,2578.400,1967.400,0.0,0.400,0.0,3469479936.0,1433600.0,2173640704.0,1.63135639552e+11,0.0,0.0,106586931.200,2457.600,2580.0,1969.600,0.090,0.385,99.065,0.455,0.0,0.005,1493154492.192,
0.150,0.495,98.644,0.680,0.0,0.030,144673996.800,0.0,80452.600,153408240.600,0.0,0.0,3801.600,2631.0,0.0,0.600,0.0,3456667648.0,1433600.0,2896719872.0,1.62425372672e+11,0.0,0.0,144438067.200,0.0,3800.0,2628.800,0.150,0.495,98.644,0.680,0.0,0.030,1493154497.192,
0.145,0.471,98.593,0.781,0.0,0.010,146666291.200,4096.0,70672.200,153364968.800,0.0,0.0,3721.800,2697.0,0.0,0.600,0.0,3456401408.0,1441792.0,3629920256.0,1.61692430336e+11,0.0,0.0,146666291.200,4096.0,3721.800,2697.0,0.145,0.471,98.593,0.781,0.0,0.010,1493154502.192,
0.090,0.350,99.084,0.460,0.0,0.015,101538201.600,819.200,52943.800,105219269.600,0.0,0.0,2687.400,1888.600,0.200,0.0,0.0,3473203200.0,1441792.0,4136972288.0,1.61168576512e+11,0.0,0.0,101538201.600,819.200,2696.0,1888.800,0.090,0.350,99.084,0.460,0.0,0.015,1493154507.192,
0.105,0.330,99.114,0.445,0.0,0.005,109066649.600,2457.600,53096.0,113029946.200,0.0,0.0,2743.600,2029.200,0.200,0.200,0.0,3467456512.0,1449984.0,4683694080.0,1.60627593216e+11,0.0,0.0,109250150.400,2457.600,2736.400,2031.400,0.105,0.330,99.109,0.450,0.0,0.005,1493154512.192,
0.160,0.455,98.584,0.791,0.0,0.010,140422348.800,0.0,79294.800,147480041.800,0.0,0.0,3678.800,2552.600,0.400,1.0,0.0,3465383936.0,1449984.0,5385183232.0,1.5992817664e+11,0.0,0.0,140422348.800,0.0,3678.800,2553.0,0.160,0.450,98.589,0.791,0.0,0.010,1493154517.192,
0.170,0.576,98.273,0.971,0.0,0.010,167949926.400,2457.600,112199.0,176987923.600,0.0,0.0,4601.200,3046.800,0.400,1.0,0.0,3459260416.0,1458176.0,6224154624.0,1.59095320576e+11,0.0,0.0,167766425.600,2457.600,4599.800,3044.0,0.170,0.576,98.278,0.966,0.0,0.010,1493154522.192,
0.090,0.335,99.089,0.470,0.0,0.015,108280217.600,0.0,78799.600,110843422.400,0.0,0.0,3076.0,2044.800,0.200,0.800,0.0,3482603520.0,1458176.0,6767144960.0,1.58528987136e+11,0.0,0.0,108516147.200,0.0,3077.800,2048.200,0.090,0.340,99.084,0.470,0.0,0.015,1493154527.192,
0.145,0.460,98.824,0.550,0.0,0.020,139924275.200,2457.600,104647.0,146698327.400,0.0,0.0,3787.0,2555.400,0.200,1.0,0.0,3479863296.0,1466368.0,7465226240.0,1.57833637888e+11,0.0,0.0,139688345.600,2457.600,3791.0,2552.600,0.150,0.455,98.824,0.550,0.0,0.020,1493154532.192,
0.135,0.470,98.880,0.510,0.0,0.005,126922752.0,0.0,69003.800,129238602.600,0.0,0.0,3306.800,2323.0,0.200,0.200,0.0,3496419328.0,1466368.0,8100413440.0,1.57181894656e+11,0.0,0.0,127027609.600,0.0,3307.200,2324.800,0.130,0.470,98.885,0.510,0.0,0.005,1493154537.192,
0.155,0.510,98.819,0.505,0.0,0.010,143845785.600,4096.0,107693.600,154449824.600,0.0,0.0,4110.600,2617.400,0.0,0.400,0.0,3482198016.0,1474560.0,8819265536.0,1.5647725568e+11,0.0,0.0,143740928.0,4096.0,4104.400,2615.0,0.155,0.510,98.819,0.505,0.0,0.010,1493154542.192,
0.145,0.495,98.804,0.536,0.0,0.020,149392588.800,4915.200,102724.200,154855477.600,0.0,0.0,4068.600,2771.200,0.200,0.600,0.0,3480485888.0,1482752.0,9566470144.0,1.55731755008e+11,0.0,0.0,149486796.800,4915.200,4069.400,2771.400,0.150,0.500,98.794,0.535,0.0,0.020,1493154547.192,
0.140,0.455,98.809,0.586,0.0,0.010,135856128.0,0.0,77224.0,139759792.800,0.0,0.0,3561.0,2478.200,0.600,0.200,0.0,3501830144.0,1482752.0,10245689344.0,1.55031191552e+11,0.0,0.0,135971635.200,0.0,3561.600,2480.200,0.135,0.451,98.814,0.591,0.0,0.010,1493154552.192,
0.135,0.451,98.924,0.476,0.0,0.015,137827123.200,2457.600,97999.200,147276626.0,0.0,0.0,3905.0,2548.600,0.200,0.200,0.0,3485294592.0,1490944.0,10934337536.0,1.5435907072e+11,0.0,0.0,137617408.0,2457.600,3908.200,2546.800,0.135,0.456,98.924,0.471,0.0,0.015,1493154557.192,
0.175,0.551,98.699,0.556,0.0,0.020,160768819.200,0.0,120287.0,164708926.200,0.0,0.0,4584.200,2913.0,0.200,0.400,0.0,3501551616.0,1490944.0,11738562560.0,1.53538588672e+11,0.0,0.0,160768819.200,0.0,4579.600,2912.600,0.175,0.551,98.699,0.556,0.0,0.020,1493154562.192,
0.175,0.651,98.284,0.881,0.0,0.010,177691852.800,2457.600,143193.600,191164760.0,0.0,0.0,5371.600,3209.400,0.0,0.600,0.0,3471118336.0,1499136.0,12627197952.0,1.52680378368e+11,0.0,0.0,177691852.800,2457.600,5371.600,3209.400,0.175,0.646,98.289,0.881,0.0,0.010,1493154567.192,
0.165,0.570,98.374,0.881,0.0,0.010,163589324.800,0.0,101865.400,168936822.200,0.0,0.0,4344.600,2962.0,0.200,0.400,0.0,3488964608.0,1499136.0,13445074944.0,1.51844655104e+11,0.0,0.0,163641753.600,0.0,4349.600,2963.800,0.165,0.575,98.369,0.881,0.0,0.010,1493154572.192,
0.180,0.661,98.223,0.921,0.0,0.015,186153369.600,3276.800,117872.800,191734091.400,0.0,0.0,4841.800,3327.600,0.200,0.0,0.0,3502620672.0,1507328.0,14375514112.0,1.5090055168e+11,0.0,0.0,186100940.800,3276.800,4836.800,3325.800,0.180,0.661,98.223,0.921,0.0,0.015,1493154577.192,
0.140,0.465,98.814,0.571,0.0,0.010,137560064.0,4915.200,84281.800,142941459.600,0.0,0.0,3703.600,2534.0,0.400,0.400,0.0,3504926720.0,1515520.0,15063318528.0,1.50210433024e+11,0.0,0.0,137717350.400,4915.200,3708.200,2536.0,0.140,0.460,98.814,0.576,0.0,0.010,1493154582.192,
0.130,0.391,98.984,0.486,0.0,0.010,126319820.800,0.0,81034.200,136390870.600,0.0,0.0,3394.800,2359.800,0.200,0.200,0.0,3483836416.0,1515520.0,15695015936.0,1.4959982592e+11,0.0,0.0,126346035.200,0.0,3391.600,2360.800,0.130,0.391,98.989,0.481,0.0,0.010,1493154587.192,
0.135,0.466,98.764,0.611,0.0,0.025,144737075.200,2457.600,91973.800,148806721.400,0.0,0.0,3628.600,2643.200,0.0,0.200,0.0,3506298880.0,1523712.0,16420462592.0,1.48851908608e+11,0.0,0.0,144789504.0,2457.600,3629.600,2643.400,0.135,0.465,98.759,0.616,0.0,0.025,1493154592.192,
0.185,0.580,98.504,0.706,0.0,0.025,166851379.200,0.0,110816.400,178532013.400,0.0,0.0,4267.0,3052.600,0.200,0.200,0.600,3489169408.0,1802240.0,17253298176.0,1.48035923968e+11,0.0,0.0,166615449.600,0.0,4264.600,3049.400,0.185,0.580,98.509,0.701,0.0,0.025,1493154597.192,
0.165,0.581,98.529,0.716,0.0,0.010,164779622.400,18841.600,122119.400,165428740.200,0.0,0.0,4619.200,3010.0,0.400,1.0,0.200,3528650752.0,1818624.0,18077880320.0,1.47171844096e+11,0.0,0.0,164989337.600,18841.600,4622.200,3013.0,0.165,0.581,98.529,0.716,0.0,0.010,1493154602.192,
0.125,0.400,98.909,0.551,0.0,0.015,120091443.200,0.0,125901.200,132461094.200,0.0,0.0,4126.600,2254.400,0.0,0.0,0.0,3487576064.0,1818624.0,18677424128.0,1.46613374976e+11,0.0,0.0,119881728.0,0.0,4123.600,2251.400,0.125,0.400,98.909,0.551,0.0,0.015,1493154607.192,
0.170,0.510,98.539,0.756,0.0,0.025,152307302.400,4096.0,122100.0,159268363.800,0.0,0.0,4547.800,2765.600,0.400,0.200,0.0,3487768576.0,1826816.0,19439255552.0,1.45851342848e+11,0.0,0.0,152307302.400,4096.0,4547.800,2765.600,0.170,0.510,98.539,0.756,0.0,0.025,1493154612.192,
0.165,0.571,98.248,1.006,0.0,0.010,167196262.400,4915.200,121898.800,169268943.800,0.0,0.0,4719.400,3046.800,0.0,0.200,0.0,3527995392.0,1835008.0,20275122176.0,1.44975241216e+11,0.0,0.0,167405977.600,4915.200,4721.0,3049.400,0.165,0.576,98.243,1.006,0.0,0.010,1493154617.192,
0.135,0.450,98.739,0.665,0.0,0.010,126136320.0,0.0,75985.0,134583611.0,0.0,0.0,3378.0,2305.400,0.200,0.200,0.0,3509346304.0,1835008.0,20905963520.0,1.4436304896e+11,0.0,0.0,125926604.800,0.0,3378.0,2303.0,0.135,0.445,98.744,0.665,0.0,0.010,1493154622.192,
0.150,0.491,98.678,0.671,0.0,0.010,155006566.400,2457.600,117499.0,158770969.200,0.0,0.0,4809.600,2849.800,0.400,1.0,0.200,3517632512.0,1843200.0,21681262592.0,1.43579455488e+11,0.0,0.0,155153203.200,2457.600,4809.0,2850.600,0.155,0.496,98.668,0.671,0.0,0.010,1493154627.192,
0.135,0.395,99.004,0.455,0.0,0.010,121428377.600,0.0,94073.200,130862126.600,0.0,0.0,3758.600,2253.200,0.600,0.400,0.0,3505213440.0,1843200.0,22287192064.0,1.42985945088e+11,0.0,0.0,121281740.800,0.0,3761.0,2252.800,0.130,0.390,99.014,0.455,0.0,0.010,1493154632.192,
0.160,0.526,98.648,0.661,0.0,0.005,166409830.400,12288.0,133556.800,171837377.600,0.0,0.0,4997.200,3002.800,0.200,0.200,0.0,3519881216.0,1851392.0,23120031744.0,1.4213842944e+11,0.0,0.0,166409830.400,12288.0,4993.800,3002.200,0.160,0.526,98.648,0.661,0.0,0.005,1493154637.192,
0.125,0.455,98.944,0.470,0.0,0.005,133690982.400,0.0,93060.600,142574454.800,0.0,0.0,3835.0,2461.400,0.400,0.200,0.0,3500470272.0,1851392.0,23788044288.0,1.4148982784e+11,0.0,0.0,133900697.600,0.0,3838.0,2464.0,0.125,0.455,98.939,0.475,0.0,0.005,1493154642.192,
0.135,0.476,98.944,0.436,0.0,0.010,153853952.0,3276.800,92768.0,154858108.200,0.0,0.0,4053.0,2802.600,0.400,0.400,0.0,3538386944.0,1859584.0,24557174784.0,1.4068277248e+11,0.0,0.0,153790873.600,3276.800,4052.0,2801.0,0.140,0.476,98.944,0.431,0.0,0.010,1493154647.192,
0.150,0.560,98.599,0.665,0.0,0.025,152952012.800,4915.200,127369.600,167106420.200,0.0,0.0,4829.0,2771.0,0.600,1.0,0.0,3495313408.0,1867776.0,25322221568.0,1.3996079104e+11,0.0,0.0,152936448.0,4915.200,4828.200,2772.600,0.145,0.565,98.594,0.670,0.0,0.025,1493154652.192,
0.165,0.521,98.768,0.541,0.0,0.005,172140134.400,0.0,108916.400,176945999.200,0.0,0.0,4664.800,3104.400,0.400,0.400,0.0,3515838464.0,1867776.0,26183667712.0,1.3907881984e+11,0.0,0.0,172192563.200,0.0,4664.800,3104.0,0.165,0.516,98.778,0.536,0.0,0.005,1493154657.192,
0.200,0.716,98.327,0.736,0.0,0.020,214111846.400,2457.600,198087.200,227100436.400,0.0,0.0,6727.800,3906.600,0.400,0.400,0.0,3501719552.0,1875968.0,27254575104.0,1.38022023168e+11,0.0,0.0,214111846.400,2457.600,6728.200,3907.400,0.200,0.721,98.322,0.736,0.0,0.020,1493154662.192,
0.100,0.350,99.274,0.275,0.0,0.0,106534502.400,0.0,100930.0,109145821.200,0.0,0.0,3598.400,1995.800,0.400,0.200,0.0,3516456960.0,1875968.0,27786383360.0,1.37475477504e+11,0.0,0.0,106534502.400,0.0,3598.0,1995.0,0.100,0.345,99.279,0.275,0.0,0.0,1493154667.192,
0.140,0.495,98.824,0.530,0.0,0.010,138508697.600,2457.600,137491.600,146597626.600,0.0,0.0,4689.400,2548.400,0.200,0.200,0.0,3505623040.0,1884160.0,28478111744.0,1.36794574848e+11,0.0,0.0,138325196.800,2457.600,4698.0,2546.400,0.140,0.495,98.824,0.530,0.0,0.010,1493154672.192,
0.120,0.391,99.094,0.391,0.0,0.005,133911347.200,0.0,104201.200,130186914.200,0.0,0.0,3984.400,2468.200,0.600,0.600,0.0,3571986432.0,1884160.0,29148803072.0,1.36057520128e+11,0.0,0.0,134121062.400,0.0,3981.600,2471.0,0.120,0.391,99.094,0.391,0.0,0.005,1493154677.192,
0.160,0.481,98.693,0.661,0.0,0.005,159421235.200,4096.0,130006.200,171448986.0,0.0,0.0,5070.800,2907.400,0.0,0.200,0.0,3536748544.0,1892352.0,29945716736.0,1.3529583616e+11,0.0,0.0,159211520.0,4096.0,5067.600,2904.600,0.160,0.481,98.693,0.661,0.0,0.005,1493154682.192,
0.130,0.481,98.844,0.536,0.0,0.010,146666291.200,4915.200,127907.400,157668270.800,0.0,0.0,4789.600,2697.0,0.0,0.800,0.0,3524984832.0,1900544.0,30678224896.0,1.3457508352e+11,0.0,0.0,146666291.200,4915.200,4786.600,2697.0,0.130,0.486,98.839,0.536,0.0,0.010,1493154687.192,
0.165,0.521,98.578,0.721,0.0,0.015,164087398.400,0.0,130658.0,172883490.0,0.0,0.0,5035.800,2969.600,0.0,0.400,0.0,3512324096.0,1900544.0,31499173888.0,1.33766795264e+11,0.0,0.0,164270899.200,0.0,5036.400,2972.200,0.165,0.516,98.583,0.721,0.0,0.015,1493154692.192,
0.120,0.435,98.949,0.480,0.0,0.015,134886195.200,2457.600,88079.600,141573642.600,0.0,0.0,3890.600,2469.200,0.200,0.0,0.0,3510112256.0,1908736.0,32173334528.0,1.33094838272e+11,0.0,0.0,134702694.400,2457.600,3889.200,2466.400,0.120,0.440,98.944,0.480,0.0,0.015,1493154697.192,
0.160,0.651,98.408,0.761,0.0,0.020,181613363.200,0.0,155956.800,188758720.400,0.0,0.0,5785.800,3293.400,0.400,1.0,0.0,3519201280.0,1908736.0,33082478592.0,1.32176605184e+11,0.0,0.0,181823078.400,0.0,5787.0,3295.800,0.160,0.651,98.408,0.761,0.0,0.020,1493154702.192,
0.150,0.470,98.939,0.435,0.0,0.005,131462758.400,2457.600,110586.600,136997526.800,0.0,0.0,4168.800,2414.0,0.0,0.400,0.0,3531849728.0,1916928.0,33738526720.0,1.31507900416e+11,0.0,0.0,131253043.200,2457.600,4167.600,2411.600,0.150,0.465,98.944,0.435,0.0,0.005,1493154707.192,
0.140,0.450,98.824,0.576,0.0,0.010,132312268.800,0.0,101356.400,137326582.200,0.0,0.0,4053.600,2444.200,0.200,0.0,0.0,3529371648.0,1916928.0,34400890880.0,1.30848014336e+11,0.0,0.0,132495769.600,0.0,4054.600,2446.600,0.140,0.455,98.819,0.576,0.0,0.010,1493154712.192,
0.095,0.345,99.099,0.450,0.0,0.010,90507673.600,3276.800,97878.400,97329357.0,0.0,0.0,3457.600,1729.400,0.400,0.0,0.0,3516256256.0,1925120.0,34853236736.0,1.3040877568e+11,0.0,0.0,90324172.800,3276.800,3456.600,1727.0,0.095,0.340,99.104,0.450,0.0,0.010,1493154717.192,
