"Dstat 0.7.2 CSV output"
"Author:","Dag Wieers <dag@wieers.com>",,,,"URL:","http://dag.wieers.com/home-made/dstat/"
"Host:","client0.skyhook-4osds.skyhook-pg0.wisc.cloudlab.us",,,,"User:","jlefevre"
"Cmdline:","dstat -av --epoch --integer --noheaders --output dstat-client0.log 5",,,,"Date:","25 Apr 2017 14:10:01 CDT"

"total cpu usage",,,,,,"dsk/total",,"net/total",,"paging",,"system",,"procs",,,"memory usage",,,,"paging",,"dsk/total",,"system",,"total cpu usage",,,,,,"epoch"
"usr","sys","idl","wai","hiq","siq","read","writ","recv","send","in","out","int","csw","run","blk","new","used","buff","cach","free","in","out","read","writ","int","csw","usr","sys","idl","wai","hiq","siq","epoch"
0.085,0.025,99.859,0.025,0.0,0.005,0.0,12288.0,46654.0,4557.600,0.0,0.0,1789.600,7445.200,0.0,0.0,0.600,5474729984.0,196038656.0,1.47420725248e+11,15688699904.0,0.0,0.0,0.0,12288.0,1789.600,7444.400,0.085,0.025,99.859,0.025,0.0,0.005,1493150751.201,
0.206,0.688,99.040,0.020,0.0,0.045,0.0,30310.400,72606871.800,62481.600,0.0,0.0,3562.200,8088.600,0.800,0.0,5.800,5671149568.0,196050944.0,1.47420721152e+11,15492272128.0,0.0,0.0,0.0,30310.400,3567.400,8090.0,0.211,0.703,99.021,0.020,0.0,0.045,1493150756.201,
0.769,4.461,94.182,0.116,0.0,0.472,0.0,135987.200,550830416.0,223364.0,0.0,0.0,14711.400,10987.200,2.400,0.0,0.200,5672226816.0,196120576.0,1.474208768e+11,15490969600.0,0.0,0.0,0.0,135987.200,14706.200,10987.0,0.769,4.458,94.185,0.116,0.0,0.472,1493150761.201,
0.645,4.140,94.793,0.121,0.0,0.302,0.0,117145.600,487503553.600,205404.0,0.0,0.0,12066.800,10889.600,2.200,0.400,0.0,5665951744.0,196145152.0,1.4742110208e+11,15496994816.0,0.0,0.0,0.0,117145.600,12068.600,10894.0,0.645,4.135,94.798,0.121,0.0,0.302,1493150766.201,
0.720,3.856,94.997,0.116,0.0,0.312,0.0,123699.200,519245854.0,185857.400,0.0,0.0,11628.400,11151.800,2.600,0.0,0.0,5664493568.0,196177920.0,1.4742130688e+11,15498215424.0,0.0,0.0,0.0,123699.200,11629.400,11152.800,0.715,3.860,94.997,0.116,0.0,0.312,1493150771.201,
0.714,4.104,94.709,0.131,0.0,0.342,0.0,156467.200,522857613.400,240348.0,0.0,0.0,13320.600,11890.200,2.800,0.0,0.0,5661605888.0,196251648.0,1.47421487104e+11,15500849152.0,0.0,0.0,0.0,156467.200,13318.600,11885.600,0.714,4.100,94.713,0.131,0.0,0.342,1493150776.201,
0.674,4.136,94.711,0.116,0.0,0.362,0.0,134348.800,499779300.600,194366.0,0.0,0.0,11835.0,10894.0,1.400,0.200,0.0,5657378816.0,196313088.0,1.47421732864e+11,15504769024.0,0.0,0.0,0.0,134348.800,11842.800,10893.0,0.674,4.140,94.702,0.121,0.0,0.362,1493150781.201,
0.684,4.154,94.684,0.106,0.0,0.372,0.0,112230.400,548899693.600,225910.600,0.0,0.0,12170.200,11717.0,1.800,0.0,0.200,5661339648.0,196349952.0,1.47421954048e+11,15500550144.0,0.0,0.0,0.0,112230.400,12164.600,11719.600,0.684,4.145,94.698,0.101,0.0,0.372,1493150786.201,
0.719,4.226,94.493,0.136,0.0,0.427,0.0,133529.600,542673561.400,214223.800,0.0,0.0,13629.0,11307.600,2.0,0.0,0.0,5658050560.0,196395008.0,1.47422154752e+11,15503593472.0,0.0,0.0,0.0,133529.600,13627.0,11304.800,0.718,4.235,94.484,0.136,0.0,0.427,1493150791.201,
0.698,4.022,94.677,0.121,0.0,0.482,0.0,134348.800,537358064.800,185732.0,0.0,0.0,11623.600,11045.200,2.200,0.0,0.0,5670580224.0,196431872.0,1.47422363648e+11,15490818048.0,0.0,0.0,0.0,134348.800,11626.400,11046.200,0.703,4.022,94.672,0.121,0.0,0.482,1493150796.201,
0.795,4.332,94.355,0.151,0.0,0.367,0.0,161382.400,632631664.200,289878.200,0.0,0.0,14141.200,14198.200,1.600,0.0,0.0,5663678464.0,196489216.0,1.47422593024e+11,15497433088.0,0.0,0.0,0.0,161382.400,14147.800,14209.600,0.790,4.327,94.360,0.151,0.0,0.372,1493150801.201,
0.689,4.297,94.496,0.111,0.0,0.407,0.0,118784.0,544919882.0,241614.800,0.0,0.0,12404.0,11932.800,2.0,0.200,0.0,5662244864.0,196521984.0,1.47422846976e+11,15498579968.0,0.0,0.0,0.0,118784.0,12403.600,11920.800,0.694,4.293,94.501,0.111,0.0,0.402,1493150806.201,
0.659,4.103,94.865,0.101,0.0,0.272,0.0,131891.200,485588800.800,180332.400,0.0,0.0,11242.400,10807.600,1.400,0.0,0.0,5669658624.0,196550656.0,1.47423055872e+11,15490928640.0,0.0,0.0,0.0,131891.200,11232.600,10806.800,0.654,4.108,94.865,0.101,0.0,0.272,1493150811.201,
0.710,3.931,94.957,0.096,0.0,0.307,0.0,138444.800,505084276.0,201272.800,0.0,0.0,11694.200,11009.800,2.200,0.0,0.0,5684428800.0,196571136.0,1.4742325248e+11,15475941376.0,0.0,0.0,0.0,138444.800,11698.800,11008.800,0.715,3.926,94.957,0.096,0.0,0.307,1493150816.201,
0.710,3.998,94.900,0.111,0.0,0.282,0.0,152371.200,537684950.200,237950.200,0.0,0.0,12458.0,11704.200,2.400,0.0,0.200,5667495936.0,196616192.0,1.4742345728e+11,15492624384.0,0.0,0.0,0.0,152371.200,12463.200,11712.800,0.710,4.007,94.891,0.111,0.0,0.282,1493150821.201,
0.668,3.819,94.970,0.065,0.0,0.477,0.0,105676.800,518789832.200,216407.0,0.0,0.0,11587.200,11832.0,2.0,0.200,0.0,5676290048.0,196640768.0,1.47423719424e+11,15483543552.0,0.0,0.0,0.0,105676.800,11584.400,11829.200,0.668,3.820,94.969,0.065,0.0,0.477,1493150826.201,
0.698,4.142,94.472,0.146,0.0,0.542,0.0,130252.800,592480747.600,250375.600,0.0,0.0,13170.200,12603.200,1.600,0.0,0.0,5686607872.0,196665344.0,1.47423936512e+11,15472984064.0,0.0,0.0,0.0,130252.800,13163.0,12597.200,0.693,4.137,94.482,0.146,0.0,0.542,1493150831.201,
0.694,4.008,94.719,0.126,0.0,0.453,0.0,131891.200,572104447.0,247176.400,0.0,0.0,13054.600,12664.0,2.0,0.0,0.0,5667864576.0,196702208.0,1.47424141312e+11,15491485696.0,0.0,0.0,0.0,131891.200,13057.200,12663.600,0.694,4.009,94.719,0.126,0.0,0.453,1493150836.201,
0.664,3.831,94.977,0.136,0.0,0.392,0.0,152371.200,547908531.600,233593.600,0.0,0.0,12282.600,11840.800,2.0,0.0,0.0,5665484800.0,196726784.0,1.47424354304e+11,15493627904.0,0.0,0.0,0.0,152371.200,12280.600,11840.800,0.664,3.831,94.977,0.136,0.0,0.392,1493150841.201,
0.820,4.098,94.635,0.070,0.0,0.377,0.0,131072.0,692548127.400,350562.0,0.0,0.0,14944.800,15607.200,1.800,0.200,0.0,5677686784.0,196747264.0,1.47424608256e+11,15481151488.0,0.0,0.0,0.0,131072.0,14948.200,15615.600,0.825,4.098,94.625,0.075,0.0,0.377,1493150846.201,
0.759,3.896,94.852,0.121,0.0,0.372,0.0,123699.200,592353325.800,261469.200,0.0,0.0,13203.600,12953.400,2.0,0.0,0.0,5668413440.0,196784128.0,1.47424858112e+11,15490138112.0,0.0,0.0,0.0,123699.200,13211.600,12964.0,0.759,3.896,94.857,0.116,0.0,0.372,1493150851.201,
0.795,4.249,94.518,0.086,0.0,0.352,0.0,133529.600,646510035.0,337566.800,0.0,0.0,15024.800,13976.600,2.0,0.0,0.0,5682798592.0,196833280.0,1.47425083392e+11,15475478528.0,0.0,0.0,0.0,133529.600,15016.0,13960.800,0.795,4.254,94.513,0.086,0.0,0.352,1493150856.201,
0.830,4.434,94.257,0.101,0.0,0.377,0.0,131891.200,631914169.0,311189.800,0.0,0.0,14764.800,13423.0,2.600,0.0,0.0,5666082816.0,196902912.0,1.47425288192e+11,15491919872.0,0.0,0.0,0.0,131891.200,14767.400,13428.0,0.825,4.434,94.262,0.101,0.0,0.377,1493150861.201,
0.770,3.868,94.879,0.141,0.0,0.342,0.0,152371.200,587767632.0,299944.200,0.0,0.0,13422.200,13094.400,1.800,0.0,0.0,5666762752.0,196960256.0,1.47425513472e+11,15490957312.0,0.0,0.0,0.0,152371.200,13429.0,13102.0,0.770,3.868,94.879,0.141,0.0,0.342,1493150866.201,
0.779,3.776,95.063,0.075,0.0,0.307,0.0,109772.800,639456142.800,346776.200,0.0,0.0,14614.200,15044.600,1.800,0.200,0.0,5688193024.0,196980736.0,1.47425783808e+11,15469236224.0,0.0,0.0,0.0,109772.800,14604.400,15038.0,0.784,3.771,95.063,0.075,0.0,0.307,1493150871.201,
0.760,3.889,94.944,0.106,0.0,0.302,0.0,132710.400,617852551.600,299314.600,0.0,0.0,14286.600,13343.600,2.0,0.0,0.0,5670694912.0,197021696.0,1.4742601728e+11,15486459904.0,0.0,0.0,0.0,132710.400,14299.600,13340.800,0.755,3.894,94.944,0.106,0.0,0.302,1493150876.201,
0.820,4.363,94.238,0.131,0.0,0.448,0.0,137625.600,648432433.400,351133.400,0.0,0.0,16074.0,14402.0,1.800,0.0,0.0,5675323392.0,197046272.0,1.4742622208e+11,15481602048.0,0.0,0.0,0.0,137625.600,16060.800,14403.600,0.820,4.359,94.242,0.131,0.0,0.448,1493150881.201,
0.740,4.058,94.568,0.368,0.0,0.267,0.0,5370675.200,516012607.200,208899.800,0.0,0.0,12461.600,11309.200,2.400,0.200,0.0,5670572032.0,197152768.0,1.47419070464e+11,15493398528.0,0.0,0.0,0.0,5370675.200,12459.200,11305.200,0.745,4.058,94.563,0.368,0.0,0.267,1493150886.201,
0.755,4.067,94.719,0.106,0.0,0.352,0.0,113868.800,596493183.800,271437.0,0.0,0.0,13311.0,13218.800,2.400,0.200,0.0,5675335680.0,197185536.0,1.47419078656e+11,15488593920.0,0.0,0.0,0.0,113868.800,13310.600,13215.0,0.750,4.068,94.724,0.106,0.0,0.352,1493150891.201,
0.735,3.624,95.183,0.116,0.0,0.342,0.0,128614.400,588697565.600,310206.600,0.0,0.0,13087.400,13508.400,2.400,0.0,0.0,5660786688.0,197214208.0,1.47419295744e+11,15502897152.0,0.0,0.0,0.0,128614.400,13102.0,13521.400,0.740,3.629,95.174,0.116,0.0,0.342,1493150896.201,
0.860,3.723,94.894,0.091,0.0,0.433,0.0,163020.800,689989571.800,430413.600,0.0,0.0,16021.400,16925.0,2.400,0.0,0.0,5666328576.0,197263360.0,1.47419496448e+11,15497105408.0,0.0,0.0,0.0,163020.800,16010.400,16919.600,0.855,3.727,94.889,0.091,0.0,0.438,1493150901.201,
0.796,4.049,94.683,0.106,0.0,0.368,0.0,162201.600,585248707.800,331441.400,0.0,0.0,14699.0,14020.400,2.200,0.0,0.0,5672386560.0,197320704.0,1.47419721728e+11,15490764800.0,0.0,0.0,0.0,162201.600,14696.200,14013.600,0.801,4.034,94.697,0.106,0.0,0.363,1493150906.201,
0.720,3.853,95.059,0.096,0.0,0.272,0.0,121241.600,534654950.0,236534.400,0.0,0.0,13003.400,11476.800,1.600,0.200,0.0,5693214720.0,197353472.0,1.47419987968e+11,15469637632.0,0.0,0.0,0.0,121241.600,13013.400,11478.200,0.720,3.853,95.054,0.096,0.0,0.277,1493150911.201,
0.809,4.038,94.450,0.121,0.0,0.583,0.0,138444.800,643457226.400,330000.600,0.0,0.0,14893.0,14471.400,2.0,0.200,0.0,5668315136.0,197398528.0,1.47420213248e+11,15494266880.0,0.0,0.0,0.0,138444.800,14887.200,14472.800,0.804,4.048,94.445,0.121,0.0,0.583,1493150916.201,
0.799,3.580,95.178,0.065,0.0,0.377,0.0,140083.200,661810584.200,398267.800,0.0,0.0,14510.0,16625.200,1.600,0.0,0.0,5666316288.0,197419008.0,1.4742044672e+11,15496011776.0,0.0,0.0,0.0,140083.200,14515.600,16632.0,0.799,3.580,95.178,0.065,0.0,0.377,1493150921.201,
0.769,4.274,94.515,0.050,0.0,0.392,0.0,140902.400,652857402.0,321659.0,0.0,0.0,14650.800,13877.0,2.200,0.0,0.0,5674156032.0,197439488.0,1.47420684288e+11,15487913984.0,0.0,0.0,0.0,140902.400,14640.200,13867.800,0.774,4.269,94.519,0.050,0.0,0.387,1493150926.201,
0.814,4.251,94.362,0.126,0.0,0.447,0.0,163020.800,656941733.200,371941.800,0.0,0.0,15420.600,15136.0,3.400,0.0,0.0,5656051712.0,197459968.0,1.47420905472e+11,15505776640.0,0.0,0.0,0.0,163020.800,15433.400,15149.200,0.809,4.256,94.362,0.126,0.0,0.447,1493150931.201,
0.806,4.162,94.568,0.136,0.0,0.328,0.0,116326.400,593046367.200,343180.400,0.0,0.0,14328.600,14264.0,2.0,0.200,0.0,5699035136.0,197468160.0,1.47421175808e+11,15462514688.0,0.0,0.0,0.0,116326.400,14321.400,14258.0,0.806,4.162,94.568,0.136,0.0,0.328,1493150936.201,
0.735,3.903,94.919,0.101,0.0,0.342,0.0,128614.400,552708647.0,288860.400,0.0,0.0,12837.800,12874.400,2.200,0.0,0.0,5676785664.0,197541888.0,1.47421401088e+11,15484465152.0,0.0,0.0,0.0,128614.400,12840.0,12873.200,0.740,3.907,94.909,0.101,0.0,0.342,1493150941.201,
0.790,4.214,94.628,0.040,0.0,0.327,0.0,136806.400,591934873.400,306954.800,0.0,0.0,14715.200,13593.400,1.800,0.0,0.0,5691105280.0,197570560.0,1.47421605888e+11,15469912064.0,0.0,0.0,0.0,136806.400,14707.800,13590.400,0.791,4.210,94.632,0.040,0.0,0.327,1493150946.201,
0.766,4.133,94.693,0.111,0.0,0.297,0.0,163020.800,590291082.800,279628.400,0.0,0.0,13830.0,13707.400,2.600,0.0,0.0,5679259648.0,197619712.0,1.47421822976e+11,15481491456.0,0.0,0.0,0.0,163020.800,13831.800,13708.400,0.771,4.128,94.693,0.111,0.0,0.297,1493150951.201,
0.764,3.560,95.223,0.091,0.0,0.362,0.0,135168.0,614109243.600,355376.800,0.0,0.0,14029.200,14459.0,2.200,0.200,0.0,5679255552.0,197681152.0,1.47422052352e+11,15481204736.0,0.0,0.0,0.0,135168.0,14028.400,14453.600,0.754,3.556,95.237,0.091,0.0,0.362,1493150956.201,
0.798,3.796,94.808,0.105,0.0,0.492,0.0,115507.200,681418052.800,339323.600,0.0,0.0,14906.600,15064.600,2.600,0.0,0.0,5679161344.0,197693440.0,1.47422302208e+11,15481036800.0,0.0,0.0,0.0,115507.200,14909.200,15065.800,0.803,3.801,94.799,0.105,0.0,0.492,1493150961.201,
0.911,4.122,94.469,0.096,0.0,0.403,0.0,134348.800,746033938.400,509782.0,0.0,0.0,18055.0,19333.0,2.0,0.0,0.0,5663657984.0,197730304.0,1.47422531584e+11,15496273920.0,0.0,0.0,0.0,134348.800,18058.800,19342.400,0.906,4.117,94.478,0.096,0.0,0.403,1493150966.201,
0.791,3.815,94.950,0.121,0.0,0.323,0.0,140083.200,607090834.600,385635.0,0.0,0.0,15595.0,14933.600,1.400,0.0,0.0,5676945408.0,197779456.0,1.4742274048e+11,15482728448.0,0.0,0.0,0.0,140083.200,15601.400,14932.400,0.796,3.815,94.945,0.121,0.0,0.323,1493150971.201,
0.720,4.008,94.789,0.111,0.0,0.373,0.0,157286.400,543528267.600,274808.400,0.0,0.0,13609.0,12827.800,2.0,0.0,0.0,5679710208.0,197795840.0,1.47422978048e+11,15479709696.0,0.0,0.0,0.0,157286.400,13602.200,12832.400,0.720,4.008,94.789,0.111,0.0,0.373,1493150976.201,
0.846,3.942,94.639,0.101,0.0,0.473,0.0,122880.0,616878207.400,383758.800,0.0,0.0,15733.800,15127.400,2.0,0.200,0.0,5673943040.0,197828608.0,1.47423215616e+11,15485206528.0,0.0,0.0,0.0,122880.0,15735.800,15113.800,0.846,3.951,94.624,0.101,0.0,0.478,1493150981.201,
0.766,3.820,95.036,0.111,0.0,0.267,0.0,141721.600,574957355.600,337116.800,0.0,0.0,14472.0,13881.600,1.800,0.0,0.0,5678190592.0,197869568.0,1.47423444992e+11,15480688640.0,0.0,0.0,0.0,141721.600,14462.600,13881.200,0.766,3.811,95.050,0.111,0.0,0.262,1493150986.201,
0.873,3.970,94.789,0.081,0.0,0.288,0.0,141721.600,635909414.0,424575.800,0.0,0.0,16565.400,16285.0,1.800,0.0,0.0,5681700864.0,197910528.0,1.474236416e+11,15476940800.0,0.0,0.0,0.0,141721.600,16566.200,16292.200,0.868,3.980,94.785,0.081,0.0,0.288,1493150991.201,
0.760,3.555,95.277,0.121,0.0,0.287,0.0,179404.800,553153014.600,262522.400,0.0,0.0,12561.600,12966.600,2.0,0.0,0.600,5689679872.0,197931008.0,1.47423870976e+11,15468711936.0,0.0,0.0,0.0,179404.800,12561.200,12962.200,0.760,3.550,95.282,0.121,0.0,0.287,1493150996.201,
0.794,3.596,94.937,0.146,0.0,0.527,0.0,117964.800,661945477.800,395421.800,0.0,0.0,15194.0,16040.200,1.600,0.200,0.200,5674106880.0,197947392.0,1.47424120832e+11,15484018688.0,0.0,0.0,0.0,117964.800,15204.600,16052.400,0.798,3.596,94.933,0.146,0.0,0.527,1493151001.201,
0.715,3.241,95.637,0.116,0.0,0.292,0.0,142540.800,524384477.0,324359.400,0.0,0.0,13094.0,14553.0,1.200,0.0,1.0,5488328704.0,197988352.0,1.47424366592e+11,15669510144.0,0.0,0.0,0.0,142540.800,13083.400,14542.0,0.715,3.236,95.642,0.116,0.0,0.292,1493151006.201,
