"Dstat 0.7.2 CSV output"
"Author:","Dag Wieers <dag@wieers.com>",,,,"URL:","http://dag.wieers.com/home-made/dstat/"
"Host:","osd1.skyhook-4osds.skyhook-pg0.wisc.cloudlab.us",,,,"User:","jlefevre"
"Cmdline:","dstat -av --epoch --integer --noheaders --output dstat-osd1.log 5",,,,"Date:","25 Apr 2017 14:10:17 CDT"

"total cpu usage",,,,,,"dsk/total",,"net/total",,"paging",,"system",,"procs",,,"memory usage",,,,"paging",,"dsk/total",,"system",,"total cpu usage",,,,,,"epoch"
"usr","sys","idl","wai","hiq","siq","read","writ","recv","send","in","out","int","csw","run","blk","new","used","buff","cach","free","in","out","read","writ","int","csw","usr","sys","idl","wai","hiq","siq","epoch"
0.160,1.115,98.509,0.215,0.0,0.0,1419673.600,23756.800,4894.400,15420.800,0.0,0.0,772.200,889.0,0.400,0.200,13.800,3468537856.0,1224704.0,132485120.0,1.65177946112e+11,0.0,0.0,1419673.600,23756.800,772.200,889.0,0.160,1.115,98.509,0.215,0.0,0.0,1493152612.192,
0.010,0.005,99.970,0.015,0.0,0.0,819.200,3276.800,2375.0,12297.600,0.0,0.0,136.200,139.600,0.0,0.0,0.0,3466346496.0,1232896.0,132513792.0,1.65180100608e+11,0.0,0.0,819.200,3276.800,136.200,139.600,0.010,0.0,99.975,0.015,0.0,0.0,1493152617.192,
0.145,0.516,98.108,1.222,0.0,0.010,138213785.600,2457.600,112920.400,144591240.400,0.0,0.0,4261.600,2581.600,0.200,1.600,0.200,3463430144.0,1241088.0,822353920.0,1.6449316864e+11,0.0,0.0,138213785.600,2457.600,4262.0,2581.600,0.145,0.521,98.103,1.221,0.0,0.010,1493152622.192,
0.095,0.305,99.265,0.330,0.0,0.005,90256179.200,3276.800,52576.0,94408427.600,0.0,0.0,2569.0,1737.200,0.0,0.400,0.0,3460370432.0,1249280.0,1274298368.0,1.64044275712e+11,0.0,0.0,90256179.200,3276.800,2568.600,1737.200,0.095,0.305,99.265,0.330,0.0,0.005,1493152627.192,
0.115,0.400,98.980,0.495,0.0,0.010,112820224.0,2457.600,67061.600,114010880.0,0.0,0.0,2740.400,2119.200,0.0,0.0,0.0,3488665600.0,1257472.0,1839124480.0,1.6345114624e+11,0.0,0.0,112820224.0,2457.600,2743.600,2119.600,0.115,0.400,98.980,0.495,0.0,0.010,1493152632.192,
0.095,0.355,99.195,0.345,0.0,0.010,104358707.200,0.0,43903.0,110721026.0,0.0,0.0,2542.400,1964.200,0.0,0.0,0.0,3475415040.0,1257472.0,2360287232.0,1.62943234048e+11,0.0,0.0,104358707.200,0.0,2539.200,1963.800,0.095,0.350,99.199,0.345,0.0,0.010,1493152637.192,
0.150,0.570,98.724,0.545,0.0,0.010,155127808.0,4096.0,85284.200,164366650.600,0.0,0.0,3737.0,2844.800,0.200,0.0,0.0,3460452352.0,1265664.0,3136032768.0,1.62182443008e+11,0.0,0.0,155127808.0,4096.0,3737.400,2844.800,0.150,0.570,98.724,0.545,0.0,0.010,1493152642.192,
0.140,0.470,98.840,0.545,0.0,0.005,126922752.0,1638.400,84998.200,132967392.0,0.0,0.0,3173.400,2407.600,0.200,0.600,0.0,3458301952.0,1265664.0,3771023360.0,1.61549602816e+11,0.0,0.0,126922752.0,1638.400,3174.0,2410.400,0.140,0.475,98.835,0.545,0.0,0.005,1493152647.192,
0.100,0.325,99.214,0.350,0.0,0.010,107179212.800,8192.0,72869.800,108413048.800,0.0,0.0,2602.800,1999.800,0.0,0.400,0.0,3474739200.0,1273856.0,4306219008.0,1.60997961728e+11,0.0,0.0,107179212.800,8192.0,2605.200,1997.200,0.100,0.325,99.214,0.350,0.0,0.010,1493152652.192,
0.140,0.395,99.039,0.410,0.0,0.015,127342182.400,0.0,87623.0,130679415.600,0.0,0.0,3520.800,2344.200,0.400,0.400,0.0,3492536320.0,1273856.0,4943261696.0,1.6034312192e+11,0.0,0.0,127525683.200,0.0,3522.200,2347.0,0.140,0.395,99.039,0.410,0.0,0.015,1493152657.192,
0.125,0.360,98.999,0.506,0.0,0.010,118041804.800,2457.600,74246.400,124773458.200,0.0,0.0,3193.200,2202.200,0.200,0.0,0.0,3493511168.0,1282048.0,5532110848.0,1.59753289728e+11,0.0,0.0,117858304.0,2457.600,3195.800,2199.400,0.125,0.355,99.004,0.506,0.0,0.010,1493152662.192,
0.135,0.426,98.913,0.516,0.0,0.010,142811136.0,0.0,85565.0,152285957.0,0.0,0.0,3406.200,2627.0,0.200,0.400,0.0,3474276352.0,1282048.0,6247436288.0,1.59057199104e+11,0.0,0.0,142994636.800,0.0,3400.200,2629.800,0.135,0.426,98.913,0.516,0.0,0.010,1493152667.192,
0.120,0.435,99.030,0.405,0.0,0.010,119499161.600,2457.600,71556.0,124413023.400,0.0,0.0,2861.0,2198.600,0.0,0.400,0.0,3483611136.0,1290240.0,6844133376.0,1.5845115904e+11,0.0,0.0,119315660.800,2457.600,2859.800,2195.600,0.120,0.435,99.030,0.405,0.0,0.010,1493152672.192,
0.160,0.505,98.754,0.565,0.0,0.015,146666291.200,0.0,100782.600,155750410.800,0.0,0.0,3679.200,2724.800,0.200,0.200,0.0,3466498048.0,1290240.0,7578722304.0,1.577336832e+11,0.0,0.0,146666291.200,0.0,3679.0,2724.800,0.160,0.505,98.755,0.565,0.0,0.015,1493152677.192,
0.120,0.335,99.074,0.461,0.0,0.010,112820224.0,3276.800,78736.0,116379307.600,0.0,0.0,3237.400,2107.800,0.400,0.0,0.0,3485396992.0,1298432.0,8142385152.0,1.57151113216e+11,0.0,0.0,112820224.0,3276.800,3237.400,2107.800,0.120,0.335,99.074,0.461,0.0,0.010,1493152682.192,
0.145,0.481,98.744,0.621,0.0,0.010,148344012.800,2457.600,98102.0,148724185.600,0.0,0.0,3804.400,2749.800,0.200,0.400,0.0,3508695040.0,1306624.0,8885764096.0,1.56384428032e+11,0.0,0.0,148527513.600,2457.600,3805.600,2752.0,0.145,0.481,98.744,0.621,0.0,0.010,1493152687.192,
0.155,0.620,98.575,0.625,0.0,0.025,164480614.400,0.0,100270.400,175747104.200,0.0,0.0,3879.600,3026.200,0.600,0.600,0.0,3502166016.0,1306624.0,9707913216.0,1.55568807936e+11,0.0,0.0,164533043.200,0.0,3883.400,3028.600,0.155,0.620,98.570,0.630,0.0,0.025,1493152692.192,
0.125,0.385,98.809,0.671,0.0,0.010,128847052.800,2457.600,62730.0,131273386.0,0.0,0.0,2987.200,2379.600,0.0,0.600,0.0,3508170752.0,1314816.0,10352001024.0,1.549187072e+11,0.0,0.0,128820838.400,2457.600,2983.600,2377.0,0.125,0.390,98.804,0.671,0.0,0.010,1493152697.192,
0.135,0.440,98.964,0.450,0.0,0.010,121847808.0,0.0,78663.200,129761149.0,0.0,0.0,3338.0,2253.400,0.400,0.200,0.0,3500711936.0,1314816.0,10960908288.0,1.54317258752e+11,0.0,0.0,121863372.800,0.0,3338.200,2253.800,0.140,0.435,98.969,0.445,0.0,0.010,1493152702.192,
0.125,0.440,98.929,0.495,0.0,0.010,125234380.800,2457.600,85914.600,135737681.0,0.0,0.0,3472.400,2355.600,0.0,0.400,0.0,3477958656.0,1323008.0,11586920448.0,1.5371399168e+11,0.0,0.0,125192601.600,2457.600,3472.200,2356.0,0.120,0.445,98.929,0.495,0.0,0.010,1493152707.192,
0.145,0.520,98.604,0.710,0.0,0.020,148936294.400,0.0,101879.600,147766840.200,0.0,0.0,4140.600,2721.600,0.600,0.600,0.0,3521576960.0,1323008.0,12330315776.0,1.52926978048e+11,0.0,0.0,148752793.600,0.0,4139.200,2718.800,0.145,0.515,98.609,0.711,0.0,0.020,1493152712.192,
0.170,0.561,98.684,0.566,0.0,0.020,157948313.600,3276.800,129236.200,172823227.0,0.0,0.0,4814.600,2898.600,0.0,0.200,0.0,3482763264.0,1331200.0,13120581632.0,1.52175517696e+11,0.0,0.0,157948313.600,3276.800,4824.0,2898.800,0.170,0.561,98.684,0.566,0.0,0.020,1493152717.192,
0.180,0.626,98.327,0.841,0.0,0.025,186546585.600,2457.600,125341.600,191900643.600,0.0,0.0,4854.400,3427.800,0.0,0.600,0.0,3513651200.0,1339392.0,14054641664.0,1.51210561536e+11,0.0,0.0,186703872.0,2457.600,4846.400,3430.0,0.180,0.626,98.322,0.846,0.0,0.025,1493152722.192,
0.140,0.496,98.588,0.761,0.0,0.015,149864448.0,0.0,105281.600,156955908.200,0.0,0.0,3655.600,2764.600,0.0,0.400,0.0,3503259648.0,1339392.0,14803124224.0,1.50472470528e+11,0.0,0.0,149916876.800,0.0,3655.400,2764.200,0.140,0.496,98.588,0.761,0.0,0.015,1493152727.192,
0.150,0.455,98.919,0.465,0.0,0.010,134613401.600,2457.600,72598.800,143892689.200,0.0,0.0,3162.600,2479.200,0.0,0.200,0.0,3485470720.0,1347584.0,15474794496.0,1.49818580992e+11,0.0,0.0,134403686.400,2457.600,3170.200,2477.400,0.150,0.455,98.924,0.460,0.0,0.010,1493152732.192,
0.095,0.330,99.254,0.310,0.0,0.010,95897190.400,0.0,43183.200,97925333.600,0.0,0.0,2375.800,1787.200,0.400,1.0,0.0,3500322816.0,1347584.0,15955005440.0,1.49323517952e+11,0.0,0.0,95897190.400,0.0,2370.0,1787.400,0.095,0.335,99.250,0.310,0.0,0.010,1493152737.192,
0.150,0.540,98.754,0.540,0.0,0.015,149486796.800,2457.600,101349.400,155193603.800,0.0,0.0,4103.200,2747.800,0.400,0.200,0.0,3518660608.0,1355776.0,16701964288.0,1.4855821312e+11,0.0,0.0,149486796.800,2457.600,4100.400,2747.400,0.150,0.540,98.754,0.540,0.0,0.015,1493152742.192,
0.165,0.556,98.403,0.861,0.0,0.015,166409830.400,0.0,134124.400,173927519.600,0.0,0.0,5117.800,3017.200,0.0,0.800,0.0,3518980096.0,1355776.0,17534865408.0,1.47724992512e+11,0.0,0.0,166409830.400,0.0,5121.600,3017.200,0.165,0.551,98.408,0.861,0.0,0.015,1493152747.192,
0.165,0.586,98.618,0.626,0.0,0.005,163589324.800,4096.0,136754.200,175212174.600,0.0,0.0,5137.400,2976.200,0.0,0.600,0.0,3490004992.0,1363968.0,18352517120.0,1.46936307712e+11,0.0,0.0,163589324.800,4096.0,5133.400,2976.200,0.165,0.586,98.618,0.626,0.0,0.005,1493152752.192,
0.115,0.485,98.895,0.490,0.0,0.015,121281740.800,4915.200,98333.200,126846263.0,0.0,0.0,3659.800,2273.200,0.400,0.200,0.0,3491463168.0,1372160.0,18959466496.0,1.46327891968e+11,0.0,0.0,121281740.800,4915.200,3659.800,2273.200,0.115,0.490,98.890,0.490,0.0,0.015,1493152757.192,
0.100,0.295,99.249,0.350,0.0,0.005,95897190.400,2457.600,56033.600,100299753.600,0.0,0.0,2633.800,1810.200,0.400,0.0,0.0,3492892672.0,1372160.0,19438686208.0,1.45847242752e+11,0.0,0.0,95897190.400,2457.600,2633.800,1810.200,0.100,0.295,99.249,0.350,0.0,0.005,1493152762.192,
0.160,0.551,98.488,0.786,0.0,0.015,166409830.400,2457.600,129839.600,171033322.200,0.0,0.0,4906.0,3026.0,0.200,0.400,0.0,3509829632.0,1380352.0,20270919680.0,1.44998064128e+11,0.0,0.0,166409830.400,2457.600,4907.200,3026.0,0.160,0.551,98.488,0.786,0.0,0.015,1493152767.192,
0.130,0.440,98.920,0.495,0.0,0.015,129848115.200,0.0,92456.200,138626107.200,0.0,0.0,3459.800,2452.400,0.400,0.400,0.0,3496534016.0,1380352.0,20921192448.0,1.44361086976e+11,0.0,0.0,130057830.400,0.0,3460.200,2455.200,0.130,0.435,98.924,0.495,0.0,0.015,1493152772.192,
0.160,0.476,98.733,0.626,0.0,0.005,159888179.200,2457.600,114904.600,165202436.800,0.0,0.0,3904.600,2958.200,0.200,0.600,0.0,3508330496.0,1388544.0,21720608768.0,1.43549865984e+11,0.0,0.0,159861964.800,2457.600,3904.200,2957.800,0.160,0.476,98.728,0.631,0.0,0.005,1493152777.192,
0.160,0.586,98.624,0.611,0.0,0.020,172826624.0,0.0,157855.400,177254877.800,0.0,0.0,5295.800,3134.400,0.400,0.0,0.0,3532754944.0,1388544.0,22582784000.0,1.42663266304e+11,0.0,0.0,172643123.200,0.0,5298.400,3133.0,0.160,0.591,98.624,0.606,0.0,0.020,1493152782.192,
0.130,0.400,99.059,0.400,0.0,0.010,132563763.200,3276.800,84491.400,140602255.600,0.0,0.0,3629.600,2490.200,0.0,0.400,0.0,3533250560.0,1396736.0,23245504512.0,1.42000041984e+11,0.0,0.0,132563763.200,3276.800,3625.800,2489.200,0.130,0.400,99.059,0.400,0.0,0.010,1493152787.192,
0.135,0.501,98.704,0.651,0.0,0.010,154624819.200,2457.600,108247.400,155319385.400,0.0,0.0,4385.200,2812.200,0.400,1.0,0.0,3559956480.0,1404928.0,24020787200.0,1.41198045184e+11,0.0,0.0,154834534.400,2457.600,4395.400,2815.200,0.135,0.496,98.704,0.656,0.0,0.010,1493152792.192,
0.205,0.626,98.066,1.082,0.0,0.020,195488972.800,54886.400,198295.200,208287413.400,0.0,0.0,6759.600,3678.200,0.400,1.200,2.400,3559219200.0,1867776.0,24996265984.0,1.40222840832e+11,0.0,0.0,195279257.600,54886.400,6749.400,3675.200,0.205,0.631,98.067,1.077,0.0,0.020,1493152797.192,
0.175,0.556,98.483,0.776,0.0,0.010,180512358.400,13107.200,139370.400,186739593.600,0.0,0.0,5400.400,3263.0,1.200,0.400,0.0,3574439936.0,1884160.0,25898545152.0,1.39305324544e+11,0.0,0.0,180617216.0,13107.200,5402.800,3265.0,0.175,0.556,98.483,0.776,0.0,0.010,1493152802.192,
0.215,0.736,98.027,1.001,0.0,0.020,216141004.800,0.0,188003.400,229502690.0,0.0,0.0,6664.0,3909.600,0.600,0.400,0.0,3558244352.0,1884160.0,26981621760.0,1.3823844352e+11,0.0,0.0,216219648.0,0.0,6662.400,3909.600,0.215,0.736,98.027,1.002,0.0,0.020,1493152807.192,
0.120,0.415,98.999,0.455,0.0,0.010,120993382.400,2457.600,92657.800,129203257.800,0.0,0.0,3695.400,2233.200,0.0,0.400,0.400,3544072192.0,1892352.0,27584901120.0,1.37649328128e+11,0.0,0.0,120993382.400,2457.600,3695.600,2233.200,0.120,0.410,99.005,0.455,0.0,0.010,1493152812.192,
0.120,0.370,99.049,0.450,0.0,0.010,115326976.0,0.0,112186.200,120931969.400,0.0,0.0,4012.0,2180.0,0.600,0.0,0.0,3542851584.0,1892352.0,28162568192.0,1.37072881664e+11,0.0,0.0,115326976.0,0.0,4012.200,2179.800,0.120,0.370,99.049,0.450,0.0,0.010,1493152817.192,
0.155,0.470,98.889,0.475,0.0,0.010,142666137.600,9830.400,138738.0,150435339.800,0.0,0.0,4808.600,2689.400,0.400,0.200,0.400,3534561280.0,1908736.0,28874444800.0,1.36369278976e+11,0.0,0.0,142482636.800,9830.400,4807.600,2688.0,0.155,0.470,98.889,0.475,0.0,0.010,1493152822.192,
0.175,0.511,98.582,0.717,0.0,0.015,177717248.0,29491.200,168096.600,185789397.800,0.0,0.0,6316.400,3279.800,0.800,0.600,0.600,3528945664.0,1925120.0,29763481600.0,1.35485841408e+11,0.0,0.0,177717248.0,29491.200,6316.200,3279.400,0.175,0.516,98.577,0.716,0.0,0.015,1493152827.192,
0.135,0.415,98.919,0.516,0.0,0.015,132563763.200,2457.600,82554.800,136378379.400,0.0,0.0,3732.600,2498.800,0.600,0.0,0.400,3541700608.0,1925120.0,30425944064.0,1.34810624e+11,0.0,0.0,132563763.200,2457.600,3740.600,2499.200,0.135,0.415,98.919,0.516,0.0,0.015,1493152832.192,
0.170,0.501,98.648,0.671,0.0,0.010,149486796.800,10649.600,134644.400,149868761.600,0.0,0.0,4896.400,2770.0,0.200,0.600,0.0,3572580352.0,1941504.0,31173095424.0,1.34032576512e+11,0.0,0.0,149486796.800,10649.600,4894.400,2770.0,0.170,0.496,98.653,0.671,0.0,0.010,1493152837.192,
0.160,0.536,98.653,0.636,0.0,0.015,157948313.600,4915.200,158769.800,173911853.400,0.0,0.0,5642.400,2934.600,0.400,0.400,0.400,3527331840.0,1949696.0,31962570752.0,1.33288341504e+11,0.0,0.0,157948313.600,4915.200,5637.400,2937.600,0.160,0.541,98.648,0.636,0.0,0.015,1493152842.192,
0.195,0.711,98.278,0.801,0.0,0.015,188973875.200,7372.800,166062.0,193855450.200,0.0,0.0,5835.800,3463.0,0.200,1.0,0.0,3561238528.0,1966080.0,32908599296.0,1.32308389888e+11,0.0,0.0,188973875.200,7372.800,5839.200,3460.0,0.195,0.706,98.283,0.801,0.0,0.015,1493152847.192,
0.140,0.480,98.844,0.525,0.0,0.010,132102553.600,0.0,110364.0,133907756.400,0.0,0.0,4006.800,2459.200,0.400,0.400,0.0,3574865920.0,1966080.0,33568899072.0,1.3163446272e+11,0.0,0.0,132364697.600,0.0,4008.400,2462.0,0.140,0.485,98.839,0.525,0.0,0.010,1493152852.192,
0.175,0.516,98.689,0.596,0.0,0.025,149948006.400,16384.0,145802.0,161377378.800,0.0,0.0,5048.0,2819.400,0.400,0.800,0.400,3548053504.0,1982464.0,34318721024.0,1.309114368e+11,0.0,0.0,149685862.400,16384.0,5051.800,2817.400,0.175,0.511,98.694,0.596,0.0,0.025,1493152857.192,
0.110,0.390,99.054,0.420,0.0,0.025,107179212.800,7372.800,126349.600,115466527.0,0.0,0.0,4012.0,2038.0,0.0,0.200,0.0,3533746176.0,1998848.0,34854617088.0,1.3038983168e+11,0.0,0.0,107179212.800,7372.800,4002.400,2037.200,0.110,0.390,99.054,0.420,0.0,0.025,1493152862.192,
