"Dstat 0.7.2 CSV output"
"Author:","Dag Wieers <dag@wieers.com>",,,,"URL:","http://dag.wieers.com/home-made/dstat/"
"Host:","client0.skyhook-4osds.skyhook-pg0.wisc.cloudlab.us",,,,"User:","jlefevre"
"Cmdline:","dstat -av --epoch --integer --noheaders --output dstat-client0.log 5",,,,"Date:","25 Apr 2017 14:10:01 CDT"

"total cpu usage",,,,,,"dsk/total",,"net/total",,"paging",,"system",,"procs",,,"memory usage",,,,"paging",,"dsk/total",,"system",,"total cpu usage",,,,,,"epoch"
"usr","sys","idl","wai","hiq","siq","read","writ","recv","send","in","out","int","csw","run","blk","new","used","buff","cach","free","in","out","read","writ","int","csw","usr","sys","idl","wai","hiq","siq","epoch"
0.020,0.030,99.950,0.0,0.0,0.0,0.0,6553.600,44776.200,2143.0,0.0,0.0,1778.200,7346.400,0.0,0.0,0.0,5473579008.0,237715456.0,1.47400564736e+11,15668334592.0,0.0,0.0,0.0,6553.600,1778.0,7345.200,0.015,0.030,99.955,0.0,0.0,0.0,1493164056.201,
4.275,3.772,91.530,0.035,0.0,0.387,0.0,107315.200,521710099.800,303168.800,0.0,0.0,19418.0,14382.0,2.800,0.200,5.0,5670281216.0,237727744.0,1.47400687616e+11,15471497216.0,0.0,0.0,0.0,114688.0,19418.800,14383.800,4.275,3.772,91.536,0.030,0.0,0.387,1493164061.201,
4.540,4.028,90.830,0.090,0.0,0.512,0.0,139264.0,570507175.400,205309.600,0.0,0.0,12953.200,11507.200,3.800,0.0,0.0,5653106688.0,237735936.0,1.47400941568e+11,15488409600.0,0.0,0.0,0.0,131891.200,12953.200,11505.0,4.549,4.037,90.806,0.095,0.0,0.512,1493164066.201,
5.089,3.807,90.622,0.070,0.0,0.412,0.0,137625.600,584783793.200,235529.600,0.0,0.0,13630.600,12529.400,3.400,0.0,0.0,5675036672.0,237735936.0,1.47401170944e+11,15466250240.0,0.0,0.0,0.0,137625.600,13641.400,12538.600,5.085,3.802,90.630,0.070,0.0,0.412,1493164071.201,
5.076,4.096,90.261,0.075,0.0,0.492,0.0,131072.0,593149851.400,225657.400,0.0,0.0,13677.200,12674.600,4.0,0.0,0.0,5666521088.0,237748224.0,1.47401375744e+11,15474548736.0,0.0,0.0,0.0,131072.0,13670.200,12663.600,5.080,4.105,90.247,0.075,0.0,0.492,1493164076.201,
4.490,4.143,90.869,0.065,0.0,0.432,0.0,131072.0,538984520.800,221259.800,0.0,0.0,13517.800,12124.600,4.0,0.0,0.0,5654208512.0,237752320.0,1.47401601024e+11,15486631936.0,0.0,0.0,0.0,131072.0,13522.400,12127.600,4.486,4.134,90.883,0.065,0.0,0.432,1493164081.200,
4.631,4.088,90.843,0.060,0.0,0.377,0.0,135168.0,547333564.0,214313.600,0.0,0.0,12265.600,11664.600,3.800,0.200,0.0,5663416320.0,237760512.0,1.4740185088e+11,15477166080.0,0.0,0.0,0.0,135168.0,12263.600,11662.200,4.631,4.088,90.843,0.060,0.0,0.377,1493164086.201,
5.438,4.126,90.024,0.030,0.0,0.382,0.0,132710.400,633663420.400,273314.800,0.0,0.0,13912.400,13566.0,3.800,0.0,0.0,5678563328.0,237760512.0,1.47402080256e+11,15461789696.0,0.0,0.0,0.0,132710.400,13914.400,13585.200,5.433,4.121,90.033,0.030,0.0,0.382,1493164091.201,
5.532,4.235,89.736,0.090,0.0,0.407,0.0,134348.800,645241191.400,326512.800,0.0,0.0,14440.0,14837.400,3.600,0.0,0.0,5665013760.0,237768704.0,1.47402285056e+11,15475126272.0,0.0,0.0,0.0,134348.800,14446.0,14847.0,5.536,4.240,89.722,0.090,0.0,0.412,1493164096.201,
5.742,4.354,89.421,0.075,0.0,0.407,0.0,135168.0,659273294.200,306579.0,0.0,0.0,14781.200,14525.0,3.400,0.0,0.0,5652910080.0,237768704.0,1.47402530816e+11,15486984192.0,0.0,0.0,0.0,135168.0,14767.800,14498.600,5.751,4.364,89.407,0.075,0.0,0.402,1493164101.201,
5.154,3.933,90.455,0.100,0.0,0.357,0.0,147456.0,592901107.0,244906.0,0.0,0.0,13057.400,13342.400,3.600,0.200,0.0,5662113792.0,237776896.0,1.4740279296e+11,15477510144.0,0.0,0.0,0.0,147456.0,13070.0,13351.0,5.149,3.929,90.465,0.100,0.0,0.357,1493164106.201,
5.302,3.792,90.283,0.075,0.0,0.547,0.0,127795.200,599144501.400,253022.0,0.0,0.0,12667.0,13145.600,3.800,0.0,0.200,5649190912.0,237776896.0,1.47403014144e+11,15490211840.0,0.0,0.0,0.0,127795.200,12659.0,13138.200,5.308,3.788,90.282,0.075,0.0,0.547,1493164111.201,
5.804,3.980,89.739,0.095,0.0,0.382,0.0,135987.200,656794512.0,284309.600,0.0,0.0,14142.0,14558.600,4.200,0.0,0.0,5664653312.0,237793280.0,1.47403255808e+11,15474491392.0,0.0,0.0,0.0,135987.200,14135.600,14556.200,5.795,3.976,89.752,0.095,0.0,0.382,1493164116.201,
5.034,4.124,90.294,0.141,0.0,0.407,0.0,134348.800,624032729.0,291562.200,0.0,0.0,14405.200,14386.0,4.0,0.0,0.0,5651623936.0,237801472.0,1.47403472896e+11,15487295488.0,0.0,0.0,0.0,134348.800,14405.600,14386.800,5.038,4.133,90.281,0.141,0.0,0.407,1493164121.201,
5.012,3.927,90.448,0.110,0.0,0.502,0.0,144179.200,605988969.600,256597.600,0.0,0.0,13235.800,13504.200,4.0,0.200,0.0,5673050112.0,237801472.0,1.47403730944e+11,15465611264.0,0.0,0.0,0.0,144179.200,13235.400,13501.400,5.008,3.923,90.457,0.111,0.0,0.502,1493164126.201,
5.194,3.822,90.381,0.151,0.0,0.452,0.0,149913.600,614782152.0,269344.0,0.0,0.0,13508.600,13625.800,2.400,0.0,0.0,5662777344.0,237809664.0,1.47403984896e+11,15475621888.0,0.0,0.0,0.0,149913.600,13511.800,13626.200,5.198,3.822,90.378,0.151,0.0,0.452,1493164131.201,
4.908,4.105,90.410,0.115,0.0,0.462,0.0,130252.800,609654419.200,274042.800,0.0,0.0,13918.0,13527.600,4.0,0.0,0.0,5677703168.0,237821952.0,1.47404181504e+11,15460487168.0,0.0,0.0,0.0,130252.800,13924.0,13542.400,4.903,4.110,90.410,0.115,0.0,0.462,1493164136.201,
4.923,3.873,90.636,0.075,0.0,0.492,0.0,141721.600,578463399.200,230071.400,0.0,0.0,12606.600,12509.200,4.0,0.0,0.0,5656678400.0,237830144.0,1.4740443136e+11,15481253888.0,0.0,0.0,0.0,141721.600,12600.400,12493.800,4.928,3.873,90.631,0.075,0.0,0.492,1493164141.201,
4.650,3.952,90.826,0.100,0.0,0.472,0.0,126976.0,564569518.400,223661.800,0.0,0.0,12586.400,12146.200,4.0,0.200,0.0,5673926656.0,237842432.0,1.47404668928e+11,15463755776.0,0.0,0.0,0.0,126976.0,12585.400,12156.600,4.650,3.947,90.830,0.100,0.0,0.472,1493164146.201,
5.348,4.237,89.611,0.337,0.0,0.467,0.0,5375590.400,638880338.600,292111.600,0.0,0.0,14436.600,14528.0,4.200,0.0,0.0,5651443712.0,237858816.0,1.47400085504e+11,15490805760.0,0.0,0.0,0.0,5375590.400,14443.800,14527.800,5.343,4.237,89.615,0.337,0.0,0.467,1493164151.201,
5.517,4.251,89.709,0.136,0.0,0.387,0.0,140083.200,654931444.0,336949.600,0.0,0.0,14678.0,15739.400,3.800,0.0,0.0,5667774464.0,237867008.0,1.47400323072e+11,15474229248.0,0.0,0.0,0.0,140083.200,14674.600,15737.600,5.522,4.246,89.710,0.136,0.0,0.387,1493164156.201,
4.214,3.782,91.527,0.171,0.0,0.307,0.0,144179.200,491984025.800,164405.0,0.0,0.0,11363.800,10801.400,3.800,0.200,0.0,5662584832.0,237867008.0,1.4740058112e+11,15479160832.0,0.0,0.0,0.0,144179.200,11358.0,10794.400,4.219,3.786,91.517,0.171,0.0,0.307,1493164161.201,
5.258,3.906,90.002,0.427,0.0,0.407,0.0,4245094.400,614795194.600,268168.200,0.0,0.0,13583.0,13663.0,3.400,0.200,0.0,5654175744.0,237875200.0,1.47400278016e+11,15487864832.0,0.0,0.0,0.0,4245094.400,13586.600,13663.400,5.253,3.901,90.011,0.427,0.0,0.407,1493164166.201,
5.284,4.073,90.035,0.110,0.0,0.497,0.0,131891.200,619437285.800,277081.0,0.0,0.0,14108.0,13534.400,4.200,0.0,0.0,5653065728.0,237879296.0,1.474004992e+11,15488749568.0,0.0,0.0,0.0,131891.200,14107.200,13536.0,5.284,4.078,90.030,0.110,0.0,0.497,1493164171.201,
5.328,4.446,89.519,0.135,0.0,0.571,0.0,172851.200,655016721.400,307794.400,0.0,0.0,15415.200,14675.800,3.600,0.0,0.0,5654933504.0,237899776.0,1.47400732672e+11,15486627840.0,0.0,0.0,0.0,172851.200,15416.0,14673.0,5.323,4.446,89.524,0.135,0.0,0.571,1493164176.201,
5.162,4.133,90.192,0.100,0.0,0.412,0.0,129433.600,627499565.400,319700.200,0.0,0.0,14631.200,15012.600,3.800,0.200,0.0,5665562624.0,237903872.0,1.47400994816e+11,15475732480.0,0.0,0.0,0.0,129433.600,14633.800,15017.200,5.162,4.128,90.197,0.100,0.0,0.412,1493164181.201,
5.181,3.678,90.639,0.095,0.0,0.407,0.0,135168.0,602495896.600,268918.0,0.0,0.0,13332.0,13289.800,3.800,0.0,0.0,5656637440.0,237912064.0,1.4740123648e+11,15484407808.0,0.0,0.0,0.0,135168.0,13326.200,13287.600,5.176,3.683,90.639,0.095,0.0,0.407,1493164186.201,
4.722,3.890,90.627,0.120,0.0,0.642,0.0,128614.400,579528856.400,231166.0,0.0,0.0,12605.400,12341.600,3.600,0.0,0.0,5660307456.0,237920256.0,1.47401428992e+11,15480537088.0,0.0,0.0,0.0,128614.400,12610.800,12343.400,4.722,3.885,90.632,0.120,0.0,0.642,1493164191.201,
5.429,4.143,89.387,0.125,0.0,0.916,0.0,133529.600,665025665.800,328717.0,0.0,0.0,15311.800,15337.600,4.400,0.0,0.0,5659103232.0,237920256.0,1.47401662464e+11,15481507840.0,0.0,0.0,0.0,133529.600,15306.600,15333.400,5.434,4.143,89.383,0.125,0.0,0.916,1493164196.201,
5.072,4.020,90.107,0.115,0.0,0.686,0.0,132710.400,631377872.400,288652.400,0.0,0.0,13920.0,13801.800,4.0,0.200,0.0,5662576640.0,237936640.0,1.47401916416e+11,15477764096.0,0.0,0.0,0.0,132710.400,13925.200,13807.400,5.072,4.025,90.102,0.115,0.0,0.686,1493164201.201,
5.506,4.108,89.299,0.346,0.0,0.741,0.0,3724083.200,664629741.600,339567.800,0.0,0.0,15336.800,15231.0,4.400,0.0,0.0,5653037056.0,237936640.0,1.47396775936e+11,15492444160.0,0.0,0.0,0.0,3724083.200,15332.600,15227.0,5.506,4.108,89.299,0.346,0.0,0.741,1493164206.201,
5.507,4.101,89.839,0.110,0.0,0.442,0.0,167116.800,638434710.800,291800.800,0.0,0.0,13734.400,14001.800,4.200,0.0,0.0,5636009984.0,237948928.0,1.47396993024e+11,15509241856.0,0.0,0.0,0.0,167116.800,13738.200,14009.0,5.517,4.101,89.830,0.110,0.0,0.442,1493164211.201,
4.938,3.895,90.401,0.120,0.0,0.647,0.0,132710.400,605969313.400,270041.200,0.0,0.0,13589.200,12879.800,4.0,0.0,0.0,5660549120.0,237948928.0,1.4739724288e+11,15484452864.0,0.0,0.0,0.0,132710.400,13584.200,12873.800,4.932,3.895,90.401,0.120,0.0,0.652,1493164216.201,
4.924,3.992,90.192,0.135,0.0,0.756,0.0,131891.200,565525576.200,251870.600,0.0,0.0,13185.0,12982.200,3.200,0.200,0.0,5657817088.0,237957120.0,1.47397484544e+11,15486935040.0,0.0,0.0,0.0,131891.200,13189.600,12983.0,4.920,3.993,90.201,0.135,0.0,0.751,1493164221.201,
6.166,4.311,88.726,0.115,0.0,0.682,0.0,135168.0,721493946.600,400674.0,0.0,0.0,16348.600,17138.200,4.400,0.0,0.0,5652439040.0,237965312.0,1.47397718016e+11,15492071424.0,0.0,0.0,0.0,135168.0,16348.0,17138.600,6.176,4.316,88.711,0.115,0.0,0.682,1493164226.201,
5.724,3.960,89.868,0.085,0.0,0.362,0.0,134348.800,687412483.200,388864.0,0.0,0.0,15106.800,16973.0,4.200,0.0,0.0,5660790784.0,237965312.0,1.47397967872e+11,15483469824.0,0.0,0.0,0.0,134348.800,15105.200,16968.200,5.724,3.960,89.869,0.085,0.0,0.362,1493164231.201,
5.637,4.160,89.650,0.106,0.0,0.447,0.0,132710.400,684636164.600,335422.0,0.0,0.0,15195.400,15576.0,3.800,0.0,0.0,5666844672.0,237973504.0,1.47398180864e+11,15477194752.0,0.0,0.0,0.0,132710.400,15192.800,15582.200,5.629,4.152,89.666,0.106,0.0,0.447,1493164236.201,
5.833,4.057,89.607,0.091,0.0,0.413,0.0,139264.0,672702317.600,349639.600,0.0,0.0,15259.0,15611.0,4.600,0.0,0.0,5642305536.0,237973504.0,1.47398438912e+11,15501475840.0,0.0,0.0,0.0,139264.0,15262.400,15613.600,5.837,4.066,89.594,0.091,0.0,0.413,1493164241.201,
5.457,3.935,90.095,0.101,0.0,0.412,0.0,147456.0,630110872.400,282366.800,0.0,0.0,13888.600,13890.200,3.200,0.200,0.0,5655592960.0,237989888.0,1.47398709248e+11,15487901696.0,0.0,0.0,0.0,147456.0,13890.400,13890.600,5.462,3.929,90.096,0.100,0.0,0.412,1493164246.201,
5.266,3.995,90.191,0.095,0.0,0.452,0.0,130252.800,610611417.800,290884.200,0.0,0.0,13856.400,13818.600,3.400,0.0,0.0,5674582016.0,237989888.0,1.4739894272e+11,15468679168.0,0.0,0.0,0.0,130252.800,13855.600,13812.400,5.257,3.996,90.199,0.095,0.0,0.452,1493164251.201,
5.693,4.441,89.354,0.096,0.0,0.417,0.0,133529.600,687634898.0,349504.0,0.0,0.0,16001.800,15710.200,4.400,0.0,0.0,5648228352.0,237998080.0,1.47399163904e+11,15494803456.0,0.0,0.0,0.0,133529.600,16002.200,15715.200,5.693,4.436,89.359,0.096,0.0,0.417,1493164256.201,
5.103,4.039,90.111,0.110,0.0,0.637,0.0,131072.0,627256631.0,275993.0,0.0,0.0,13972.400,13261.800,4.200,0.0,0.0,5657292800.0,238006272.0,1.47399376896e+11,15485517824.0,0.0,0.0,0.0,131072.0,13969.400,13253.400,5.107,4.044,90.102,0.110,0.0,0.637,1493164261.201,
5.115,4.129,90.233,0.121,0.0,0.402,0.0,135168.0,591071495.0,234016.400,0.0,0.0,13422.600,12391.600,5.0,0.0,0.0,5648699392.0,238006272.0,1.47399614464e+11,15493873664.0,0.0,0.0,0.0,135168.0,13422.200,12401.200,5.119,4.134,90.224,0.121,0.0,0.402,1493164266.201,
5.120,4.136,90.052,0.136,0.0,0.557,0.0,128614.400,613637110.200,256990.0,0.0,0.0,13192.800,13493.0,4.0,0.0,0.0,5668950016.0,238014464.0,1.47399856128e+11,15473373184.0,0.0,0.0,0.0,128614.400,13195.200,13486.600,5.115,4.131,90.056,0.136,0.0,0.562,1493164271.201,
4.551,3.969,90.902,0.111,0.0,0.467,0.0,129433.600,546272931.800,192429.400,0.0,0.0,12104.0,11251.200,4.0,0.0,0.0,5643792384.0,238014464.0,1.47400085504e+11,15498301440.0,0.0,0.0,0.0,129433.600,12117.400,11269.400,4.556,3.973,90.898,0.111,0.0,0.462,1493164276.201,
4.798,4.396,90.313,0.121,0.0,0.372,0.0,143360.0,584961155.800,206702.0,0.0,0.0,13007.600,12151.800,3.200,0.0,0.0,5664231424.0,238022656.0,1.47400290304e+11,15477649408.0,0.0,0.0,0.0,143360.0,12994.200,12134.400,4.793,4.391,90.323,0.121,0.0,0.372,1493164281.201,
4.636,3.757,91.100,0.146,0.0,0.362,0.0,142540.800,532311698.800,182154.800,0.0,0.0,11262.800,10609.600,3.600,0.200,0.200,5659828224.0,238022656.0,1.4740054016e+11,15481802752.0,0.0,0.0,0.0,142540.800,11258.800,10605.600,4.636,3.757,91.100,0.146,0.0,0.362,1493164286.201,
4.814,3.931,90.723,0.115,0.0,0.417,0.0,150732.800,553448892.400,195459.200,0.0,0.0,11828.400,11854.800,3.600,0.0,0.200,5663043584.0,238034944.0,1.4740078592e+11,15478329344.0,0.0,0.0,0.0,150732.800,11831.600,11859.200,4.814,3.935,90.714,0.115,0.0,0.422,1493164291.201,
5.127,4.369,89.931,0.110,0.0,0.462,0.0,134348.800,616151155.800,239311.400,0.0,0.0,13754.600,13033.600,4.0,0.0,0.0,5660348416.0,238043136.0,1.47400982528e+11,15480819712.0,0.0,0.0,0.0,134348.800,13755.0,13029.600,5.133,4.369,89.930,0.110,0.0,0.457,1493164296.201,
1.221,1.216,97.307,0.151,0.0,0.106,0.0,130252.800,132687772.600,33763.800,0.0,0.0,3992.200,8228.0,0.800,0.0,1.0,5470117888.0,238055424.0,1.47401170944e+11,15670849536.0,0.0,0.0,0.0,130252.800,3988.400,8228.0,1.206,1.206,97.332,0.151,0.0,0.106,1493164301.201,
