"Dstat 0.7.2 CSV output"
"Author:","Dag Wieers <dag@wieers.com>",,,,"URL:","http://dag.wieers.com/home-made/dstat/"
"Host:","osd0.skyhook-4osds.skyhook-pg0.wisc.cloudlab.us",,,,"User:","jlefevre"
"Cmdline:","dstat -av --epoch --integer --noheaders --output dstat-osd0.log 5",,,,"Date:","25 Apr 2017 14:10:10 CDT"

"total cpu usage",,,,,,"dsk/total",,"net/total",,"paging",,"system",,"procs",,,"memory usage",,,,"paging",,"dsk/total",,"system",,"total cpu usage",,,,,,"epoch"
"usr","sys","idl","wai","hiq","siq","read","writ","recv","send","in","out","int","csw","run","blk","new","used","buff","cach","free","in","out","read","writ","int","csw","usr","sys","idl","wai","hiq","siq","epoch"
0.025,0.005,99.960,0.010,0.0,0.0,0.0,4915.200,3296.800,12335.200,0.0,0.0,181.600,198.200,0.0,0.0,0.400,3272433664.0,1433600.0,141217792.0,1.65365108736e+11,0.0,0.0,0.0,4915.200,181.600,198.200,0.030,0.005,99.955,0.010,0.0,0.0,1493157860.776,
0.290,0.510,98.504,0.680,0.0,0.015,112845619.200,13107.200,49466.800,102648619.0,0.0,0.0,2682.0,2145.600,0.400,0.0,0.200,3357548544.0,1449984.0,704946176.0,1.64716249088e+11,0.0,0.0,112845619.200,13107.200,2685.0,2146.0,0.285,0.510,98.509,0.680,0.0,0.015,1493157865.776,
0.270,0.445,98.794,0.480,0.0,0.010,107179212.800,0.0,33926.200,126247288.400,0.0,0.0,2821.800,2032.200,0.400,0.0,0.400,3285254144.0,1449984.0,1240637440.0,1.64252852224e+11,0.0,0.0,107179212.800,0.0,2819.600,2031.800,0.275,0.450,98.784,0.480,0.0,0.010,1493157870.776,
0.275,0.520,98.674,0.520,0.0,0.010,112820224.0,7372.800,31043.800,113661304.600,0.0,0.0,2759.400,2103.600,0.0,0.400,0.400,3302039552.0,1466368.0,1804402688.0,1.63672285184e+11,0.0,0.0,112820224.0,7372.800,2758.600,2103.600,0.270,0.515,98.684,0.520,0.0,0.010,1493157875.776,
0.335,0.561,98.388,0.706,0.0,0.010,135384268.800,4915.200,42901.200,134318529.0,0.0,0.0,3376.0,2502.800,0.200,0.400,0.0,3343335424.0,1474560.0,2481000448.0,1.6295438336e+11,0.0,0.0,135384268.800,4915.200,3380.600,2503.200,0.340,0.561,98.383,0.706,0.0,0.010,1493157880.776,
0.325,0.520,98.529,0.605,0.0,0.020,124600320.0,13107.200,34828.0,126284076.400,0.0,0.0,3119.800,2278.800,0.600,0.600,0.400,3362893824.0,1490944.0,3104362496.0,1.62311446528e+11,0.0,0.0,124836249.600,13107.200,3116.600,2281.200,0.320,0.525,98.529,0.605,0.0,0.020,1493157885.776,
0.360,0.671,98.288,0.666,0.0,0.015,151809228.800,1638.400,49721.400,159544097.800,0.0,0.0,3757.400,2772.0,0.400,0.800,0.0,3359199232.0,1490944.0,3863756800.0,1.61555746816e+11,0.0,0.0,151573299.200,1638.400,3758.200,2769.400,0.365,0.671,98.283,0.666,0.0,0.015,1493157890.776,
0.250,0.425,98.934,0.380,0.0,0.010,98717696.0,12288.0,37254.200,118937446.600,0.0,0.0,2802.400,1925.200,0.0,0.200,0.800,3271524352.0,1507328.0,4358098944.0,1.61149063168e+11,0.0,0.0,98717696.0,12288.0,2803.200,1925.0,0.245,0.425,98.939,0.380,0.0,0.010,1493157895.776,
0.265,0.450,98.804,0.475,0.0,0.005,104358707.200,4915.200,29191.400,106899043.400,0.0,0.0,2575.400,1995.0,0.0,0.200,0.400,3290038272.0,1515520.0,4878815232.0,1.60609824768e+11,0.0,0.0,104358707.200,4915.200,2573.200,1995.0,0.270,0.445,98.804,0.475,0.0,0.005,1493157900.776,
0.290,0.435,98.689,0.576,0.0,0.010,118461235.200,10649.600,27525.0,111591709.600,0.0,0.0,2717.200,2172.200,0.400,0.0,0.0,3347337216.0,1531904.0,5471473664.0,1.59959851008e+11,0.0,0.0,118461235.200,10649.600,2722.400,2172.400,0.285,0.440,98.689,0.576,0.0,0.010,1493157905.776,
0.250,0.505,98.749,0.485,0.0,0.010,109999718.400,8192.0,34670.800,120454970.600,0.0,0.0,2982.800,2085.0,0.600,0.200,0.400,3347918848.0,1540096.0,6020341760.0,1.59410393088e+11,0.0,0.0,109999718.400,8192.0,2976.800,2085.0,0.255,0.510,98.739,0.485,0.0,0.010,1493157910.776,
0.265,0.510,98.730,0.480,0.0,0.015,111707750.400,7372.800,37280.200,124149769.200,0.0,0.0,2996.200,2092.400,0.0,0.600,0.0,3285565440.0,1556480.0,6580924416.0,1.58912147456e+11,0.0,0.0,111865036.800,7372.800,2997.400,2094.200,0.260,0.500,98.739,0.485,0.0,0.015,1493157915.776,
0.355,0.540,98.569,0.520,0.0,0.015,130859827.200,4915.200,36959.400,104181594.400,0.0,0.0,3046.800,2391.0,0.400,0.200,0.400,3451760640.0,1556480.0,7232028672.0,1.58094848e+11,0.0,0.0,130702540.800,4915.200,3045.600,2389.0,0.360,0.540,98.569,0.515,0.0,0.015,1493157920.776,
0.255,0.455,98.894,0.390,0.0,0.005,101538201.600,11468.800,25730.600,99735624.0,0.0,0.0,2546.200,1915.200,0.0,0.0,0.0,3478556672.0,1572864.0,7741394944.0,1.57558669312e+11,0.0,0.0,101538201.600,11468.800,2546.200,1915.200,0.250,0.460,98.894,0.390,0.0,0.005,1493157925.776,
0.300,0.556,98.553,0.581,0.0,0.010,124794470.400,7372.800,55182.800,152406072.0,0.0,0.0,3600.400,2304.0,0.0,1.0,0.0,3380342784.0,1589248.0,8366755840.0,1.5703150592e+11,0.0,0.0,125004185.600,7372.800,3601.600,2306.200,0.300,0.556,98.553,0.581,0.0,0.010,1493157930.776,
0.290,0.496,98.714,0.491,0.0,0.010,117769011.200,0.0,46687.800,142174548.400,0.0,0.0,3350.200,2162.0,0.400,0.0,0.0,3279663104.0,1589248.0,8954814464.0,1.56544126976e+11,0.0,0.0,117559296.0,0.0,3349.0,2159.800,0.290,0.496,98.714,0.491,0.0,0.010,1493157935.776,
0.240,0.475,98.784,0.480,0.0,0.020,112820224.0,2457.600,39076.0,114369316.600,0.0,0.0,2826.400,2075.600,0.400,1.0,0.0,3305762816.0,1597440.0,9517600768.0,1.55955232768e+11,0.0,0.0,112820224.0,2457.600,2828.600,2075.600,0.245,0.470,98.784,0.480,0.0,0.020,1493157940.776,
0.391,0.651,98.162,0.781,0.0,0.015,163589324.800,0.0,58403.600,164081078.800,0.0,0.0,4029.600,2930.600,0.0,0.200,0.0,3340607488.0,1597440.0,10335821824.0,1.5510216704e+11,0.0,0.0,163589324.800,0.0,4027.400,2930.600,0.386,0.651,98.167,0.781,0.0,0.015,1493157945.776,
0.315,0.526,98.698,0.461,0.0,0.0,132563763.200,2457.600,32746.800,146721691.600,0.0,0.0,3267.400,2423.200,0.400,0.200,0.0,3295412224.0,1605632.0,10999259136.0,1.544839168e+11,0.0,0.0,132563763.200,2457.600,3268.800,2423.200,0.315,0.531,98.694,0.461,0.0,0.0,1493157950.776,
0.255,0.395,98.969,0.375,0.0,0.005,101496422.400,1638.400,31210.400,106199717.600,0.0,0.0,2533.600,1930.0,0.400,0.0,0.400,3294871552.0,1605632.0,11507376128.0,1.5397634048e+11,0.0,0.0,101538201.600,1638.400,2532.200,1930.0,0.255,0.400,98.964,0.375,0.0,0.005,1493157955.776,
0.320,0.561,98.539,0.561,0.0,0.020,135426048.0,9011.200,40289.0,142768383.200,0.0,0.0,3320.800,2492.600,0.200,0.600,0.0,3301445632.0,1622016.0,12184203264.0,1.5329292288e+11,0.0,0.0,135384268.800,9011.200,3320.800,2492.600,0.320,0.551,98.548,0.561,0.0,0.020,1493157960.776,
0.330,0.566,98.579,0.511,0.0,0.015,141025280.0,2457.600,45498.400,135692039.400,0.0,0.0,3412.0,2563.400,0.400,0.200,0.0,3361517568.0,1630208.0,12888608768.0,1.52528437248e+11,0.0,0.0,141025280.0,2457.600,3413.200,2563.600,0.330,0.571,98.574,0.511,0.0,0.015,1493157965.776,
0.315,0.620,98.439,0.620,0.0,0.005,132102553.600,4915.200,50476.200,149191736.600,0.0,0.0,3542.200,2455.400,0.400,0.600,0.0,3296264192.0,1638400.0,13551026176.0,1.51931265024e+11,0.0,0.0,132312268.800,4915.200,3542.200,2457.600,0.315,0.620,98.434,0.625,0.0,0.005,1493157970.776,
0.315,0.505,98.519,0.646,0.0,0.015,129004339.200,2457.600,37143.0,129831341.800,0.0,0.0,2952.800,2385.200,0.400,1.0,0.0,3322593280.0,1646592.0,14196031488.0,1.51259922432e+11,0.0,0.0,129056768.0,2457.600,2953.400,2385.800,0.315,0.505,98.519,0.645,0.0,0.015,1493157975.776,
0.461,0.746,97.983,0.801,0.0,0.010,181869772.800,0.0,64216.600,174975200.400,0.0,0.0,4076.400,3218.400,0.200,0.600,0.0,3408056320.0,1646592.0,15104802816.0,1.50265688064e+11,0.0,0.0,181791129.600,0.0,4075.800,3218.600,0.461,0.746,97.987,0.796,0.0,0.010,1493157980.776,
0.300,0.595,98.604,0.495,0.0,0.005,123944960.0,2457.600,53976.800,150989663.600,0.0,0.0,3400.200,2296.200,0.200,0.0,0.800,3309633536.0,1654784.0,15724019712.0,1.4974488576e+11,0.0,0.0,123761459.200,2457.600,3400.800,2293.600,0.300,0.595,98.604,0.495,0.0,0.005,1493157985.776,
0.275,0.510,98.765,0.445,0.0,0.005,109999718.400,819.200,48877.600,114197900.0,0.0,0.0,3015.800,2090.800,0.200,0.600,0.0,3312238592.0,1654784.0,16273002496.0,1.4919329792e+11,0.0,0.0,109999718.400,819.200,3014.0,2090.200,0.275,0.505,98.769,0.445,0.0,0.005,1493157990.776,
0.265,0.465,98.754,0.510,0.0,0.005,112820224.0,19660.800,36540.200,101835590.800,0.0,0.0,2669.600,2114.800,0.200,0.200,0.400,3400298496.0,1671168.0,16837767168.0,1.4854045696e+11,0.0,0.0,112820224.0,19660.800,2669.600,2114.800,0.270,0.470,98.744,0.510,0.0,0.005,1493157995.776,
0.340,0.615,98.329,0.700,0.0,0.015,141088358.400,9011.200,34309.0,121422129.800,0.0,0.0,3177.200,2520.400,0.0,0.600,0.0,3515023360.0,1687552.0,17544044544.0,1.47719438336e+11,0.0,0.0,141298073.600,9011.200,3178.600,2523.400,0.335,0.615,98.329,0.705,0.0,0.015,1493158000.776,
0.370,0.686,98.344,0.585,0.0,0.015,143782707.200,4915.200,39266.400,134780326.0,0.0,0.0,3467.600,2652.200,0.0,0.400,0.400,3601059840.0,1695744.0,18260893696.0,1.46916544512e+11,0.0,0.0,143572992.0,4915.200,3466.200,2649.200,0.375,0.681,98.349,0.580,0.0,0.015,1493158005.776,
0.380,0.711,98.338,0.556,0.0,0.015,148055654.400,7372.800,55600.800,139414067.800,0.0,0.0,3866.600,2769.600,0.400,0.800,0.0,3664175104.0,1712128.0,19003789312.0,1.46110517248e+11,0.0,0.0,148239155.200,7372.800,3868.0,2772.0,0.375,0.716,98.338,0.556,0.0,0.015,1493158010.776,
0.411,0.811,98.197,0.571,0.0,0.010,165728256.0,0.0,49762.0,140675714.400,0.0,0.0,3929.600,3075.800,0.400,0.600,0.400,3837181952.0,1712128.0,19831767040.0,1.45109532672e+11,0.0,0.0,165806899.200,0.0,3929.800,3077.0,0.411,0.816,98.193,0.571,0.0,0.010,1493158015.776,
0.380,0.726,98.339,0.540,0.0,0.015,140317491.200,10649.600,75212.800,137851007.0,0.0,0.0,3471.600,2666.400,0.200,0.400,0.0,3874664448.0,1728512.0,20531793920.0,1.44372006912e+11,0.0,0.0,140055347.200,10649.600,3471.800,2662.800,0.380,0.716,98.349,0.540,0.0,0.015,1493158020.776,
0.335,0.626,98.604,0.415,0.0,0.020,124338176.0,5734.400,52028.400,144367856.800,0.0,0.0,3399.800,2406.0,1.0,0.200,0.800,3816411136.0,1736704.0,21154349056.0,1.43807696896e+11,0.0,0.0,124521676.800,5734.400,3399.0,2408.400,0.340,0.636,98.589,0.415,0.0,0.020,1493158025.776,
0.421,0.756,98.173,0.626,0.0,0.025,160027443.200,12288.0,75563.200,146049956.0,0.0,0.0,3842.0,2991.600,0.600,0.800,0.200,3919659008.0,1753088.0,21955174400.0,1.42903607296e+11,0.0,0.0,160106086.400,12288.0,3844.800,2992.600,0.421,0.751,98.178,0.626,0.0,0.025,1493158030.776,
0.285,0.671,98.589,0.430,0.0,0.025,122487603.200,13926.400,76152.0,136030538.800,0.0,0.0,3604.0,2369.200,0.400,0.800,0.0,3871485952.0,1769472.0,22568939520.0,1.42337998848e+11,0.0,0.0,122461388.800,13926.400,3601.800,2368.800,0.285,0.671,98.584,0.435,0.0,0.025,1493158035.776,
0.370,0.816,98.188,0.601,0.0,0.025,148794572.800,0.0,86186.0,182031631.400,0.0,0.0,4329.0,2850.200,0.400,0.0,0.400,3753934848.0,1769472.0,23311507456.0,1.41712982016e+11,0.0,0.0,148558643.200,0.0,4327.400,2847.200,0.365,0.816,98.198,0.596,0.0,0.025,1493158040.776,
0.330,0.706,98.543,0.405,0.0,0.015,130818048.0,10649.600,72789.800,169515161.200,0.0,0.0,4115.400,2539.400,0.800,0.200,0.0,3594846208.0,1785856.0,23966601216.0,1.41216960512e+11,0.0,0.0,131027763.200,10649.600,4123.600,2543.800,0.335,0.701,98.543,0.405,0.0,0.015,1493158045.776,
0.340,0.691,98.484,0.480,0.0,0.005,134309478.400,4915.200,49988.400,153053994.800,0.0,0.0,3679.600,2551.0,0.200,0.0,0.400,3534188544.0,1794048.0,24635928576.0,1.40608282624e+11,0.0,0.0,134099763.200,4915.200,3671.600,2546.600,0.335,0.691,98.488,0.480,0.0,0.005,1493158050.776,
0.335,0.596,98.518,0.536,0.0,0.015,129743257.600,7372.800,64301.400,145408538.400,0.0,0.0,3780.400,2432.200,0.0,1.0,0.400,3489988608.0,1810432.0,25284464640.0,1.40003930112e+11,0.0,0.0,129743257.600,7372.800,3780.200,2432.200,0.340,0.596,98.513,0.536,0.0,0.015,1493158055.776,
0.355,0.726,98.349,0.550,0.0,0.020,148590592.0,5734.400,36645.200,104318819.600,0.0,0.0,3213.400,2747.600,0.800,0.600,0.600,3741077504.0,1818624.0,26028511232.0,1.39008786432e+11,0.0,0.0,148826521.600,5734.400,3218.0,2753.0,0.355,0.726,98.349,0.550,0.0,0.020,1493158060.776,
0.370,0.711,98.464,0.435,0.0,0.020,141921484.800,13926.400,36465.800,129182928.400,0.0,0.0,3353.800,2603.800,0.0,0.200,0.0,3833356288.0,1835008.0,26737381376.0,1.3820762112e+11,0.0,0.0,141685555.200,13926.400,3350.800,2598.400,0.365,0.715,98.464,0.435,0.0,0.020,1493158065.776,
0.390,0.696,98.334,0.565,0.0,0.015,141025280.0,6553.600,70458.0,147972330.200,0.0,0.0,4117.600,2667.600,0.400,0.0,0.400,3835310080.0,1843200.0,27443306496.0,1.37499734016e+11,0.0,0.0,141025280.0,6553.600,4116.0,2667.600,0.390,0.691,98.338,0.566,0.0,0.015,1493158070.776,
0.415,0.796,98.144,0.625,0.0,0.020,157880320.0,7372.800,75611.600,140808256.800,0.0,0.0,4168.800,2964.600,0.400,0.0,0.0,3944919040.0,1851392.0,28233191424.0,1.36600231936e+11,0.0,0.0,157948313.600,7372.800,4169.800,2964.800,0.420,0.800,98.134,0.625,0.0,0.020,1493158075.776,
0.386,0.781,98.318,0.506,0.0,0.010,146734284.800,10649.600,78933.600,163422907.400,0.0,0.0,4343.200,2783.0,0.400,0.400,0.400,3907940352.0,1867776.0,28965654528.0,1.35904731136e+11,0.0,0.0,146666291.200,10649.600,4343.200,2784.200,0.380,0.776,98.328,0.506,0.0,0.010,1493158080.776,
0.350,0.736,98.464,0.440,0.0,0.010,132563763.200,3276.800,74854.400,144743342.800,0.0,0.0,4095.600,2514.800,0.200,0.200,0.0,3869597696.0,1875968.0,29627617280.0,1.35281102848e+11,0.0,0.0,132563763.200,3276.800,4094.600,2513.400,0.350,0.741,98.458,0.440,0.0,0.010,1493158085.776,
0.420,0.841,98.164,0.550,0.0,0.025,157948313.600,7372.800,77637.200,173024630.0,0.0,0.0,4532.600,2961.800,0.200,0.0,0.0,3839868928.0,1892352.0,30418702336.0,1.34519730176e+11,0.0,0.0,157948313.600,7372.800,4536.400,2961.800,0.425,0.836,98.164,0.550,0.0,0.025,1493158090.776,
0.305,0.570,98.774,0.345,0.0,0.005,109999718.400,819.200,49252.200,145058723.800,0.0,0.0,3379.0,2146.0,0.200,0.0,0.800,3700838400.0,1892352.0,30969323520.0,1.3410813952e+11,0.0,0.0,109999718.400,819.200,3376.600,2146.0,0.300,0.575,98.774,0.345,0.0,0.005,1493158095.776,
0.305,0.735,98.475,0.470,0.0,0.015,132233625.600,13107.200,64333.800,172873679.600,0.0,0.0,4024.400,2508.800,0.600,0.400,0.0,3533783040.0,1908736.0,31629807616.0,1.336146944e+11,0.0,0.0,132417126.400,13107.200,4024.200,2511.200,0.305,0.735,98.470,0.475,0.0,0.015,1493158100.776,
0.350,0.761,98.154,0.716,0.0,0.020,155457945.600,9830.400,78015.400,169213725.0,0.0,0.0,4503.400,2889.800,0.400,0.800,0.0,3506974720.0,1925120.0,32407511040.0,1.32863782912e+11,0.0,0.0,155274444.800,9830.400,4502.200,2887.400,0.350,0.756,98.164,0.710,0.0,0.020,1493158105.776,
0.280,0.460,98.844,0.410,0.0,0.005,107179212.800,8192.0,52621.0,145353186.200,0.0,0.0,3349.0,2081.800,0.0,0.400,0.400,3329474560.0,1933312.0,32943042560.0,1.3250574336e+11,0.0,0.0,107179212.800,8192.0,3349.0,2081.800,0.280,0.460,98.844,0.410,0.0,0.005,1493158110.776,
0.030,0.030,99.910,0.025,0.0,0.005,5641011.200,7372.800,6271.600,5912422.800,0.0,0.0,323.200,294.600,0.0,0.0,0.0,3328098304.0,1949696.0,32972148736.0,1.32477997056e+11,0.0,0.0,5641011.200,7372.800,323.200,294.600,0.035,0.030,99.905,0.025,0.0,0.005,1493158115.776,
