"Dstat 0.7.2 CSV output"
"Author:","Dag Wieers <dag@wieers.com>",,,,"URL:","http://dag.wieers.com/home-made/dstat/"
"Host:","client0.skyhook-4osds.skyhook-pg0.wisc.cloudlab.us",,,,"User:","jlefevre"
"Cmdline:","dstat -av --epoch --integer --noheaders --output dstat-client0.log 5",,,,"Date:","25 Apr 2017 14:10:01 CDT"

"total cpu usage",,,,,,"dsk/total",,"net/total",,"paging",,"system",,"procs",,,"memory usage",,,,"paging",,"dsk/total",,"system",,"total cpu usage",,,,,,"epoch"
"usr","sys","idl","wai","hiq","siq","read","writ","recv","send","in","out","int","csw","run","blk","new","used","buff","cach","free","in","out","read","writ","int","csw","usr","sys","idl","wai","hiq","siq","epoch"
0.025,0.020,99.925,0.030,0.0,0.0,0.0,47513.600,44037.400,2108.600,0.0,0.0,1832.200,7352.200,0.0,0.0,0.0,5468209152.0,227188736.0,1.47402395648e+11,15682400256.0,0.0,0.0,0.0,47513.600,1832.400,7352.200,0.025,0.020,99.925,0.030,0.0,0.0,1493158651.201,
0.900,3.443,95.295,0.111,0.0,0.251,0.0,97484.800,501580075.600,283252.0,0.0,0.0,12362.400,13238.800,1.600,0.0,5.0,5672046592.0,227196928.0,1.47402473472e+11,15478476800.0,0.0,0.0,0.0,97484.800,12362.600,13235.400,0.900,3.449,95.290,0.111,0.0,0.251,1493158656.201,
0.945,3.802,94.750,0.101,0.0,0.402,0.0,131891.200,612574377.600,308647.0,0.0,0.0,13959.200,13933.600,2.0,0.0,0.0,5655588864.0,227221504.0,1.47402702848e+11,15494680576.0,0.0,0.0,0.0,131891.200,13971.0,13941.400,0.941,3.797,94.759,0.101,0.0,0.402,1493158661.201,
0.930,3.734,94.853,0.095,0.0,0.387,0.0,160563.200,554635465.200,264483.800,0.0,0.0,13159.400,12603.400,2.200,0.200,0.0,5659750400.0,227233792.0,1.47402993664e+11,15490215936.0,0.0,0.0,0.0,160563.200,13151.0,12597.800,0.930,3.744,94.844,0.095,0.0,0.387,1493158666.201,
1.067,3.944,94.501,0.111,0.0,0.377,0.0,145817.600,665572710.600,388588.0,0.0,0.0,15127.400,16041.800,2.0,0.0,0.0,5671972864.0,227237888.0,1.47403231232e+11,15477751808.0,0.0,0.0,0.0,145817.600,15127.800,16042.600,1.067,3.940,94.505,0.111,0.0,0.377,1493158671.200,
1.087,3.897,94.528,0.081,0.0,0.408,0.0,134348.800,720129366.800,435612.0,0.0,0.0,17903.0,17465.800,1.800,0.0,0.0,5658238976.0,227254272.0,1.47403419648e+11,15491280896.0,0.0,0.0,0.0,134348.800,17899.400,17470.200,1.097,3.901,94.514,0.081,0.0,0.408,1493158676.201,
1.142,4.038,94.322,0.085,0.0,0.412,0.0,135168.0,669516984.800,384021.800,0.0,0.0,16329.600,14949.200,1.800,0.0,0.0,5668773888.0,227266560.0,1.47403669504e+11,15480483840.0,0.0,0.0,0.0,135168.0,16334.200,14943.400,1.132,4.034,94.336,0.086,0.0,0.412,1493158681.201,
1.002,3.775,94.594,0.327,0.0,0.302,0.0,5492736.0,555943071.800,269527.200,0.0,0.0,13087.200,12870.0,2.0,0.200,0.0,5672574976.0,227287040.0,1.47395969024e+11,15484362752.0,0.0,0.0,0.0,5492736.0,13084.200,12875.0,1.002,3.780,94.590,0.327,0.0,0.302,1493158686.201,
1.134,4.232,94.151,0.151,0.0,0.333,0.0,164659.200,638262879.600,379186.0,0.0,0.0,15856.600,14922.600,2.400,0.0,0.0,5665079296.0,227299328.0,1.4739615744e+11,15491657728.0,0.0,0.0,0.0,164659.200,15854.400,14915.800,1.134,4.232,94.150,0.151,0.0,0.333,1493158691.201,
1.006,4.076,94.374,0.091,0.0,0.453,0.0,131891.200,580694637.200,277270.800,0.0,0.0,14527.600,12196.600,2.400,0.0,0.0,5661933568.0,227307520.0,1.47396345856e+11,15494606848.0,0.0,0.0,0.0,131891.200,14533.600,12202.400,1.011,4.075,94.370,0.091,0.0,0.453,1493158696.201,
1.101,3.968,94.437,0.106,0.0,0.387,0.0,131891.200,619044892.400,340074.600,0.0,0.0,14204.800,14315.400,2.200,0.0,0.0,5666664448.0,227332096.0,1.47396579328e+11,15489617920.0,0.0,0.0,0.0,131891.200,14199.600,14310.400,1.101,3.968,94.437,0.106,0.0,0.387,1493158701.201,
0.865,3.673,95.120,0.091,0.0,0.252,0.0,155648.0,520846728.200,227937.400,0.0,0.0,12059.0,12069.600,2.600,0.0,0.0,5661298688.0,227344384.0,1.47396800512e+11,15494750208.0,0.0,0.0,0.0,155648.0,12062.200,12075.800,0.865,3.673,95.120,0.091,0.0,0.252,1493158706.201,
0.956,3.955,94.571,0.161,0.0,0.357,0.0,131072.0,597838131.200,317723.800,0.0,0.0,14597.800,13744.400,2.600,0.200,0.0,5652439040.0,227356672.0,1.4739705856e+11,15503339520.0,0.0,0.0,0.0,131072.0,14601.800,13747.200,0.951,3.945,94.585,0.161,0.0,0.357,1493158711.201,
1.052,3.739,94.715,0.136,0.0,0.357,0.0,131891.200,649558728.200,402571.0,0.0,0.0,15407.0,16276.400,2.800,0.0,0.0,5654454272.0,227368960.0,1.47397275648e+11,15501094912.0,0.0,0.0,0.0,131891.200,15401.0,16270.0,1.052,3.745,94.710,0.136,0.0,0.357,1493158716.201,
1.097,3.950,94.485,0.086,0.0,0.382,0.0,134348.800,674639173.200,386102.600,0.0,0.0,15250.800,16398.0,3.600,0.0,0.0,5663735808.0,227377152.0,1.47397480448e+11,15491600384.0,0.0,0.0,0.0,134348.800,15251.200,16399.600,1.102,3.950,94.480,0.086,0.0,0.382,1493158721.201,
1.147,3.803,94.563,0.096,0.0,0.392,0.0,134348.800,683434743.200,417312.400,0.0,0.0,16335.600,16451.200,2.400,0.0,0.0,5646798848.0,227393536.0,1.47397718016e+11,15508283392.0,0.0,0.0,0.0,134348.800,16347.600,16455.0,1.147,3.802,94.563,0.096,0.0,0.392,1493158726.201,
1.078,3.839,94.660,0.076,0.0,0.348,0.0,108953.600,621820209.800,367718.200,0.0,0.0,15023.0,14842.400,2.200,0.200,0.0,5683605504.0,227405824.0,1.47397963776e+11,15471218688.0,0.0,0.0,0.0,108953.600,15018.0,14842.0,1.073,3.843,94.660,0.076,0.0,0.348,1493158731.201,
1.168,3.679,94.619,0.116,0.0,0.418,0.0,159744.0,662324533.200,419898.200,0.0,0.0,15656.0,16574.800,2.800,0.0,0.0,5638193152.0,227430400.0,1.473982464e+11,15516323840.0,0.0,0.0,0.0,159744.0,15654.600,16575.800,1.168,3.675,94.623,0.116,0.0,0.418,1493158736.201,
1.173,3.938,94.411,0.116,0.0,0.363,0.0,137625.600,647917951.0,372627.400,0.0,0.0,14897.600,15276.0,2.800,0.0,0.0,5661396992.0,227434496.0,1.4739843072e+11,15492931584.0,0.0,0.0,0.0,137625.600,14889.600,15268.600,1.178,3.937,94.407,0.116,0.0,0.362,1493158741.201,
1.117,4.020,94.355,0.131,0.0,0.377,0.0,138444.800,639532424.800,382033.600,0.0,0.0,15431.600,15909.0,2.600,0.0,0.0,5655805952.0,227446784.0,1.4739867648e+11,15498264576.0,0.0,0.0,0.0,138444.800,15432.0,15907.800,1.117,4.020,94.355,0.131,0.0,0.377,1493158746.201,
1.123,3.786,94.719,0.106,0.0,0.267,0.0,110592.0,630049120.400,369220.200,0.0,0.0,14982.200,15179.200,1.800,0.200,0.0,5659922432.0,227454976.0,1.47398909952e+11,15493906432.0,0.0,0.0,0.0,110592.0,14993.600,15192.800,1.123,3.786,94.718,0.106,0.0,0.267,1493158751.201,
1.137,3.853,94.602,0.111,0.0,0.297,0.0,153190.400,674403977.600,418309.400,0.0,0.0,16507.400,16016.400,2.0,0.0,0.0,5665898496.0,227454976.0,1.4739918848e+11,15487651840.0,0.0,0.0,0.0,153190.400,16499.400,16006.200,1.137,3.858,94.597,0.111,0.0,0.297,1493158756.201,
1.272,3.893,94.216,0.085,0.0,0.533,0.0,136806.400,752827469.200,542248.200,0.0,0.0,18728.0,19339.0,1.600,0.0,0.0,5655171072.0,227467264.0,1.47399442432e+11,15498113024.0,0.0,0.0,0.0,136806.400,18732.600,19340.800,1.272,3.892,94.217,0.085,0.0,0.533,1493158761.201,
1.330,3.779,94.402,0.101,0.0,0.388,0.0,135168.0,700609082.200,502444.400,0.0,0.0,17277.0,18160.400,2.600,0.0,0.0,5661126656.0,227467264.0,1.47399651328e+11,15491948544.0,0.0,0.0,0.0,135168.0,17268.800,18155.0,1.325,3.784,94.402,0.101,0.0,0.388,1493158766.201,
1.189,3.810,94.593,0.096,0.0,0.312,0.0,140083.200,643644891.400,473425.0,0.0,0.0,16534.800,17605.600,1.800,0.0,0.0,5668978688.0,227487744.0,1.47399901184e+11,15483826176.0,0.0,0.0,0.0,140083.200,16535.800,17610.400,1.194,3.795,94.602,0.096,0.0,0.312,1493158771.201,
1.168,3.523,94.887,0.081,0.0,0.342,0.0,140083.200,669757845.600,443530.400,0.0,0.0,15395.0,16987.400,2.0,0.200,0.0,5665406976.0,227491840.0,1.47400142848e+11,15487152128.0,0.0,0.0,0.0,140083.200,15396.400,16986.200,1.168,3.523,94.881,0.081,0.0,0.347,1493158776.201,
1.162,3.562,94.762,0.045,0.0,0.468,0.0,135987.200,671814538.800,406404.800,0.0,0.0,15020.0,16748.400,1.600,0.0,0.0,5666004992.0,227512320.0,1.47400421376e+11,15486255104.0,0.0,0.0,0.0,135987.200,15018.0,16751.800,1.162,3.567,94.762,0.045,0.0,0.463,1493158781.201,
1.133,3.912,94.507,0.121,0.0,0.327,0.0,137625.600,635464163.800,406505.400,0.0,0.0,16248.200,15400.0,2.400,0.0,0.0,5645254656.0,227520512.0,1.47400667136e+11,15506751488.0,0.0,0.0,0.0,137625.600,16257.600,15400.400,1.133,3.912,94.507,0.121,0.0,0.327,1493158786.201,
1.137,3.518,94.847,0.086,0.0,0.413,0.0,131072.0,650470219.400,394204.800,0.0,0.0,14836.0,15782.400,2.400,0.0,0.400,5669806080.0,227524608.0,1.47400851456e+11,15482011648.0,0.0,0.0,0.0,131072.0,14844.400,15790.0,1.132,3.523,94.847,0.086,0.0,0.413,1493158791.201,
1.318,3.763,94.074,0.397,0.0,0.448,0.0,4870144.0,677179612.600,467583.600,0.0,0.0,16866.600,16949.800,1.800,0.400,0.200,5674602496.0,227540992.0,1.4739683328e+11,15481217024.0,0.0,0.0,0.0,4870144.0,16858.0,16939.200,1.323,3.753,94.079,0.397,0.0,0.448,1493158796.201,
1.168,3.817,94.547,0.111,0.0,0.358,0.0,144179.200,638529310.600,404072.800,0.0,0.0,16150.400,15352.800,2.400,0.0,0.0,5669101568.0,227545088.0,1.47397132288e+11,15486414848.0,0.0,0.0,0.0,144179.200,16149.800,15359.800,1.163,3.822,94.546,0.111,0.0,0.358,1493158801.201,
1.229,3.849,94.383,0.146,0.0,0.393,0.0,133529.600,687329658.0,449825.0,0.0,0.0,16642.800,16583.0,2.800,0.0,0.200,5649371136.0,227557376.0,1.47397337088e+11,15505928192.0,0.0,0.0,0.0,133529.600,16637.800,16571.800,1.229,3.854,94.378,0.146,0.0,0.393,1493158806.201,
1.240,3.916,94.400,0.081,0.0,0.363,0.0,172032.0,674126371.200,434971.800,0.0,0.0,16860.800,16366.200,2.0,0.0,0.0,5653733376.0,227561472.0,1.47397562368e+11,15501336576.0,0.0,0.0,0.0,172032.0,16871.800,16378.400,1.240,3.911,94.406,0.081,0.0,0.363,1493158811.201,
1.388,3.527,94.354,0.353,0.0,0.378,0.0,4543283.200,825592816.600,757464.200,0.0,0.0,22961.600,25117.600,3.200,0.400,0.0,5647069184.0,227577856.0,1.47397234688e+11,15508312064.0,0.0,0.0,0.0,4543283.200,22955.0,25111.200,1.393,3.527,94.349,0.353,0.0,0.378,1493158816.201,
1.203,3.817,94.456,0.126,0.0,0.398,0.0,158924.800,697880579.0,475715.0,0.0,0.0,16228.600,17936.0,2.400,0.0,0.0,5661237248.0,227581952.0,1.47397541888e+11,15493832704.0,0.0,0.0,0.0,158924.800,16233.400,17936.0,1.204,3.822,94.451,0.126,0.0,0.398,1493158821.201,
1.215,3.664,94.683,0.106,0.0,0.333,0.0,138444.800,725384454.400,577867.800,0.0,0.0,18061.400,20567.200,2.800,0.0,0.0,5676412928.0,227590144.0,1.47397746688e+11,15478444032.0,0.0,0.0,0.0,138444.800,18050.600,20568.800,1.215,3.659,94.688,0.106,0.0,0.333,1493158826.201,
1.139,3.724,94.624,0.161,0.0,0.353,0.0,163020.800,621407894.800,364878.0,0.0,0.0,15239.200,14301.400,3.600,0.0,0.200,5649039360.0,227590144.0,1.4739800064e+11,15505563648.0,0.0,0.0,0.0,163020.800,15249.0,14306.400,1.139,3.724,94.619,0.161,0.0,0.358,1493158831.201,
1.068,3.757,94.691,0.111,0.0,0.373,0.0,117964.800,622466853.200,396606.800,0.0,0.0,16138.200,15140.0,2.0,0.200,0.0,5671632896.0,227598336.0,1.47398230016e+11,15482732544.0,0.0,0.0,0.0,117964.800,16129.600,15128.0,1.068,3.753,94.701,0.111,0.0,0.368,1493158836.201,
1.078,4.232,94.201,0.141,0.0,0.348,0.0,159744.0,628711036.800,341857.600,0.0,0.0,18996.0,14333.800,3.600,0.200,0.0,5655425024.0,227610624.0,1.4739849216e+11,15498665984.0,0.0,0.0,0.0,159744.0,19005.200,14347.400,1.073,4.237,94.201,0.141,0.0,0.348,1493158841.201,
1.056,3.877,94.525,0.116,0.0,0.427,0.0,144179.200,662011527.800,383989.400,0.0,0.0,14941.0,15674.600,2.0,0.0,0.0,5654577152.0,227622912.0,1.47398680576e+11,15499313152.0,0.0,0.0,0.0,144179.200,14935.600,15671.0,1.061,3.876,94.516,0.116,0.0,0.432,1493158846.201,
1.120,3.743,94.669,0.025,0.0,0.442,0.0,141721.600,692155801.400,413888.400,0.0,0.0,14814.400,17278.800,2.800,0.0,0.0,5683208192.0,227631104.0,1.47398926336e+11,15470428160.0,0.0,0.0,0.0,141721.600,14807.0,17268.600,1.121,3.739,94.678,0.025,0.0,0.437,1493158851.201,
1.108,4.068,94.442,0.060,0.0,0.322,0.0,118784.0,660575515.600,415376.400,0.0,0.0,15522.600,16107.600,2.600,0.200,0.0,5678256128.0,227659776.0,1.47399168e+11,15475109888.0,0.0,0.0,0.0,118784.0,15523.200,16114.0,1.102,4.077,94.433,0.060,0.0,0.327,1493158856.201,
0.947,3.793,94.827,0.106,0.0,0.327,0.0,161382.400,567575902.0,307960.0,0.0,0.0,13504.600,13263.200,1.600,0.0,0.0,5672636416.0,227663872.0,1.47399442432e+11,15480451072.0,0.0,0.0,0.0,161382.400,13505.800,13260.200,0.952,3.788,94.832,0.106,0.0,0.322,1493158861.200,
1.117,4.168,94.272,0.096,0.0,0.347,0.0,140083.200,605348970.400,364025.0,0.0,0.0,14973.200,14668.600,1.800,0.0,0.0,5673140224.0,227672064.0,1.47399651328e+11,15479730176.0,0.0,0.0,0.0,140083.200,14972.0,14665.800,1.118,4.168,94.271,0.096,0.0,0.347,1493158866.201,
1.028,3.814,94.704,0.131,0.0,0.322,0.0,138444.800,571132984.0,315998.200,0.0,0.0,13537.200,13974.800,1.800,0.0,0.0,5684129792.0,227680256.0,1.47399847936e+11,15468535808.0,0.0,0.0,0.0,138444.800,13536.800,13979.400,1.023,3.814,94.710,0.131,0.0,0.322,1493158871.201,
0.972,3.735,94.885,0.116,0.0,0.292,0.0,114688.0,560409003.200,277642.400,0.0,0.0,12985.200,12888.200,1.800,0.200,0.0,5662113792.0,227692544.0,1.4740006912e+11,15490318336.0,0.0,0.0,0.0,114688.0,12988.0,12884.400,0.977,3.731,94.885,0.116,0.0,0.292,1493158876.201,
0.876,3.495,95.221,0.131,0.0,0.277,0.0,165478.400,503361655.200,280983.400,0.0,0.0,13036.600,13242.600,1.400,0.0,0.0,5666066432.0,227696640.0,1.47400351744e+11,15486078976.0,0.0,0.0,0.0,165478.400,13033.600,13243.400,0.871,3.504,95.217,0.131,0.0,0.277,1493158881.201,
