"Dstat 0.7.2 CSV output"
"Author:","Dag Wieers <dag@wieers.com>",,,,"URL:","http://dag.wieers.com/home-made/dstat/"
"Host:","osd0.skyhook-4osds.skyhook-pg0.wisc.cloudlab.us",,,,"User:","jlefevre"
"Cmdline:","dstat -av --epoch --integer --noheaders --output dstat-osd0.log 5",,,,"Date:","25 Apr 2017 14:10:10 CDT"

"total cpu usage",,,,,,"dsk/total",,"net/total",,"paging",,"system",,"procs",,,"memory usage",,,,"paging",,"dsk/total",,"system",,"total cpu usage",,,,,,"epoch"
"usr","sys","idl","wai","hiq","siq","read","writ","recv","send","in","out","int","csw","run","blk","new","used","buff","cach","free","in","out","read","writ","int","csw","usr","sys","idl","wai","hiq","siq","epoch"
0.020,0.010,99.965,0.005,0.0,0.0,25395.200,3276.800,2998.800,12236.200,0.0,0.0,147.0,167.800,0.0,0.0,0.200,3315712000.0,1667072.0,33000787968.0,1.32462026752e+11,0.0,0.0,25395.200,3276.800,147.0,167.800,0.020,0.010,99.965,0.005,0.0,0.0,1493165665.776,
0.250,0.610,99.105,0.010,0.0,0.025,0.0,2457.600,242715.400,235943639.800,0.0,0.0,5624.600,840.400,0.200,0.0,0.400,3317587968.0,1675264.0,33000792064.0,1.32460138496e+11,0.0,0.0,0.0,2457.600,5624.600,840.400,0.255,0.610,99.100,0.010,0.0,0.025,1493165670.776,
0.275,0.681,99.019,0.010,0.0,0.015,0.0,4915.200,276765.200,276597999.0,0.0,0.0,5930.200,998.0,0.600,0.0,0.0,3376181248.0,1683456.0,33000787968.0,1.3240154112e+11,0.0,0.0,0.0,4915.200,5934.200,998.400,0.270,0.681,99.024,0.010,0.0,0.015,1493165675.776,
0.260,0.786,98.914,0.020,0.0,0.020,0.0,9830.400,324269.200,293220949.400,0.0,0.0,8585.800,1032.400,0.400,0.0,0.0,3353325568.0,1699840.0,33000779776.0,1.32424388608e+11,0.0,0.0,0.0,9830.400,8585.800,1033.0,0.265,0.791,98.904,0.020,0.0,0.020,1493165680.776,
0.220,0.686,99.084,0.0,0.0,0.010,0.0,0.0,286526.400,255904396.200,0.0,0.0,8271.200,890.0,0.600,0.0,0.0,3337494528.0,1699840.0,33000787968.0,1.32440211456e+11,0.0,0.0,0.0,0.0,8268.400,890.400,0.220,0.681,99.089,0.0,0.0,0.010,1493165685.776,
0.250,0.676,99.059,0.005,0.0,0.010,0.0,2457.600,273661.0,254801626.0,0.0,0.0,7974.200,924.200,0.200,0.0,0.0,3356069888.0,1708032.0,33000792064.0,1.32421623808e+11,0.0,0.0,0.0,2457.600,7978.800,923.400,0.250,0.681,99.054,0.005,0.0,0.010,1493165690.776,
0.245,0.681,99.064,0.0,0.0,0.010,0.0,0.0,246398.600,260555029.600,0.0,0.0,6419.800,904.400,0.400,0.0,0.0,3373146112.0,1708032.0,33000792064.0,1.32404547584e+11,0.0,0.0,0.0,0.0,6417.600,904.400,0.240,0.681,99.069,0.0,0.0,0.010,1493165695.776,
0.255,0.646,99.064,0.010,0.0,0.025,0.0,4096.0,288945.0,267919209.600,0.0,0.0,8037.0,888.400,0.400,0.0,0.0,3354308608.0,1716224.0,33000792064.0,1.32423376896e+11,0.0,0.0,0.0,4096.0,8034.800,887.800,0.260,0.641,99.064,0.010,0.0,0.025,1493165700.776,
0.255,0.681,99.044,0.005,0.0,0.015,0.0,4915.200,287602.200,247235711.0,0.0,0.0,7970.0,917.600,0.200,0.0,0.400,3482845184.0,1724416.0,33000792064.0,1.32294832128e+11,0.0,0.0,0.0,4915.200,7972.200,917.600,0.250,0.681,99.049,0.005,0.0,0.015,1493165705.776,
0.260,0.781,98.954,0.0,0.0,0.005,0.0,819.200,276101.800,258563238.200,0.0,0.0,7998.400,999.600,0.0,0.0,0.0,3624435712.0,1724416.0,33000796160.0,1.32153237504e+11,0.0,0.0,0.0,819.200,8004.800,999.600,0.265,0.786,98.944,0.0,0.0,0.005,1493165710.776,
0.295,0.781,98.884,0.020,0.0,0.020,0.0,8192.0,275399.400,252850021.400,0.0,0.0,6431.0,987.0,0.600,0.0,0.0,3839762432.0,1740800.0,33000796160.0,1.319378944e+11,0.0,0.0,0.0,8192.0,6426.400,987.600,0.295,0.776,98.889,0.020,0.0,0.020,1493165715.776,
0.280,0.831,98.864,0.010,0.0,0.015,0.0,7372.800,328828.400,340888212.800,0.0,0.0,6560.600,1041.600,1.600,0.0,0.0,3593428992.0,1748992.0,33000792064.0,1.32184223744e+11,0.0,0.0,0.0,7372.800,6559.600,1042.800,0.280,0.841,98.854,0.010,0.0,0.015,1493165720.776,
0.275,0.800,98.894,0.0,0.0,0.030,0.0,2457.600,338293.600,338140926.0,0.0,0.0,6190.0,1014.200,0.0,0.0,0.0,3331846144.0,1757184.0,33000792064.0,1.324457984e+11,0.0,0.0,0.0,2457.600,6188.0,1012.400,0.275,0.790,98.904,0.0,0.0,0.030,1493165725.776,
0.200,0.580,99.205,0.0,0.0,0.015,0.0,0.0,237138.0,223720527.0,0.0,0.0,4951.0,843.800,0.400,0.0,0.200,3403870208.0,1757184.0,33000792064.0,1.32373774336e+11,0.0,0.0,0.0,0.0,4951.800,844.400,0.200,0.585,99.200,0.0,0.0,0.015,1493165730.776,
0.315,0.880,98.754,0.015,0.0,0.035,0.0,6553.600,344552.800,344615764.400,0.0,0.0,7429.400,1106.600,0.200,0.0,0.0,3373809664.0,1773568.0,33000792064.0,1.32403818496e+11,0.0,0.0,0.0,6553.600,7429.600,1106.400,0.315,0.875,98.759,0.015,0.0,0.035,1493165735.776,
0.335,0.796,98.834,0.005,0.0,0.030,0.0,2457.600,342075.400,306379415.600,0.0,0.0,6672.800,1100.800,0.400,0.0,0.400,3513384960.0,1781760.0,33000796160.0,1.32264230912e+11,0.0,0.0,0.0,2457.600,6671.600,1100.400,0.330,0.801,98.834,0.005,0.0,0.030,1493165740.776,
0.255,0.736,98.979,0.010,0.0,0.020,0.0,6553.600,327263.800,282629728.600,0.0,0.0,6122.0,982.800,0.200,0.0,0.0,3483291648.0,1789952.0,33000792064.0,1.32294320128e+11,0.0,0.0,0.0,6553.600,6121.600,983.800,0.255,0.731,98.984,0.010,0.0,0.020,1493165745.776,
0.285,0.866,98.804,0.015,0.0,0.030,0.0,5734.400,343703.0,296332455.200,0.0,0.0,6552.200,1088.0,0.200,0.0,0.0,3591274496.0,1806336.0,33000792064.0,1.32186320896e+11,0.0,0.0,0.0,5734.400,6553.600,1087.400,0.285,0.871,98.799,0.015,0.0,0.030,1493165750.776,
0.230,0.726,99.024,0.0,0.0,0.020,0.0,2457.600,310581.0,303730048.800,0.0,0.0,8975.400,918.0,0.200,0.0,0.0,3357278208.0,1806336.0,33000792064.0,1.32420317184e+11,0.0,0.0,0.0,2457.600,8972.200,917.600,0.230,0.726,99.024,0.0,0.0,0.020,1493165755.776,
0.260,0.681,99.039,0.005,0.0,0.015,0.0,2457.600,297929.800,262441656.600,0.0,0.0,8461.400,955.800,0.400,0.0,0.0,3504926720.0,1814528.0,33000792064.0,1.3227266048e+11,0.0,0.0,0.0,2457.600,8461.400,955.800,0.260,0.676,99.043,0.005,0.0,0.015,1493165760.776,
0.295,0.896,98.793,0.0,0.0,0.015,0.0,0.0,318493.0,299619039.0,0.0,0.0,9149.200,1060.0,0.0,0.0,0.0,3619270656.0,1814528.0,33000792064.0,1.32158316544e+11,0.0,0.0,0.0,0.0,9154.400,1060.0,0.295,0.896,98.793,0.0,0.0,0.015,1493165765.776,
0.255,0.816,98.913,0.005,0.0,0.010,0.0,4096.0,310916.200,313103479.200,0.0,0.0,9267.200,1055.0,0.200,0.0,0.0,3556335616.0,1822720.0,33000796160.0,1.32221239296e+11,0.0,0.0,0.0,4096.0,9266.400,1055.0,0.255,0.821,98.908,0.005,0.0,0.010,1493165770.776,
0.230,0.721,99.019,0.005,0.0,0.025,0.0,4915.200,273041.0,288576254.800,0.0,0.0,7009.600,954.600,0.600,0.0,0.400,3414339584.0,1830912.0,33000800256.0,1.3236322304e+11,0.0,0.0,0.0,4915.200,7007.200,955.0,0.230,0.716,99.024,0.005,0.0,0.025,1493165775.776,
0.240,0.671,99.054,0.010,0.0,0.025,0.0,8192.0,310791.200,267503633.0,0.0,0.0,6093.800,957.0,0.600,0.0,0.0,3406065664.0,1839104.0,33000800256.0,1.32371488768e+11,0.0,0.0,0.0,8192.0,6095.200,957.0,0.245,0.671,99.049,0.010,0.0,0.025,1493165780.776,
0.255,0.736,98.979,0.020,0.0,0.010,0.0,7372.800,254572.0,257340627.400,0.0,0.0,5390.600,940.200,0.200,0.0,0.0,3532775424.0,1855488.0,33000800256.0,1.32244762624e+11,0.0,0.0,0.0,7372.800,5390.800,939.800,0.255,0.736,98.979,0.020,0.0,0.010,1493165785.776,
0.105,0.310,99.570,0.0,0.0,0.015,0.0,2457.600,140294.600,136611540.200,0.0,0.0,2924.200,491.800,0.200,0.0,0.0,3378860032.0,1855488.0,33000800256.0,1.32398678016e+11,0.0,0.0,0.0,2457.600,2920.600,491.800,0.105,0.310,99.570,0.0,0.0,0.015,1493165790.776,
