"Dstat 0.7.2 CSV output"
"Author:","Dag Wieers <dag@wieers.com>",,,,"URL:","http://dag.wieers.com/home-made/dstat/"
"Host:","osd0.skyhook-4osds.skyhook-pg0.wisc.cloudlab.us",,,,"User:","jlefevre"
"Cmdline:","dstat -av --epoch --integer --noheaders --output dstat-osd0.log 5",,,,"Date:","25 Apr 2017 14:10:10 CDT"

"total cpu usage",,,,,,"dsk/total",,"net/total",,"paging",,"system",,"procs",,,"memory usage",,,,"paging",,"dsk/total",,"system",,"total cpu usage",,,,,,"epoch"
"usr","sys","idl","wai","hiq","siq","read","writ","recv","send","in","out","int","csw","run","blk","new","used","buff","cach","free","in","out","read","writ","int","csw","usr","sys","idl","wai","hiq","siq","epoch"
0.030,0.010,99.955,0.005,0.0,0.0,0.0,8192.0,3187.200,12257.600,0.0,0.0,157.800,170.200,0.0,0.0,0.800,3328024576.0,1916928.0,32963813376.0,1.32486438912e+11,0.0,0.0,0.0,8192.0,157.400,170.200,0.030,0.010,99.955,0.005,0.0,0.0,1493153395.776,
0.125,0.320,99.550,0.0,0.0,0.005,0.0,14745.600,44421.200,64075817.800,0.0,0.0,1264.800,474.600,0.200,0.0,0.0,3602919424.0,1933312.0,32963801088.0,1.32211539968e+11,0.0,0.0,0.0,14745.600,1268.800,474.600,0.130,0.320,99.545,0.0,0.0,0.005,1493153400.776,
0.155,0.460,99.380,0.0,0.0,0.005,0.0,0.0,53381.800,122053179.600,0.0,0.0,2405.400,573.0,0.200,0.0,0.400,3689046016.0,1933312.0,32963805184.0,1.3212540928e+11,0.0,0.0,0.0,0.0,2403.600,573.400,0.155,0.460,99.380,0.0,0.0,0.005,1493153405.776,
0.155,0.450,99.385,0.0,0.0,0.010,0.0,7372.800,73184.400,130251768.200,0.0,0.0,2442.0,591.0,0.400,0.0,0.400,3785715712.0,1949696.0,32963805184.0,1.320287232e+11,0.0,0.0,0.0,7372.800,2440.0,590.600,0.155,0.455,99.380,0.0,0.0,0.010,1493153410.776,
0.165,0.500,99.320,0.0,0.0,0.015,0.0,0.0,77407.200,143437996.400,0.0,0.0,2445.400,613.0,0.200,0.0,0.0,3844952064.0,1949696.0,32963805184.0,1.31969486848e+11,0.0,0.0,0.0,0.0,2447.400,613.400,0.165,0.495,99.325,0.0,0.0,0.015,1493153415.776,
0.225,0.676,99.089,0.005,0.0,0.005,0.0,7372.800,132493.400,200291122.400,0.0,0.0,4440.400,763.400,0.0,0.0,0.400,3872313344.0,1966080.0,32963809280.0,1.31942105088e+11,0.0,0.0,0.0,7372.800,4438.200,763.0,0.220,0.681,99.089,0.005,0.0,0.005,1493153420.776,
0.150,0.485,99.360,0.0,0.0,0.005,0.0,0.0,118519.200,170628609.600,0.0,0.0,3935.0,606.600,0.800,0.0,0.400,3732148224.0,1966080.0,32963809280.0,1.32082270208e+11,0.0,0.0,0.0,0.0,3935.200,607.0,0.150,0.480,99.364,0.0,0.0,0.005,1493153425.776,
0.165,0.465,99.360,0.010,0.0,0.0,0.0,12288.0,81462.0,139987502.0,0.0,0.0,3080.800,634.200,0.600,0.0,0.400,3732160512.0,1982464.0,32963817472.0,1.32082233344e+11,0.0,0.0,0.0,12288.0,3080.600,633.800,0.170,0.470,99.350,0.010,0.0,0.0,1493153430.776,
0.155,0.445,99.395,0.0,0.0,0.005,0.0,14745.600,85349.200,125227210.200,0.0,0.0,3000.0,599.800,0.0,0.0,0.0,3829309440.0,1998848.0,32963813376.0,1.31985072128e+11,0.0,0.0,0.0,14745.600,3002.800,599.800,0.150,0.440,99.405,0.0,0.0,0.005,1493153435.776,
0.160,0.500,99.334,0.0,0.0,0.005,0.0,8192.0,128185.600,157224587.800,0.0,0.0,4213.600,639.200,0.200,0.0,0.400,3789549568.0,2007040.0,32963817472.0,1.32024819712e+11,0.0,0.0,0.0,8192.0,4210.800,639.200,0.160,0.500,99.334,0.0,0.0,0.005,1493153440.776,
0.180,0.575,99.215,0.005,0.0,0.025,0.0,7372.800,112830.400,187263116.600,0.0,0.0,3938.400,687.0,0.400,0.0,0.0,3715330048.0,2023424.0,32963817472.0,1.32099022848e+11,0.0,0.0,0.0,7372.800,3938.400,687.0,0.180,0.580,99.210,0.005,0.0,0.025,1493153445.776,
0.155,0.565,99.265,0.0,0.0,0.015,0.0,0.0,100793.600,196950921.0,0.0,0.0,3737.0,662.800,0.200,0.0,0.400,3519184896.0,2023424.0,32963817472.0,1.32295168e+11,0.0,0.0,0.0,0.0,3741.600,667.600,0.160,0.565,99.260,0.0,0.0,0.015,1493153450.776,
0.175,0.550,99.265,0.0,0.0,0.010,0.0,5734.400,109430.400,199597928.0,0.0,0.0,3526.800,665.600,0.0,0.0,0.400,3395239936.0,2039808.0,32963821568.0,1.3241909248e+11,0.0,0.0,0.0,5734.400,3523.800,660.800,0.170,0.545,99.275,0.0,0.0,0.010,1493153455.776,
0.135,0.340,99.520,0.0,0.0,0.005,0.0,0.0,58106.200,118955661.200,0.0,0.0,1879.400,557.0,0.0,0.0,0.800,3376611328.0,2039808.0,32963825664.0,1.32437716992e+11,0.0,0.0,0.0,0.0,1878.800,557.400,0.135,0.340,99.520,0.0,0.0,0.005,1493153460.776,
0.165,0.425,99.395,0.005,0.0,0.010,0.0,11468.800,68921.600,142634549.400,0.0,0.0,2295.0,656.600,0.400,0.0,0.400,3449602048.0,2056192.0,32963829760.0,1.32364705792e+11,0.0,0.0,0.0,11468.800,2294.0,657.0,0.165,0.430,99.390,0.005,0.0,0.010,1493153465.776,
0.180,0.485,99.320,0.0,0.0,0.015,0.0,12288.0,98035.200,168859711.600,0.0,0.0,2789.400,732.0,0.0,0.0,0.400,3447701504.0,2072576.0,32963825664.0,1.32366594048e+11,0.0,0.0,0.0,12288.0,2789.600,731.200,0.180,0.485,99.320,0.0,0.0,0.015,1493153470.776,
0.130,0.390,99.455,0.010,0.0,0.015,0.0,8192.0,67669.800,134077181.800,0.0,0.0,2199.800,593.200,0.200,0.0,0.400,3440103424.0,2080768.0,32963833856.0,1.32374175744e+11,0.0,0.0,0.0,8192.0,2199.800,594.0,0.135,0.390,99.450,0.010,0.0,0.015,1493153475.776,
0.170,0.480,99.335,0.010,0.0,0.005,0.0,12288.0,70931.400,150179220.800,0.0,0.0,2415.0,646.600,0.600,0.0,0.400,3490721792.0,2097152.0,32963833856.0,1.32323540992e+11,0.0,0.0,0.0,12288.0,2415.0,646.200,0.165,0.480,99.340,0.010,0.0,0.005,1493153480.776,
0.200,0.520,99.269,0.0,0.0,0.010,0.0,4915.200,97014.0,156986287.200,0.0,0.0,2773.0,732.0,0.600,0.0,0.800,3632373760.0,2105344.0,32963833856.0,1.32181880832e+11,0.0,0.0,0.0,4915.200,2776.0,732.400,0.200,0.520,99.269,0.0,0.0,0.010,1493153485.776,
0.150,0.435,99.405,0.0,0.0,0.010,0.0,7372.800,73078.400,165037617.400,0.0,0.0,2557.0,613.200,0.400,0.0,0.400,3507281920.0,2121728.0,32963837952.0,1.32306952192e+11,0.0,0.0,0.0,7372.800,2553.800,613.400,0.155,0.435,99.400,0.0,0.0,0.010,1493153490.776,
0.210,0.595,99.180,0.0,0.0,0.015,0.0,0.0,86523.200,197236126.200,0.0,0.0,2933.200,792.0,0.0,0.0,0.800,3493498880.0,2121728.0,32963837952.0,1.32320735232e+11,0.0,0.0,0.0,0.0,2934.400,791.200,0.210,0.590,99.185,0.0,0.0,0.015,1493153495.776,
0.180,0.390,99.425,0.005,0.0,0.0,0.0,13926.400,66580.200,176567906.400,0.0,0.0,2536.0,667.200,0.600,0.0,0.600,3340050432.0,2138112.0,32963850240.0,1.32474155008e+11,0.0,0.0,0.0,13926.400,2534.800,667.0,0.175,0.395,99.425,0.005,0.0,0.0,1493153500.776,
0.110,0.275,99.610,0.0,0.0,0.005,0.0,12288.0,46898.400,107731156.0,0.0,0.0,1669.0,528.800,0.400,0.0,0.400,3348156416.0,2154496.0,32963842048.0,1.32466040832e+11,0.0,0.0,0.0,12288.0,1670.400,529.200,0.115,0.275,99.605,0.0,0.0,0.005,1493153505.776,
0.115,0.255,99.620,0.010,0.0,0.0,0.0,8192.0,56652.0,101726727.600,0.0,0.0,2009.600,538.600,0.400,0.0,0.800,3332440064.0,2162688.0,32963846144.0,1.32481744896e+11,0.0,0.0,0.0,8192.0,2008.200,538.200,0.115,0.255,99.620,0.010,0.0,0.0,1493153510.776,
0.200,0.540,99.235,0.005,0.0,0.020,0.0,10649.600,77580.200,169026882.800,0.0,0.0,2769.400,707.0,0.200,0.0,0.0,3505917952.0,2179072.0,32963846144.0,1.32308250624e+11,0.0,0.0,0.0,10649.600,2774.800,707.0,0.200,0.535,99.240,0.005,0.0,0.020,1493153515.776,
0.165,0.520,99.305,0.005,0.0,0.005,0.0,6553.600,85802.200,153873197.0,0.0,0.0,2576.200,705.600,0.200,0.0,1.0,3578826752.0,2187264.0,32963850240.0,1.32235329536e+11,0.0,0.0,0.0,6553.600,2570.800,705.600,0.160,0.525,99.305,0.005,0.0,0.005,1493153520.776,
0.185,0.560,99.244,0.0,0.0,0.010,0.0,2457.600,120429.0,184638716.400,0.0,0.0,3125.200,710.800,0.400,0.0,0.0,3562602496.0,2195456.0,32963850240.0,1.322515456e+11,0.0,0.0,0.0,2457.600,3128.200,711.200,0.185,0.555,99.249,0.0,0.0,0.010,1493153525.776,
0.230,0.631,99.109,0.005,0.0,0.025,0.0,8192.0,142557.400,239324818.400,0.0,0.0,3750.0,862.200,0.0,0.0,0.800,3464114176.0,2203648.0,32963858432.0,1.32350017536e+11,0.0,0.0,0.0,8192.0,3750.200,862.0,0.235,0.631,99.104,0.005,0.0,0.025,1493153530.776,
0.150,0.440,99.390,0.015,0.0,0.005,0.0,12288.0,115925.200,168565322.400,0.0,0.0,3872.600,655.0,0.200,0.0,0.400,3378622464.0,2220032.0,32963862528.0,1.32435488768e+11,0.0,0.0,0.0,12288.0,3871.600,655.0,0.150,0.445,99.385,0.015,0.0,0.005,1493153535.776,
0.175,0.480,99.314,0.020,0.0,0.010,0.0,9830.400,83474.0,131687774.600,0.0,0.0,3092.600,702.0,0.800,0.0,0.800,3568783360.0,2236416.0,32963866624.0,1.32245307392e+11,0.0,0.0,0.0,9830.400,3090.400,701.800,0.170,0.475,99.324,0.020,0.0,0.010,1493153540.776,
0.200,0.670,99.120,0.0,0.0,0.010,0.0,9011.200,133632.800,194182462.400,0.0,0.0,4398.600,762.800,0.0,0.0,0.400,3578896384.0,2244608.0,32963862528.0,1.32235190272e+11,0.0,0.0,0.0,9011.200,4398.600,762.800,0.200,0.670,99.120,0.0,0.0,0.010,1493153545.776,
0.175,0.460,99.345,0.010,0.0,0.010,0.0,12288.0,119883.600,165138169.400,0.0,0.0,3945.200,674.200,0.400,0.0,0.400,3507601408.0,2260992.0,32963866624.0,1.32306464768e+11,0.0,0.0,0.0,12288.0,3945.200,674.200,0.175,0.460,99.345,0.010,0.0,0.010,1493153550.776,
0.165,0.450,99.374,0.010,0.0,0.0,0.0,4915.200,103332.0,183180623.800,0.0,0.0,3714.0,687.800,0.400,0.0,0.800,3362021376.0,2269184.0,32963862528.0,1.32452040704e+11,0.0,0.0,0.0,4915.200,3717.400,688.400,0.170,0.450,99.369,0.010,0.0,0.0,1493153555.776,
0.155,0.440,99.390,0.010,0.0,0.005,0.0,2457.600,63353.0,158336826.0,0.0,0.0,2861.200,648.400,0.200,0.0,0.0,3423387648.0,2277376.0,32963866624.0,1.32390662144e+11,0.0,0.0,0.0,2457.600,2857.800,647.800,0.155,0.445,99.385,0.010,0.0,0.005,1493153560.776,
0.240,0.630,99.114,0.0,0.0,0.015,0.0,4915.200,136799.200,197389709.0,0.0,0.0,3945.600,810.800,0.200,0.0,1.200,3494834176.0,2285568.0,32963878912.0,1.32319195136e+11,0.0,0.0,0.0,4915.200,3945.600,810.800,0.240,0.625,99.119,0.0,0.0,0.015,1493153565.776,
0.180,0.515,99.279,0.015,0.0,0.010,0.0,14745.600,133064.800,192110703.800,0.0,0.0,3313.600,755.800,0.800,0.0,0.0,3451813888.0,2301952.0,32963878912.0,1.3236219904e+11,0.0,0.0,0.0,14745.600,3313.800,756.200,0.175,0.515,99.284,0.015,0.0,0.010,1493153570.776,
0.205,0.485,99.275,0.005,0.0,0.030,0.0,9830.400,99062.600,168770480.400,0.0,0.0,3561.0,734.800,0.600,0.0,0.800,3502157824.0,2318336.0,32963878912.0,1.3231183872e+11,0.0,0.0,0.0,9830.400,3560.800,736.0,0.205,0.490,99.270,0.005,0.0,0.030,1493153575.776,
0.185,0.490,99.305,0.015,0.0,0.005,0.0,11468.800,77884.0,127762481.600,0.0,0.0,2704.600,649.200,0.200,0.0,0.0,3749019648.0,2326528.0,32963878912.0,1.32064968704e+11,0.0,0.0,0.0,11468.800,2704.600,647.600,0.185,0.485,99.309,0.015,0.0,0.005,1493153580.776,
0.165,0.510,99.309,0.005,0.0,0.010,0.0,2457.600,109581.600,173781008.0,0.0,0.0,3884.600,693.600,0.200,0.0,0.800,3673137152.0,2334720.0,32963883008.0,1.32140838912e+11,0.0,0.0,0.0,2457.600,3885.200,694.0,0.165,0.515,99.304,0.005,0.0,0.010,1493153585.776,
0.150,0.480,99.360,0.010,0.0,0.0,0.0,4915.200,64591.600,158353395.600,0.0,0.0,2849.600,619.0,0.200,0.0,0.0,3609022464.0,2342912.0,32963878912.0,1.32204949504e+11,0.0,0.0,0.0,4915.200,2852.400,618.600,0.150,0.480,99.360,0.010,0.0,0.0,1493153590.776,
0.160,0.490,99.324,0.020,0.0,0.005,0.0,10649.600,125495.600,203148822.200,0.0,0.0,4201.200,704.600,0.200,0.0,0.800,3373858816.0,2359296.0,32963887104.0,1.32440088576e+11,0.0,0.0,0.0,10649.600,4199.200,704.800,0.165,0.485,99.324,0.020,0.0,0.005,1493153595.776,
0.150,0.350,99.495,0.0,0.0,0.005,0.0,8192.0,72631.600,145222218.200,0.0,0.0,2821.200,626.600,0.200,0.0,0.800,3338997760.0,2367488.0,32963891200.0,1.32474937344e+11,0.0,0.0,0.0,8192.0,2820.600,629.0,0.150,0.355,99.490,0.0,0.0,0.005,1493153600.776,
0.175,0.450,99.355,0.020,0.0,0.0,0.0,9830.400,71443.0,147860457.600,0.0,0.0,2881.0,650.200,0.200,0.0,0.400,3432931328.0,2383872.0,32963891200.0,1.32380987392e+11,0.0,0.0,0.0,9830.400,2880.200,647.600,0.170,0.445,99.365,0.020,0.0,0.0,1493153605.776,
0.145,0.370,99.470,0.010,0.0,0.005,0.0,12288.0,100520.800,145648984.600,0.0,0.0,3533.800,662.600,0.0,0.0,0.800,3355160576.0,2400256.0,32963899392.0,1.32458733568e+11,0.0,0.0,0.0,12288.0,3533.800,662.600,0.145,0.370,99.470,0.010,0.0,0.005,1493153610.776,
0.025,0.005,99.970,0.0,0.0,0.0,0.0,3276.800,4074.0,1470081.800,0.0,0.0,201.800,210.600,0.0,0.0,0.400,3340279808.0,2400256.0,32963907584.0,1.32473606144e+11,0.0,0.0,0.0,3276.800,202.0,210.600,0.025,0.005,99.970,0.0,0.0,0.0,1493153615.776,
