"Dstat 0.7.2 CSV output"
"Author:","Dag Wieers <dag@wieers.com>",,,,"URL:","http://dag.wieers.com/home-made/dstat/"
"Host:","osd0.skyhook-4osds.skyhook-pg0.wisc.cloudlab.us",,,,"User:","jlefevre"
"Cmdline:","dstat -av --epoch --integer --noheaders --output dstat-osd0.log 5",,,,"Date:","25 Apr 2017 14:10:10 CDT"

"total cpu usage",,,,,,"dsk/total",,"net/total",,"paging",,"system",,"procs",,,"memory usage",,,,"paging",,"dsk/total",,"system",,"total cpu usage",,,,,,"epoch"
"usr","sys","idl","wai","hiq","siq","read","writ","recv","send","in","out","int","csw","run","blk","new","used","buff","cach","free","in","out","read","writ","int","csw","usr","sys","idl","wai","hiq","siq","epoch"
0.030,0.005,99.965,0.0,0.0,0.0,819.200,0.0,2827.800,11566.800,0.0,0.0,155.0,172.600,0.0,0.0,0.0,3275128832.0,1351680.0,132775936.0,1.65370937344e+11,0.0,0.0,819.200,0.0,155.0,172.600,0.030,0.005,99.965,0.0,0.0,0.0,1493154470.776,
0.020,0.055,99.475,0.450,0.0,0.0,19492864.0,5734.400,3117.200,11510.800,0.0,0.0,291.800,439.600,0.400,1.0,0.0,3374481408.0,1368064.0,227393536.0,1.65176950784e+11,0.0,0.0,19743539.200,5734.400,293.600,441.800,0.035,0.055,99.455,0.455,0.0,0.0,1493154475.776,
0.160,0.460,98.829,0.535,0.0,0.015,135634944.0,0.0,49244.0,118844886.400,0.0,0.0,2946.800,2464.0,0.200,0.200,0.0,3486380032.0,1368064.0,907476992.0,1.64384968704e+11,0.0,0.0,135515340.800,0.0,2946.0,2464.200,0.145,0.465,98.844,0.530,0.0,0.015,1493154480.776,
0.130,0.420,99.050,0.390,0.0,0.010,110006272.0,2457.600,34266.200,127032967.400,0.0,0.0,2646.0,2077.200,0.0,0.200,0.400,3428110336.0,1376256.0,1458315264.0,1.63892391936e+11,0.0,0.0,109875200.0,2457.600,2645.400,2074.800,0.130,0.415,99.054,0.390,0.0,0.010,1493154485.776,
0.130,0.390,99.024,0.445,0.0,0.010,122183680.0,7372.800,29253.400,113475245.200,0.0,0.0,2682.200,2305.0,0.400,1.0,0.0,3492102144.0,1384448.0,2067468288.0,1.63219238912e+11,0.0,0.0,122367180.800,7372.800,2686.400,2307.400,0.130,0.390,99.019,0.450,0.0,0.010,1493154490.776,
0.140,0.470,98.679,0.696,0.0,0.015,137302835.200,16384.0,30806.200,132370969.800,0.0,0.0,3065.600,2490.200,0.800,0.400,0.0,3554926592.0,1400832.0,2755096576.0,1.62468769792e+11,0.0,0.0,137119334.400,16384.0,3061.0,2488.0,0.145,0.475,98.674,0.691,0.0,0.015,1493154495.776,
0.145,0.385,98.919,0.540,0.0,0.010,115640729.600,1638.400,29502.800,133292841.200,0.0,0.0,2882.400,2143.200,0.200,0.0,0.0,3481972736.0,1400832.0,3333132288.0,1.61963687936e+11,0.0,0.0,115640729.600,1638.400,2887.200,2143.400,0.140,0.385,98.924,0.541,0.0,0.010,1493154500.776,
0.135,0.436,98.999,0.411,0.0,0.020,126922752.0,8192.0,32256.400,171812149.400,0.0,0.0,3267.200,2367.0,0.200,0.200,0.0,3295281152.0,1409024.0,3968671744.0,1.61514831872e+11,0.0,0.0,126922752.0,8192.0,3262.400,2366.600,0.140,0.431,98.999,0.411,0.0,0.020,1493154505.776,
0.120,0.335,99.085,0.460,0.0,0.0,104358707.200,0.0,25182.400,109687856.600,0.0,0.0,2361.200,1961.0,0.200,0.400,0.400,3298611200.0,1409024.0,4489367552.0,1.60990806016e+11,0.0,0.0,104358707.200,0.0,2361.200,1961.0,0.120,0.335,99.084,0.460,0.0,0.0,1493154510.776,
0.130,0.340,99.074,0.440,0.0,0.015,121281740.800,7372.800,28334.400,129457680.600,0.0,0.0,2742.0,2222.600,0.0,0.0,0.0,3284545536.0,1425408.0,5096628224.0,1.60397594624e+11,0.0,0.0,121281740.800,7372.800,2744.200,2222.600,0.125,0.345,99.074,0.440,0.0,0.015,1493154515.776,
0.130,0.375,99.024,0.460,0.0,0.010,124106342.400,0.0,36520.600,132170054.400,0.0,0.0,2923.600,2257.800,0.400,0.0,0.0,3268698112.0,1425408.0,5717536768.0,1.59792533504e+11,0.0,0.0,124106342.400,0.0,2921.400,2257.800,0.130,0.375,99.024,0.460,0.0,0.010,1493154520.776,
0.115,0.380,99.055,0.425,0.0,0.025,122026393.600,7372.800,31701.200,123886926.800,0.0,0.0,2644.800,2222.400,0.400,0.800,0.0,3290472448.0,1441792.0,6327570432.0,1.5916070912e+11,0.0,0.0,122236108.800,7372.800,2646.200,2224.400,0.120,0.380,99.049,0.425,0.0,0.025,1493154525.776,
0.125,0.290,99.179,0.400,0.0,0.005,109255065.600,0.0,29162.800,106032251.200,0.0,0.0,2389.400,2035.800,0.200,0.0,0.0,3333136384.0,1441792.0,6873133056.0,1.5857248256e+11,0.0,0.0,109045350.400,0.0,2388.400,2034.0,0.125,0.290,99.179,0.400,0.0,0.005,1493154530.776,
0.130,0.395,99.014,0.440,0.0,0.020,126922752.0,3276.800,33833.800,138276433.600,0.0,0.0,2943.0,2303.200,0.0,0.0,0.0,3304955904.0,1449984.0,7506993152.0,1.57966794752e+11,0.0,0.0,126922752.0,3276.800,2942.800,2303.0,0.125,0.390,99.024,0.440,0.0,0.020,1493154535.776,
0.125,0.385,98.984,0.491,0.0,0.015,126922752.0,0.0,60489.200,136739594.0,0.0,0.0,3061.200,2323.600,0.0,0.800,0.0,3288907776.0,1449984.0,8140656640.0,1.57349179392e+11,0.0,0.0,126922752.0,0.0,3061.0,2323.600,0.125,0.385,98.984,0.491,0.0,0.015,1493154540.776,
0.140,0.450,98.784,0.606,0.0,0.020,141025280.0,4915.200,55012.600,149554834.800,0.0,0.0,3251.600,2543.600,0.200,0.400,0.0,3273371648.0,1458176.0,8848474112.0,1.56656889856e+11,0.0,0.0,141025280.0,4915.200,3251.600,2543.600,0.145,0.455,98.774,0.605,0.0,0.020,1493154545.776,
0.095,0.285,99.304,0.310,0.0,0.005,90256179.200,819.200,32760.400,94694116.800,0.0,0.0,2221.800,1738.200,0.0,0.200,0.600,3276292096.0,1458176.0,9299496960.0,1.5620294656e+11,0.0,0.0,90256179.200,819.200,2221.800,1738.200,0.095,0.280,99.309,0.310,0.0,0.005,1493154550.776,
0.145,0.450,98.834,0.560,0.0,0.010,136852275.200,7372.800,50267.200,139138811.400,0.0,0.0,3457.0,2540.200,0.400,0.200,0.0,3304865792.0,1474560.0,9983946752.0,1.55489906688e+11,0.0,0.0,137009561.600,7372.800,3458.200,2543.0,0.140,0.455,98.834,0.560,0.0,0.010,1493154555.776,
0.175,0.585,98.459,0.765,0.0,0.015,173428736.0,4915.200,60675.0,154299564.0,0.0,0.0,3751.200,3090.0,0.200,0.600,0.200,3442765824.0,1482752.0,10849222656.0,1.5448672256e+11,0.0,0.0,173271449.600,4915.200,3750.0,3087.600,0.175,0.580,98.464,0.766,0.0,0.015,1493154560.776,
0.150,0.491,98.894,0.455,0.0,0.010,141025280.0,2457.600,71116.600,176955663.0,0.0,0.0,3929.200,2583.800,0.200,0.0,0.0,3299598336.0,1490944.0,11555192832.0,1.5392391168e+11,0.0,0.0,141025280.0,2457.600,3931.800,2583.800,0.150,0.495,98.889,0.455,0.0,0.010,1493154565.776,
0.170,0.521,98.418,0.876,0.0,0.015,164585472.0,1638.400,66376.400,138981845.800,0.0,0.0,4053.0,2943.400,0.0,0.600,0.0,3467837440.0,1490944.0,12379381760.0,1.52931483648e+11,0.0,0.0,164742758.400,1638.400,4051.200,2944.800,0.175,0.516,98.413,0.881,0.0,0.015,1493154570.776,
0.185,0.580,98.450,0.760,0.0,0.025,156952166.400,4915.200,62042.200,169414501.800,0.0,0.0,3692.400,2803.200,0.0,0.400,0.0,3434778624.0,1499136.0,13162008576.0,1.52181907456e+11,0.0,0.0,156794880.0,4915.200,3691.600,2801.400,0.185,0.580,98.455,0.755,0.0,0.025,1493154575.776,
0.110,0.370,98.929,0.580,0.0,0.010,109999718.400,0.0,38341.800,140201853.0,0.0,0.0,2767.800,2032.200,0.400,0.400,0.400,3317288960.0,1499136.0,13712506880.0,1.51748898816e+11,0.0,0.0,109999718.400,0.0,2767.800,2032.400,0.110,0.375,98.924,0.580,0.0,0.010,1493154580.776,
0.155,0.470,98.674,0.690,0.0,0.010,143845785.600,5734.400,45258.0,136924001.200,0.0,0.0,3128.600,2632.800,0.200,0.600,0.0,3385012224.0,1507328.0,14430466048.0,1.50963208192e+11,0.0,0.0,143845785.600,5734.400,3128.600,2632.600,0.150,0.465,98.684,0.690,0.0,0.010,1493154585.776,
0.160,0.506,98.573,0.751,0.0,0.010,163589324.800,8192.0,57276.800,149593106.800,0.0,0.0,3526.200,2956.200,0.200,0.400,0.0,3496804352.0,1515520.0,15249432576.0,1.50032441344e+11,0.0,0.0,163589324.800,8192.0,3526.200,2956.200,0.165,0.511,98.563,0.751,0.0,0.010,1493154590.776,
0.135,0.435,98.974,0.435,0.0,0.020,118516121.600,11468.800,72372.400,139556122.600,0.0,0.0,3184.600,2238.600,0.400,0.200,0.600,3414634496.0,1671168.0,15842607104.0,1.49521281024e+11,0.0,0.0,118516121.600,11468.800,3188.200,2238.600,0.135,0.430,98.980,0.435,0.0,0.020,1493154595.776,
0.115,0.345,99.174,0.350,0.0,0.015,107180032.0,0.0,55842.0,135448374.200,0.0,0.0,2826.800,2022.0,0.200,0.0,0.200,3301195776.0,1671168.0,16379404288.0,1.4909792256e+11,0.0,0.0,107180032.0,0.0,2823.200,2022.0,0.115,0.350,99.169,0.350,0.0,0.015,1493154600.776,
0.135,0.400,98.709,0.741,0.0,0.015,132563763.200,6553.600,55280.800,134806220.200,0.0,0.0,2990.200,2411.600,0.200,0.400,0.0,3332644864.0,1687552.0,17040306176.0,1.484055552e+11,0.0,0.0,132563763.200,6553.600,2992.200,2412.0,0.130,0.400,98.714,0.741,0.0,0.015,1493154605.776,
0.200,0.576,98.263,0.936,0.0,0.025,188973875.200,2457.600,64904.800,136589217.400,0.0,0.0,3753.200,3354.400,0.400,0.800,0.0,3620294656.0,1695744.0,17985413120.0,1.47172790272e+11,0.0,0.0,188973875.200,2457.600,3753.400,3354.400,0.200,0.576,98.263,0.936,0.0,0.025,1493154610.776,
0.180,0.541,98.669,0.591,0.0,0.020,157948313.600,0.0,59830.0,134892839.400,0.0,0.0,3520.600,2864.600,0.200,0.800,0.0,3779899392.0,1695744.0,18776289280.0,1.46222309376e+11,0.0,0.0,157948313.600,0.0,3518.400,2864.200,0.185,0.536,98.669,0.591,0.0,0.020,1493154615.776,
0.160,0.481,98.884,0.466,0.0,0.010,138204774.400,2457.600,38371.800,124545628.0,0.0,0.0,3198.400,2583.0,0.0,0.0,0.400,3864543232.0,1703936.0,19467112448.0,1.45446834176e+11,0.0,0.0,138204774.400,2457.600,3198.600,2583.0,0.155,0.486,98.884,0.466,0.0,0.010,1493154620.776,
0.170,0.606,98.547,0.671,0.0,0.005,170908057.600,10649.600,83078.800,175588368.600,0.0,0.0,4575.0,3131.200,0.0,0.600,0.0,3888160768.0,1712128.0,20321398784.0,1.44568922112e+11,0.0,0.0,171196416.0,10649.600,4579.600,3134.400,0.170,0.601,98.552,0.671,0.0,0.005,1493154625.776,
0.150,0.535,98.864,0.435,0.0,0.015,123551744.0,7372.800,60884.200,170494162.800,0.0,0.0,3759.0,2372.400,0.600,0.400,0.0,3685302272.0,1728512.0,20939608064.0,1.44153554944e+11,0.0,0.0,123446886.400,7372.800,3759.200,2372.800,0.150,0.540,98.855,0.440,0.0,0.015,1493154630.776,
0.165,0.656,98.529,0.646,0.0,0.005,162462105.600,0.0,82434.0,201080722.600,0.0,0.0,4592.0,2981.400,0.600,0.800,0.0,3540426752.0,1728512.0,21751885824.0,1.43486152704e+11,0.0,0.0,162278604.800,0.0,4587.0,2977.800,0.165,0.656,98.534,0.641,0.0,0.005,1493154635.776,
0.150,0.430,98.889,0.521,0.0,0.010,133166694.400,4096.0,64412.400,157890758.400,0.0,0.0,3783.200,2481.0,0.0,0.400,0.0,3449933824.0,1736704.0,22417272832.0,1.42911250432e+11,0.0,0.0,133350195.200,4096.0,3785.800,2484.200,0.155,0.430,98.884,0.521,0.0,0.010,1493154640.776,
0.160,0.456,98.914,0.461,0.0,0.010,140422348.800,4915.200,65489.0,141069945.0,0.0,0.0,3695.0,2538.400,0.200,0.600,0.0,3471921152.0,1744896.0,23121231872.0,1.42185295872e+11,0.0,0.0,140238848.0,4915.200,3697.400,2535.600,0.155,0.451,98.924,0.461,0.0,0.010,1493154645.776,
0.125,0.460,99.014,0.375,0.0,0.025,124102246.400,0.0,77837.400,139360765.200,0.0,0.0,3863.400,2291.800,0.0,0.400,0.0,3435065344.0,1744896.0,23739060224.0,1.41604323328e+11,0.0,0.0,124102246.400,0.0,3858.400,2291.400,0.125,0.460,99.014,0.375,0.0,0.025,1493154650.776,
0.145,0.480,98.934,0.435,0.0,0.005,126922752.0,2457.600,48556.400,119929008.400,0.0,0.0,3204.600,2340.800,0.200,0.400,0.400,3505471488.0,1753088.0,24373903360.0,1.40899065856e+11,0.0,0.0,126922752.0,2457.600,3208.400,2341.200,0.150,0.480,98.929,0.435,0.0,0.005,1493154655.776,
0.190,0.495,98.704,0.606,0.0,0.005,155127808.0,8192.0,83856.800,152317525.0,0.0,0.0,4378.400,2838.400,0.800,0.200,0.0,3548225536.0,1761280.0,25150091264.0,1.40080115712e+11,0.0,0.0,155127808.0,8192.0,4376.0,2838.0,0.185,0.500,98.704,0.606,0.0,0.005,1493154660.776,
0.180,0.591,98.744,0.475,0.0,0.010,172009062.400,2457.600,64403.0,157106434.600,0.0,0.0,3999.200,3122.800,0.200,0.600,0.0,3665424384.0,1769472.0,26008940544.0,1.39104059392e+11,0.0,0.0,172208128.0,2457.600,3998.800,3125.200,0.185,0.591,98.739,0.475,0.0,0.010,1493154665.776,
0.175,0.586,98.678,0.556,0.0,0.005,183374643.200,4915.200,83935.800,155004533.600,0.0,0.0,3992.600,3327.600,0.200,0.600,0.0,3833106432.0,1777664.0,26927448064.0,1.38017861632e+11,0.0,0.0,183175577.600,4915.200,3991.600,3325.200,0.170,0.581,98.688,0.556,0.0,0.005,1493154670.776,
0.115,0.395,99.174,0.310,0.0,0.005,107546214.400,3276.800,56091.400,147913642.600,0.0,0.0,2920.0,2069.400,0.0,0.200,0.0,3664420864.0,1785856.0,27465998336.0,1.37647988736e+11,0.0,0.0,107755929.600,3276.800,2921.400,2072.200,0.115,0.400,99.169,0.310,0.0,0.005,1493154675.776,
0.185,0.596,98.338,0.866,0.0,0.015,191306956.800,2457.600,90816.600,164343680.200,0.0,0.0,4560.800,3460.600,0.400,0.400,0.400,3833909248.0,1794048.0,28422463488.0,1.36522027008e+11,0.0,0.0,191217664.0,2457.600,4559.800,3458.200,0.190,0.596,98.333,0.866,0.0,0.015,1493154680.776,
0.165,0.566,98.779,0.470,0.0,0.020,152427724.800,0.0,87856.400,210526624.400,0.0,0.0,4247.200,2869.0,0.400,0.0,0.0,3601907712.0,1794048.0,29182525440.0,1.35993966592e+11,0.0,0.0,152307302.400,0.0,4246.800,2868.600,0.160,0.566,98.784,0.470,0.0,0.020,1493154685.776,
0.155,0.476,98.834,0.536,0.0,0.0,143845785.600,7372.800,69198.0,162310175.400,0.0,0.0,3931.200,2694.200,0.400,0.400,0.0,3544236032.0,1810432.0,29902151680.0,1.35331995648e+11,0.0,0.0,143845785.600,7372.800,3932.600,2694.200,0.155,0.471,98.839,0.536,0.0,0.0,1493154690.776,
0.145,0.425,98.869,0.551,0.0,0.010,138204774.400,8192.0,62880.400,152711403.800,0.0,0.0,3345.0,2547.600,0.600,0.200,0.0,3504164864.0,1818624.0,30594592768.0,1.34679617536e+11,0.0,0.0,138204774.400,8192.0,3343.600,2547.600,0.145,0.425,98.869,0.551,0.0,0.010,1493154695.776,
0.130,0.385,99.040,0.435,0.0,0.010,109999718.400,2457.600,52043.400,143311484.800,0.0,0.0,2920.0,2045.800,0.200,0.400,0.0,3361267712.0,1826816.0,31143464960.0,1.34273634304e+11,0.0,0.0,109999718.400,2457.600,2921.800,2045.800,0.130,0.385,99.040,0.435,0.0,0.010,1493154700.776,
0.125,0.385,98.904,0.570,0.0,0.015,134005555.200,0.0,50595.200,134458269.200,0.0,0.0,3018.200,2414.200,0.200,0.400,0.0,3400507392.0,1826816.0,31815847936.0,1.33562011648e+11,0.0,0.0,134162841.600,0.0,3018.600,2415.600,0.130,0.390,98.894,0.570,0.0,0.015,1493154705.776,
0.140,0.395,98.759,0.691,0.0,0.015,138519347.200,3276.800,72571.0,154957738.0,0.0,0.0,3368.800,2530.200,0.400,0.600,0.0,3342508032.0,1835008.0,32506642432.0,1.3292920832e+11,0.0,0.0,138519347.200,3276.800,3367.400,2530.600,0.135,0.390,98.769,0.691,0.0,0.015,1493154710.776,
0.085,0.260,99.179,0.465,0.0,0.010,91320320.0,2457.600,55703.600,97319910.600,0.0,0.0,2300.0,1721.200,0.0,0.200,0.0,3330371584.0,1843200.0,32963825664.0,1.32484153344e+11,0.0,0.0,91163033.600,2457.600,2299.200,1719.400,0.085,0.260,99.179,0.465,0.0,0.010,1493154715.776,
0.025,0.015,99.960,0.0,0.0,0.0,0.0,0.0,2866.400,13881.600,0.0,0.0,154.200,159.200,0.0,0.0,0.400,3331899392.0,1843200.0,32963833856.0,1.32482617344e+11,0.0,0.0,0.0,0.0,154.200,159.200,0.030,0.015,99.955,0.0,0.0,0.0,1493154720.776,
