"Dstat 0.7.2 CSV output"
"Author:","Dag Wieers <dag@wieers.com>",,,,"URL:","http://dag.wieers.com/home-made/dstat/"
"Host:","client0.skyhook--8osds.skyhook-pg0.wisc.cloudlab.us",,,,"User:","jlefevre"
"Cmdline:","dstat -av --epoch --integer --noheaders --output 8osds.dstat-client0.log 5",,,,"Date:","25 Apr 2017 03:36:47 CDT"

"total cpu usage",,,,,,"dsk/total",,"net/total",,"paging",,"system",,"procs",,,"memory usage",,,,"paging",,"dsk/total",,"system",,"total cpu usage",,,,,,"epoch"
"usr","sys","idl","wai","hiq","siq","read","writ","recv","send","in","out","int","csw","run","blk","new","used","buff","cach","free","in","out","read","writ","int","csw","usr","sys","idl","wai","hiq","siq","epoch"
0.135,0.040,99.809,0.010,0.0,0.005,0.0,14745.600,55286.600,9675.400,0.0,0.0,1555.200,7593.800,0.0,0.200,1.600,5483225088.0,192311296.0,1.47672420352e+11,15432237056.0,0.0,0.0,0.0,14745.600,1554.800,7590.600,0.135,0.045,99.804,0.010,0.0,0.005,1493114717.220,
0.181,0.080,99.679,0.055,0.0,0.005,0.0,69632.0,97704.0,65772.400,0.0,0.0,2279.600,9291.600,0.200,0.0,6.400,5480443904.0,192331776.0,1.47672465408e+11,15434952704.0,0.0,0.0,0.0,69632.0,2281.800,9298.0,0.181,0.080,99.679,0.055,0.0,0.005,1493114722.220,
0.191,0.110,99.628,0.060,0.0,0.010,0.0,166297.600,170104.0,125134.200,0.0,0.0,2944.400,11517.800,0.200,0.200,0.800,5481799680.0,192344064.0,1.47672829952e+11,15433220096.0,0.0,0.0,0.0,166297.600,2943.200,11513.0,0.191,0.105,99.633,0.060,0.0,0.010,1493114727.220,
0.206,0.090,99.639,0.050,0.0,0.015,0.0,233472.0,166933.200,119354.600,0.0,0.0,2831.600,11169.400,0.0,0.0,0.400,5484359680.0,192385024.0,1.47673214976e+11,15430234112.0,0.0,0.0,0.0,233472.0,2830.600,11167.800,0.206,0.090,99.639,0.050,0.0,0.015,1493114732.220,
0.171,0.105,99.674,0.030,0.0,0.020,0.0,240025.600,161721.400,113805.600,0.0,0.0,2912.400,10873.200,0.600,0.0,1.200,5486546944.0,192397312.0,1.47673628672e+11,15427620864.0,0.0,0.0,0.0,240025.600,2915.400,10889.800,0.171,0.105,99.674,0.030,0.0,0.020,1493114737.220,
0.201,0.095,99.568,0.110,0.0,0.025,0.0,199884.800,161740.800,113287.800,0.0,0.0,2820.600,11036.800,1.200,0.200,0.0,5487661056.0,192405504.0,1.47674005504e+11,15426121728.0,0.0,0.0,0.0,199884.800,2820.400,11026.200,0.201,0.100,99.563,0.110,0.0,0.025,1493114742.220,
0.186,0.105,99.553,0.131,0.0,0.025,0.0,241664.0,166518.800,119602.0,0.0,0.0,2863.0,11109.800,0.600,0.0,1.200,5487693824.0,192413696.0,1.47674427392e+11,15425658880.0,0.0,0.0,0.0,241664.0,2860.400,11103.800,0.186,0.105,99.553,0.131,0.0,0.025,1493114747.220,
0.181,0.110,99.553,0.156,0.0,0.0,0.0,195788.800,166804.400,119584.600,0.0,0.0,2890.0,10949.200,0.400,0.200,0.400,5487874048.0,192413696.0,1.476748288e+11,15425077248.0,0.0,0.0,0.0,195788.800,2890.200,10949.600,0.181,0.105,99.558,0.156,0.0,0.0,1493114752.220,
0.166,0.111,99.578,0.121,0.0,0.025,0.0,232652.800,168963.200,122645.200,0.0,0.0,2970.400,11414.0,0.0,0.0,0.800,5487972352.0,192421888.0,1.47675234304e+11,15424565248.0,0.0,0.0,0.0,232652.800,2972.0,11418.800,0.166,0.110,99.578,0.121,0.0,0.025,1493114757.220,
0.161,0.120,99.679,0.025,0.0,0.015,0.0,235110.400,171368.0,125715.800,0.0,0.0,3221.400,11286.0,0.0,0.0,0.400,5487910912.0,192454656.0,1.4767562752e+11,15424200704.0,0.0,0.0,0.0,235110.400,3219.400,11280.800,0.161,0.120,99.679,0.025,0.0,0.015,1493114762.220,
0.211,0.090,99.664,0.020,0.0,0.015,0.0,195788.800,165801.600,118387.0,0.0,0.0,2991.0,11055.400,0.400,0.200,0.800,5487960064.0,192471040.0,1.4767597568e+11,15423787008.0,0.0,0.0,0.0,195788.800,2991.800,11060.600,0.211,0.095,99.659,0.020,0.0,0.015,1493114767.220,
0.095,0.105,99.533,0.261,0.0,0.005,0.0,7706214.400,90946.800,19975.0,0.0,0.0,1890.200,8533.0,0.0,0.200,1.400,5482967040.0,192536576.0,1.47672444928e+11,15432245248.0,0.0,0.0,0.0,7706214.400,1890.0,8531.200,0.095,0.100,99.538,0.261,0.0,0.005,1493114772.220,
