"Dstat 0.7.2 CSV output"
"Author:","Dag Wieers <dag@wieers.com>",,,,"URL:","http://dag.wieers.com/home-made/dstat/"
"Host:","client0.skyhook--8osds.skyhook-pg0.wisc.cloudlab.us",,,,"User:","jlefevre"
"Cmdline:","dstat -av --epoch --integer --noheaders --output 8osds.dstat-client0.log 5",,,,"Date:","25 Apr 2017 03:36:47 CDT"

"total cpu usage",,,,,,"dsk/total",,"net/total",,"paging",,"system",,"procs",,,"memory usage",,,,"paging",,"dsk/total",,"system",,"total cpu usage",,,,,,"epoch"
"usr","sys","idl","wai","hiq","siq","read","writ","recv","send","in","out","int","csw","run","blk","new","used","buff","cach","free","in","out","read","writ","int","csw","usr","sys","idl","wai","hiq","siq","epoch"
0.120,0.030,99.839,0.010,0.0,0.0,0.0,29491.200,54873.0,9199.800,0.0,0.0,1623.400,7633.0,0.0,0.0,1.600,5492846592.0,182784000.0,1.47587117056e+11,15517446144.0,0.0,0.0,0.0,29491.200,1623.800,7638.0,0.120,0.035,99.834,0.010,0.0,0.0,1493116137.220,
0.125,0.030,99.829,0.010,0.0,0.005,0.0,12288.0,55033.400,9335.400,0.0,0.0,1594.0,7414.400,0.0,0.0,1.600,5492637696.0,182784000.0,1.47587121152e+11,15517650944.0,0.0,0.0,0.0,12288.0,1593.600,7413.800,0.125,0.025,99.834,0.010,0.0,0.005,1493116142.220,
0.664,0.548,98.421,0.050,0.0,0.317,0.0,129433.600,294021302.200,305289.800,0.0,0.0,8535.400,13276.600,0.400,0.0,5.600,5548793856.0,182808576.0,1.47587342336e+11,15461249024.0,0.0,0.0,0.0,129433.600,8535.600,13274.200,0.664,0.553,98.417,0.050,0.0,0.317,1493116147.220,
0.694,0.558,98.316,0.065,0.0,0.367,0.0,230195.200,309486034.0,291278.400,0.0,0.0,9271.800,13096.400,1.800,0.0,0.400,5558517760.0,182816768.0,1.47587682304e+11,15451176960.0,0.0,0.0,0.0,230195.200,9274.200,13099.400,0.699,0.553,98.311,0.065,0.0,0.372,1493116152.220,
0.663,0.543,98.428,0.050,0.0,0.316,0.0,200704.0,292621828.400,277711.800,0.0,0.0,8154.200,12859.200,0.600,0.200,0.800,5556428800.0,182849536.0,1.47588145152e+11,15452770304.0,0.0,0.0,0.0,200704.0,8156.200,12856.600,0.658,0.543,98.437,0.050,0.0,0.312,1493116157.220,
0.598,0.553,98.458,0.050,0.0,0.342,0.0,196608.0,294612856.400,270466.0,0.0,0.0,8171.600,12700.400,1.0,0.0,0.0,5558423552.0,182865920.0,1.4758852608e+11,15450378240.0,0.0,0.0,0.0,196608.0,8188.200,12721.600,0.603,0.558,98.448,0.050,0.0,0.342,1493116162.220,
0.663,0.482,98.352,0.116,0.0,0.387,0.0,234291.200,292635953.0,265029.800,0.0,0.0,7951.600,13044.600,0.400,0.0,0.800,5554708480.0,182882304.0,1.4758893568e+11,15453667328.0,0.0,0.0,0.0,234291.200,7935.0,13030.800,0.658,0.478,98.361,0.116,0.0,0.387,1493116167.220,
0.659,0.508,98.386,0.146,0.0,0.302,0.0,217907.200,299825364.600,275515.600,0.0,0.0,8466.0,13032.600,1.200,0.400,0.0,5554171904.0,182906880.0,1.47589238784e+11,15453876224.0,0.0,0.0,0.0,217907.200,8461.800,13029.200,0.659,0.513,98.376,0.151,0.0,0.302,1493116172.220,
0.749,0.548,98.301,0.136,0.0,0.266,0.0,222822.400,310328528.0,282891.0,0.0,0.0,8806.800,12969.800,0.200,0.0,0.800,5552005120.0,182923264.0,1.47589718016e+11,15455547392.0,0.0,0.0,0.0,222822.400,8807.600,12966.800,0.749,0.543,98.311,0.131,0.0,0.266,1493116177.220,
0.740,0.579,98.018,0.382,0.0,0.282,0.0,5413273.600,315817364.400,295498.400,0.0,0.0,8852.800,13536.200,1.400,0.200,0.400,5553717248.0,182943744.0,1.47582398464e+11,15461134336.0,0.0,0.0,0.0,5413273.600,8857.600,13541.0,0.740,0.584,98.013,0.382,0.0,0.282,1493116182.220,
0.723,0.557,98.233,0.126,0.0,0.362,0.0,187596.800,312919289.0,283815.200,0.0,0.0,8506.200,13005.200,0.400,0.200,0.600,5552254976.0,182956032.0,1.47582754816e+11,15462227968.0,0.0,0.0,0.0,187596.800,8500.600,13002.600,0.723,0.552,98.238,0.126,0.0,0.362,1493116187.220,
0.472,0.382,98.684,0.176,0.0,0.286,0.0,212992.0,224158791.400,197430.200,0.0,0.0,6359.400,11513.600,0.800,0.0,0.400,5550469120.0,182992896.0,1.47583156224e+11,15463575552.0,0.0,0.0,0.0,212992.0,6366.800,11515.600,0.477,0.382,98.679,0.176,0.0,0.286,1493116192.220,
