"Dstat 0.7.2 CSV output"
"Author:","Dag Wieers <dag@wieers.com>",,,,"URL:","http://dag.wieers.com/home-made/dstat/"
"Host:","osd0.skyhook--8osds.skyhook-pg0.wisc.cloudlab.us",,,,"User:","jlefevre"
"Cmdline:","dstat -av --epoch --integer --noheaders --output 8osds.dstat-osd0.log 5",,,,"Date:","25 Apr 2017 03:36:54 CDT"

"total cpu usage",,,,,,"dsk/total",,"net/total",,"paging",,"system",,"procs",,,"memory usage",,,,"paging",,"dsk/total",,"system",,"total cpu usage",,,,,,"epoch"
"usr","sys","idl","wai","hiq","siq","read","writ","recv","send","in","out","int","csw","run","blk","new","used","buff","cach","free","in","out","read","writ","int","csw","usr","sys","idl","wai","hiq","siq","epoch"
0.010,0.005,99.980,0.005,0.0,0.0,0.0,2457.600,3055.200,7545.800,0.0,0.0,151.0,161.800,0.0,0.0,0.0,2458005504.0,1462272.0,201396224.0,1.66119329792e+11,0.0,0.0,0.0,2457.600,151.0,161.800,0.010,0.005,99.980,0.005,0.0,0.0,1493125544.035,
0.636,0.305,98.488,0.561,0.0,0.010,64871628.800,0.0,138320.400,64343633.200,0.0,0.0,4375.600,1417.600,0.400,0.200,0.0,2465669120.0,1462272.0,523137024.0,1.65789925376e+11,0.0,0.0,64871628.800,0.0,4380.800,1417.600,0.636,0.310,98.484,0.561,0.0,0.010,1493125549.035,
1.107,0.456,97.857,0.581,0.0,0.0,123431321.600,2457.600,215634.200,124424043.400,0.0,0.0,7333.400,2319.400,1.200,0.400,0.0,2501328896.0,1470464.0,1143291904.0,1.65134102528e+11,0.0,0.0,123641036.800,2457.600,7330.200,2321.400,1.112,0.451,97.857,0.581,0.0,0.0,1493125554.035,
1.262,0.646,97.321,0.751,0.0,0.020,136055193.600,0.0,221873.0,137519645.600,0.0,0.0,8194.800,2623.600,0.400,0.800,0.400,2525667328.0,1470464.0,1822752768.0,1.64430303232e+11,0.0,0.0,135845478.400,0.0,8197.0,2621.600,1.262,0.646,97.321,0.751,0.0,0.020,1493125559.035,
1.061,0.471,97.907,0.541,0.0,0.020,112820224.0,6553.600,197475.200,126653622.800,0.0,0.0,6938.400,2184.600,0.0,0.200,0.0,2482352128.0,1486848.0,2384515072.0,1.63911839744e+11,0.0,0.0,112820224.0,6553.600,6937.600,2184.600,1.056,0.471,97.912,0.541,0.0,0.020,1493125564.035,
1.112,0.461,97.862,0.561,0.0,0.005,122592460.800,819.200,197003.200,130993069.200,0.0,0.0,6881.200,2305.800,0.200,1.0,0.0,2455441408.0,1486848.0,2999476224.0,1.63323789312e+11,0.0,0.0,122775961.600,819.200,6879.0,2308.200,1.112,0.466,97.857,0.561,0.0,0.005,1493125569.035,
0.946,0.451,98.138,0.461,0.0,0.005,105868492.800,2457.600,176234.200,112074032.400,0.0,0.0,6054.800,2039.200,0.600,0.200,0.0,2448629760.0,1495040.0,3528622080.0,1.62801446912e+11,0.0,0.0,105684992.0,2457.600,6054.600,2036.800,0.946,0.451,98.138,0.461,0.0,0.005,1493125574.035,
1.092,0.461,97.837,0.596,0.0,0.015,118461235.200,0.0,193449.600,123857948.600,0.0,0.0,7003.0,2252.600,0.200,0.400,0.0,2449559552.0,1495040.0,4120756224.0,1.62208382976e+11,0.0,0.0,118461235.200,0.0,7002.0,2252.600,1.092,0.461,97.837,0.596,0.0,0.015,1493125579.035,
1.061,0.485,97.883,0.561,0.0,0.010,115640729.600,2457.600,170435.400,103313490.800,0.0,0.0,6307.600,2228.600,1.200,0.400,0.0,2558337024.0,1503232.0,4697939968.0,1.61522413568e+11,0.0,0.0,115719372.800,2457.600,6312.200,2230.200,1.066,0.480,97.883,0.561,0.0,0.010,1493125584.035,
1.257,0.576,97.521,0.636,0.0,0.010,135384268.800,0.0,250425.0,158207710.800,0.0,0.0,8839.800,2583.800,0.600,0.400,0.0,2471059456.0,1503232.0,5376167936.0,1.60931463168e+11,0.0,0.0,135305625.600,0.0,8839.200,2582.200,1.252,0.581,97.521,0.636,0.0,0.010,1493125589.035,
1.287,0.556,97.342,0.801,0.0,0.015,142309785.600,2457.600,207441.600,133516929.200,0.0,0.0,7848.0,2670.800,0.800,0.400,0.0,2538885120.0,1511424.0,6088859648.0,1.601509376e+11,0.0,0.0,142467072.0,2457.600,7854.200,2675.400,1.292,0.551,97.341,0.801,0.0,0.015,1493125594.035,
1.287,0.581,97.271,0.851,0.0,0.010,136920268.800,819.200,229215.200,150620472.400,0.0,0.0,8322.200,2604.0,0.0,0.0,0.0,2503925760.0,1511424.0,6771429376.0,1.59503327232e+11,0.0,0.0,136762982.400,819.200,8318.800,2599.400,1.282,0.586,97.271,0.851,0.0,0.010,1493125599.035,
1.247,0.561,97.461,0.721,0.0,0.010,132563763.200,4096.0,223285.200,145981836.0,0.0,0.0,6558.0,2592.400,0.800,0.200,0.0,2479124480.0,1519616.0,7435370496.0,1.588641792e+11,0.0,0.0,132563763.200,4096.0,6552.200,2592.800,1.247,0.556,97.466,0.721,0.0,0.010,1493125604.035,
1.046,0.410,97.928,0.591,0.0,0.025,115640729.600,4915.200,173626.0,111288958.600,0.0,0.0,4616.600,2183.0,0.200,0.0,0.0,2530238464.0,1527808.0,8012443648.0,1.58235983872e+11,0.0,0.0,115640729.600,4915.200,4620.0,2182.600,1.051,0.410,97.923,0.591,0.0,0.025,1493125609.035,
1.161,0.541,97.707,0.586,0.0,0.005,129743257.600,0.0,211762.200,140663652.200,0.0,0.0,5564.800,2456.200,0.800,0.400,0.0,2508918784.0,1527808.0,8662122496.0,1.57607624704e+11,0.0,0.0,129743257.600,0.0,5561.0,2456.200,1.157,0.541,97.712,0.586,0.0,0.005,1493125614.035,
1.447,0.626,97.082,0.816,0.0,0.030,156805529.600,2457.600,230854.400,146757956.800,0.0,0.0,6840.400,2905.600,1.0,0.400,0.0,2599665664.0,1536000.0,9445265408.0,1.5673372672e+11,0.0,0.0,156989030.400,2457.600,6844.200,2908.0,1.447,0.631,97.077,0.816,0.0,0.030,1493125619.035,
1.257,0.546,97.531,0.646,0.0,0.020,136736768.0,0.0,247088.800,161075154.0,0.0,0.0,8146.400,2618.400,0.800,0.600,0.0,2507268096.0,1536000.0,10129543168.0,1.56141846528e+11,0.0,0.0,136684339.200,0.0,8144.800,2618.800,1.262,0.546,97.526,0.646,0.0,0.020,1493125624.035,
1.111,0.566,97.793,0.515,0.0,0.015,121072025.600,2457.600,201258.200,131586420.400,0.0,0.0,6654.0,2329.400,0.600,0.200,0.0,2468323328.0,1544192.0,10735566848.0,1.55574759424e+11,0.0,0.0,120940953.600,2457.600,6651.200,2326.600,1.106,0.561,97.803,0.516,0.0,0.015,1493125629.035,
0.991,0.455,98.029,0.515,0.0,0.010,107179212.800,0.0,134547.200,103622201.800,0.0,0.0,3852.200,1984.600,0.200,0.0,0.0,2517282816.0,1544192.0,11269869568.0,1.54991497216e+11,0.0,0.0,107179212.800,0.0,3855.600,1984.600,0.991,0.455,98.029,0.515,0.0,0.010,1493125634.035,
0.826,0.340,98.469,0.355,0.0,0.010,87435673.600,3276.800,141179.0,97302980.400,0.0,0.0,3737.800,1739.600,0.600,0.200,0.0,2487816192.0,1552384.0,11707883520.0,1.54582941696e+11,0.0,0.0,87435673.600,3276.800,3735.400,1739.600,0.825,0.345,98.464,0.355,0.0,0.010,1493125639.035,
1.267,0.606,97.327,0.786,0.0,0.015,143845785.600,4915.200,221232.800,143121078.0,0.0,0.0,5916.200,2668.600,1.200,0.200,0.0,2541154304.0,1560576.0,12426502144.0,1.53810976768e+11,0.0,0.0,143845785.600,4915.200,5918.600,2668.600,1.267,0.606,97.326,0.786,0.0,0.015,1493125644.035,
1.407,0.606,97.296,0.676,0.0,0.015,146666291.200,0.0,235931.0,149660474.400,0.0,0.0,6386.0,2741.800,0.400,0.200,0.0,2564677632.0,1560576.0,13159190528.0,1.53054765056e+11,0.0,0.0,146666291.200,0.0,6383.600,2741.800,1.407,0.601,97.301,0.676,0.0,0.015,1493125649.035,
1.182,0.621,97.646,0.541,0.0,0.010,132571955.200,2457.600,251817.800,152109642.600,0.0,0.0,6535.600,2560.800,0.800,0.200,0.200,2478006272.0,1568768.0,13822918656.0,1.52477700096e+11,0.0,0.0,132571955.200,2457.600,6534.600,2560.800,1.182,0.626,97.641,0.541,0.0,0.010,1493125654.035,
1.176,0.540,97.583,0.691,0.0,0.010,129743257.600,3276.800,211171.600,133007347.800,0.0,0.0,5461.0,2418.600,0.600,0.0,0.0,2494877696.0,1576960.0,14471700480.0,1.51812038656e+11,0.0,0.0,129743257.600,3276.800,5461.200,2419.0,1.176,0.536,97.588,0.691,0.0,0.010,1493125659.035,
0.901,0.380,98.303,0.410,0.0,0.005,98770124.800,2457.600,164414.600,100625576.0,0.0,0.0,4260.600,1956.0,0.200,0.400,0.0,2514558976.0,1585152.0,14964543488.0,1.51299506176e+11,0.0,0.0,98927411.200,2457.600,4262.200,1957.800,0.901,0.385,98.298,0.410,0.0,0.005,1493125664.035,
1.021,0.425,98.038,0.501,0.0,0.015,107122688.0,0.0,184585.600,117327551.800,0.0,0.0,4791.600,2067.400,0.600,0.400,0.0,2488520704.0,1585152.0,15501996032.0,1.50788091904e+11,0.0,0.0,106965401.600,0.0,4790.200,2065.200,1.021,0.421,98.043,0.501,0.0,0.015,1493125669.035,
0.215,0.105,99.595,0.080,0.0,0.005,22564044.800,4096.0,45014.0,23616304.0,0.0,0.0,1208.400,602.0,0.200,0.0,0.0,2488696832.0,1593344.0,15615488000.0,1.50674415616e+11,0.0,0.0,22564044.800,4096.0,1208.200,602.400,0.215,0.105,99.595,0.080,0.0,0.005,1493125674.035,
