"Dstat 0.7.2 CSV output"
"Author:","Dag Wieers <dag@wieers.com>",,,,"URL:","http://dag.wieers.com/home-made/dstat/"
"Host:","client0.skyhook--8osds.skyhook-pg0.wisc.cloudlab.us",,,,"User:","jlefevre"
"Cmdline:","dstat -av --epoch --integer --noheaders --output 8osds.dstat-client0.log 5",,,,"Date:","25 Apr 2017 03:36:47 CDT"

"total cpu usage",,,,,,"dsk/total",,"net/total",,"paging",,"system",,"procs",,,"memory usage",,,,"paging",,"dsk/total",,"system",,"total cpu usage",,,,,,"epoch"
"usr","sys","idl","wai","hiq","siq","read","writ","recv","send","in","out","int","csw","run","blk","new","used","buff","cach","free","in","out","read","writ","int","csw","usr","sys","idl","wai","hiq","siq","epoch"
0.135,0.025,99.824,0.015,0.0,0.0,0.0,9830.400,54577.600,8367.200,0.0,0.0,1194.200,7033.0,0.400,0.0,1.200,5509668864.0,250097664.0,1.47567423488e+11,15453003776.0,0.0,0.0,0.0,9830.400,1194.0,7055.600,0.135,0.025,99.824,0.015,0.0,0.0,1493122757.220,
3.464,4.142,91.977,0.055,0.0,0.362,0.0,131072.0,421687519.200,381973.400,0.0,0.0,18893.0,11053.0,2.400,0.0,5.200,5711310848.0,250097664.0,1.4756757504e+11,15251210240.0,0.0,0.0,0.0,131072.0,18895.800,11028.200,3.464,4.143,91.976,0.055,0.0,0.362,1493122762.220,
4.317,4.945,90.206,0.095,0.0,0.437,0.0,204800.0,518974596.0,359188.0,0.0,0.0,13213.0,13318.200,3.800,0.0,0.0,5702189056.0,250105856.0,1.47567837184e+11,15260061696.0,0.0,0.0,0.0,204800.0,13223.0,13318.200,4.327,4.945,90.196,0.095,0.0,0.437,1493122767.220,
3.726,4.545,91.272,0.090,0.0,0.367,0.0,155648.0,452774254.600,303565.0,0.0,0.0,12490.600,12068.800,3.0,0.200,0.200,5733351424.0,250105856.0,1.47568041984e+11,15228694528.0,0.0,0.0,0.0,155648.0,12479.0,12082.200,3.716,4.550,91.277,0.090,0.0,0.367,1493122772.220,
3.533,4.320,91.246,0.371,0.0,0.531,0.0,4175462.400,419461678.600,235943.0,0.0,0.0,14817.200,10968.0,3.200,0.0,0.0,5736284160.0,250126336.0,1.47563442176e+11,15230341120.0,0.0,0.0,0.0,4175462.400,14817.0,10959.0,3.538,4.319,91.241,0.371,0.0,0.531,1493122777.220,
3.873,4.565,91.060,0.140,0.0,0.361,0.0,158105.600,480124090.600,306968.800,0.0,0.0,12262.800,12901.400,3.800,0.200,0.0,5721882624.0,250134528.0,1.47563651072e+11,15244525568.0,0.0,0.0,0.0,158105.600,12262.800,12894.0,3.873,4.565,91.055,0.145,0.0,0.361,1493122782.220,
3.882,4.534,91.142,0.146,0.0,0.296,0.0,180224.0,479206761.400,317010.0,0.0,0.0,12437.400,12543.400,3.200,0.0,0.200,5713788928.0,250146816.0,1.47563900928e+11,15252357120.0,0.0,0.0,0.0,180224.0,12450.0,12588.0,3.882,4.540,91.142,0.141,0.0,0.296,1493122787.220,
4.079,4.175,91.209,0.171,0.0,0.366,0.0,190873.600,498555559.800,324697.600,0.0,0.0,10998.0,13424.600,3.600,0.0,0.0,5717479424.0,250146816.0,1.4756417536e+11,15248392192.0,0.0,0.0,0.0,190873.600,10990.400,13386.200,4.074,4.174,91.215,0.171,0.0,0.366,1493122792.220,
4.415,4.635,90.293,0.115,0.0,0.541,0.0,163840.0,517028197.800,352987.200,0.0,0.0,12803.800,13443.0,3.200,0.200,0.0,5714853888.0,250155008.0,1.47564388352e+11,15250796544.0,0.0,0.0,0.0,163840.0,12798.600,13435.600,4.420,4.636,90.283,0.120,0.0,0.541,1493122797.220,
4.173,4.288,91.027,0.151,0.0,0.362,0.0,213811.200,477609572.200,308022.0,0.0,0.0,11059.800,12848.0,4.800,0.0,0.0,5717274624.0,250167296.0,1.475646464e+11,15248105472.0,0.0,0.0,0.0,213811.200,11059.600,12847.0,4.173,4.288,91.032,0.146,0.0,0.362,1493122802.220,
4.140,4.426,90.842,0.156,0.0,0.437,0.0,190054.400,494161204.0,337429.200,0.0,0.0,12228.800,13615.600,3.200,0.0,0.0,5728919552.0,250175488.0,1.47564883968e+11,15236214784.0,0.0,0.0,0.0,190054.400,12232.400,13623.200,4.135,4.421,90.851,0.156,0.0,0.437,1493122807.220,
3.850,4.517,91.161,0.125,0.0,0.346,0.0,154009.600,490736694.800,365785.400,0.0,0.0,12427.800,14027.200,3.200,0.200,0.0,5731667968.0,250179584.0,1.47565109248e+11,15233236992.0,0.0,0.0,0.0,154009.600,12424.0,14020.0,3.854,4.512,91.162,0.125,0.0,0.346,1493122812.220,
4.284,4.384,90.720,0.140,0.0,0.471,0.0,173670.400,538890989.400,391292.0,0.0,0.0,12741.400,14457.400,2.600,0.0,0.0,5727469568.0,250187776.0,1.475653632e+11,15237173248.0,0.0,0.0,0.0,173670.400,12754.0,14483.600,4.279,4.384,90.726,0.140,0.0,0.471,1493122817.220,
4.454,4.560,90.260,0.130,0.0,0.596,0.0,194969.600,561846669.800,437406.800,0.0,0.0,13924.200,15346.800,4.0,0.0,0.0,5722349568.0,250187776.0,1.47565625344e+11,15242031104.0,0.0,0.0,0.0,194969.600,13924.0,15337.400,4.459,4.569,90.245,0.130,0.0,0.596,1493122822.220,
3.976,4.562,90.810,0.125,0.0,0.526,0.0,190054.400,536350376.200,402506.800,0.0,0.0,13705.800,15142.400,2.800,0.0,0.0,5733089280.0,250195968.0,1.47565879296e+11,15231029248.0,0.0,0.0,0.0,190054.400,13693.800,15125.600,3.976,4.558,90.815,0.125,0.0,0.526,1493122827.220,
4.212,4.312,90.671,0.125,0.0,0.680,0.0,153190.400,510262914.200,373057.600,0.0,0.0,12624.600,13510.400,3.800,0.200,0.0,5739315200.0,250195968.0,1.47566125056e+11,15224557568.0,0.0,0.0,0.0,153190.400,12624.200,13528.0,4.212,4.317,90.666,0.125,0.0,0.680,1493122832.220,
4.446,4.597,90.146,0.190,0.0,0.621,0.0,203980.800,533098832.800,394741.0,0.0,0.0,13690.600,13987.200,2.600,0.0,0.0,5741424640.0,250216448.0,1.47566399488e+11,15222153216.0,0.0,0.0,0.0,203980.800,13690.600,13971.400,4.441,4.592,90.156,0.190,0.0,0.621,1493122837.220,
4.041,4.192,91.185,0.151,0.0,0.432,0.0,169574.400,492294038.200,375086.600,0.0,0.0,13442.200,13580.600,3.200,0.400,0.0,5715845120.0,250220544.0,1.4756661248e+11,15247515648.0,0.0,0.0,0.0,169574.400,13443.0,13589.400,4.046,4.192,91.175,0.156,0.0,0.432,1493122842.220,
4.607,4.411,90.479,0.136,0.0,0.367,0.0,179404.800,547721911.800,460907.0,0.0,0.0,14117.200,16149.0,3.800,0.0,0.0,5724377088.0,250224640.0,1.4756687872e+11,15238713344.0,0.0,0.0,0.0,179404.800,14117.400,16138.400,4.612,4.411,90.479,0.131,0.0,0.367,1493122847.220,
4.841,4.258,90.464,0.141,0.0,0.297,0.0,195788.800,565670276.600,497783.600,0.0,0.0,14633.400,16649.800,3.800,0.0,0.0,5727125504.0,250232832.0,1.4756716544e+11,15235670016.0,0.0,0.0,0.0,195788.800,14633.200,16659.800,4.836,4.258,90.469,0.141,0.0,0.297,1493122852.220,
4.666,4.213,90.668,0.161,0.0,0.292,0.0,166297.600,535226731.200,439134.800,0.0,0.0,14822.0,15508.400,4.800,0.200,0.200,5726175232.0,250241024.0,1.4756739072e+11,15236386816.0,0.0,0.0,0.0,166297.600,14834.400,15507.600,4.671,4.208,90.663,0.166,0.0,0.292,1493122857.220,
4.914,4.059,90.528,0.171,0.0,0.327,0.0,187596.800,606956363.800,564114.400,0.0,0.0,15970.0,18344.400,4.800,0.0,0.0,5732106240.0,250249216.0,1.47567661056e+11,15230177280.0,0.0,0.0,0.0,187596.800,15966.400,18346.600,4.909,4.059,90.538,0.166,0.0,0.327,1493122862.220,
4.925,4.221,90.372,0.146,0.0,0.337,0.0,194969.600,605872827.0,619609.400,0.0,0.0,16985.200,18276.800,4.600,0.0,0.0,5720252416.0,250257408.0,1.47567919104e+11,15241764864.0,0.0,0.0,0.0,194969.600,16980.600,18284.800,4.920,4.225,90.372,0.146,0.0,0.337,1493122867.220,
5.025,4.383,89.865,0.090,0.0,0.637,0.0,172032.0,599952489.800,562804.600,0.0,0.0,16581.600,17240.200,5.400,0.200,0.0,5726216192.0,250257408.0,1.47568177152e+11,15235543040.0,0.0,0.0,0.0,172032.0,16577.0,17221.200,5.032,4.385,89.856,0.090,0.0,0.637,1493122872.220,
4.631,4.145,90.478,0.160,0.0,0.586,0.0,198246.400,567724920.400,493929.600,0.0,0.0,15927.600,15999.0,3.600,0.0,0.0,5725634560.0,250273792.0,1.47568463872e+11,15235821568.0,0.0,0.0,0.0,198246.400,15931.0,15998.600,4.629,4.143,90.480,0.160,0.0,0.586,1493122877.220,
4.917,4.301,89.910,0.170,0.0,0.701,0.0,188416.0,600611054.400,522356.200,0.0,0.0,15304.800,16517.800,3.200,0.0,0.0,5712416768.0,250281984.0,1.47568726016e+11,15248769024.0,0.0,0.0,0.0,188416.0,15317.0,16530.200,4.911,4.300,89.913,0.170,0.0,0.706,1493122882.220,
4.554,4.660,89.662,0.547,0.0,0.577,0.0,9316761.600,574406710.800,517704.400,0.0,0.0,15601.600,16807.400,3.600,0.200,0.0,5717934080.0,250306560.0,1.47567374336e+11,15244578816.0,0.0,0.0,0.0,9316761.600,15600.200,16816.200,4.560,4.661,89.660,0.547,0.0,0.572,1493122887.220,
4.781,4.474,90.202,0.156,0.0,0.387,0.0,210534.400,588644575.200,566504.400,0.0,0.0,17213.200,16874.400,4.200,0.0,0.0,5721882624.0,250310656.0,1.4756745216e+11,15240548352.0,0.0,0.0,0.0,210534.400,17198.0,16852.800,4.782,4.480,90.196,0.156,0.0,0.387,1493122892.220,
4.783,4.421,90.228,0.126,0.0,0.442,0.0,167936.0,562131079.600,510547.200,0.0,0.0,16432.400,16753.800,4.0,0.200,0.0,5727727616.0,250322944.0,1.47567714304e+11,15234428928.0,0.0,0.0,0.0,176128.0,16433.800,16755.800,4.783,4.421,90.228,0.126,0.0,0.442,1493122897.220,
4.686,4.169,90.658,0.105,0.0,0.382,0.0,179404.800,584553785.800,499302.800,0.0,0.0,14678.800,17347.800,3.600,0.0,0.0,5721579520.0,250322944.0,1.475679232e+11,15240368128.0,0.0,0.0,0.0,171212.800,14685.200,17359.400,4.689,4.162,90.661,0.105,0.0,0.382,1493122902.220,
5.163,4.448,89.915,0.141,0.0,0.332,0.0,235110.400,604144589.0,591894.400,0.0,0.0,17282.0,18158.0,3.400,0.0,0.200,5731454976.0,250331136.0,1.47568242688e+11,15230164992.0,0.0,0.0,0.0,235110.400,17274.800,18144.800,5.158,4.444,89.925,0.141,0.0,0.332,1493122907.220,
5.070,4.034,90.258,0.322,0.0,0.317,0.0,3671654.400,574124620.400,500987.800,0.0,0.0,16014.400,16424.0,3.800,0.400,0.0,5744119808.0,250335232.0,1.47563319296e+11,15222419456.0,0.0,0.0,0.0,3671654.400,16015.600,16426.800,5.071,4.040,90.250,0.322,0.0,0.317,1493122912.220,
4.851,4.450,89.713,0.165,0.0,0.821,0.0,189235.200,551629503.800,447781.200,0.0,0.0,16085.600,15230.200,3.400,0.0,0.0,5731557376.0,250343424.0,1.47563593728e+11,15234699264.0,0.0,0.0,0.0,189235.200,16095.200,15242.400,4.851,4.450,89.713,0.165,0.0,0.821,1493122917.220,
5.117,4.158,89.617,0.115,0.0,0.993,0.0,194969.600,630147437.200,619100.400,0.0,0.0,16466.600,17957.600,3.200,0.0,0.0,5740535808.0,250343424.0,1.4756384768e+11,15225466880.0,0.0,0.0,0.0,194969.600,16456.600,17943.0,5.111,4.158,89.623,0.115,0.0,0.993,1493122922.220,
4.359,4.007,91.183,0.110,0.0,0.341,0.0,192512.0,520755152.400,440671.800,0.0,0.0,14208.800,15454.0,4.400,0.0,0.0,5738250240.0,250351616.0,1.47564118016e+11,15227473920.0,0.0,0.0,0.0,192512.0,14209.200,15468.400,4.364,4.007,91.178,0.110,0.0,0.341,1493122927.220,
5.331,3.903,90.389,0.121,0.0,0.257,0.0,156467.200,654821826.800,662891.600,0.0,0.0,16484.0,20172.400,3.600,0.200,0.0,5723688960.0,250359808.0,1.47564371968e+11,15241773056.0,0.0,0.0,0.0,156467.200,16491.0,20171.0,5.328,3.904,90.390,0.121,0.0,0.257,1493122932.220,
5.188,3.988,90.246,0.141,0.0,0.437,0.0,207257.600,642167009.200,656796.800,0.0,0.0,16237.0,19756.600,3.400,0.0,0.0,5727682560.0,250368000.0,1.47564683264e+11,15237459968.0,0.0,0.0,0.0,207257.600,16228.200,19744.0,5.192,3.982,90.249,0.141,0.0,0.437,1493122937.220,
5.131,4.135,90.206,0.126,0.0,0.402,0.0,228556.800,644138501.800,711446.400,0.0,0.0,19644.800,20599.800,3.800,0.0,0.0,5729095680.0,250368000.0,1.47564929024e+11,15235801088.0,0.0,0.0,0.0,228556.800,19659.400,20611.0,5.132,4.141,90.199,0.126,0.0,0.402,1493122942.220,
5.179,4.509,89.894,0.126,0.0,0.292,0.0,159744.0,619474715.200,651428.0,0.0,0.0,19738.0,19494.0,4.600,0.200,0.0,5711503360.0,250376192.0,1.47565195264e+11,15253118976.0,0.0,0.0,0.0,159744.0,19733.800,19494.200,5.184,4.509,89.889,0.126,0.0,0.292,1493122947.220,
4.571,4.158,90.788,0.121,0.0,0.362,0.0,195788.800,516800579.400,438747.200,0.0,0.0,14949.600,14907.200,4.0,0.0,0.200,5737926656.0,250380288.0,1.47565477888e+11,15226408960.0,0.0,0.0,0.0,195788.800,14941.200,14897.400,4.564,4.157,90.796,0.121,0.0,0.362,1493122952.220,
4.795,3.901,90.756,0.166,0.0,0.382,0.0,189235.200,577372348.800,556403.200,0.0,0.0,15490.600,17596.400,4.0,0.200,0.0,5716713472.0,250396672.0,1.4756571136e+11,15247372288.0,0.0,0.0,0.0,189235.200,15503.800,17621.800,4.800,3.895,90.756,0.166,0.0,0.382,1493122957.220,
5.547,4.107,89.908,0.106,0.0,0.332,0.0,160563.200,666080019.400,714672.400,0.0,0.0,19148.0,20645.200,3.400,0.0,0.0,5727072256.0,250400768.0,1.47565940736e+11,15236780032.0,0.0,0.0,0.0,160563.200,19136.0,20622.0,5.543,4.108,89.911,0.106,0.0,0.332,1493122962.220,
5.618,4.250,89.514,0.151,0.0,0.468,0.0,200704.0,657813603.0,678334.600,0.0,0.0,18505.0,19809.800,2.800,0.0,0.0,5723602944.0,250408960.0,1.47566288896e+11,15239892992.0,0.0,0.0,0.0,200704.0,18502.600,19805.200,5.613,4.255,89.514,0.151,0.0,0.468,1493122967.220,
5.055,4.227,90.070,0.110,0.0,0.537,0.0,167936.0,601183703.200,539815.200,0.0,0.0,16643.0,16453.400,4.600,0.200,0.0,5724667904.0,250413056.0,1.47566555136e+11,15238557696.0,0.0,0.0,0.0,167936.0,16652.400,16469.600,5.060,4.227,90.065,0.110,0.0,0.537,1493122972.220,
5.477,4.138,89.622,0.115,0.0,0.647,0.0,191692.800,668270732.800,710679.0,0.0,0.0,19278.800,19855.200,3.800,0.0,0.0,5708918784.0,250429440.0,1.47566759936e+11,15254085632.0,0.0,0.0,0.0,191692.800,19270.0,19845.0,5.477,4.138,89.622,0.115,0.0,0.647,1493122977.220,
6.319,4.124,89.009,0.186,0.0,0.363,0.0,205619.200,750030058.400,865412.400,0.0,0.0,21381.400,23255.200,5.0,0.0,0.0,5721964544.0,250437632.0,1.47567116288e+11,15240675328.0,0.0,0.0,0.0,205619.200,21380.600,23248.800,6.320,4.124,89.008,0.186,0.0,0.363,1493122982.220,
5.760,3.976,89.772,0.131,0.0,0.362,0.0,161382.400,689227633.600,708605.400,0.0,0.0,18188.600,21341.400,4.0,0.200,0.0,5729501184.0,250437632.0,1.47567378432e+11,15232876544.0,0.0,0.0,0.0,161382.400,18188.400,21342.0,5.765,3.976,89.767,0.131,0.0,0.362,1493122987.220,
5.613,3.968,89.553,0.553,0.0,0.312,0.0,7747174.400,669692659.600,711249.200,0.0,0.0,17436.200,21556.600,4.400,0.400,0.0,5732315136.0,250454016.0,1.4756384768e+11,15233576960.0,0.0,0.0,0.0,7747174.400,17448.800,21571.200,5.607,3.963,89.565,0.553,0.0,0.312,1493122992.220,
5.516,4.108,89.797,0.166,0.0,0.412,0.0,191692.800,636197476.0,640382.800,0.0,0.0,17237.0,19400.400,3.800,0.0,0.0,5715222528.0,250454016.0,1.47564105728e+11,15250411520.0,0.0,0.0,0.0,191692.800,17232.0,19385.600,5.517,4.114,89.790,0.166,0.0,0.412,1493122997.220,
4.944,3.807,90.766,0.121,0.0,0.362,0.0,160563.200,598985678.800,556223.600,0.0,0.0,15841.200,18171.200,3.0,0.200,0.0,5740752896.0,250462208.0,1.47564363776e+11,15224614912.0,0.0,0.0,0.0,160563.200,15833.0,18172.800,4.944,3.812,90.761,0.121,0.0,0.362,1493123002.220,
5.228,4.134,89.885,0.125,0.0,0.627,0.0,163840.0,625679525.400,620428.200,0.0,0.0,18309.800,19047.200,5.400,0.0,0.0,5734883328.0,250466304.0,1.47564609536e+11,15230234624.0,0.0,0.0,0.0,163840.0,18320.0,19048.800,5.228,4.129,89.891,0.125,0.0,0.627,1493123007.220,
5.314,4.007,90.075,0.161,0.0,0.442,0.0,229376.0,625522331.400,626970.800,0.0,0.0,17051.200,18530.800,4.200,0.0,0.0,5706334208.0,250474496.0,1.47564904448e+11,15258480640.0,0.0,0.0,0.0,229376.0,17056.200,18528.0,5.319,4.007,90.071,0.161,0.0,0.442,1493123012.220,
2.681,2.671,94.287,0.090,0.0,0.271,0.0,163840.0,303234787.600,260912.600,0.0,0.0,8399.200,11720.0,2.200,0.200,0.0,5761667072.0,250486784.0,1.47565080576e+11,15202959360.0,0.0,0.0,0.0,163840.0,8383.600,11732.800,2.670,2.665,94.304,0.090,0.0,0.271,1493123017.220,
0.903,1.159,97.673,0.120,0.0,0.145,0.0,131891.200,99961487.400,50446.0,0.0,0.0,3067.400,8516.0,0.400,0.0,1.400,5501923328.0,250490880.0,1.47565252608e+11,15462526976.0,0.0,0.0,0.0,131891.200,3068.600,8511.600,0.903,1.164,97.667,0.120,0.0,0.146,1493123022.220,
