"Dstat 0.7.2 CSV output"
"Author:","Dag Wieers <dag@wieers.com>",,,,"URL:","http://dag.wieers.com/home-made/dstat/"
"Host:","osd1.skyhook--8osds.skyhook-pg0.wisc.cloudlab.us",,,,"User:","jlefevre"
"Cmdline:","dstat -av --epoch --integer --noheaders --output 8osds.dstat-osd1.log 5",,,,"Date:","25 Apr 2017 03:37:00 CDT"

"total cpu usage",,,,,,"dsk/total",,"net/total",,"paging",,"system",,"procs",,,"memory usage",,,,"paging",,"dsk/total",,"system",,"total cpu usage",,,,,,"epoch"
"usr","sys","idl","wai","hiq","siq","read","writ","recv","send","in","out","int","csw","run","blk","new","used","buff","cach","free","in","out","read","writ","int","csw","usr","sys","idl","wai","hiq","siq","epoch"
0.020,0.015,99.955,0.010,0.0,0.0,0.0,8192.0,7612.400,12717.0,0.0,0.0,276.400,302.800,0.0,0.0,0.400,2474852352.0,2347008.0,15946797056.0,1.50356197376e+11,0.0,0.0,0.0,8192.0,277.200,302.800,0.020,0.020,99.950,0.010,0.0,0.0,1493113740.344,
0.065,0.165,99.770,0.0,0.0,0.0,0.0,5734.400,36361.600,30960753.600,0.0,0.0,837.0,355.200,0.0,0.0,0.400,2512887808.0,2355200.0,15946801152.0,1.50318149632e+11,0.0,0.0,0.0,5734.400,836.0,355.200,0.065,0.160,99.775,0.0,0.0,0.0,1493113745.344,
0.055,0.140,99.790,0.010,0.0,0.005,0.0,9830.400,44373.200,51690103.0,0.0,0.0,1466.600,412.600,0.0,0.0,0.800,2468147200.0,2363392.0,15946801152.0,1.50362882048e+11,0.0,0.0,0.0,9830.400,1466.600,412.600,0.055,0.140,99.790,0.010,0.0,0.005,1493113750.344,
0.060,0.190,99.750,0.0,0.0,0.0,0.0,9011.200,54997.200,57078647.200,0.0,0.0,1957.600,427.800,0.200,0.0,0.0,2499354624.0,2379776.0,15946801152.0,1.5033165824e+11,0.0,0.0,0.0,9011.200,1958.800,428.200,0.060,0.190,99.750,0.0,0.0,0.0,1493113755.344,
0.060,0.170,99.755,0.010,0.0,0.005,0.0,13107.200,42768.200,54612748.0,0.0,0.0,1563.200,420.200,0.0,0.0,0.800,2470105088.0,2396160.0,15946809344.0,1.503608832e+11,0.0,0.0,0.0,13107.200,1562.0,419.800,0.060,0.170,99.755,0.010,0.0,0.005,1493113760.344,
0.075,0.200,99.725,0.0,0.0,0.0,0.0,10649.600,51344.600,59999375.600,0.0,0.0,1771.400,408.0,0.200,0.0,0.400,2513076224.0,2404352.0,15946809344.0,1.50317903872e+11,0.0,0.0,0.0,10649.600,1771.400,408.0,0.075,0.200,99.725,0.0,0.0,0.0,1493113765.344,
0.055,0.140,99.805,0.0,0.0,0.0,0.0,7372.800,33805.0,46642537.400,0.0,0.0,1239.800,371.400,0.400,0.0,0.600,2490859520.0,2420736.0,15946809344.0,1.50340104192e+11,0.0,0.0,0.0,7372.800,1243.800,371.400,0.055,0.140,99.805,0.0,0.0,0.0,1493113770.344,
0.060,0.110,99.830,0.0,0.0,0.0,0.0,0.0,26382.800,38998461.600,0.0,0.0,1033.400,379.600,0.200,0.0,0.0,2489786368.0,2420736.0,15946805248.0,1.5034118144e+11,0.0,0.0,0.0,0.0,1031.800,379.600,0.060,0.110,99.830,0.0,0.0,0.0,1493113775.344,
0.045,0.120,99.810,0.025,0.0,0.0,819.200,9011.200,38571.400,37807905.200,0.0,0.0,977.600,326.200,0.0,0.0,0.400,2490191872.0,2441216.0,15946817536.0,1.50340743168e+11,0.0,0.0,819.200,9011.200,978.400,326.200,0.045,0.120,99.810,0.025,0.0,0.0,1493113780.344,
0.035,0.135,99.820,0.010,0.0,0.0,0.0,8192.0,30180.800,47129161.200,0.0,0.0,928.400,326.400,0.0,0.200,0.0,2473324544.0,2449408.0,15946817536.0,1.50357602304e+11,0.0,0.0,0.0,8192.0,925.200,326.400,0.035,0.135,99.820,0.010,0.0,0.0,1493113785.344,
0.075,0.155,99.760,0.005,0.0,0.005,0.0,8192.0,38438.600,58987390.0,0.0,0.0,1173.200,386.600,0.0,0.0,0.400,2474196992.0,2465792.0,15946817536.0,1.50356713472e+11,0.0,0.0,0.0,8192.0,1173.400,387.0,0.075,0.155,99.760,0.005,0.0,0.005,1493113790.344,
0.100,0.235,99.650,0.010,0.0,0.005,0.0,10649.600,59534.800,75747423.800,0.0,0.0,1618.800,498.400,0.0,0.0,0.400,2518863872.0,2482176.0,15946821632.0,1.50312026112e+11,0.0,0.0,0.0,10649.600,1619.200,498.400,0.100,0.235,99.650,0.010,0.0,0.005,1493113795.344,
0.045,0.100,99.850,0.0,0.0,0.005,0.0,4915.200,32774.800,45188948.600,0.0,0.0,1148.200,332.200,0.0,0.0,0.0,2473631744.0,2490368.0,15946813440.0,1.5035725824e+11,0.0,0.0,0.0,4915.200,1147.600,331.800,0.045,0.100,99.850,0.0,0.0,0.005,1493113800.344,
0.055,0.170,99.770,0.0,0.0,0.005,0.0,2457.600,30837.600,56850181.200,0.0,0.0,1247.600,425.600,0.0,0.0,0.0,2489962496.0,2498560.0,15946817536.0,1.503409152e+11,0.0,0.0,0.0,2457.600,1247.600,425.600,0.055,0.175,99.765,0.0,0.0,0.005,1493113805.344,
0.065,0.175,99.760,0.0,0.0,0.0,0.0,4915.200,33179.0,58967168.200,0.0,0.0,1311.800,298.200,0.0,0.0,0.0,2488922112.0,2506752.0,15946817536.0,1.50341947392e+11,0.0,0.0,0.0,4915.200,1311.800,298.200,0.065,0.170,99.765,0.0,0.0,0.0,1493113810.344,
0.050,0.115,99.825,0.010,0.0,0.0,0.0,8192.0,32673.600,43475809.800,0.0,0.0,1238.400,302.600,0.0,0.0,0.0,2471317504.0,2514944.0,15946817536.0,1.50359543808e+11,0.0,0.0,0.0,8192.0,1238.400,302.600,0.050,0.115,99.825,0.010,0.0,0.0,1493113815.344,
0.050,0.125,99.825,0.0,0.0,0.0,0.0,0.0,35708.600,47205201.200,0.0,0.0,1256.800,291.400,0.0,0.0,0.0,2472845312.0,2514944.0,15946817536.0,1.50358016e+11,0.0,0.0,0.0,0.0,1257.0,291.400,0.050,0.125,99.825,0.0,0.0,0.0,1493113820.344,
0.055,0.150,99.780,0.010,0.0,0.005,0.0,4096.0,38302.0,47222247.400,0.0,0.0,1334.400,335.0,0.200,0.0,0.0,2472771584.0,2523136.0,15946821632.0,1.5035807744e+11,0.0,0.0,0.0,4096.0,1334.200,335.0,0.055,0.150,99.780,0.010,0.0,0.005,1493113825.344,
0.055,0.150,99.790,0.005,0.0,0.0,0.0,4915.200,39668.600,53085981.0,0.0,0.0,1444.200,325.0,0.400,0.0,0.0,2471899136.0,2531328.0,15946821632.0,1.50358941696e+11,0.0,0.0,0.0,4915.200,1444.200,325.0,0.055,0.150,99.790,0.005,0.0,0.0,1493113830.344,
0.050,0.135,99.815,0.0,0.0,0.0,0.0,2457.600,36392.800,50139401.800,0.0,0.0,1312.600,326.600,0.0,0.0,0.0,2473590784.0,2531328.0,15946821632.0,1.50357250048e+11,0.0,0.0,0.0,2457.600,1312.600,326.600,0.050,0.135,99.815,0.0,0.0,0.0,1493113835.344,
0.055,0.135,99.795,0.010,0.0,0.005,0.0,2457.600,30627.800,41317214.800,0.0,0.0,1172.800,357.600,0.200,0.0,0.0,2481754112.0,2539520.0,15946821632.0,1.50349078528e+11,0.0,0.0,0.0,2457.600,1173.0,358.0,0.060,0.135,99.790,0.010,0.0,0.005,1493113840.344,
0.080,0.200,99.715,0.0,0.0,0.005,0.0,0.0,62659.800,67141199.200,0.0,0.0,2139.600,365.800,0.200,0.0,0.0,2475819008.0,2539520.0,15946821632.0,1.50355013632e+11,0.0,0.0,0.0,0.0,2144.600,365.600,0.075,0.205,99.715,0.0,0.0,0.005,1493113845.344,
0.050,0.130,99.810,0.005,0.0,0.005,0.0,2457.600,41404.200,47895987.400,0.0,0.0,1002.200,314.200,0.200,0.0,0.0,2471895040.0,2547712.0,15946821632.0,1.50358929408e+11,0.0,0.0,0.0,2457.600,997.0,314.0,0.050,0.125,99.815,0.005,0.0,0.005,1493113850.344,
0.075,0.160,99.760,0.0,0.0,0.005,0.0,0.0,38785.800,61932172.600,0.0,0.0,1206.400,372.0,0.0,0.0,0.0,2471763968.0,2547712.0,15946821632.0,1.5035906048e+11,0.0,0.0,0.0,0.0,1206.600,372.0,0.080,0.160,99.755,0.0,0.0,0.005,1493113855.344,
0.055,0.130,99.805,0.010,0.0,0.0,0.0,3276.800,32241.0,50175697.600,0.0,0.0,1167.600,310.600,0.0,0.0,0.0,2472910848.0,2555904.0,15946821632.0,1.50357905408e+11,0.0,0.0,0.0,3276.800,1167.400,310.600,0.050,0.130,99.810,0.010,0.0,0.0,1493113860.344,
0.075,0.205,99.720,0.0,0.0,0.0,0.0,2457.600,53796.800,74180564.400,0.0,0.0,1985.400,392.0,0.0,0.0,0.0,2489831424.0,2564096.0,15946821632.0,1.5034097664e+11,0.0,0.0,0.0,2457.600,1986.800,392.400,0.075,0.210,99.715,0.0,0.0,0.0,1493113865.344,
0.075,0.220,99.700,0.0,0.0,0.005,0.0,0.0,64413.800,78536754.600,0.0,0.0,1716.0,458.200,0.0,0.0,0.0,2490634240.0,2564096.0,15946821632.0,1.50340173824e+11,0.0,0.0,0.0,0.0,1716.200,457.800,0.075,0.215,99.705,0.0,0.0,0.005,1493113870.344,
0.045,0.130,99.825,0.0,0.0,0.0,0.0,2457.600,33894.600,43995519.0,0.0,0.0,910.800,274.600,0.0,0.0,0.200,2491092992.0,2572288.0,15946821632.0,1.5033970688e+11,0.0,0.0,0.0,2457.600,910.0,274.600,0.045,0.130,99.825,0.0,0.0,0.0,1493113875.344,
0.060,0.165,99.765,0.0,0.0,0.010,0.0,0.0,43831.800,57452804.400,0.0,0.0,1141.400,338.600,0.0,0.0,0.0,2490183680.0,2572288.0,15946821632.0,1.50340616192e+11,0.0,0.0,0.0,0.0,1140.600,338.600,0.060,0.165,99.765,0.0,0.0,0.010,1493113880.344,
0.055,0.150,99.795,0.0,0.0,0.0,0.0,2457.600,43669.0,52105224.400,0.0,0.0,1164.400,341.200,0.0,0.0,0.0,2484846592.0,2580480.0,15946821632.0,1.50345945088e+11,0.0,0.0,0.0,2457.600,1164.400,341.200,0.055,0.150,99.795,0.0,0.0,0.0,1493113885.344,
0.055,0.160,99.785,0.0,0.0,0.0,0.0,0.0,50390.800,59786356.0,0.0,0.0,1298.600,401.800,0.0,0.0,0.0,2490830848.0,2580480.0,15946821632.0,1.50339960832e+11,0.0,0.0,0.0,0.0,1299.200,401.800,0.055,0.160,99.785,0.0,0.0,0.0,1493113890.344,
0.050,0.160,99.775,0.005,0.0,0.010,0.0,3276.800,60496.200,60337609.400,0.0,0.0,1396.600,437.200,0.200,0.0,0.0,2504540160.0,2588672.0,15946821632.0,1.50326243328e+11,0.0,0.0,0.0,3276.800,1396.200,438.600,0.055,0.160,99.765,0.005,0.0,0.015,1493113895.344,
0.060,0.200,99.725,0.010,0.0,0.005,0.0,2457.600,58588.200,71382644.0,0.0,0.0,1409.0,397.400,0.200,0.0,0.0,2490142720.0,2596864.0,15946821632.0,1.50340632576e+11,0.0,0.0,0.0,2457.600,1409.0,396.400,0.055,0.200,99.735,0.010,0.0,0.0,1493113900.344,
0.055,0.140,99.800,0.0,0.0,0.005,0.0,0.0,36436.600,48190376.0,0.0,0.0,955.0,322.400,0.0,0.0,0.0,2489851904.0,2596864.0,15946821632.0,1.50340923392e+11,0.0,0.0,0.0,0.0,954.800,322.0,0.055,0.140,99.800,0.0,0.0,0.005,1493113905.344,
0.045,0.120,99.830,0.005,0.0,0.0,0.0,2457.600,31215.600,38656019.200,0.0,0.0,889.800,273.200,0.200,0.0,0.0,2498412544.0,2605056.0,15946825728.0,1.50332350464e+11,0.0,0.0,0.0,2457.600,892.800,275.400,0.045,0.120,99.830,0.005,0.0,0.0,1493113910.344,
0.050,0.200,99.750,0.0,0.0,0.0,0.0,0.0,56069.600,61570632.200,0.0,0.0,1389.200,362.600,0.0,0.0,0.0,2472763392.0,2605056.0,15946825728.0,1.50357999616e+11,0.0,0.0,0.0,0.0,1386.200,360.400,0.055,0.200,99.745,0.0,0.0,0.0,1493113915.344,
0.040,0.080,99.875,0.005,0.0,0.0,0.0,2457.600,28484.0,29552678.400,0.0,0.0,729.200,264.200,0.200,0.0,0.0,2472468480.0,2613248.0,15946825728.0,1.50358286336e+11,0.0,0.0,0.0,2457.600,729.400,264.200,0.035,0.080,99.880,0.005,0.0,0.0,1493113920.344,
0.055,0.165,99.775,0.0,0.0,0.005,0.0,0.0,38943.800,59011657.800,0.0,0.0,1164.200,332.200,0.200,0.0,0.0,2472087552.0,2613248.0,15946825728.0,1.50358667264e+11,0.0,0.0,0.0,0.0,1164.0,332.200,0.055,0.165,99.775,0.0,0.0,0.005,1493113925.344,
0.040,0.095,99.855,0.010,0.0,0.0,0.0,4096.0,28675.400,38344579.600,0.0,0.0,847.800,346.800,0.0,0.0,0.400,2471600128.0,2621440.0,15946825728.0,1.50359146496e+11,0.0,0.0,0.0,4096.0,847.800,346.800,0.040,0.095,99.855,0.010,0.0,0.0,1493113930.344,
0.070,0.185,99.740,0.0,0.0,0.005,0.0,8192.0,42990.400,58209756.0,0.0,0.0,1246.600,424.200,0.0,0.0,0.0,2517262336.0,2637824.0,15946825728.0,1.50313467904e+11,0.0,0.0,0.0,8192.0,1246.600,424.200,0.075,0.185,99.735,0.0,0.0,0.005,1493113935.344,
0.045,0.100,99.850,0.0,0.0,0.005,0.0,2457.600,33015.800,38850073.400,0.0,0.0,886.0,277.400,0.400,0.0,0.0,2488786944.0,2637824.0,15946825728.0,1.50341943296e+11,0.0,0.0,0.0,2457.600,889.400,280.200,0.040,0.105,99.850,0.0,0.0,0.005,1493113940.344,
0.045,0.110,99.845,0.0,0.0,0.0,0.0,2457.600,35303.600,44293444.800,0.0,0.0,940.400,286.0,0.200,0.0,0.0,2481299456.0,2646016.0,15946825728.0,1.50349422592e+11,0.0,0.0,0.0,2457.600,937.0,283.200,0.045,0.110,99.845,0.0,0.0,0.0,1493113945.344,
0.070,0.200,99.730,0.0,0.0,0.0,0.0,0.0,52278.600,65388573.400,0.0,0.0,1767.200,349.800,0.0,0.0,0.200,2496499712.0,2646016.0,15946825728.0,1.50334222336e+11,0.0,0.0,0.0,0.0,1767.200,349.800,0.070,0.195,99.735,0.0,0.0,0.0,1493113950.344,
0.060,0.140,99.790,0.005,0.0,0.005,0.0,5734.400,44591.400,55183297.400,0.0,0.0,1559.800,358.0,0.200,0.0,0.0,2510725120.0,2662400.0,15946825728.0,1.50319980544e+11,0.0,0.0,0.0,5734.400,1559.800,358.0,0.060,0.140,99.790,0.005,0.0,0.005,1493113955.344,
0.060,0.175,99.765,0.0,0.0,0.0,0.0,0.0,46950.0,63098685.600,0.0,0.0,1655.400,321.800,0.0,0.0,0.0,2496073728.0,2662400.0,15946825728.0,1.50334631936e+11,0.0,0.0,0.0,0.0,1661.400,322.200,0.060,0.175,99.765,0.0,0.0,0.0,1493113960.344,
0.040,0.105,99.840,0.010,0.0,0.005,0.0,3276.800,29061.400,42924557.0,0.0,0.0,864.800,290.800,0.0,0.0,0.0,2496016384.0,2670592.0,15946825728.0,1.50334681088e+11,0.0,0.0,0.0,3276.800,858.800,290.400,0.040,0.110,99.835,0.010,0.0,0.005,1493113965.344,
0.055,0.155,99.790,0.0,0.0,0.0,0.0,4096.0,45339.200,56940044.200,0.0,0.0,1566.400,383.600,0.0,0.0,0.0,2477887488.0,2678784.0,15946825728.0,1.50352801792e+11,0.0,0.0,0.0,4096.0,1566.400,383.600,0.055,0.150,99.795,0.0,0.0,0.0,1493113970.344,
0.075,0.185,99.740,0.0,0.0,0.0,0.0,0.0,56066.600,68298668.400,0.0,0.0,1892.800,389.400,0.200,0.0,0.0,2504343552.0,2678784.0,15946825728.0,1.50326345728e+11,0.0,0.0,0.0,0.0,1893.600,389.800,0.080,0.185,99.735,0.0,0.0,0.0,1493113975.344,
0.050,0.145,99.805,0.0,0.0,0.0,0.0,2457.600,38662.200,52695798.200,0.0,0.0,1371.600,319.800,0.200,0.0,0.0,2479128576.0,2686976.0,15946825728.0,1.50351552512e+11,0.0,0.0,0.0,2457.600,1374.200,323.0,0.045,0.150,99.805,0.0,0.0,0.0,1493113980.344,
0.075,0.220,99.705,0.0,0.0,0.0,0.0,0.0,62146.400,79653509.400,0.0,0.0,2141.200,395.200,0.0,0.0,0.0,2478080000.0,2686976.0,15946825728.0,1.50352601088e+11,0.0,0.0,0.0,0.0,2137.800,391.600,0.075,0.220,99.705,0.0,0.0,0.0,1493113985.344,
0.040,0.120,99.830,0.005,0.0,0.005,0.0,2457.600,39809.0,42963609.600,0.0,0.0,1280.600,283.200,0.0,0.0,0.0,2497572864.0,2695168.0,15946825728.0,1.50333100032e+11,0.0,0.0,0.0,2457.600,1282.600,283.200,0.040,0.115,99.835,0.005,0.0,0.005,1493113990.344,
0.045,0.100,99.855,0.0,0.0,0.0,0.0,0.0,33286.400,39672316.800,0.0,0.0,1140.400,298.800,0.0,0.0,0.0,2480578560.0,2695168.0,15946829824.0,1.5035009024e+11,0.0,0.0,0.0,0.0,1138.400,298.800,0.045,0.100,99.855,0.0,0.0,0.0,1493113995.344,
0.045,0.115,99.835,0.005,0.0,0.0,0.0,4096.0,28149.0,41295025.600,0.0,0.0,1090.0,316.0,0.0,0.0,0.0,2480451584.0,2703360.0,15946829824.0,1.50350209024e+11,0.0,0.0,0.0,4096.0,1090.0,316.0,0.045,0.120,99.830,0.005,0.0,0.0,1493114000.344,
0.040,0.105,99.845,0.010,0.0,0.0,0.0,4915.200,33767.800,37430544.600,0.0,0.0,1106.600,277.600,0.0,0.0,0.0,2511630336.0,2711552.0,15946829824.0,1.5031902208e+11,0.0,0.0,0.0,4915.200,1108.800,277.600,0.040,0.100,99.850,0.010,0.0,0.0,1493114005.344,
0.065,0.195,99.735,0.0,0.0,0.005,0.0,2457.600,59740.200,64108163.200,0.0,0.0,2299.200,384.800,0.0,0.0,0.0,2527846400.0,2711552.0,15946829824.0,1.50302806016e+11,0.0,0.0,0.0,2457.600,2297.200,384.800,0.065,0.200,99.730,0.0,0.0,0.005,1493114010.344,
0.055,0.145,99.785,0.010,0.0,0.005,0.0,2457.600,51826.200,57824538.400,0.0,0.0,1772.200,368.200,0.400,0.0,0.0,2480607232.0,2719744.0,15946829824.0,1.50350036992e+11,0.0,0.0,0.0,2457.600,1772.0,368.200,0.055,0.140,99.790,0.010,0.0,0.005,1493114015.344,
0.045,0.115,99.840,0.0,0.0,0.0,0.0,0.0,34709.200,35396919.200,0.0,0.0,1111.600,327.400,0.0,0.0,0.0,2480193536.0,2719744.0,15946829824.0,1.50350450688e+11,0.0,0.0,0.0,0.0,1111.600,327.400,0.045,0.120,99.835,0.0,0.0,0.0,1493114020.344,
0.055,0.160,99.780,0.005,0.0,0.0,0.0,2457.600,51018.400,56101760.200,0.0,0.0,1600.600,322.400,0.0,0.0,0.0,2480214016.0,2727936.0,15946829824.0,1.50350422016e+11,0.0,0.0,0.0,2457.600,1600.600,322.400,0.055,0.160,99.780,0.005,0.0,0.0,1493114025.344,
0.050,0.110,99.835,0.0,0.0,0.005,0.0,0.0,33637.0,44238859.800,0.0,0.0,859.200,263.0,0.200,0.0,0.0,2480087040.0,2727936.0,15946829824.0,1.50350548992e+11,0.0,0.0,0.0,0.0,859.200,263.0,0.050,0.110,99.835,0.0,0.0,0.005,1493114030.344,
0.070,0.175,99.740,0.010,0.0,0.005,0.0,3276.800,53692.800,65513166.600,0.0,0.0,1349.800,444.0,0.0,0.0,0.0,2497105920.0,2736128.0,15946829824.0,1.5033352192e+11,0.0,0.0,0.0,3276.800,1349.800,444.0,0.075,0.170,99.740,0.010,0.0,0.005,1493114035.344,
0.070,0.125,99.790,0.010,0.0,0.005,0.0,2457.600,41334.200,55450961.0,0.0,0.0,1335.600,353.0,0.0,0.0,0.400,2475433984.0,2744320.0,15946833920.0,1.50355181568e+11,0.0,0.0,0.0,2457.600,1335.800,353.0,0.065,0.125,99.795,0.010,0.0,0.005,1493114040.344,
0.070,0.165,99.755,0.0,0.0,0.010,0.0,8192.0,46812.200,50151309.800,0.0,0.0,1599.800,374.600,0.0,0.200,0.800,2465157120.0,2752512.0,15946842112.0,1.50365442048e+11,0.0,0.0,0.0,8192.0,1599.600,374.600,0.070,0.165,99.755,0.0,0.0,0.010,1493114045.344,
0.045,0.095,99.855,0.0,0.0,0.005,0.0,7372.800,34046.200,35405753.0,0.0,0.0,1109.600,350.600,0.0,0.0,0.0,2466312192.0,2768896.0,15946842112.0,1.50364270592e+11,0.0,0.0,0.0,7372.800,1109.600,350.600,0.045,0.095,99.855,0.0,0.0,0.005,1493114050.344,
0.080,0.165,99.750,0.005,0.0,0.0,0.0,4096.0,63132.600,56063765.200,0.0,0.0,2167.800,460.0,0.0,0.200,0.800,2475659264.0,2777088.0,15946833920.0,1.5035492352e+11,0.0,0.0,0.0,4096.0,2167.800,460.0,0.080,0.165,99.750,0.005,0.0,0.0,1493114055.344,
0.010,0.010,99.980,0.0,0.0,0.0,0.0,3276.800,6682.200,11663.200,0.0,0.0,254.400,282.0,0.0,0.0,0.0,2475749376.0,2785280.0,15946850304.0,1.50354808832e+11,0.0,0.0,0.0,3276.800,254.800,282.0,0.010,0.010,99.980,0.0,0.0,0.0,1493114060.344,
0.020,0.030,99.930,0.015,0.0,0.005,0.0,10649.600,6598.400,12172.600,0.0,0.0,270.800,295.600,0.400,0.0,0.800,2475409408.0,2793472.0,15946850304.0,1.50355140608e+11,0.0,0.0,0.0,10649.600,270.600,295.600,0.020,0.030,99.930,0.015,0.0,0.005,1493114065.344,
