"Dstat 0.7.2 CSV output"
"Author:","Dag Wieers <dag@wieers.com>",,,,"URL:","http://dag.wieers.com/home-made/dstat/"
"Host:","client0.skyhook--8osds.skyhook-pg0.wisc.cloudlab.us",,,,"User:","jlefevre"
"Cmdline:","dstat -av --epoch --integer --noheaders --output 8osds.dstat-client0.log 5",,,,"Date:","25 Apr 2017 03:36:47 CDT"

"total cpu usage",,,,,,"dsk/total",,"net/total",,"paging",,"system",,"procs",,,"memory usage",,,,"paging",,"dsk/total",,"system",,"total cpu usage",,,,,,"epoch"
"usr","sys","idl","wai","hiq","siq","read","writ","recv","send","in","out","int","csw","run","blk","new","used","buff","cach","free","in","out","read","writ","int","csw","usr","sys","idl","wai","hiq","siq","epoch"
0.035,0.025,99.839,0.100,0.0,0.0,0.0,145817.600,52819.600,3952.0,0.0,0.0,1414.0,7660.200,0.0,0.0,1.0,5501169664.0,188628992.0,1.47585683456e+11,15504711680.0,0.0,0.0,0.0,145817.600,1414.200,7666.200,0.030,0.025,99.844,0.100,0.0,0.0,1493118172.220,
0.025,0.015,99.945,0.015,0.0,0.0,0.0,11468.800,49451.600,3233.600,0.0,0.0,1388.800,7488.0,0.0,0.200,0.0,5500936192.0,188637184.0,1.47585683456e+11,15504936960.0,0.0,0.0,0.0,11468.800,1388.600,7484.400,0.025,0.020,99.940,0.015,0.0,0.0,1493118177.220,
2.792,2.626,93.785,0.106,0.0,0.691,0.0,180224.0,1146249946.400,1596092.0,0.0,0.0,31561.200,34893.400,4.200,0.0,5.0,5762293760.0,188637184.0,1.47585921024e+11,15243341824.0,0.0,0.0,0.0,180224.0,31573.200,34902.0,2.792,2.621,93.790,0.106,0.0,0.691,1493118182.220,
2.735,2.421,94.252,0.111,0.0,0.481,0.0,170393.600,1218389102.200,1636157.400,0.0,0.0,33499.600,38278.200,2.400,0.200,0.0,5762150400.0,188649472.0,1.47586240512e+11,15243153408.0,0.0,0.0,0.0,170393.600,33505.0,38290.400,2.735,2.421,94.252,0.111,0.0,0.481,1493118187.220,
2.592,2.198,94.473,0.126,0.0,0.611,0.0,218726.400,1214209632.200,1653603.200,0.0,0.0,32405.800,39210.200,1.200,0.0,0.0,5740097536.0,188678144.0,1.47586584576e+11,15264833536.0,0.0,0.0,0.0,218726.400,32410.800,39211.0,2.596,2.202,94.464,0.126,0.0,0.611,1493118192.220,
2.538,2.270,94.399,0.157,0.0,0.637,0.0,221184.0,1207533391.200,1581336.200,0.0,0.0,32435.200,37902.200,2.0,0.0,0.0,5762998272.0,188694528.0,1.47586899968e+11,15241601024.0,0.0,0.0,0.0,221184.0,32616.600,37893.200,2.538,2.275,94.394,0.157,0.0,0.637,1493118197.220,
2.955,2.495,93.498,0.607,0.0,0.445,0.0,8909619.200,1205177819.0,1594367.400,0.0,0.0,34504.600,38237.400,3.400,0.600,0.0,5777158144.0,188727296.0,1.475852288e+11,15229079552.0,0.0,0.0,0.0,8909619.200,34314.200,38248.200,2.955,2.485,93.507,0.607,0.0,0.445,1493118202.220,
2.745,2.441,94.212,0.132,0.0,0.471,0.0,177766.400,1219270082.600,1611736.200,0.0,0.0,35745.800,39060.400,2.0,0.0,0.0,5750235136.0,188739584.0,1.47585523712e+11,15255695360.0,0.0,0.0,0.0,177766.400,35745.600,39049.0,2.740,2.441,94.216,0.132,0.0,0.471,1493118207.220,
2.740,2.568,94.161,0.122,0.0,0.410,0.0,167936.0,1217608429.200,1591207.800,0.0,0.0,35314.400,37316.200,2.400,0.200,0.0,5766950912.0,188747776.0,1.47585814528e+11,15238680576.0,0.0,0.0,0.0,167936.0,35319.0,37313.400,2.744,2.572,94.152,0.122,0.0,0.410,1493118212.220,
2.582,2.541,94.244,0.127,0.0,0.506,0.0,212172.800,1217835098.400,1592985.400,0.0,0.0,34742.800,38478.200,2.200,0.0,0.0,5762478080.0,188760064.0,1.47586199552e+11,15242756096.0,0.0,0.0,0.0,212172.800,34739.800,38487.200,2.582,2.537,94.248,0.127,0.0,0.506,1493118217.220,
2.704,2.380,94.292,0.096,0.0,0.527,0.0,232652.800,1214176229.400,1617822.400,0.0,0.0,33851.400,38763.0,3.0,0.0,0.0,5733986304.0,188780544.0,1.47586588672e+11,15270838272.0,0.0,0.0,0.0,232652.800,33855.0,38764.400,2.699,2.380,94.298,0.096,0.0,0.527,1493118222.220,
2.534,2.195,94.598,0.106,0.0,0.566,0.0,196608.0,1217011843.200,1610980.400,0.0,0.0,32489.400,39945.0,1.800,0.0,0.0,5747970048.0,188788736.0,1.4758684672e+11,15256588288.0,0.0,0.0,0.0,196608.0,32483.200,39934.0,2.539,2.195,94.593,0.106,0.0,0.566,1493118227.220,
2.517,2.390,94.404,0.137,0.0,0.552,0.0,181043.200,1208387949.800,1652301.800,0.0,0.0,36342.600,38241.600,3.200,0.200,0.400,5782994944.0,188796928.0,1.47587178496e+11,15221223424.0,0.0,0.0,0.0,181043.200,36350.800,38252.200,2.517,2.390,94.404,0.137,0.0,0.552,1493118232.220,
2.689,2.416,94.122,0.147,0.0,0.627,0.0,231014.400,1220491605.600,1730311.800,0.0,0.0,37671.0,41284.0,3.200,0.0,0.400,5741494272.0,188796928.0,1.4758760448e+11,15262298112.0,0.0,0.0,0.0,231014.400,37658.200,41267.0,2.685,2.417,94.124,0.147,0.0,0.627,1493118237.220,
2.383,2.126,94.693,0.162,0.0,0.636,0.0,217907.200,1213820644.800,1717540.400,0.0,0.0,35108.400,43230.600,2.200,0.200,0.0,5750435840.0,188805120.0,1.47587887104e+11,15253065728.0,0.0,0.0,0.0,217907.200,35123.200,43247.0,2.382,2.130,94.685,0.167,0.0,0.636,1493118242.220,
2.549,2.255,94.547,0.137,0.0,0.512,0.0,194969.600,1220502490.200,1738385.800,0.0,0.0,36414.400,41001.800,2.200,0.0,0.400,5742202880.0,188813312.0,1.47588222976e+11,15260954624.0,0.0,0.0,0.0,194969.600,36410.600,41000.200,2.554,2.255,94.548,0.132,0.0,0.512,1493118247.220,
2.462,2.285,94.373,0.303,0.0,0.576,0.0,4397465.600,1219791016.0,1699642.400,0.0,0.0,36026.0,40256.0,2.600,0.200,0.400,5770276864.0,188837888.0,1.47583422464e+11,15237656576.0,0.0,0.0,0.0,4397465.600,36023.800,40256.400,2.458,2.281,94.382,0.303,0.0,0.576,1493118252.220,
2.743,2.333,94.282,0.106,0.0,0.536,0.0,175308.800,1215903980.400,1629001.800,0.0,0.0,33198.0,38975.600,3.400,0.200,0.0,5745356800.0,188850176.0,1.47583741952e+11,15262244864.0,0.0,0.0,0.0,175308.800,33196.400,38973.200,2.747,2.337,94.273,0.106,0.0,0.536,1493118257.220,
2.523,2.281,94.463,0.126,0.0,0.607,0.0,229376.0,1217404722.0,1702126.0,0.0,0.0,34911.800,40876.800,2.600,0.0,0.400,5786583040.0,188850176.0,1.47584139264e+11,15220621312.0,0.0,0.0,0.0,229376.0,34907.200,40870.800,2.519,2.281,94.467,0.126,0.0,0.607,1493118262.220,
2.575,2.201,94.638,0.116,0.0,0.470,0.0,222003.200,1214782261.800,1636694.0,0.0,0.0,32859.600,40508.400,2.400,0.0,0.400,5757186048.0,188866560.0,1.47584483328e+11,15249657856.0,0.0,0.0,0.0,222003.200,32861.800,40518.800,2.574,2.195,94.644,0.116,0.0,0.470,1493118267.220,
2.775,2.351,94.162,0.121,0.0,0.591,0.0,200704.0,1217872647.0,1672014.800,0.0,0.0,32992.200,39298.0,1.800,0.200,0.200,5750198272.0,188874752.0,1.47584753664e+11,15256367104.0,0.0,0.0,0.0,200704.0,32996.200,39283.400,2.780,2.351,94.152,0.126,0.0,0.591,1493118272.220,
2.776,2.376,94.281,0.152,0.0,0.415,0.0,211353.600,1226281004.800,1741502.200,0.0,0.0,34965.800,39150.600,2.600,0.0,0.400,5804343296.0,188887040.0,1.47585097728e+11,15201865728.0,0.0,0.0,0.0,212992.0,34964.400,39155.800,2.776,2.376,94.286,0.147,0.0,0.415,1493118277.220,
3.044,2.623,93.750,0.152,0.0,0.430,0.0,226099.200,1220557668.0,1741261.0,0.0,0.0,36882.0,37628.0,2.200,0.0,0.0,5752975360.0,188887040.0,1.4758551552e+11,15252815872.0,0.0,0.0,0.0,224460.800,36880.0,37627.800,3.044,2.629,93.745,0.152,0.0,0.431,1493118282.220,
2.585,2.352,94.197,0.258,0.0,0.607,0.0,3927244.800,1216401549.200,1631166.0,0.0,0.0,33204.400,38992.200,2.600,0.400,0.600,5757186048.0,188911616.0,1.47582500864e+11,15251595264.0,0.0,0.0,0.0,3927244.800,33206.400,38995.800,2.585,2.347,94.198,0.258,0.0,0.612,1493118287.220,
2.579,2.286,94.538,0.035,0.0,0.561,0.0,226099.200,1207753841.800,1535309.200,0.0,0.0,32071.800,37568.400,2.200,0.0,0.400,5786333184.0,188919808.0,1.47582906368e+11,15222034432.0,0.0,0.0,0.0,226099.200,32074.200,37565.800,2.579,2.286,94.538,0.035,0.0,0.561,1493118292.220,
2.738,2.300,94.115,0.061,0.0,0.787,0.0,182681.600,1209049174.600,1552099.600,0.0,0.0,31478.600,38483.400,2.600,0.0,0.0,5790470144.0,188936192.0,1.47583205376e+11,15217582080.0,0.0,0.0,0.0,182681.600,31469.200,38481.400,2.735,2.301,94.122,0.061,0.0,0.782,1493118297.219,
0.733,0.643,98.307,0.106,0.0,0.211,0.0,171212.800,381255527.400,356617.600,0.0,0.0,8419.0,14206.600,0.600,0.200,1.400,5493420032.0,188944384.0,1.47583483904e+11,15514345472.0,0.0,0.0,0.0,171212.800,8410.800,14216.800,0.733,0.643,98.308,0.105,0.0,0.211,1493118302.220,
