"Dstat 0.7.2 CSV output"
"Author:","Dag Wieers <dag@wieers.com>",,,,"URL:","http://dag.wieers.com/home-made/dstat/"
"Host:","client0.skyhook--8osds.skyhook-pg0.wisc.cloudlab.us",,,,"User:","jlefevre"
"Cmdline:","dstat -av --epoch --integer --noheaders --output 8osds.dstat-client0.log 5",,,,"Date:","25 Apr 2017 03:36:47 CDT"

"total cpu usage",,,,,,"dsk/total",,"net/total",,"paging",,"system",,"procs",,,"memory usage",,,,"paging",,"dsk/total",,"system",,"total cpu usage",,,,,,"epoch"
"usr","sys","idl","wai","hiq","siq","read","writ","recv","send","in","out","int","csw","run","blk","new","used","buff","cach","free","in","out","read","writ","int","csw","usr","sys","idl","wai","hiq","siq","epoch"
0.120,0.025,99.844,0.010,0.0,0.0,0.0,12288.0,54897.400,8853.400,0.0,0.0,1537.0,7412.800,0.0,0.0,1.600,5479817216.0,193384448.0,1.47673243648e+11,15433748480.0,0.0,0.0,0.0,12288.0,1536.400,7408.600,0.120,0.020,99.849,0.010,0.0,0.0,1493115002.220,
0.422,1.576,97.772,0.035,0.0,0.196,0.0,69632.0,185387098.200,240009.0,0.0,0.0,6818.800,9058.200,1.200,0.0,5.800,5666435072.0,193388544.0,1.47673288704e+11,15247081472.0,0.0,0.0,0.0,69632.0,6828.800,9064.400,0.427,1.576,97.767,0.035,0.0,0.196,1493115007.220,
0.893,5.356,93.134,0.065,0.0,0.552,0.0,137625.600,561547916.0,501564.600,0.0,0.0,15496.400,12377.400,2.600,0.200,0.400,5717196800.0,193409024.0,1.47673489408e+11,15196098560.0,0.0,0.0,0.0,137625.600,15496.0,12380.0,0.888,5.360,93.135,0.065,0.0,0.552,1493115012.220,
0.581,4.760,94.088,0.065,0.0,0.506,0.0,194969.600,452698363.200,306327.800,0.0,0.0,12040.800,12933.0,2.600,0.0,0.0,5698142208.0,193466368.0,1.4767374336e+11,15214841856.0,0.0,0.0,0.0,194969.600,12032.0,12924.200,0.581,4.760,94.087,0.065,0.0,0.506,1493115017.220,
0.522,4.427,94.594,0.075,0.0,0.381,0.0,208896.0,410487563.600,211995.600,0.0,0.0,10225.800,10820.800,2.400,0.0,0.400,5708042240.0,193474560.0,1.47674005504e+11,15204671488.0,0.0,0.0,0.0,208896.0,10230.400,10825.200,0.522,4.433,94.589,0.075,0.0,0.382,1493115022.220,
0.572,4.492,94.544,0.065,0.0,0.326,0.0,159744.0,465378700.0,285091.600,0.0,0.0,11567.400,12279.600,2.400,0.200,0.0,5698633728.0,193490944.0,1.47674218496e+11,15213850624.0,0.0,0.0,0.0,159744.0,11564.800,12282.200,0.577,4.481,94.551,0.065,0.0,0.326,1493115027.220,
0.542,4.462,94.559,0.090,0.0,0.346,0.0,194150.400,386380956.200,222905.400,0.0,0.0,10278.400,10892.0,2.200,0.0,0.600,5720870912.0,193499136.0,1.47674456064e+11,15191367680.0,0.0,0.0,0.0,194150.400,10278.400,10887.200,0.542,4.462,94.559,0.090,0.0,0.346,1493115032.220,
0.597,5.118,93.783,0.105,0.0,0.396,0.0,193331.200,437466795.600,263346.0,0.0,0.0,12085.800,11607.800,2.800,0.0,0.0,5710295040.0,193523712.0,1.4767466496e+11,15201710080.0,0.0,0.0,0.0,193331.200,12084.0,11606.0,0.592,5.124,93.782,0.105,0.0,0.396,1493115037.220,
0.508,4.116,95.070,0.116,0.0,0.191,0.0,155648.0,367007547.400,188871.0,0.0,0.0,9530.400,10245.800,1.800,0.200,0.600,5713543168.0,193556480.0,1.47674902528e+11,15198191616.0,0.0,0.0,0.0,155648.0,9530.400,10248.800,0.513,4.116,95.065,0.116,0.0,0.191,1493115042.220,
0.594,4.602,94.412,0.136,0.0,0.257,0.0,190873.600,448249915.200,269531.0,0.0,0.0,11372.800,11741.200,2.400,0.0,0.0,5726785536.0,193593344.0,1.47675144192e+11,15184670720.0,0.0,0.0,0.0,190873.600,11384.0,11737.800,0.593,4.597,94.418,0.136,0.0,0.256,1493115047.220,
0.507,4.115,94.950,0.141,0.0,0.286,0.0,198246.400,407721424.800,199009.0,0.0,0.0,10041.200,10913.800,2.400,0.0,0.400,5714362368.0,193617920.0,1.47683745792e+11,15188467712.0,0.0,0.0,0.0,198246.400,10030.0,10923.0,0.502,4.120,94.950,0.141,0.0,0.286,1493115052.220,
0.542,4.550,94.426,0.146,0.0,0.336,0.0,170393.600,410115890.400,241252.800,0.0,0.0,10678.800,11541.800,2.0,0.200,0.400,5713719296.0,193654784.0,1.47683934208e+11,15188885504.0,0.0,0.0,0.0,170393.600,10679.0,11537.400,0.542,4.549,94.426,0.146,0.0,0.336,1493115057.220,
0.617,4.937,93.844,0.156,0.0,0.447,0.0,193331.200,466947891.600,272178.0,0.0,0.0,12479.600,11171.600,2.600,0.0,0.0,5706604544.0,193691648.0,1.47684237312e+11,15195660288.0,0.0,0.0,0.0,193331.200,12480.0,11166.800,0.617,4.942,93.839,0.156,0.0,0.447,1493115062.220,
0.553,4.256,94.327,0.633,0.0,0.231,0.0,8465612.800,399667059.0,252905.0,0.0,0.0,10491.400,11870.0,2.200,0.400,0.400,5730082816.0,193724416.0,1.47683336192e+11,15173050368.0,0.0,0.0,0.0,8465612.800,10491.0,11870.200,0.553,4.251,94.332,0.633,0.0,0.231,1493115067.220,
0.548,4.653,94.403,0.151,0.0,0.246,0.0,174489.600,461022894.600,285537.400,0.0,0.0,11452.400,12237.600,2.600,0.0,0.0,5707296768.0,193740800.0,1.47683520512e+11,15195635712.0,0.0,0.0,0.0,174489.600,11450.400,12237.400,0.548,4.651,94.404,0.151,0.0,0.246,1493115072.220,
0.593,5.058,93.956,0.156,0.0,0.236,0.0,194969.600,493132432.800,309601.600,0.0,0.0,13096.0,12432.200,1.800,0.0,0.400,5720301568.0,193773568.0,1.47683815424e+11,15182303232.0,0.0,0.0,0.0,194969.600,13096.0,12431.800,0.593,5.058,93.957,0.156,0.0,0.236,1493115077.220,
0.588,4.625,94.340,0.166,0.0,0.282,0.0,163020.800,442964212.400,289258.200,0.0,0.0,11963.600,12000.400,2.400,0.200,0.400,5715120128.0,193802240.0,1.47684036608e+11,15187234816.0,0.0,0.0,0.0,163020.800,11965.400,12007.0,0.588,4.628,94.337,0.166,0.0,0.281,1493115082.220,
0.523,4.434,94.671,0.146,0.0,0.226,0.0,199884.800,409130317.200,232444.600,0.0,0.0,10842.200,11463.600,2.400,0.0,0.0,5719625728.0,193826816.0,1.47684274176e+11,15182467072.0,0.0,0.0,0.0,199884.800,10842.600,11462.600,0.523,4.434,94.671,0.146,0.0,0.226,1493115087.220,
0.533,4.638,94.538,0.090,0.0,0.201,0.0,235929.600,414242086.600,227032.0,0.0,0.0,10156.600,11334.800,2.0,0.0,0.400,5701529600.0,193855488.0,1.47684524032e+11,15200284672.0,0.0,0.0,0.0,235929.600,10165.800,11335.0,0.533,4.633,94.543,0.090,0.0,0.201,1493115092.220,
0.583,4.654,94.432,0.085,0.0,0.246,0.0,158105.600,464995305.200,260330.400,0.0,0.0,11518.800,11724.800,2.600,0.200,0.400,5727088640.0,193863680.0,1.4768470016e+11,15174541312.0,0.0,0.0,0.0,158105.600,11513.400,11725.800,0.583,4.659,94.427,0.085,0.0,0.246,1493115097.220,
0.558,4.455,94.655,0.111,0.0,0.221,0.0,191692.800,412892739.200,211885.800,0.0,0.0,10475.200,11160.200,2.800,0.0,0.200,5706252288.0,193912832.0,1.4768498688e+11,15195041792.0,0.0,0.0,0.0,191692.800,10480.800,11167.0,0.563,4.454,94.646,0.111,0.0,0.226,1493115102.220,
0.558,4.883,94.187,0.070,0.0,0.301,0.0,195788.800,460735120.400,262741.400,0.0,0.0,11579.200,12237.0,2.200,0.0,0.400,5693669376.0,193937408.0,1.47685175296e+11,15207411712.0,0.0,0.0,0.0,195788.800,11568.800,12224.200,0.553,4.886,94.195,0.070,0.0,0.297,1493115107.220,
0.593,4.876,94.190,0.050,0.0,0.291,0.0,159744.0,506404204.600,332377.400,0.0,0.0,12010.600,12920.200,2.0,0.200,0.0,5710135296.0,193966080.0,1.47685412864e+11,15190679552.0,0.0,0.0,0.0,159744.0,12012.0,12921.400,0.592,4.879,94.187,0.050,0.0,0.291,1493115112.220,
0.517,4.588,94.438,0.090,0.0,0.366,0.0,202342.400,458122482.0,289402.0,0.0,0.0,11662.600,12373.200,2.600,0.0,0.400,5699022848.0,193990656.0,1.476856832e+11,15201497088.0,0.0,0.0,0.0,202342.400,11668.0,12374.400,0.517,4.583,94.438,0.090,0.0,0.371,1493115117.220,
0.548,4.231,94.910,0.055,0.0,0.256,0.0,194150.400,415394609.600,196030.800,0.0,0.0,9959.0,10820.600,2.200,0.0,0.400,5699833856.0,194019328.0,1.47685900288e+11,15200440320.0,0.0,0.0,0.0,194150.400,9953.400,10818.800,0.548,4.227,94.919,0.055,0.0,0.251,1493115122.220,
0.613,4.675,94.149,0.362,0.0,0.201,0.0,4467097.600,481456606.800,330028.200,0.0,0.0,12108.0,12962.800,2.0,0.200,0.0,5705576448.0,194035712.0,1.4768285696e+11,15197724672.0,0.0,0.0,0.0,4467097.600,12108.800,12961.800,0.613,4.678,94.146,0.362,0.0,0.201,1493115127.220,
0.598,4.646,94.128,0.301,0.0,0.327,0.0,3197337.600,469184588.200,321571.200,0.0,0.0,11711.200,12995.600,2.200,0.0,0.400,5675368448.0,194109440.0,1.47679002624e+11,15231713280.0,0.0,0.0,0.0,3197337.600,11724.600,13008.0,0.603,4.646,94.123,0.301,0.0,0.326,1493115132.220,
0.622,4.976,93.870,0.085,0.0,0.446,0.0,201523.200,506235171.400,399324.400,0.0,0.0,13515.800,13229.800,2.600,0.0,0.800,5698166784.0,194113536.0,1.47679227904e+11,15208685568.0,0.0,0.0,0.0,201523.200,13502.600,13237.400,0.622,4.979,93.867,0.085,0.0,0.447,1493115137.220,
0.567,4.364,94.733,0.030,0.0,0.306,0.0,145817.600,448502771.400,278609.400,0.0,0.0,10810.200,12307.400,2.600,0.200,0.0,5700395008.0,194121728.0,1.47679469568e+11,15206207488.0,0.0,0.0,0.0,145817.600,10824.400,12289.400,0.562,4.364,94.739,0.030,0.0,0.306,1493115142.220,
0.582,4.703,94.253,0.030,0.0,0.432,0.0,197427.200,490704170.400,345190.800,0.0,0.0,12667.0,13280.200,2.200,0.0,0.800,5695299584.0,194138112.0,1.4767970304e+11,15211053056.0,0.0,0.0,0.0,197427.200,12653.800,13279.400,0.582,4.708,94.248,0.030,0.0,0.432,1493115147.220,
0.643,4.740,94.265,0.045,0.0,0.306,0.0,207257.600,502066209.800,368607.200,0.0,0.0,12858.200,13343.200,2.200,0.0,0.400,5715206144.0,194183168.0,1.47679916032e+11,15190888448.0,0.0,0.0,0.0,207257.600,12856.400,13353.0,0.643,4.731,94.275,0.045,0.0,0.306,1493115152.220,
0.598,4.889,94.131,0.100,0.0,0.281,0.0,166297.600,456703068.200,272879.600,0.0,0.0,12163.400,11537.0,2.0,0.200,0.0,5694640128.0,194199552.0,1.476801536e+11,15211200512.0,0.0,0.0,0.0,166297.600,12163.400,11526.0,0.603,4.894,94.121,0.100,0.0,0.281,1493115157.220,
0.618,4.840,94.090,0.186,0.0,0.266,0.0,229376.0,482672863.200,328069.800,0.0,0.0,12849.600,12809.600,2.400,0.0,0.800,5718728704.0,194228224.0,1.47680407552e+11,15186829312.0,0.0,0.0,0.0,229376.0,12849.200,12810.800,0.613,4.840,94.095,0.186,0.0,0.266,1493115162.220,
0.652,4.853,94.098,0.161,0.0,0.236,0.0,204800.0,527754935.200,411200.400,0.0,0.0,12703.600,14353.800,2.400,0.0,0.400,5703233536.0,194240512.0,1.47680714752e+11,15202004992.0,0.0,0.0,0.0,204800.0,12703.600,14354.400,0.653,4.854,94.097,0.161,0.0,0.236,1493115167.220,
0.548,4.387,94.719,0.095,0.0,0.251,0.0,134348.800,441672637.200,297062.200,0.0,0.0,11158.600,12476.400,2.400,0.200,0.400,5717684224.0,194248704.0,1.47680878592e+11,15187382272.0,0.0,0.0,0.0,134348.800,11158.200,12474.200,0.553,4.381,94.720,0.095,0.0,0.251,1493115172.220,
0.614,4.905,94.059,0.156,0.0,0.267,0.0,201523.200,445302552.800,260210.200,0.0,0.0,12513.400,11705.600,2.600,0.0,0.400,5702909952.0,194260992.0,1.4768115712e+11,15201865728.0,0.0,0.0,0.0,201523.200,12529.200,11715.200,0.609,4.909,94.060,0.156,0.0,0.267,1493115177.220,
0.558,4.646,94.294,0.176,0.0,0.326,0.0,206438.400,497049705.400,352021.400,0.0,0.0,12048.800,13394.800,2.200,0.0,0.800,5699706880.0,194273280.0,1.47681427456e+11,15204786176.0,0.0,0.0,0.0,206438.400,12034.600,13400.400,0.563,4.642,94.293,0.176,0.0,0.327,1493115182.220,
0.507,4.398,94.633,0.085,0.0,0.377,0.0,127795.200,414065241.400,219564.600,0.0,0.0,10529.400,10861.600,2.0,0.200,0.0,5716013056.0,194293760.0,1.47681632256e+11,15188254720.0,0.0,0.0,0.0,127795.200,10527.400,10846.800,0.502,4.402,94.634,0.085,0.0,0.376,1493115187.220,
0.573,4.768,94.302,0.161,0.0,0.196,0.0,203161.600,444548093.600,285629.400,0.0,0.0,12042.0,12326.600,2.800,0.0,0.400,5714493440.0,194338816.0,1.47681869824e+11,15189491712.0,0.0,0.0,0.0,203161.600,12042.600,12329.600,0.573,4.772,94.297,0.161,0.0,0.196,1493115192.220,
0.557,4.388,94.588,0.161,0.0,0.306,0.0,209715.200,412526402.800,257835.800,0.0,0.0,11072.200,11068.600,2.200,0.0,0.0,5693513728.0,194363392.0,1.4768211968e+11,15210196992.0,0.0,0.0,0.0,209715.200,11073.800,11076.200,0.557,4.384,94.592,0.161,0.0,0.306,1493115197.220,
0.648,4.570,94.259,0.151,0.0,0.372,0.0,160563.200,539875246.600,431083.800,0.0,0.0,13382.600,14607.600,1.800,0.200,0.400,5712920576.0,194396160.0,1.47682299904e+11,15190577152.0,0.0,0.0,0.0,160563.200,13381.200,14597.800,0.648,4.570,94.260,0.151,0.0,0.372,1493115202.220,
0.548,3.958,95.183,0.116,0.0,0.196,0.0,192512.0,426765481.0,260750.400,0.0,0.0,10499.200,11925.800,2.0,0.0,0.0,5694332928.0,194408448.0,1.4768259072e+11,15208861696.0,0.0,0.0,0.0,192512.0,10506.400,11930.200,0.548,3.959,95.182,0.116,0.0,0.196,1493115207.220,
0.593,4.720,94.289,0.171,0.0,0.226,0.0,194969.600,485303781.0,344885.400,0.0,0.0,12617.600,12165.400,3.0,0.0,0.200,5689503744.0,194441216.0,1.47682803712e+11,15213445120.0,0.0,0.0,0.0,194969.600,12629.200,12174.800,0.593,4.720,94.290,0.171,0.0,0.226,1493115212.220,
0.588,4.706,94.239,0.121,0.0,0.347,0.0,126976.0,511548270.800,403248.400,0.0,0.0,14049.800,13419.800,2.400,0.200,0.0,5697503232.0,194465792.0,1.476830208e+11,15205203968.0,0.0,0.0,0.0,126976.0,14035.200,13405.800,0.593,4.706,94.233,0.121,0.0,0.347,1493115217.220,
0.553,4.452,94.619,0.156,0.0,0.221,0.0,192512.0,457405345.200,305943.600,0.0,0.0,11057.0,12743.400,2.0,0.0,0.400,5712703488.0,194498560.0,1.47683295232e+11,15189696512.0,0.0,0.0,0.0,192512.0,11061.400,12753.400,0.548,4.452,94.624,0.156,0.0,0.221,1493115222.220,
0.558,4.628,94.362,0.151,0.0,0.302,0.0,208896.0,454350210.600,300493.200,0.0,0.0,12145.0,12351.0,2.200,0.0,0.400,5718130688.0,194531328.0,1.4768351232e+11,15184019456.0,0.0,0.0,0.0,208896.0,12137.200,12348.800,0.558,4.627,94.363,0.151,0.0,0.301,1493115227.220,
0.604,4.935,94.154,0.065,0.0,0.241,0.0,173670.400,452903169.400,309744.0,0.0,0.0,12823.200,12434.600,2.400,0.200,0.0,5722615808.0,194551808.0,1.4768377856e+11,15179247616.0,0.0,0.0,0.0,173670.400,12821.800,12426.200,0.609,4.931,94.154,0.065,0.0,0.241,1493115232.220,
0.579,4.628,94.471,0.131,0.0,0.191,0.0,192512.0,417619520.400,271853.800,0.0,0.0,12060.600,11725.400,3.0,0.0,0.600,5714829312.0,194584576.0,1.47684016128e+11,15186763776.0,0.0,0.0,0.0,192512.0,12062.0,11728.200,0.578,4.633,94.467,0.131,0.0,0.191,1493115237.220,
0.563,4.440,94.590,0.181,0.0,0.226,0.0,194150.400,414604740.0,259086.600,0.0,0.0,10710.200,11649.400,2.200,0.0,0.0,5724635136.0,194584576.0,1.47684274176e+11,15176699904.0,0.0,0.0,0.0,194150.400,10708.800,11656.200,0.563,4.435,94.594,0.181,0.0,0.226,1493115242.220,
0.533,4.417,94.738,0.116,0.0,0.196,0.0,139264.0,418417029.200,256135.600,0.0,0.0,11257.800,11425.200,2.200,0.200,0.400,5713895424.0,194609152.0,1.47684442112e+11,15187247104.0,0.0,0.0,0.0,139264.0,11261.400,11415.600,0.528,4.421,94.739,0.116,0.0,0.196,1493115247.220,
0.543,4.686,94.339,0.161,0.0,0.272,0.0,191692.800,406984405.0,252662.200,0.0,0.0,11141.800,11634.0,3.0,0.0,0.0,5730123776.0,194621440.0,1.47684651008e+11,15170797568.0,0.0,0.0,0.0,191692.800,11149.0,11643.400,0.543,4.681,94.344,0.161,0.0,0.272,1493115252.220,
0.576,4.472,94.275,0.175,0.0,0.501,0.0,195788.800,468022728.800,342590.800,0.0,0.0,12158.400,12311.0,2.0,0.0,0.400,5721739264.0,194633728.0,1.47684872192e+11,15178948608.0,0.0,0.0,0.0,195788.800,12153.200,12310.600,0.577,4.472,94.275,0.175,0.0,0.501,1493115257.220,
0.593,4.790,94.200,0.116,0.0,0.302,0.0,161382.400,502972770.600,360091.600,0.0,0.0,12391.200,13373.600,2.600,0.200,0.0,5701980160.0,194641920.0,1.47685134336e+11,15198437376.0,0.0,0.0,0.0,161382.400,12385.800,13364.600,0.593,4.794,94.196,0.116,0.0,0.302,1493115262.220,
0.598,4.323,94.582,0.166,0.0,0.331,0.0,203980.800,476285106.600,343919.400,0.0,0.0,11611.800,13496.800,1.800,0.0,0.400,5721423872.0,194654208.0,1.47685408768e+11,15178706944.0,0.0,0.0,0.0,203980.800,11616.800,13500.400,0.598,4.318,94.587,0.166,0.0,0.331,1493115267.220,
0.598,4.725,94.028,0.432,0.0,0.216,0.0,4328652.800,501212576.600,368470.800,0.0,0.0,13500.0,13642.200,2.0,0.200,0.0,5676912640.0,194691072.0,1.47678736384e+11,15229853696.0,0.0,0.0,0.0,4328652.800,13496.800,13639.0,0.603,4.731,94.018,0.432,0.0,0.216,1493115272.220,
0.664,5.110,93.839,0.136,0.0,0.251,0.0,157286.400,512015215.200,369075.800,0.0,0.0,13712.0,12688.200,1.800,0.200,0.600,5699522560.0,194695168.0,1.47678982144e+11,15206993920.0,0.0,0.0,0.0,157286.400,13710.200,12687.800,0.659,5.115,93.839,0.136,0.0,0.251,1493115277.220,
0.603,4.683,94.277,0.161,0.0,0.276,0.0,198246.400,506104740.800,355035.800,0.0,0.0,12973.600,13487.400,2.800,0.0,0.0,5728616448.0,194703360.0,1.47679244288e+11,15177629696.0,0.0,0.0,0.0,198246.400,12974.0,13491.0,0.603,4.674,94.286,0.161,0.0,0.276,1493115282.220,
0.557,4.401,94.575,0.135,0.0,0.331,0.0,173670.400,433922175.0,234219.800,0.0,0.0,11361.200,11625.800,2.800,0.0,0.800,5721772032.0,194703360.0,1.47679473664e+11,15184244736.0,0.0,0.0,0.0,173670.400,11373.800,11640.600,0.557,4.406,94.571,0.135,0.0,0.331,1493115287.220,
0.578,4.668,94.402,0.126,0.0,0.226,0.0,163020.800,436387156.800,291529.800,0.0,0.0,11937.200,11647.800,1.400,0.400,0.0,5721600000.0,194723840.0,1.47679657984e+11,15184211968.0,0.0,0.0,0.0,163020.800,11924.400,11630.200,0.578,4.668,94.402,0.126,0.0,0.226,1493115292.220,
0.543,4.487,94.578,0.151,0.0,0.241,0.0,197427.200,439455909.0,256156.600,0.0,0.0,11341.800,11713.600,2.400,0.0,0.800,5713051648.0,194777088.0,1.476799488e+11,15192416256.0,0.0,0.0,0.0,197427.200,11342.400,11714.600,0.543,4.487,94.578,0.151,0.0,0.241,1493115297.220,
0.543,4.546,94.454,0.196,0.0,0.261,0.0,239206.400,431709411.400,275605.600,0.0,0.0,11526.600,11530.200,2.0,0.0,0.0,5714640896.0,194781184.0,1.476801536e+11,15190618112.0,0.0,0.0,0.0,239206.400,11526.400,11535.200,0.543,4.545,94.454,0.196,0.0,0.261,1493115302.220,
0.588,4.593,94.407,0.141,0.0,0.271,0.0,144179.200,441242920.0,253012.800,0.0,0.0,11533.600,11986.400,2.600,0.400,0.800,5701169152.0,194809856.0,1.47680366592e+11,15203848192.0,0.0,0.0,0.0,144179.200,11535.800,11979.200,0.593,4.593,94.398,0.141,0.0,0.276,1493115307.220,
0.508,4.147,94.983,0.166,0.0,0.196,0.0,197427.200,410621794.400,199587.400,0.0,0.0,9827.600,11314.200,2.0,0.0,0.0,5728362496.0,194818048.0,1.47680628736e+11,15176384512.0,0.0,0.0,0.0,197427.200,9829.800,11320.800,0.503,4.148,94.992,0.166,0.0,0.191,1493115312.220,
0.597,4.793,94.028,0.171,0.0,0.412,0.0,203980.800,490939247.0,374400.600,0.0,0.0,12843.800,13580.800,3.0,0.0,0.400,5734338560.0,194842624.0,1.47680825344e+11,15170187264.0,0.0,0.0,0.0,203980.800,12840.0,13580.600,0.597,4.792,94.029,0.171,0.0,0.411,1493115317.220,
0.433,4.079,95.217,0.101,0.0,0.171,0.0,152371.200,348794072.600,178356.800,0.0,0.0,9989.400,10106.400,1.800,0.200,0.400,5743058944.0,194846720.0,1.476810752e+11,15161212928.0,0.0,0.0,0.0,152371.200,9987.800,10100.0,0.433,4.079,95.216,0.101,0.0,0.171,1493115322.220,
0.634,5.085,93.944,0.070,0.0,0.267,0.0,199884.800,487935257.200,337483.800,0.0,0.0,12914.600,12494.400,3.0,0.0,0.400,5738385408.0,194871296.0,1.47681333248e+11,15165603840.0,0.0,0.0,0.0,199884.800,12923.400,12500.400,0.639,5.084,93.940,0.070,0.0,0.267,1493115327.220,
0.336,2.176,97.308,0.070,0.0,0.110,0.0,199065.600,258472202.200,88373.200,0.0,0.0,5551.600,8958.800,0.800,0.200,1.800,5479186432.0,194879488.0,1.47681513472e+11,15424614400.0,0.0,0.0,0.0,199065.600,5542.400,8954.400,0.331,2.171,97.317,0.070,0.0,0.110,1493115332.220,
