"Dstat 0.7.2 CSV output"
"Author:","Dag Wieers <dag@wieers.com>",,,,"URL:","http://dag.wieers.com/home-made/dstat/"
"Host:","osd1.skyhook--8osds.skyhook-pg0.wisc.cloudlab.us",,,,"User:","jlefevre"
"Cmdline:","dstat -av --epoch --integer --noheaders --output 8osds.dstat-osd1.log 5",,,,"Date:","25 Apr 2017 03:37:00 CDT"

"total cpu usage",,,,,,"dsk/total",,"net/total",,"paging",,"system",,"procs",,,"memory usage",,,,"paging",,"dsk/total",,"system",,"total cpu usage",,,,,,"epoch"
"usr","sys","idl","wai","hiq","siq","read","writ","recv","send","in","out","int","csw","run","blk","new","used","buff","cach","free","in","out","read","writ","int","csw","usr","sys","idl","wai","hiq","siq","epoch"
0.005,0.015,99.970,0.010,0.0,0.0,0.0,2457.600,5075.200,9519.0,0.0,0.0,219.800,201.0,0.0,0.0,0.0,2450804736.0,1331200.0,200937472.0,1.66127120384e+11,0.0,0.0,0.0,2457.600,219.800,201.0,0.005,0.015,99.970,0.010,0.0,0.0,1493122755.344,
0.060,0.135,99.125,0.680,0.0,0.0,39487078.400,0.0,30144.400,19355119.200,0.0,0.0,1381.800,828.200,0.200,1.600,0.0,2557595648.0,1331200.0,398618624.0,1.6582264832e+11,0.0,0.0,39487078.400,0.0,1385.600,828.200,0.060,0.135,99.125,0.680,0.0,0.0,1493122760.344,
0.045,0.165,99.675,0.110,0.0,0.005,39487078.400,2457.600,58759.200,63302590.0,0.0,0.0,2615.400,992.0,0.0,0.200,0.0,2441457664.0,1339392.0,595808256.0,1.6574158848e+11,0.0,0.0,39487078.400,2457.600,2611.400,992.0,0.050,0.165,99.670,0.110,0.0,0.005,1493122765.344,
0.050,0.160,99.655,0.130,0.0,0.005,50777292.800,0.0,48381.400,52203402.800,0.0,0.0,1996.800,1091.0,0.0,0.0,0.200,2463571968.0,1339392.0,849678336.0,1.65465604096e+11,0.0,0.0,50777292.800,0.0,1996.800,1091.0,0.045,0.160,99.660,0.130,0.0,0.005,1493122770.344,
0.055,0.195,99.610,0.135,0.0,0.005,53589606.400,3276.800,41852.400,57002220.400,0.0,0.0,1841.800,1144.0,0.200,0.200,0.0,2445156352.0,1347584.0,1117646848.0,1.65216043008e+11,0.0,0.0,53589606.400,3276.800,1841.800,1144.0,0.055,0.195,99.610,0.135,0.0,0.005,1493122775.344,
0.070,0.195,99.560,0.165,0.0,0.010,67692134.400,1638.400,38275.800,61119326.400,0.0,0.0,1999.800,1367.0,0.200,0.200,0.0,2505375744.0,1347584.0,1455177728.0,1.64818292736e+11,0.0,0.0,67692134.400,1638.400,1999.800,1367.0,0.070,0.195,99.560,0.165,0.0,0.010,1493122780.344,
0.045,0.155,99.695,0.105,0.0,0.0,45128089.600,8192.0,32783.800,55265889.200,0.0,0.0,1580.400,916.400,0.200,0.0,0.0,2462289920.0,1355776.0,1681108992.0,1.64635439104e+11,0.0,0.0,45128089.600,8192.0,1580.400,916.400,0.050,0.155,99.690,0.105,0.0,0.0,1493122785.344,
0.030,0.100,99.785,0.085,0.0,0.0,31025561.600,0.0,25374.400,34054456.800,0.0,0.0,1001.600,731.200,0.0,0.0,0.0,2444234752.0,1355776.0,1836875776.0,1.64497727488e+11,0.0,0.0,31025561.600,0.0,1001.600,731.200,0.030,0.100,99.785,0.085,0.0,0.0,1493122790.344,
0.060,0.115,99.710,0.105,0.0,0.010,47951872.0,2457.600,45312.600,48300588.800,0.0,0.0,1451.200,1022.0,0.0,0.0,0.0,2461212672.0,1363968.0,2076921856.0,1.64240695296e+11,0.0,0.0,47951872.0,2457.600,1451.200,1022.0,0.055,0.115,99.715,0.105,0.0,0.010,1493122795.344,
0.055,0.140,99.680,0.125,0.0,0.0,53589606.400,0.0,43442.200,57920624.600,0.0,0.0,1566.0,1116.200,0.200,0.0,0.0,2444283904.0,1363968.0,2344349696.0,1.63990196224e+11,0.0,0.0,53589606.400,0.0,1566.0,1116.200,0.055,0.140,99.680,0.125,0.0,0.0,1493122800.344,
0.075,0.200,99.545,0.170,0.0,0.010,59230617.600,2457.600,58423.0,61947201.800,0.0,0.0,2471.200,1264.800,0.0,0.400,0.0,2444312576.0,1372160.0,2640736256.0,1.636937728e+11,0.0,0.0,59230617.600,2457.600,2471.200,1264.800,0.080,0.200,99.540,0.170,0.0,0.010,1493122805.344,
0.075,0.245,99.450,0.225,0.0,0.005,76153651.200,0.0,73934.0,79655875.200,0.0,0.0,3113.400,1500.0,0.0,0.0,0.0,2443911168.0,1372160.0,3021733888.0,1.63313176576e+11,0.0,0.0,76153651.200,0.0,3113.400,1500.0,0.070,0.245,99.455,0.225,0.0,0.005,1493122810.344,
0.055,0.130,99.645,0.165,0.0,0.005,50769100.800,3276.800,49587.800,53160271.0,0.0,0.0,2046.400,1092.400,0.0,0.0,0.0,2445692928.0,1380352.0,3275350016.0,1.63057770496e+11,0.0,0.0,50769100.800,3276.800,2046.400,1092.400,0.055,0.135,99.640,0.165,0.0,0.005,1493122815.344,
0.060,0.175,99.525,0.240,0.0,0.0,65081344.0,2457.600,50343.600,67835295.600,0.0,0.0,2297.0,1272.800,0.0,0.200,0.0,2444767232.0,1388544.0,3601620992.0,1.62732417024e+11,0.0,0.0,65264844.800,2457.600,2298.200,1275.400,0.065,0.170,99.525,0.240,0.0,0.0,1493122820.344,
0.065,0.165,99.605,0.165,0.0,0.0,50559385.600,0.0,53285.800,50369186.200,0.0,0.0,2049.600,1162.0,0.0,0.0,0.0,2463617024.0,1388544.0,3852914688.0,1.62462273536e+11,0.0,0.0,50375884.800,0.0,2049.800,1159.400,0.060,0.165,99.610,0.165,0.0,0.0,1493122825.344,
0.050,0.150,99.610,0.185,0.0,0.005,47948595.200,2457.600,42144.0,51689132.800,0.0,0.0,1748.400,1042.600,0.0,0.200,0.0,2463363072.0,1396736.0,4093296640.0,1.62222137344e+11,0.0,0.0,47948595.200,2457.600,1747.0,1042.600,0.050,0.150,99.610,0.185,0.0,0.005,1493122830.344,
0.060,0.215,99.440,0.280,0.0,0.005,62051123.200,0.0,54844.200,63459536.0,0.0,0.0,2170.400,1262.400,0.0,0.0,0.0,2464636928.0,1396736.0,4403634176.0,1.61910525952e+11,0.0,0.0,62051123.200,0.0,2170.400,1262.400,0.060,0.215,99.440,0.280,0.0,0.005,1493122835.344,
0.050,0.120,99.680,0.150,0.0,0.0,42307584.0,2457.600,39563.200,46960292.200,0.0,0.0,1611.0,939.400,0.0,0.0,0.0,2447056896.0,1404928.0,4615090176.0,1.61716641792e+11,0.0,0.0,42307584.0,2457.600,1611.200,939.400,0.050,0.120,99.680,0.150,0.0,0.0,1493122840.344,
0.060,0.190,99.505,0.240,0.0,0.005,64871628.800,0.0,56183.0,67860897.800,0.0,0.0,2387.0,1316.200,0.0,0.200,0.0,2448478208.0,1404928.0,4939382784.0,1.61390927872e+11,0.0,0.0,64871628.800,0.0,2387.0,1316.200,0.060,0.190,99.505,0.240,0.0,0.005,1493122845.344,
0.080,0.215,99.415,0.285,0.0,0.005,70512640.0,4096.0,72292.0,71624205.800,0.0,0.0,2955.0,1388.200,0.200,0.0,0.0,2466848768.0,1413120.0,5292146688.0,1.61019785216e+11,0.0,0.0,70512640.0,4096.0,2957.600,1388.200,0.080,0.215,99.415,0.285,0.0,0.005,1493122850.344,
0.065,0.150,99.590,0.185,0.0,0.010,50769100.800,4915.200,57687.600,55220094.600,0.0,0.0,2267.0,1130.0,0.0,0.200,0.0,2449895424.0,1421312.0,5546364928.0,1.60782512128e+11,0.0,0.0,50769100.800,4915.200,2264.200,1130.0,0.065,0.150,99.590,0.185,0.0,0.010,1493122855.344,
0.075,0.225,99.500,0.190,0.0,0.010,67692134.400,2457.600,58587.0,70796268.600,0.0,0.0,2422.400,1370.200,0.0,0.400,0.0,2451709952.0,1421312.0,5883568128.0,1.604434944e+11,0.0,0.0,67875635.200,2457.600,2424.0,1375.0,0.075,0.225,99.500,0.190,0.0,0.010,1493122860.344,
0.075,0.230,99.440,0.255,0.0,0.0,75980800.0,2457.600,81945.200,72658888.800,0.0,0.0,2992.600,1557.400,0.200,0.200,0.0,2499063808.0,1429504.0,6263779328.0,1.60015921152e+11,0.0,0.0,75970150.400,2457.600,2992.200,1554.400,0.080,0.235,99.430,0.255,0.0,0.0,1493122865.344,
0.085,0.295,99.335,0.285,0.0,0.0,81967513.600,0.0,87556.600,87458085.0,0.0,0.0,3375.0,1586.600,0.200,0.0,0.0,2482933760.0,1429504.0,6673866752.0,1.59621963776e+11,0.0,0.0,81794662.400,0.0,3376.800,1585.200,0.080,0.295,99.340,0.285,0.0,0.0,1493122870.344,
0.065,0.215,99.505,0.205,0.0,0.010,64897024.0,2457.600,87200.0,72951009.800,0.0,0.0,3137.200,1400.400,0.0,0.200,0.400,2453401600.0,1437696.0,6998548480.0,1.59326806016e+11,0.0,0.0,64897024.0,2457.600,3134.200,1400.0,0.070,0.210,99.505,0.205,0.0,0.010,1493122875.344,
0.065,0.200,99.525,0.210,0.0,0.0,64871628.800,0.0,72721.200,67867212.800,0.0,0.0,2724.200,1310.200,0.200,0.200,0.0,2454376448.0,1437696.0,7322906624.0,1.59001473024e+11,0.0,0.0,64871628.800,0.0,2724.200,1310.200,0.060,0.205,99.525,0.210,0.0,0.0,1493122880.344,
0.065,0.210,99.530,0.185,0.0,0.010,67692134.400,3276.800,68900.200,67780867.200,0.0,0.0,2860.200,1311.0,0.0,0.200,0.0,2471251968.0,1445888.0,7660732416.0,1.5864676352e+11,0.0,0.0,67692134.400,3276.800,2860.200,1311.0,0.065,0.205,99.535,0.185,0.0,0.010,1493122885.344,
0.075,0.190,99.520,0.210,0.0,0.005,62051123.200,2457.600,74600.200,67939732.200,0.0,0.0,2957.400,1291.200,0.0,0.0,0.0,2455908352.0,1454080.0,7971131392.0,1.58351699968e+11,0.0,0.0,62051123.200,2457.600,2957.400,1291.200,0.075,0.195,99.515,0.210,0.0,0.005,1493122890.344,
0.080,0.310,99.284,0.320,0.0,0.005,90256179.200,0.0,92893.0,94397296.0,0.0,0.0,3674.600,1818.600,0.0,0.800,0.0,2457403392.0,1454080.0,8422506496.0,1.57898829824e+11,0.0,0.0,90256179.200,0.0,3674.800,1818.600,0.080,0.310,99.285,0.320,0.0,0.005,1493122895.344,
0.065,0.185,99.495,0.250,0.0,0.005,62051123.200,2457.600,67088.0,64907337.0,0.0,0.0,2577.0,1282.400,0.0,0.0,0.0,2457001984.0,1462272.0,8733159424.0,1.57588570112e+11,0.0,0.0,62051123.200,2457.600,2576.800,1282.400,0.070,0.180,99.494,0.250,0.0,0.005,1493122900.344,
0.075,0.185,99.530,0.205,0.0,0.005,59230617.600,0.0,75861.400,58389845.800,0.0,0.0,2763.0,1241.800,0.400,0.600,0.0,2473750528.0,1462272.0,9029312512.0,1.5727566848e+11,0.0,0.0,59230617.600,0.0,2768.0,1242.200,0.070,0.185,99.535,0.205,0.0,0.005,1493122905.344,
0.050,0.150,99.630,0.170,0.0,0.0,47948595.200,2457.600,57910.200,51268635.400,0.0,0.0,1744.0,1007.200,0.0,0.0,0.0,2473435136.0,1470464.0,9269301248.0,1.57035986944e+11,0.0,0.0,47948595.200,2457.600,1746.800,1006.800,0.050,0.150,99.630,0.170,0.0,0.0,1493122910.344,
0.065,0.195,99.535,0.195,0.0,0.010,64871628.800,0.0,71531.200,70322091.600,0.0,0.0,2174.200,1340.400,0.400,0.0,0.0,2457464832.0,1470464.0,9593413632.0,1.56727844864e+11,0.0,0.0,64871628.800,0.0,2166.400,1340.400,0.065,0.195,99.535,0.195,0.0,0.010,1493122915.344,
0.060,0.180,99.610,0.150,0.0,0.0,57144115.200,3276.800,51897.200,56054888.800,0.0,0.0,1691.0,1193.800,0.600,0.0,0.0,2478628864.0,1478656.0,9880190976.0,1.56419895296e+11,0.0,0.0,57353830.400,3276.800,1695.200,1195.600,0.065,0.180,99.605,0.150,0.0,0.0,1493122920.344,
0.075,0.180,99.555,0.180,0.0,0.010,61317120.0,2457.600,57871.200,67832932.0,0.0,0.0,2206.0,1242.800,0.0,0.0,0.0,2459750400.0,1486848.0,10185719808.0,1.56133236736e+11,0.0,0.0,61107404.800,2457.600,2202.400,1241.0,0.070,0.185,99.555,0.180,0.0,0.010,1493122925.344,
0.070,0.210,99.535,0.185,0.0,0.0,64871628.800,0.0,65675.200,62760382.800,0.0,0.0,2629.600,1318.600,0.0,0.0,0.0,2493779968.0,1486848.0,10509778944.0,1.55775148032e+11,0.0,0.0,64871628.800,0.0,2629.200,1318.600,0.070,0.205,99.540,0.185,0.0,0.0,1493122930.344,
0.075,0.235,99.469,0.215,0.0,0.005,80782950.400,2457.600,101848.800,87716705.800,0.0,0.0,3937.600,1608.800,0.0,0.800,0.0,2473775104.0,1495040.0,10915049472.0,1.55389874176e+11,0.0,0.0,80992665.600,2457.600,3938.800,1611.200,0.080,0.235,99.459,0.220,0.0,0.005,1493122935.344,
0.075,0.225,99.500,0.195,0.0,0.005,68703846.400,0.0,85654.200,73756864.800,0.0,0.0,3203.400,1403.200,0.200,0.0,0.0,2462998528.0,1495040.0,11257516032.0,1.55058184192e+11,0.0,0.0,68494131.200,0.0,3202.0,1400.800,0.070,0.225,99.510,0.190,0.0,0.005,1493122940.344,
0.085,0.250,99.394,0.270,0.0,0.0,78974156.800,2457.600,93037.200,78872913.0,0.0,0.0,3497.0,1497.600,0.0,0.0,0.0,2480168960.0,1503232.0,11652648960.0,1.5464587264e+11,0.0,0.0,78974156.800,2457.600,3503.400,1498.0,0.085,0.250,99.395,0.270,0.0,0.0,1493122945.344,
0.065,0.175,99.630,0.125,0.0,0.005,56410931.200,0.0,67452.0,61412598.800,0.0,0.0,2527.200,1168.800,0.0,0.600,0.200,2474946560.0,1503232.0,11934212096.0,1.54369531904e+11,0.0,0.0,56410931.200,0.0,2525.0,1168.800,0.065,0.175,99.630,0.125,0.0,0.005,1493122950.344,
0.065,0.270,99.435,0.225,0.0,0.005,75482726.400,7372.800,79506.0,76957206.600,0.0,0.0,3002.0,1490.600,0.0,1.0,0.0,2487754752.0,1519616.0,12312633344.0,1.5397828608e+11,0.0,0.0,75640012.800,7372.800,2998.800,1492.600,0.065,0.270,99.435,0.225,0.0,0.005,1493122955.344,
0.090,0.320,99.305,0.285,0.0,0.0,93747609.600,4915.200,117576.200,101331730.600,0.0,0.0,3688.400,1855.800,0.400,0.200,0.0,2460127232.0,1527808.0,12780593152.0,1.535379456e+11,0.0,0.0,93590323.200,4915.200,3687.600,1853.400,0.090,0.325,99.300,0.285,0.0,0.0,1493122960.344,
0.065,0.170,99.615,0.145,0.0,0.005,54821683.200,2457.600,71870.600,56081005.600,0.0,0.0,2589.800,1172.0,0.200,0.200,0.0,2467053568.0,1527808.0,13055905792.0,1.53255706624e+11,0.0,0.0,55031398.400,2457.600,2590.800,1174.200,0.065,0.165,99.620,0.145,0.0,0.005,1493122965.344,
0.050,0.170,99.620,0.155,0.0,0.005,49537024.0,2457.600,60324.800,53091256.0,0.0,0.0,2304.400,1039.0,0.0,0.0,0.0,2460823552.0,1536000.0,13302386688.0,1.53015447552e+11,0.0,0.0,49327308.800,2457.600,2303.200,1036.800,0.055,0.170,99.615,0.155,0.0,0.005,1493122970.344,
0.065,0.135,99.665,0.135,0.0,0.0,47948595.200,0.0,60302.800,49811678.400,0.0,0.0,2149.200,1007.200,0.0,0.0,0.0,2465415168.0,1536000.0,13542031360.0,1.52771211264e+11,0.0,0.0,47948595.200,0.0,2153.600,1010.0,0.060,0.135,99.670,0.135,0.0,0.0,1493122975.344,
0.095,0.265,99.330,0.310,0.0,0.0,82355814.400,2457.600,97898.400,82989881.200,0.0,0.0,3075.600,1599.800,0.0,1.0,0.0,2480685056.0,1544192.0,13955457024.0,1.5234250752e+11,0.0,0.0,82565529.600,2457.600,3072.800,1599.0,0.095,0.265,99.325,0.315,0.0,0.0,1493122980.344,
0.060,0.180,99.475,0.275,0.0,0.010,61489971.200,0.0,86174.600,66977881.200,0.0,0.0,2260.800,1235.400,0.200,0.0,0.0,2480181248.0,1544192.0,14261358592.0,1.5203710976e+11,0.0,0.0,61280256.0,0.0,2259.200,1233.400,0.065,0.180,99.475,0.270,0.0,0.010,1493122985.344,
0.075,0.170,99.490,0.255,0.0,0.010,62051123.200,4096.0,86439.0,65826403.600,0.0,0.0,3089.400,1308.600,0.0,0.400,0.0,2464444416.0,1552384.0,14571614208.0,1.51742582784e+11,0.0,0.0,62051123.200,4096.0,3089.400,1308.600,0.070,0.170,99.495,0.255,0.0,0.010,1493122990.344,
0.065,0.205,99.470,0.260,0.0,0.0,67692134.400,2457.600,79211.0,70791347.0,0.0,0.0,2879.800,1358.400,0.400,0.200,0.0,2465628160.0,1560576.0,14909976576.0,1.5140302848e+11,0.0,0.0,67692134.400,2457.600,2879.800,1358.400,0.070,0.205,99.465,0.260,0.0,0.0,1493122995.344,
0.085,0.290,99.215,0.400,0.0,0.010,87435673.600,0.0,101296.200,91435026.0,0.0,0.0,3068.200,1683.0,0.200,0.200,0.0,2465382400.0,1560576.0,15347253248.0,1.50965997568e+11,0.0,0.0,87435673.600,0.0,3068.200,1683.0,0.080,0.290,99.220,0.400,0.0,0.010,1493123000.344,
0.060,0.165,99.615,0.160,0.0,0.0,47948595.200,2457.600,57181.200,50141392.200,0.0,0.0,2082.400,1020.200,0.0,0.400,0.0,2466074624.0,1568768.0,15587000320.0,1.5072555008e+11,0.0,0.0,47948595.200,2457.600,2082.400,1020.200,0.060,0.165,99.615,0.160,0.0,0.0,1493123005.344,
0.055,0.150,99.685,0.105,0.0,0.005,45364019.200,0.0,57022.600,44267258.0,0.0,0.0,2009.400,983.400,0.400,0.200,0.0,2490822656.0,1568768.0,15813660672.0,1.50474141696e+11,0.0,0.0,45547520.0,0.0,2010.600,985.800,0.055,0.150,99.680,0.110,0.0,0.005,1493123010.344,
0.055,0.150,99.620,0.175,0.0,0.0,42071654.400,2457.600,61450.200,47217552.400,0.0,0.0,2303.0,924.600,0.0,0.0,0.0,2466693120.0,1576960.0,16024178688.0,1.50287745024e+11,0.0,0.0,41888153.600,2457.600,2302.400,922.200,0.055,0.150,99.625,0.170,0.0,0.0,1493123015.344,
0.015,0.010,99.975,0.0,0.0,0.0,0.0,0.0,4075.0,9933.400,0.0,0.0,185.800,162.600,0.0,0.0,0.400,2468007936.0,1576960.0,16024182784.0,1.50286426112e+11,0.0,0.0,0.0,0.0,185.600,162.600,0.015,0.015,99.970,0.0,0.0,0.0,1493123020.344,
