"Dstat 0.7.2 CSV output"
"Author:","Dag Wieers <dag@wieers.com>",,,,"URL:","http://dag.wieers.com/home-made/dstat/"
"Host:","osd1.skyhook--8osds.skyhook-pg0.wisc.cloudlab.us",,,,"User:","jlefevre"
"Cmdline:","dstat -av --epoch --integer --noheaders --output 8osds.dstat-osd1.log 5",,,,"Date:","25 Apr 2017 03:37:00 CDT"

"total cpu usage",,,,,,"dsk/total",,"net/total",,"paging",,"system",,"procs",,,"memory usage",,,,"paging",,"dsk/total",,"system",,"total cpu usage",,,,,,"epoch"
"usr","sys","idl","wai","hiq","siq","read","writ","recv","send","in","out","int","csw","run","blk","new","used","buff","cach","free","in","out","read","writ","int","csw","usr","sys","idl","wai","hiq","siq","epoch"
0.015,0.015,99.970,0.0,0.0,0.0,0.0,0.0,4819.0,9508.0,0.0,0.0,197.0,183.800,0.0,0.0,0.0,2464616448.0,1601536.0,15954944000.0,1.50359031808e+11,0.0,0.0,0.0,0.0,197.0,183.800,0.015,0.015,99.970,0.0,0.0,0.0,1493119160.344,
0.175,0.310,99.505,0.010,0.0,0.0,0.0,4096.0,81011.800,49732173.200,0.0,0.0,2608.400,410.400,0.0,0.0,0.0,2544058368.0,1609728.0,15954944000.0,1.50279581696e+11,0.0,0.0,0.0,4096.0,2609.600,410.400,0.175,0.310,99.505,0.010,0.0,0.0,1493119165.344,
0.320,0.515,99.129,0.010,0.0,0.025,0.0,4915.200,223214.600,145616592.200,0.0,0.0,6648.600,632.800,0.0,0.0,0.200,2487558144.0,1617920.0,15954944000.0,1.50336073728e+11,0.0,0.0,0.0,4915.200,6651.0,632.800,0.320,0.515,99.129,0.010,0.0,0.025,1493119170.344,
0.285,0.570,99.119,0.0,0.0,0.025,0.0,2457.600,211916.800,140914686.0,0.0,0.0,6403.200,658.800,0.400,0.0,0.0,2469617664.0,1617920.0,15954944000.0,1.50354014208e+11,0.0,0.0,0.0,2457.600,6399.200,658.800,0.285,0.570,99.119,0.0,0.0,0.025,1493119175.344,
0.285,0.420,99.280,0.005,0.0,0.010,0.0,2457.600,172597.600,118317349.600,0.0,0.0,5194.0,545.600,0.200,0.0,0.0,2501951488.0,1626112.0,15954944000.0,1.50321672192e+11,0.0,0.0,0.0,2457.600,5198.800,545.800,0.285,0.420,99.274,0.005,0.0,0.015,1493119180.344,
0.340,0.550,99.089,0.0,0.0,0.020,0.0,0.0,213377.800,152517845.400,0.0,0.0,6263.600,624.400,0.600,0.0,0.0,2485334016.0,1626112.0,15954944000.0,1.50338289664e+11,0.0,0.0,0.0,0.0,6261.0,624.200,0.340,0.550,99.089,0.0,0.0,0.020,1493119185.344,
0.330,0.550,99.084,0.005,0.0,0.030,0.0,2457.600,219973.800,152954544.0,0.0,0.0,6645.600,643.800,0.200,0.0,0.0,2488041472.0,1634304.0,15954944000.0,1.50335574016e+11,0.0,0.0,0.0,2457.600,6648.600,643.800,0.335,0.555,99.079,0.005,0.0,0.025,1493119190.344,
0.280,0.475,99.229,0.0,0.0,0.015,0.0,0.0,169965.0,121628001.0,0.0,0.0,5210.200,571.400,0.400,0.0,0.0,2543955968.0,1634304.0,15954944000.0,1.5027965952e+11,0.0,0.0,0.0,0.0,5209.400,571.400,0.275,0.470,99.234,0.0,0.0,0.020,1493119195.344,
0.275,0.430,99.259,0.005,0.0,0.030,0.0,3276.800,177366.800,133441546.0,0.0,0.0,5123.200,556.200,0.200,0.0,0.0,2489290752.0,1642496.0,15954944000.0,1.50334316544e+11,0.0,0.0,0.0,3276.800,5127.800,556.200,0.275,0.435,99.260,0.005,0.0,0.025,1493119200.344,
0.290,0.505,99.190,0.005,0.0,0.010,0.0,2457.600,202083.400,138284650.600,0.0,0.0,5848.600,630.400,0.400,0.0,0.0,2481577984.0,1650688.0,15954944000.0,1.5034202112e+11,0.0,0.0,0.0,2457.600,5839.800,630.800,0.295,0.505,99.185,0.005,0.0,0.010,1493119205.344,
0.375,0.545,99.054,0.0,0.0,0.025,0.0,0.0,212940.800,155613897.800,0.0,0.0,6183.200,678.200,0.400,0.0,0.0,2558685184.0,1650688.0,15954944000.0,1.5026491392e+11,0.0,0.0,0.0,0.0,6187.600,677.800,0.375,0.541,99.059,0.0,0.0,0.025,1493119210.344,
0.310,0.540,99.134,0.010,0.0,0.005,0.0,2457.600,225296.200,154177218.800,0.0,0.0,6531.600,673.200,0.0,0.0,0.0,2470580224.0,1658880.0,15954944000.0,1.50353010688e+11,0.0,0.0,0.0,2457.600,6527.0,673.200,0.310,0.540,99.134,0.010,0.0,0.005,1493119215.344,
0.295,0.485,99.215,0.0,0.0,0.005,0.0,0.0,165139.800,135707882.400,0.0,0.0,5067.0,596.0,0.0,0.0,0.200,2471673856.0,1658880.0,15954944000.0,1.50351917056e+11,0.0,0.0,0.0,0.0,5067.0,596.0,0.290,0.485,99.220,0.0,0.0,0.005,1493119220.344,
0.400,0.616,98.959,0.005,0.0,0.020,0.0,2457.600,256582.400,176972371.400,0.0,0.0,7665.600,733.800,0.600,0.0,0.0,2471174144.0,1667072.0,15954944000.0,1.50352408576e+11,0.0,0.0,0.0,2457.600,7665.600,733.800,0.400,0.621,98.954,0.005,0.0,0.020,1493119225.344,
0.250,0.440,99.310,0.0,0.0,0.0,0.0,0.0,166110.400,112435447.600,0.0,0.0,4813.800,511.800,0.400,0.0,0.0,2488836096.0,1667072.0,15954944000.0,1.50334746624e+11,0.0,0.0,0.0,0.0,4817.200,512.200,0.255,0.435,99.310,0.0,0.0,0.0,1493119230.344,
0.280,0.460,99.254,0.0,0.0,0.005,0.0,3276.800,189635.600,132449587.600,0.0,0.0,5758.600,620.800,0.400,0.0,0.0,2471665664.0,1675264.0,15954944000.0,1.50351908864e+11,0.0,0.0,0.0,3276.800,5755.200,620.400,0.280,0.460,99.254,0.0,0.0,0.005,1493119235.344,
0.305,0.530,99.159,0.0,0.0,0.005,0.0,2457.600,199229.800,137626055.0,0.0,0.0,6228.800,610.200,0.600,0.0,0.0,2506563584.0,1683456.0,15954944000.0,1.50317002752e+11,0.0,0.0,0.0,2457.600,6231.200,610.200,0.300,0.530,99.164,0.0,0.0,0.005,1493119240.344,
0.320,0.541,99.119,0.0,0.0,0.020,0.0,0.0,226172.400,151882115.800,0.0,0.0,6777.0,670.400,0.600,0.0,0.0,2491338752.0,1683456.0,15954948096.0,1.50332223488e+11,0.0,0.0,0.0,0.0,6774.600,670.400,0.320,0.541,99.119,0.0,0.0,0.020,1493119245.344,
0.315,0.505,99.164,0.005,0.0,0.010,0.0,2457.600,208682.0,140115130.200,0.0,0.0,6173.600,586.800,0.0,0.0,0.0,2503254016.0,1691648.0,15954948096.0,1.50320300032e+11,0.0,0.0,0.0,2457.600,6179.800,587.0,0.315,0.505,99.164,0.005,0.0,0.010,1493119250.344,
0.415,0.646,98.919,0.0,0.0,0.020,0.0,0.0,277270.0,182156262.200,0.0,0.0,8012.200,734.400,0.400,0.0,0.0,2490527744.0,1691648.0,15954948096.0,1.50333026304e+11,0.0,0.0,0.0,0.0,8007.800,734.400,0.420,0.646,98.914,0.0,0.0,0.020,1493119255.344,
0.225,0.365,99.389,0.010,0.0,0.010,0.0,2457.600,156951.800,107917995.800,0.0,0.0,4927.0,536.800,0.0,0.0,0.0,2472325120.0,1699840.0,15954948096.0,1.50351220736e+11,0.0,0.0,0.0,2457.600,4925.200,536.600,0.220,0.365,99.394,0.010,0.0,0.010,1493119260.344,
0.250,0.440,99.300,0.0,0.0,0.010,0.0,0.0,170852.0,119370096.800,0.0,0.0,5116.600,545.200,0.200,0.0,0.0,2491121664.0,1699840.0,15954948096.0,1.50332424192e+11,0.0,0.0,0.0,0.0,5121.800,545.200,0.250,0.440,99.300,0.0,0.0,0.010,1493119265.344,
0.270,0.380,99.325,0.010,0.0,0.015,0.0,4096.0,154328.0,115467998.800,0.0,0.0,4724.200,515.200,0.200,0.0,0.0,2490466304.0,1708032.0,15954948096.0,1.5033307136e+11,0.0,0.0,0.0,4096.0,4722.0,515.600,0.275,0.380,99.320,0.010,0.0,0.015,1493119270.344,
0.305,0.505,99.164,0.015,0.0,0.010,25395.200,4915.200,212231.200,131918822.0,0.0,0.0,6099.0,633.0,0.200,0.0,0.200,2505297920.0,1716224.0,15955075072.0,1.50318104576e+11,0.0,0.0,25395.200,4915.200,6100.0,632.600,0.300,0.505,99.169,0.015,0.0,0.010,1493119275.344,
0.270,0.470,99.245,0.0,0.0,0.015,0.0,2457.600,184491.400,122458100.0,0.0,0.0,5728.800,591.0,0.200,0.0,0.0,2491559936.0,1716224.0,15955075072.0,1.5033184256e+11,0.0,0.0,0.0,2457.600,5726.600,591.200,0.270,0.470,99.245,0.0,0.0,0.015,1493119280.344,
0.170,0.300,99.510,0.005,0.0,0.015,0.0,2457.600,118481.0,80194370.0,0.0,0.0,3761.800,409.400,0.200,0.0,0.0,2472218624.0,1724416.0,15955075072.0,1.5035117568e+11,0.0,0.0,0.0,2457.600,3760.600,409.200,0.170,0.300,99.510,0.005,0.0,0.015,1493119285.344,
