"Dstat 0.7.2 CSV output"
"Author:","Dag Wieers <dag@wieers.com>",,,,"URL:","http://dag.wieers.com/home-made/dstat/"
"Host:","client0.skyhook--8osds.skyhook-pg0.wisc.cloudlab.us",,,,"User:","jlefevre"
"Cmdline:","dstat -av --epoch --integer --noheaders --output 8osds.dstat-client0.log 5",,,,"Date:","25 Apr 2017 03:36:47 CDT"

"total cpu usage",,,,,,"dsk/total",,"net/total",,"paging",,"system",,"procs",,,"memory usage",,,,"paging",,"dsk/total",,"system",,"total cpu usage",,,,,,"epoch"
"usr","sys","idl","wai","hiq","siq","read","writ","recv","send","in","out","int","csw","run","blk","new","used","buff","cach","free","in","out","read","writ","int","csw","usr","sys","idl","wai","hiq","siq","epoch"
0.161,0.020,99.794,0.020,0.0,0.005,0.0,16384.0,56491.600,11164.400,0.0,0.0,1786.200,7606.200,0.0,0.0,1.800,5491798016.0,182280192.0,1.47680395264e+11,15425720320.0,0.0,0.0,0.0,16384.0,1786.600,7609.200,0.156,0.025,99.794,0.020,0.0,0.005,1493112787.220,
0.493,2.810,96.496,0.060,0.0,0.141,0.0,67993.600,286661243.800,310311.0,0.0,0.0,14695.800,10216.400,1.800,0.200,7.0,5687193600.0,182284288.0,1.47680468992e+11,15230246912.0,0.0,0.0,0.0,67993.600,14698.600,10223.800,0.493,2.810,96.496,0.060,0.0,0.141,1493112792.220,
0.724,5.431,93.282,0.171,0.0,0.392,0.0,231014.400,521805941.800,426136.0,0.0,0.0,17165.800,12561.400,3.400,0.0,1.200,5696466944.0,182325248.0,1.47680755712e+11,15220645888.0,0.0,0.0,0.0,231014.400,17167.800,12552.200,0.724,5.436,93.272,0.171,0.0,0.397,1493112797.220,
0.603,4.787,94.112,0.171,0.0,0.327,0.0,208076.800,467224563.0,296699.400,0.0,0.0,12300.800,11929.800,1.600,0.0,0.800,5706924032.0,182337536.0,1.47680985088e+11,15209947136.0,0.0,0.0,0.0,208076.800,12318.800,11962.200,0.603,4.782,94.122,0.171,0.0,0.322,1493112802.220,
0.577,4.514,94.268,0.150,0.0,0.491,0.0,167116.800,473900596.200,293802.400,0.0,0.0,11923.400,11963.0,2.200,0.200,1.200,5714198528.0,182358016.0,1.47681243136e+11,15202394112.0,0.0,0.0,0.0,167116.800,11904.400,11932.200,0.582,4.514,94.263,0.150,0.0,0.491,1493112807.220,
0.593,4.398,94.556,0.196,0.0,0.256,0.0,207257.600,434341916.400,239971.800,0.0,0.0,16253.200,11223.0,2.400,0.0,0.400,5700591616.0,182382592.0,1.47681501184e+11,15215718400.0,0.0,0.0,0.0,207257.600,16266.600,11223.600,0.588,4.398,94.561,0.196,0.0,0.256,1493112812.220,
0.578,4.511,94.483,0.176,0.0,0.251,0.0,201523.200,439625313.800,309363.200,0.0,0.0,12510.200,12013.800,1.600,0.0,1.200,5707485184.0,182415360.0,1.47681701888e+11,15208591360.0,0.0,0.0,0.0,201523.200,12494.600,12013.800,0.583,4.506,94.483,0.176,0.0,0.251,1493112817.220,
0.609,4.687,94.307,0.136,0.0,0.262,0.0,162201.600,447979871.800,300943.400,0.0,0.0,12361.0,12122.200,2.0,0.200,0.600,5699743744.0,182444032.0,1.4768191488e+11,15216091136.0,0.0,0.0,0.0,162201.600,12361.0,12122.400,0.609,4.692,94.302,0.136,0.0,0.262,1493112822.220,
0.577,4.366,94.490,0.196,0.0,0.371,0.0,208896.0,463304769.800,287167.0,0.0,0.0,12007.200,11603.600,2.400,0.0,0.800,5708283904.0,182484992.0,1.47682177024e+11,15207247872.0,0.0,0.0,0.0,208896.0,12009.800,11604.400,0.577,4.365,94.491,0.196,0.0,0.371,1493112827.220,
0.602,4.583,94.223,0.171,0.0,0.422,0.0,176128.0,454994450.0,304509.600,0.0,0.0,11857.0,12796.800,2.0,0.200,1.200,5712572416.0,182517760.0,1.476824064e+11,15202697216.0,0.0,0.0,0.0,176128.0,11858.400,12792.400,0.597,4.589,94.221,0.171,0.0,0.422,1493112832.220,
0.602,4.407,94.514,0.171,0.0,0.306,0.0,203980.800,493615172.200,366403.400,0.0,0.0,11775.600,14115.600,2.400,0.0,0.400,5700325376.0,182525952.0,1.47682668544e+11,15214673920.0,0.0,0.0,0.0,203980.800,11786.0,14136.400,0.602,4.401,94.520,0.171,0.0,0.306,1493112837.220,
0.633,4.802,94.083,0.151,0.0,0.332,0.0,207257.600,510949228.400,399066.200,0.0,0.0,13475.0,13827.800,2.400,0.0,1.200,5700186112.0,182579200.0,1.47682922496e+11,15214505984.0,0.0,0.0,0.0,207257.600,13468.800,13833.0,0.638,4.802,94.077,0.151,0.0,0.332,1493112842.220,
0.568,4.236,94.815,0.151,0.0,0.231,0.0,176947.200,436809801.400,286792.800,0.0,0.0,11391.400,12318.0,2.400,0.200,0.800,5725388800.0,182616064.0,1.47683147776e+11,15189041152.0,0.0,0.0,0.0,176947.200,11384.200,12293.800,0.568,4.235,94.815,0.151,0.0,0.231,1493112847.220,
0.663,4.765,93.985,0.191,0.0,0.397,0.0,204800.0,502381612.0,380730.200,0.0,0.0,13622.600,13268.600,2.600,0.0,0.800,5682331648.0,182632448.0,1.47683414016e+11,15231815680.0,0.0,0.0,0.0,204800.0,13643.600,13276.0,0.662,4.767,93.983,0.191,0.0,0.396,1493112852.220,
0.629,4.786,94.252,0.121,0.0,0.211,0.0,179404.800,509278343.600,378774.200,0.0,0.0,13835.0,13863.600,2.400,0.0,0.800,5721214976.0,182657024.0,1.47683606528e+11,15192715264.0,0.0,0.0,0.0,179404.800,13823.200,13875.0,0.629,4.779,94.259,0.121,0.0,0.212,1493112857.220,
0.658,4.605,94.250,0.121,0.0,0.367,0.0,161382.400,521292845.0,403782.600,0.0,0.0,13247.400,14503.400,1.800,0.200,0.600,5711810560.0,182685696.0,1.4768386048e+11,15201837056.0,0.0,0.0,0.0,161382.400,13239.400,14484.200,0.658,4.605,94.250,0.121,0.0,0.367,1493112862.220,
0.604,4.537,94.462,0.166,0.0,0.231,0.0,225280.0,482845387.800,364375.800,0.0,0.0,13141.600,13715.400,2.400,0.0,1.0,5713022976.0,182710272.0,1.4768412672e+11,15200333824.0,0.0,0.0,0.0,225280.0,13151.800,13717.400,0.604,4.541,94.458,0.166,0.0,0.231,1493112867.220,
0.613,4.652,94.297,0.186,0.0,0.251,0.0,209715.200,492485434.200,363772.400,0.0,0.0,13433.0,13311.200,2.600,0.0,1.0,5714972672.0,182743040.0,1.4768437248e+11,15198105600.0,0.0,0.0,0.0,209715.200,13419.800,13310.200,0.614,4.647,94.302,0.186,0.0,0.251,1493112872.220,
0.573,4.366,94.650,0.121,0.0,0.291,0.0,166297.600,459184303.400,293618.800,0.0,0.0,11308.800,12657.600,2.600,0.200,0.800,5711073280.0,182792192.0,1.47684634624e+11,15201693696.0,0.0,0.0,0.0,166297.600,11320.600,12667.600,0.568,4.366,94.654,0.121,0.0,0.291,1493112877.220,
0.648,4.660,94.124,0.186,0.0,0.382,0.0,207257.600,527851287.0,399154.200,0.0,0.0,15594.0,15225.200,2.200,0.200,1.600,5697863680.0,182829056.0,1.47684872192e+11,15214628864.0,0.0,0.0,0.0,207257.600,15590.200,15213.200,0.653,4.665,94.115,0.186,0.0,0.382,1493112882.220,
0.622,4.832,93.933,0.186,0.0,0.427,0.0,208076.800,501351520.200,373241.800,0.0,0.0,13134.0,13628.400,2.200,0.0,0.600,5705797632.0,182849536.0,1.47685158912e+11,15206387712.0,0.0,0.0,0.0,208076.800,13125.800,13628.800,0.617,4.827,93.943,0.186,0.0,0.427,1493112887.220,
0.573,4.443,94.522,0.141,0.0,0.322,0.0,165478.400,423443916.600,278382.0,0.0,0.0,11749.0,11831.0,1.800,0.200,0.800,5719478272.0,182886400.0,1.47685380096e+11,15192449024.0,0.0,0.0,0.0,165478.400,11753.200,11830.200,0.573,4.447,94.517,0.141,0.0,0.322,1493112892.220,
0.587,4.246,94.540,0.140,0.0,0.486,0.0,1604812.800,471196113.600,319467.800,0.0,0.0,11454.200,13399.0,2.0,0.0,1.200,5697273856.0,182919168.0,1.47685556224e+11,15214444544.0,0.0,0.0,0.0,1604812.800,11458.400,13402.400,0.587,4.246,94.541,0.140,0.0,0.486,1493112897.220,
0.618,4.475,94.450,0.126,0.0,0.332,0.0,215449.600,516078214.400,390533.800,0.0,0.0,12288.400,14749.200,2.800,0.200,0.800,5702545408.0,182951936.0,1.47685842944e+11,15208853504.0,0.0,0.0,0.0,215449.600,12281.800,14761.200,0.618,4.476,94.449,0.126,0.0,0.332,1493112902.220,
0.618,4.568,94.367,0.106,0.0,0.342,0.0,202342.400,498655874.0,382894.200,0.0,0.0,13397.200,14225.200,2.400,0.0,0.800,5703888896.0,182984704.0,1.47686125568e+11,15207194624.0,0.0,0.0,0.0,202342.400,13399.800,14210.200,0.618,4.567,94.362,0.106,0.0,0.347,1493112907.220,
0.683,4.787,93.897,0.201,0.0,0.432,0.0,3447193.600,528427326.0,390697.800,0.0,0.0,13494.400,14779.0,2.0,0.200,0.800,5710852096.0,183025664.0,1.4768044032e+11,15205875712.0,0.0,0.0,0.0,3447193.600,13496.600,14784.0,0.683,4.787,93.902,0.201,0.0,0.427,1493112912.220,
0.608,4.104,94.947,0.095,0.0,0.246,0.0,168755.200,451620583.0,291647.400,0.0,0.0,11228.600,13148.200,2.200,0.200,1.200,5706457088.0,183066624.0,1.47680366592e+11,15210303488.0,0.0,0.0,0.0,168755.200,11222.800,13148.800,0.608,4.104,94.946,0.095,0.0,0.246,1493112917.220,
0.654,4.466,94.498,0.146,0.0,0.236,0.0,210534.400,544734644.400,438299.800,0.0,0.0,13852.400,15359.0,2.200,0.0,0.800,5699772416.0,183103488.0,1.47680653312e+11,15216664576.0,0.0,0.0,0.0,210534.400,13856.0,15353.0,0.654,4.465,94.499,0.146,0.0,0.236,1493112922.220,
0.684,4.684,94.270,0.121,0.0,0.241,0.0,176947.200,520698221.200,453635.400,0.0,0.0,14618.800,15302.400,2.600,0.0,1.600,5732642816.0,183140352.0,1.47680903168e+11,15183507456.0,0.0,0.0,0.0,176947.200,14618.200,15303.200,0.689,4.679,94.270,0.121,0.0,0.241,1493112927.220,
0.745,4.700,94.137,0.151,0.0,0.267,0.0,163020.800,561320955.200,527656.200,0.0,0.0,16104.0,16805.0,2.0,0.200,0.800,5729062912.0,183169024.0,1.47681120256e+11,15186841600.0,0.0,0.0,0.0,163020.800,16100.600,16814.800,0.745,4.705,94.133,0.151,0.0,0.267,1493112932.220,
0.704,4.198,94.560,0.151,0.0,0.387,0.0,247398.400,527430295.0,458918.200,0.0,0.0,14116.800,15983.800,2.0,0.0,1.200,5714120704.0,183230464.0,1.47681353728e+11,15201488896.0,0.0,0.0,0.0,247398.400,14116.400,15975.0,0.699,4.199,94.564,0.151,0.0,0.387,1493112937.220,
0.733,4.332,94.337,0.156,0.0,0.442,0.0,208896.0,519477704.400,459222.0,0.0,0.0,14256.600,15969.0,1.400,0.0,1.200,5733195776.0,183242752.0,1.47681673216e+11,15182082048.0,0.0,0.0,0.0,208896.0,14257.800,15970.400,0.733,4.328,94.342,0.156,0.0,0.442,1493112942.220,
0.694,4.151,94.742,0.161,0.0,0.252,0.0,172851.200,545131091.800,471636.0,0.0,0.0,14928.200,16010.800,2.0,0.200,0.800,5705531392.0,183263232.0,1.4768191488e+11,15209484288.0,0.0,0.0,0.0,172851.200,14934.200,16023.200,0.694,4.156,94.737,0.161,0.0,0.252,1493112947.220,
0.855,4.280,94.140,0.453,0.0,0.272,0.0,4322099.200,629917072.0,611138.400,0.0,0.0,17300.0,18482.400,1.600,0.200,1.600,5708279808.0,183316480.0,1.4768128e+11,15207317504.0,0.0,0.0,0.0,4322099.200,17301.0,18467.0,0.855,4.280,94.140,0.453,0.0,0.272,1493112952.220,
0.795,4.396,94.412,0.156,0.0,0.241,0.0,168755.200,588627232.800,543393.0,0.0,0.0,16594.800,16972.600,2.200,0.200,0.400,5694304256.0,183345152.0,1.47681550336e+11,15220994048.0,0.0,0.0,0.0,168755.200,16600.200,16990.400,0.795,4.396,94.412,0.156,0.0,0.241,1493112957.220,
0.713,4.257,94.266,0.211,0.0,0.552,0.0,217088.0,578887682.0,555962.200,0.0,0.0,17680.0,17284.200,1.800,0.0,2.0,5708562432.0,183390208.0,1.47681849344e+11,15206391808.0,0.0,0.0,0.0,217088.0,17668.0,17277.600,0.713,4.257,94.266,0.211,0.0,0.552,1493112962.220,
0.743,4.427,94.207,0.171,0.0,0.452,0.0,185958.400,570987729.400,516763.0,0.0,0.0,15621.0,15752.200,2.400,0.0,0.400,5715869696.0,183418880.0,1.47682123776e+11,15198781440.0,0.0,0.0,0.0,185958.400,15628.200,15748.400,0.743,4.427,94.208,0.171,0.0,0.452,1493112967.220,
0.664,3.842,95.077,0.166,0.0,0.251,0.0,203161.600,540279164.400,463741.600,0.0,0.0,12820.200,16174.400,2.0,0.200,0.400,5686259712.0,183468032.0,1.47682275328e+11,15228190720.0,0.0,0.0,0.0,203161.600,12816.600,16172.0,0.664,3.838,95.081,0.166,0.0,0.251,1493112972.220,
0.744,4.397,94.302,0.186,0.0,0.372,0.0,208896.0,587351612.200,544512.0,0.0,0.0,14318.200,17185.800,2.0,0.0,0.800,5707956224.0,183513088.0,1.47682615296e+11,15206109184.0,0.0,0.0,0.0,208896.0,14327.0,17189.200,0.744,4.401,94.297,0.186,0.0,0.372,1493112977.220,
0.744,4.200,94.539,0.176,0.0,0.342,0.0,177766.400,615548925.600,576061.600,0.0,0.0,14658.0,17995.200,2.0,0.200,0.400,5703573504.0,183545856.0,1.47682861056e+11,15210213376.0,0.0,0.0,0.0,177766.400,14659.400,17992.200,0.744,4.195,94.539,0.176,0.0,0.347,1493112982.220,
0.685,4.289,94.629,0.151,0.0,0.247,0.0,216268.800,501575850.200,402523.800,0.0,0.0,13420.0,15002.0,2.400,0.0,0.800,5725331456.0,183570432.0,1.47683139584e+11,15188152320.0,0.0,0.0,0.0,216268.800,13411.200,15000.400,0.685,4.293,94.630,0.151,0.0,0.242,1493112987.220,
0.733,4.517,94.008,0.186,0.0,0.557,0.0,212992.0,560898105.800,508253.800,0.0,0.0,16054.600,16216.600,2.600,0.0,0.400,5715001344.0,183603200.0,1.47683393536e+11,15198195712.0,0.0,0.0,0.0,212992.0,16061.800,16224.0,0.738,4.516,94.003,0.186,0.0,0.557,1493112992.220,
0.669,4.378,94.465,0.156,0.0,0.332,0.0,172851.200,576403765.400,529684.0,0.0,0.0,15628.200,17325.800,2.400,0.200,0.800,5712293888.0,183623680.0,1.47683651584e+11,15200624640.0,0.0,0.0,0.0,172851.200,15628.600,17323.200,0.664,4.379,94.470,0.156,0.0,0.332,1493112997.220,
0.709,4.081,94.773,0.186,0.0,0.251,0.0,208896.0,569396726.0,496854.800,0.0,0.0,13557.400,16770.200,2.0,0.0,0.400,5703843840.0,183664640.0,1.47683934208e+11,15208751104.0,0.0,0.0,0.0,208896.0,13561.400,16778.600,0.709,4.081,94.773,0.186,0.0,0.251,1493113002.220,
0.674,4.289,94.565,0.171,0.0,0.302,0.0,223641.600,547138666.0,444502.800,0.0,0.0,14188.200,15434.400,2.400,0.0,0.800,5702569984.0,183726080.0,1.47684196352e+11,15209701376.0,0.0,0.0,0.0,223641.600,14171.0,15424.0,0.674,4.289,94.564,0.171,0.0,0.302,1493113007.220,
0.733,4.314,93.938,0.573,0.0,0.442,0.0,7775846.400,609183713.200,612133.400,0.0,0.0,16439.0,18770.200,2.400,0.400,0.400,5702750208.0,183783424.0,1.47680927744e+11,15212732416.0,0.0,0.0,0.0,7775846.400,16455.200,18783.0,0.733,4.314,93.939,0.572,0.0,0.442,1493113012.220,
0.708,4.358,94.301,0.201,0.0,0.432,0.0,217088.0,588440129.0,560280.800,0.0,0.0,15960.400,18370.0,1.600,0.0,0.800,5706420224.0,183803904.0,1.47681234944e+11,15208734720.0,0.0,0.0,0.0,217088.0,15943.0,18350.200,0.708,4.358,94.301,0.201,0.0,0.432,1493113017.220,
0.638,4.112,94.833,0.116,0.0,0.302,0.0,163840.0,565290806.200,492358.800,0.0,0.0,13311.0,16748.200,1.600,0.200,0.400,5691674624.0,183832576.0,1.47681447936e+11,15223238656.0,0.0,0.0,0.0,163840.0,13318.600,16757.600,0.643,4.112,94.828,0.116,0.0,0.302,1493113022.220,
0.780,4.783,94.040,0.136,0.0,0.262,0.0,209715.200,629538212.800,612260.600,0.0,0.0,15970.800,18475.0,2.200,0.0,0.800,5679816704.0,183857152.0,1.4768166912e+11,15234850816.0,0.0,0.0,0.0,209715.200,15972.0,18470.400,0.774,4.782,94.041,0.136,0.0,0.267,1493113027.220,
0.673,4.337,94.617,0.080,0.0,0.292,0.0,207257.600,572531036.800,505480.400,0.0,0.0,14266.600,16361.400,2.600,0.0,0.400,5700550656.0,183881728.0,1.47681980416e+11,15213780992.0,0.0,0.0,0.0,207257.600,14266.600,16358.400,0.679,4.338,94.617,0.080,0.0,0.286,1493113032.220,
0.719,4.512,94.337,0.176,0.0,0.257,0.0,3131801.600,583579824.200,556056.600,0.0,0.0,15051.600,17635.400,3.200,0.200,0.800,5716250624.0,183906304.0,1.47677024256e+11,15203012608.0,0.0,0.0,0.0,3131801.600,15054.200,17647.600,0.714,4.516,94.337,0.176,0.0,0.257,1493113037.220,
0.634,4.249,94.684,0.176,0.0,0.256,0.0,253132.800,509069214.0,387276.800,0.0,0.0,13408.400,14313.200,2.200,0.0,0.400,5701406720.0,183951360.0,1.47677290496e+11,15217545216.0,0.0,0.0,0.0,253132.800,13403.200,14301.0,0.639,4.244,94.684,0.176,0.0,0.256,1493113042.220,
0.613,4.340,94.655,0.121,0.0,0.271,0.0,195788.800,496895353.600,417960.600,0.0,0.0,13149.0,14278.0,1.800,0.0,0.400,5703217152.0,184000512.0,1.47677540352e+11,15215435776.0,0.0,0.0,0.0,195788.800,13143.400,14278.400,0.608,4.336,94.665,0.121,0.0,0.271,1493113047.220,
0.648,4.372,94.538,0.136,0.0,0.307,0.0,167936.0,510538626.600,416266.600,0.0,0.0,13975.400,14580.800,2.200,0.200,0.600,5696610304.0,184020992.0,1.47677794304e+11,15221768192.0,0.0,0.0,0.0,167936.0,13975.400,14585.800,0.648,4.372,94.538,0.136,0.0,0.307,1493113052.220,
0.577,4.121,94.709,0.186,0.0,0.407,0.0,202342.400,457528735.400,304600.600,0.0,0.0,11661.400,12456.600,1.600,0.0,0.400,5695602688.0,184078336.0,1.47678007296e+11,15222505472.0,0.0,0.0,0.0,202342.400,11661.0,12449.600,0.577,4.126,94.704,0.186,0.0,0.407,1493113057.220,
0.673,4.501,94.334,0.080,0.0,0.412,0.0,180224.0,504590590.600,393732.0,0.0,0.0,13717.600,14439.0,2.0,0.200,0.400,5716619264.0,184102912.0,1.47678253056e+11,15201218560.0,0.0,0.0,0.0,180224.0,13718.200,14440.200,0.673,4.500,94.329,0.085,0.0,0.412,1493113062.220,
0.639,4.273,94.751,0.141,0.0,0.196,0.0,190873.600,481054521.800,388137.800,0.0,0.0,14222.0,13955.200,2.200,0.0,0.600,5692506112.0,184168448.0,1.476785152e+11,15225004032.0,0.0,0.0,0.0,190873.600,14224.600,13954.0,0.639,4.273,94.756,0.136,0.0,0.196,1493113067.220,
0.568,3.733,95.336,0.166,0.0,0.196,0.0,193331.200,401155555.200,298838.0,0.0,0.0,11326.400,12132.200,2.0,0.0,0.400,5735284736.0,184188928.0,1.4767876096e+11,15181959168.0,0.0,0.0,0.0,193331.200,11326.600,12139.400,0.568,3.728,95.341,0.166,0.0,0.196,1493113072.220,
0.196,2.341,97.232,0.146,0.0,0.085,0.0,162201.600,177350553.0,81705.600,0.0,0.0,4493.200,9283.800,1.0,0.200,1.400,5474107392.0,184233984.0,1.4767890432e+11,15442948096.0,0.0,0.0,0.0,162201.600,4492.200,9276.600,0.196,2.341,97.232,0.146,0.0,0.085,1493113077.220,
