"Dstat 0.7.2 CSV output"
"Author:","Dag Wieers <dag@wieers.com>",,,,"URL:","http://dag.wieers.com/home-made/dstat/"
"Host:","osd0.skyhook--8osds.skyhook-pg0.wisc.cloudlab.us",,,,"User:","jlefevre"
"Cmdline:","dstat -av --epoch --integer --noheaders --output 8osds.dstat-osd0.log 5",,,,"Date:","25 Apr 2017 03:36:54 CDT"

"total cpu usage",,,,,,"dsk/total",,"net/total",,"paging",,"system",,"procs",,,"memory usage",,,,"paging",,"dsk/total",,"system",,"total cpu usage",,,,,,"epoch"
"usr","sys","idl","wai","hiq","siq","read","writ","recv","send","in","out","int","csw","run","blk","new","used","buff","cach","free","in","out","read","writ","int","csw","usr","sys","idl","wai","hiq","siq","epoch"
0.010,0.005,99.985,0.0,0.0,0.0,0.0,3276.800,6318.800,8567.800,0.0,0.0,194.400,183.600,0.0,0.0,0.0,2467897344.0,1363968.0,201416704.0,1.66109515776e+11,0.0,0.0,0.0,3276.800,194.400,183.600,0.010,0.005,99.985,0.0,0.0,0.0,1493124644.035,
0.010,0.0,99.985,0.005,0.0,0.0,0.0,2457.600,5051.800,6795.600,0.0,0.0,165.800,130.800,0.0,0.0,0.0,2467274752.0,1372160.0,201416704.0,1.66110130176e+11,0.0,0.0,0.0,2457.600,165.800,130.800,0.010,0.005,99.980,0.005,0.0,0.0,1493124649.035,
0.070,0.190,99.370,0.370,0.0,0.0,53593702.400,0.0,53881.0,45325267.800,0.0,0.0,2008.600,1144.0,0.400,1.400,0.0,2519621632.0,1372160.0,468701184.0,1.65790498816e+11,0.0,0.0,53593702.400,0.0,2008.600,1144.0,0.070,0.185,99.375,0.370,0.0,0.0,1493124654.035,
0.045,0.165,99.630,0.150,0.0,0.010,50769100.800,2457.600,61472.200,63886362.200,0.0,0.0,1862.0,1128.0,0.0,0.200,0.0,2457088000.0,1380352.0,723505152.0,1.65598220288e+11,0.0,0.0,50769100.800,2457.600,1862.200,1128.0,0.045,0.165,99.630,0.150,0.0,0.010,1493124659.035,
0.050,0.140,99.600,0.210,0.0,0.0,50769100.800,0.0,36895.600,50833441.0,0.0,0.0,1387.0,1050.600,0.0,0.200,0.0,2472026112.0,1380352.0,977711104.0,1.65329076224e+11,0.0,0.0,50769100.800,0.0,1386.800,1050.600,0.050,0.140,99.600,0.210,0.0,0.0,1493124664.035,
0.045,0.125,99.660,0.165,0.0,0.005,47948595.200,4096.0,42125.0,51795851.600,0.0,0.0,1496.400,1053.600,0.0,0.0,0.0,2459725824.0,1388544.0,1215938560.0,1.65103140864e+11,0.0,0.0,47948595.200,4096.0,1496.400,1053.600,0.045,0.130,99.655,0.165,0.0,0.005,1493124669.035,
0.045,0.145,99.650,0.155,0.0,0.005,45888307.200,819.200,38651.400,45896406.400,0.0,0.0,1367.800,999.600,0.600,0.0,0.0,2478915584.0,1388544.0,1445801984.0,1.6485408768e+11,0.0,0.0,46045593.600,819.200,1368.800,1001.800,0.045,0.145,99.650,0.155,0.0,0.005,1493124674.035,
0.065,0.190,99.585,0.160,0.0,0.0,64111411.200,2457.600,60264.800,69854526.600,0.0,0.0,2356.200,1265.200,0.400,0.200,0.0,2456379392.0,1396736.0,1766604800.0,1.64555812864e+11,0.0,0.0,63954124.800,2457.600,2355.400,1263.0,0.065,0.185,99.590,0.160,0.0,0.0,1493124679.035,
0.040,0.115,99.720,0.125,0.0,0.0,39487078.400,0.0,31684.600,41297540.400,0.0,0.0,1418.0,893.800,0.0,0.200,0.0,2455347200.0,1396736.0,1964527616.0,1.6435892224e+11,0.0,0.0,39487078.400,0.0,1417.800,893.800,0.040,0.115,99.720,0.125,0.0,0.0,1493124684.035,
0.050,0.150,99.670,0.130,0.0,0.0,45128089.600,2457.600,39734.800,47198428.0,0.0,0.0,1676.400,954.600,0.0,0.200,0.0,2454790144.0,1404928.0,2190336000.0,1.6413366272e+11,0.0,0.0,45128089.600,2457.600,1676.400,954.600,0.050,0.150,99.670,0.130,0.0,0.0,1493124689.035,
0.045,0.135,99.650,0.170,0.0,0.0,47948595.200,0.0,40168.600,50140517.600,0.0,0.0,1733.800,993.400,0.0,0.0,0.0,2455326720.0,1404928.0,2428485632.0,1.63894976512e+11,0.0,0.0,47948595.200,0.0,1733.800,993.400,0.045,0.140,99.645,0.170,0.0,0.0,1493124694.035,
0.060,0.195,99.525,0.215,0.0,0.005,62051123.200,2457.600,53225.800,63693700.0,0.0,0.0,2153.200,1314.600,0.0,0.200,0.0,2473500672.0,1413120.0,2739605504.0,1.63565674496e+11,0.0,0.0,62051123.200,2457.600,2153.200,1314.600,0.060,0.190,99.530,0.215,0.0,0.005,1493124699.035,
0.040,0.105,99.735,0.115,0.0,0.005,39487078.400,0.0,29555.400,40571476.400,0.0,0.0,1361.800,850.200,0.200,0.0,0.0,2474057728.0,1413120.0,2934747136.0,1.63369975808e+11,0.0,0.0,39487078.400,0.0,1361.800,850.200,0.040,0.105,99.735,0.115,0.0,0.005,1493124704.035,
0.035,0.110,99.745,0.110,0.0,0.0,33846067.200,4096.0,32903.400,37365576.0,0.0,0.0,1335.200,823.0,0.0,0.0,0.0,2454302720.0,1421312.0,3106291712.0,1.63218178048e+11,0.0,0.0,33846067.200,4096.0,1335.200,823.0,0.035,0.115,99.740,0.110,0.0,0.0,1493124709.035,
0.055,0.200,99.515,0.220,0.0,0.010,64871628.800,2457.600,59135.0,65197224.400,0.0,0.0,1979.400,1289.0,0.0,0.400,0.0,2472902656.0,1429504.0,3430424576.0,1.62875437056e+11,0.0,0.0,64871628.800,2457.600,1979.600,1289.0,0.055,0.200,99.515,0.220,0.0,0.010,1493124714.035,
0.045,0.110,99.700,0.145,0.0,0.0,39487078.400,0.0,33461.600,41263668.200,0.0,0.0,1473.400,874.200,0.0,0.0,0.0,2472493056.0,1429504.0,3627331584.0,1.62678939648e+11,0.0,0.0,39487078.400,0.0,1473.200,874.200,0.045,0.105,99.705,0.145,0.0,0.0,1493124719.035,
0.045,0.145,99.515,0.290,0.0,0.005,47948595.200,2457.600,46536.600,52932551.600,0.0,0.0,1827.200,987.400,0.0,0.0,0.0,2454937600.0,1437696.0,3867430912.0,1.62456387584e+11,0.0,0.0,47948595.200,2457.600,1827.200,987.400,0.045,0.150,99.510,0.290,0.0,0.005,1493124724.035,
0.050,0.155,99.550,0.245,0.0,0.0,50769100.800,0.0,43679.800,53090297.800,0.0,0.0,1509.800,1034.200,0.200,0.200,0.0,2455498752.0,1437696.0,4121063424.0,1.6220219392e+11,0.0,0.0,50769100.800,0.0,1509.800,1034.200,0.050,0.150,99.555,0.245,0.0,0.0,1493124729.035,
0.025,0.060,99.845,0.070,0.0,0.0,21342617.600,2457.600,21240.200,20649681.600,0.0,0.0,717.400,561.200,0.200,0.0,0.0,2466459648.0,1445888.0,4226555904.0,1.62085732352e+11,0.0,0.0,21552332.800,2457.600,719.200,563.600,0.025,0.060,99.845,0.070,0.0,0.0,1493124734.035,
0.120,0.420,98.809,0.636,0.0,0.015,131698688.0,0.0,213381.200,138657088.200,0.0,0.0,7010.400,2573.200,0.400,0.400,0.0,2465832960.0,1445888.0,4885917696.0,1.61426997248e+11,0.0,0.0,131672473.600,0.0,7010.800,2573.200,0.120,0.425,98.804,0.636,0.0,0.015,1493124739.035,
0.125,0.446,98.698,0.731,0.0,0.0,139620352.0,4096.0,236731.0,140982744.600,0.0,0.0,7931.400,2589.800,0.200,0.200,0.0,2486501376.0,1454080.0,5584834560.0,1.60707403776e+11,0.0,0.0,139567923.200,4096.0,7932.0,2589.400,0.125,0.441,98.703,0.731,0.0,0.0,1493124744.035,
0.155,0.481,98.533,0.816,0.0,0.015,152978227.200,4915.200,231711.800,152101302.0,0.0,0.0,7820.600,2844.400,0.400,0.400,0.0,2535886848.0,1462272.0,6347444224.0,1.59895400448e+11,0.0,0.0,152847155.200,4915.200,7822.400,2842.400,0.155,0.486,98.528,0.816,0.0,0.015,1493124749.035,
0.120,0.340,99.074,0.450,0.0,0.015,112828416.0,0.0,197044.400,131727837.800,0.0,0.0,4779.0,2160.400,0.0,0.400,0.200,2464141312.0,1462272.0,6913605632.0,1.59400984576e+11,0.0,0.0,112828416.0,0.0,4774.400,2160.400,0.120,0.335,99.079,0.450,0.0,0.015,1493124754.035,
0.125,0.415,98.799,0.651,0.0,0.010,130608332.800,5734.400,203385.200,135694491.200,0.0,0.0,5136.200,2439.200,0.600,1.200,0.0,2470793216.0,1478656.0,7566188544.0,1.58741733376e+11,0.0,0.0,130791833.600,5734.400,5137.800,2442.0,0.125,0.415,98.799,0.651,0.0,0.010,1493124759.035,
0.115,0.405,99.054,0.415,0.0,0.010,127840256.0,0.0,197481.0,125127403.600,0.0,0.0,5798.200,2423.400,0.600,0.200,0.0,2522914816.0,1478656.0,8204898304.0,1.58050902016e+11,0.0,0.0,127787827.200,0.0,5798.200,2422.200,0.115,0.410,99.049,0.415,0.0,0.010,1493124764.035,
0.130,0.355,99.109,0.400,0.0,0.005,116678656.0,2457.600,210304.600,130092282.400,0.0,0.0,5709.800,2246.0,0.0,0.200,0.0,2484809728.0,1486848.0,8788242432.0,1.57505654784e+11,0.0,0.0,116547584.0,2457.600,5709.200,2244.400,0.130,0.350,99.114,0.401,0.0,0.005,1493124769.035,
0.175,0.496,98.513,0.796,0.0,0.020,169230336.0,0.0,281487.400,176731726.400,0.0,0.0,7190.200,3133.800,0.0,0.800,0.0,2485170176.0,1486848.0,9634684928.0,1.5665885184e+11,0.0,0.0,169230336.0,0.0,7194.0,3133.800,0.180,0.496,98.508,0.796,0.0,0.020,1493124774.035,
0.145,0.466,98.723,0.656,0.0,0.010,152307302.400,3276.800,245746.400,160990708.200,0.0,0.0,8410.600,2830.800,0.200,0.0,0.0,2468524032.0,1495040.0,10396823552.0,1.55913351168e+11,0.0,0.0,152307302.400,3276.800,8405.800,2830.800,0.140,0.471,98.723,0.656,0.0,0.010,1493124779.035,
0.125,0.421,98.964,0.486,0.0,0.005,135384268.800,4915.200,198883.600,139985884.0,0.0,0.0,7073.200,2567.800,0.200,0.400,0.0,2487803904.0,1503232.0,11072737280.0,1.55218149376e+11,0.0,0.0,135384268.800,4915.200,7074.400,2568.200,0.125,0.416,98.969,0.486,0.0,0.005,1493124784.035,
0.110,0.370,99.044,0.470,0.0,0.005,113790156.800,0.0,189153.600,119572751.600,0.0,0.0,6053.600,2209.200,0.200,0.400,0.400,2479976448.0,1503232.0,11642720256.0,1.54655993856e+11,0.0,0.0,113973657.600,0.0,6053.600,2210.600,0.110,0.370,99.044,0.470,0.0,0.005,1493124789.035,
0.140,0.410,98.784,0.661,0.0,0.005,137235660.800,3276.800,208936.0,144349824.600,0.0,0.0,5184.200,2584.400,0.200,0.400,0.0,2473660416.0,1511424.0,12328247296.0,1.53976774656e+11,0.0,0.0,137052160.0,3276.800,5185.800,2582.600,0.140,0.415,98.779,0.661,0.0,0.005,1493124794.035,
0.125,0.470,98.779,0.611,0.0,0.015,144946790.400,4915.200,222033.200,148672227.800,0.0,0.0,5601.200,2698.600,0.200,0.400,0.400,2498002944.0,1519616.0,13052944384.0,1.53227726848e+11,0.0,0.0,145130291.200,4915.200,5601.800,2701.0,0.125,0.466,98.784,0.611,0.0,0.015,1493124799.035,
0.170,0.486,98.699,0.631,0.0,0.015,148385792.0,7372.800,232982.400,158272302.600,0.0,0.0,5882.400,2806.800,0.0,1.0,0.0,2476064768.0,1536000.0,13794762752.0,1.52507830272e+11,0.0,0.0,148202291.200,7372.800,5879.0,2804.400,0.170,0.490,98.694,0.631,0.0,0.015,1493124804.035,
0.140,0.410,99.004,0.440,0.0,0.005,128416972.800,0.0,206604.600,132742020.200,0.0,0.0,5051.200,2466.0,0.200,0.400,0.400,2487435264.0,1536000.0,14437675008.0,1.5185354752e+11,0.0,0.0,128548044.800,0.0,5052.200,2467.200,0.140,0.410,99.004,0.440,0.0,0.005,1493124809.035,
0.105,0.305,99.134,0.441,0.0,0.015,116967014.400,13926.400,187103.800,121053901.200,0.0,0.0,4543.200,2242.800,0.0,0.200,0.0,2495381504.0,1552384.0,15022051328.0,1.51261208576e+11,0.0,0.0,116835942.400,13926.400,4542.0,2241.600,0.105,0.301,99.139,0.441,0.0,0.015,1493124814.035,
0.125,0.330,99.224,0.315,0.0,0.005,107179212.800,9830.400,168671.0,111110162.800,0.0,0.0,4304.800,2114.200,0.400,0.200,0.400,2511646720.0,1568768.0,15557750784.0,1.5070922752e+11,0.0,0.0,107179212.800,9830.400,4306.800,2114.200,0.125,0.330,99.224,0.315,0.0,0.005,1493124819.035,
0.020,0.040,99.910,0.025,0.0,0.005,11282022.400,4915.200,29916.0,15627154.200,0.0,0.0,733.200,422.600,0.0,0.0,0.0,2480029696.0,1576960.0,15615574016.0,1.5068301312e+11,0.0,0.0,11282022.400,4915.200,731.400,422.600,0.020,0.045,99.905,0.025,0.0,0.005,1493124824.035,
