"Dstat 0.7.2 CSV output"
"Author:","Dag Wieers <dag@wieers.com>",,,,"URL:","http://dag.wieers.com/home-made/dstat/"
"Host:","client0.skyhook--8osds.skyhook-pg0.wisc.cloudlab.us",,,,"User:","jlefevre"
"Cmdline:","dstat -av --epoch --integer --noheaders --output 8osds.dstat-client0.log 5",,,,"Date:","25 Apr 2017 03:36:47 CDT"

"total cpu usage",,,,,,"dsk/total",,"net/total",,"paging",,"system",,"procs",,,"memory usage",,,,"paging",,"dsk/total",,"system",,"total cpu usage",,,,,,"epoch"
"usr","sys","idl","wai","hiq","siq","read","writ","recv","send","in","out","int","csw","run","blk","new","used","buff","cach","free","in","out","read","writ","int","csw","usr","sys","idl","wai","hiq","siq","epoch"
0.020,0.025,99.875,0.075,0.0,0.005,0.0,81100.800,50092.600,3190.200,0.0,0.0,1298.0,7249.200,0.200,0.0,0.0,5516357632.0,185294848.0,1.47584937984e+11,15493603328.0,0.0,0.0,0.0,81100.800,1297.200,7240.0,0.020,0.025,99.875,0.075,0.0,0.005,1493116892.220,
1.045,1.115,97.513,0.060,0.0,0.266,0.0,61440.0,441650941.200,662319.200,0.0,0.0,13470.400,16175.600,1.200,0.0,5.0,5770330112.0,185315328.0,1.4758498304e+11,15239565312.0,0.0,0.0,0.0,61440.0,13484.400,16190.400,1.045,1.121,97.508,0.060,0.0,0.266,1493116897.220,
2.325,2.552,94.355,0.131,0.0,0.637,0.0,192512.0,1226038588.0,1726791.0,0.0,0.0,35761.0,39101.200,2.600,0.200,0.0,5741793280.0,185319424.0,1.47585265664e+11,15267815424.0,0.0,0.0,0.0,192512.0,35766.400,39111.800,2.330,2.552,94.349,0.131,0.0,0.637,1493116902.220,
2.559,2.716,94.107,0.142,0.0,0.476,0.0,186777.600,1220527215.0,1702523.200,0.0,0.0,37326.800,37176.0,2.0,0.0,0.0,5766705152.0,185348096.0,1.47585560576e+11,15242579968.0,0.0,0.0,0.0,186777.600,37321.800,37171.0,2.554,2.711,94.117,0.142,0.0,0.476,1493116907.220,
2.099,2.262,95.035,0.101,0.0,0.502,0.0,208896.0,1217354252.800,1637712.0,0.0,0.0,35554.400,39348.400,2.200,0.200,0.0,5772791808.0,185393152.0,1.47585957888e+11,15236050944.0,0.0,0.0,0.0,214630.400,35559.200,39339.0,2.104,2.266,95.021,0.106,0.0,0.502,1493116912.220,
2.334,2.461,94.623,0.122,0.0,0.461,0.0,217088.0,1204289130.0,1623970.800,0.0,0.0,35166.800,37773.600,2.600,0.0,0.0,5768814592.0,185397248.0,1.4758629376e+11,15239688192.0,0.0,0.0,0.0,211353.600,35165.600,37788.200,2.334,2.456,94.633,0.116,0.0,0.461,1493116917.220,
2.470,2.653,94.213,0.157,0.0,0.507,0.0,181043.200,1220729710.0,1676309.600,0.0,0.0,37677.600,37275.200,1.600,0.200,0.0,5793198080.0,185405440.0,1.47586625536e+11,15214964736.0,0.0,0.0,0.0,181043.200,37674.600,37264.0,2.470,2.658,94.203,0.157,0.0,0.512,1493116922.220,
2.359,2.415,94.745,0.086,0.0,0.396,0.0,179404.800,1214530440.200,1656555.600,0.0,0.0,37644.200,39486.800,2.0,0.0,0.0,5767000064.0,185405440.0,1.47587018752e+11,15240769536.0,0.0,0.0,0.0,179404.800,37640.400,39480.200,2.354,2.415,94.754,0.086,0.0,0.391,1493116927.220,
2.162,2.542,94.728,0.041,0.0,0.527,0.0,192512.0,1219008383.0,1690497.800,0.0,0.0,38306.800,39614.200,2.400,0.0,0.0,5741273088.0,185421824.0,1.47587346432e+11,15266152448.0,0.0,0.0,0.0,192512.0,38312.800,39618.600,2.167,2.542,94.724,0.041,0.0,0.527,1493116932.220,
2.290,2.396,94.310,0.598,0.0,0.405,0.0,9291366.400,1209433247.400,1634668.200,0.0,0.0,34356.400,39627.800,2.0,0.200,0.0,5771898880.0,185450496.0,1.47585630208e+11,15237214208.0,0.0,0.0,0.0,9291366.400,34360.400,39643.800,2.290,2.396,94.311,0.598,0.0,0.405,1493116937.220,
2.203,2.208,94.866,0.152,0.0,0.571,0.0,217907.200,1209711806.600,1574743.600,0.0,0.0,32369.400,39298.800,1.200,0.0,0.0,5785456640.0,185458688.0,1.47586011136e+11,15223267328.0,0.0,0.0,0.0,217907.200,32354.400,39270.600,2.204,2.209,94.865,0.152,0.0,0.571,1493116942.220,
2.087,2.193,94.861,0.167,0.0,0.692,0.0,208076.800,1211620633.600,1614081.800,0.0,0.0,33452.200,39247.0,1.0,0.0,0.0,5758636032.0,185466880.0,1.47586330624e+11,15249760256.0,0.0,0.0,0.0,208076.800,33459.0,39267.200,2.087,2.193,94.861,0.167,0.0,0.692,1493116947.220,
2.372,2.387,94.337,0.136,0.0,0.767,0.0,176128.0,1226538489.200,1754852.800,0.0,0.0,35903.0,40086.200,2.600,0.200,0.0,5768851456.0,185491456.0,1.47586617344e+11,15239233536.0,0.0,0.0,0.0,176128.0,35907.0,40081.800,2.372,2.382,94.342,0.136,0.0,0.767,1493116952.220,
2.110,2.297,95.026,0.132,0.0,0.435,0.0,218726.400,1221649151.0,1704469.400,0.0,0.0,36265.800,41509.800,1.800,0.0,0.0,5784899584.0,185520128.0,1.47587035136e+11,15222738944.0,0.0,0.0,0.0,218726.400,36263.0,41510.0,2.105,2.297,95.031,0.132,0.0,0.435,1493116957.220,
2.228,2.451,94.744,0.142,0.0,0.435,0.0,209715.200,1219623034.400,1610724.0,0.0,0.0,34018.600,38298.200,2.0,0.0,0.0,5768757248.0,185528320.0,1.47587309568e+11,15238598656.0,0.0,0.0,0.0,209715.200,34019.0,38297.400,2.233,2.456,94.734,0.142,0.0,0.435,1493116962.220,
2.215,2.392,94.866,0.117,0.0,0.410,0.0,172032.0,1216860328.800,1611376.800,0.0,0.0,31794.800,38667.200,1.600,0.200,0.0,5788557312.0,185548800.0,1.47587670016e+11,15218417664.0,0.0,0.0,0.0,172032.0,31796.800,38672.400,2.209,2.392,94.867,0.117,0.0,0.416,1493116967.220,
2.180,2.505,94.691,0.162,0.0,0.461,0.0,214630.400,1197034687.800,1552039.600,0.0,0.0,35322.400,34952.400,2.600,0.0,0.0,5755613184.0,185556992.0,1.4758807552e+11,15250948096.0,0.0,0.0,0.0,214630.400,35312.800,34934.800,2.191,2.500,94.691,0.162,0.0,0.456,1493116972.220,
2.380,2.445,94.588,0.147,0.0,0.440,0.0,207257.600,1214493504.600,1655269.200,0.0,0.0,34935.800,38942.200,2.800,0.0,0.0,5785284608.0,185569280.0,1.47588349952e+11,15220989952.0,0.0,0.0,0.0,207257.600,34951.200,38961.400,2.370,2.451,94.592,0.147,0.0,0.441,1493116977.220,
2.178,2.279,94.956,0.137,0.0,0.451,0.0,173670.400,1222202796.400,1724943.0,0.0,0.0,35547.0,41364.200,1.800,0.200,0.0,5771816960.0,185585664.0,1.47588714496e+11,15234076672.0,0.0,0.0,0.0,173670.400,35538.600,41362.0,2.177,2.274,94.962,0.137,0.0,0.451,1493116982.220,
2.100,2.449,94.855,0.116,0.0,0.481,0.0,183500.800,1210957753.600,1657612.200,0.0,0.0,34703.200,39140.200,2.600,0.200,0.0,5760487424.0,185597952.0,1.4758897664e+11,15245131776.0,0.0,0.0,0.0,183500.800,34698.600,39121.600,2.110,2.454,94.839,0.116,0.0,0.481,1493116987.220,
2.192,2.308,94.700,0.370,0.0,0.430,0.0,4567040.0,1214735234.0,1692724.400,0.0,0.0,35575.600,40662.600,2.200,0.200,0.0,5750169600.0,185647104.0,1.47583401984e+11,15260975104.0,0.0,0.0,0.0,4567040.0,35583.400,40673.200,2.187,2.308,94.705,0.370,0.0,0.430,1493116992.220,
2.441,2.532,94.449,0.137,0.0,0.441,0.0,177766.400,1220157956.800,1662458.200,0.0,0.0,34300.200,38012.400,2.600,0.200,0.0,5734404096.0,185659392.0,1.47583750144e+11,15276380160.0,0.0,0.0,0.0,177766.400,34296.800,38013.600,2.436,2.532,94.454,0.137,0.0,0.441,1493116997.220,
2.131,2.430,94.851,0.117,0.0,0.472,0.0,174489.600,1215208411.800,1616599.600,0.0,0.0,36725.400,37064.600,2.200,0.0,0.0,5744345088.0,185679872.0,1.47584053248e+11,15266115584.0,0.0,0.0,0.0,174489.600,36729.400,37061.400,2.131,2.430,94.851,0.117,0.0,0.472,1493117002.220,
2.164,2.342,94.810,0.127,0.0,0.558,0.0,212992.0,1216216065.200,1702316.400,0.0,0.0,37106.600,39996.200,2.400,0.0,0.0,5750407168.0,185692160.0,1.47584458752e+11,15259635712.0,0.0,0.0,0.0,212992.0,37104.800,40002.600,2.169,2.341,94.805,0.127,0.0,0.557,1493117007.220,
2.185,2.311,94.736,0.056,0.0,0.712,0.0,176947.200,1212927775.600,1640824.600,0.0,0.0,35460.600,39947.800,0.800,0.200,0.200,5767573504.0,185704448.0,1.47584827392e+11,15242088448.0,0.0,0.0,0.0,176947.200,35462.600,39955.200,2.180,2.307,94.746,0.056,0.0,0.712,1493117012.220,
1.822,1.862,95.704,0.299,0.0,0.314,0.0,3819929.600,1084232974.600,1459426.600,0.0,0.0,28487.600,33858.0,1.0,0.200,0.0,5798252544.0,185720832.0,1.47581960192e+11,15214260224.0,0.0,0.0,0.0,3819929.600,28469.600,33834.400,1.822,1.862,95.704,0.299,0.0,0.314,1493117017.220,
