"Dstat 0.7.2 CSV output"
"Author:","Dag Wieers <dag@wieers.com>",,,,"URL:","http://dag.wieers.com/home-made/dstat/"
"Host:","osd0.skyhook--8osds.skyhook-pg0.wisc.cloudlab.us",,,,"User:","jlefevre"
"Cmdline:","dstat -av --epoch --integer --noheaders --output 8osds.dstat-osd0.log 5",,,,"Date:","25 Apr 2017 03:36:54 CDT"

"total cpu usage",,,,,,"dsk/total",,"net/total",,"paging",,"system",,"procs",,,"memory usage",,,,"paging",,"dsk/total",,"system",,"total cpu usage",,,,,,"epoch"
"usr","sys","idl","wai","hiq","siq","read","writ","recv","send","in","out","int","csw","run","blk","new","used","buff","cach","free","in","out","read","writ","int","csw","usr","sys","idl","wai","hiq","siq","epoch"
0.045,0.015,99.940,0.0,0.0,0.0,0.0,2457.600,9112.0,11209.400,0.0,0.0,323.0,374.600,0.0,0.0,1.600,2455834624.0,1380352.0,122482688.0,1.66200496128e+11,0.0,0.0,0.0,2457.600,322.600,374.200,0.045,0.020,99.935,0.0,0.0,0.0,1493112784.035,
0.030,0.020,99.950,0.0,0.0,0.0,0.0,10649.600,10978.200,12365.200,0.0,0.0,359.0,363.200,0.0,0.0,1.600,2455343104.0,1388544.0,122486784.0,1.6620097536e+11,0.0,0.0,0.0,10649.600,358.800,363.200,0.030,0.015,99.955,0.0,0.0,0.0,1493112789.035,
0.075,0.280,99.255,0.385,0.0,0.005,59230617.600,10649.600,73307.400,59830760.200,0.0,0.0,2753.200,1395.800,0.0,0.0,0.400,2464522240.0,1404928.0,418533376.0,1.65895733248e+11,0.0,0.0,59230617.600,10649.600,2753.200,1395.800,0.080,0.280,99.250,0.385,0.0,0.005,1493112794.035,
0.085,0.195,99.545,0.175,0.0,0.0,45128089.600,10649.600,51983.400,49418774.800,0.0,0.0,1964.800,1184.0,0.200,0.200,1.600,2445524992.0,1413120.0,642768896.0,1.65690486784e+11,0.0,0.0,45128089.600,10649.600,1964.800,1184.0,0.080,0.195,99.550,0.175,0.0,0.0,1493112799.035,
0.065,0.160,99.540,0.230,0.0,0.005,42307584.0,13926.400,36155.0,44245540.800,0.0,0.0,1580.400,1104.200,0.200,0.0,0.800,2445598720.0,1429504.0,855965696.0,1.65477199872e+11,0.0,0.0,42307584.0,13926.400,1580.400,1104.200,0.065,0.160,99.540,0.230,0.0,0.005,1493112804.035,
0.070,0.215,99.505,0.210,0.0,0.0,50773196.800,9011.200,44414.200,53088471.200,0.0,0.0,1838.0,1273.0,0.0,0.0,0.800,2443063296.0,1437696.0,1109192704.0,1.65226500096e+11,0.0,0.0,50773196.800,9011.200,1838.400,1273.0,0.075,0.215,99.500,0.210,0.0,0.0,1493112809.035,
0.065,0.185,99.540,0.205,0.0,0.005,45128089.600,13107.200,39830.600,47216244.800,0.0,0.0,1688.200,1117.600,0.200,0.400,0.800,2441146368.0,1454080.0,1335607296.0,1.65001986048e+11,0.0,0.0,45128089.600,13107.200,1688.0,1117.600,0.060,0.185,99.545,0.205,0.0,0.005,1493112814.035,
0.080,0.225,99.394,0.300,0.0,0.0,59230617.600,8192.0,55178.200,60024008.800,0.0,0.0,2352.200,1344.800,0.400,0.200,0.800,2458427392.0,1462272.0,1631019008.0,1.6468928512e+11,0.0,0.0,59230617.600,8192.0,2357.400,1345.0,0.080,0.225,99.394,0.300,0.0,0.0,1493112819.035,
0.060,0.165,99.610,0.160,0.0,0.005,42307584.0,13107.200,47002.600,43416791.200,0.0,0.0,1779.600,1082.200,0.0,0.0,0.800,2455699456.0,1478656.0,1842692096.0,1.64480323584e+11,0.0,0.0,42307584.0,13107.200,1774.200,1082.0,0.065,0.165,99.605,0.160,0.0,0.005,1493112824.035,
0.055,0.150,99.645,0.145,0.0,0.005,39487078.400,0.0,42189.800,37892749.200,0.0,0.0,1686.600,963.200,0.0,0.0,0.800,2471448576.0,1478656.0,2040152064.0,1.64267114496e+11,0.0,0.0,39487078.400,0.0,1696.400,963.400,0.050,0.150,99.650,0.145,0.0,0.005,1493112829.035,
0.075,0.215,99.530,0.170,0.0,0.010,46805811.200,8192.0,45180.0,51012841.200,0.0,0.0,1941.400,1182.400,0.200,0.0,1.200,2465660928.0,1495040.0,2274967552.0,1.64038070272e+11,0.0,0.0,47015526.400,8192.0,1933.400,1184.600,0.075,0.220,99.525,0.170,0.0,0.010,1493112834.035,
0.080,0.225,99.464,0.220,0.0,0.010,60373401.600,8192.0,63257.200,67276029.400,0.0,0.0,2558.400,1407.600,0.0,0.0,0.800,2439344128.0,1503232.0,2576146432.0,1.637632e+11,0.0,0.0,60163686.400,8192.0,2556.600,1405.200,0.080,0.220,99.470,0.220,0.0,0.010,1493112839.035,
0.055,0.130,99.675,0.140,0.0,0.0,33846067.200,15564.800,34119.200,35416836.200,0.0,0.0,1453.600,926.200,0.200,0.0,0.800,2440294400.0,1519616.0,2745528320.0,1.63592851456e+11,0.0,0.0,33846067.200,15564.800,1453.600,926.200,0.055,0.130,99.675,0.140,0.0,0.0,1493112844.035,
0.065,0.170,99.615,0.145,0.0,0.005,45128089.600,4915.200,41166.200,44549164.400,0.0,0.0,1770.200,1159.600,0.400,0.0,1.200,2456113152.0,1527808.0,2970521600.0,1.63352031232e+11,0.0,0.0,45128089.600,4915.200,1770.400,1159.600,0.065,0.170,99.615,0.145,0.0,0.005,1493112849.035,
0.080,0.200,99.520,0.195,0.0,0.005,50769100.800,18841.600,45613.600,53276219.400,0.0,0.0,2051.400,1219.200,0.200,0.0,0.600,2457116672.0,1544192.0,3223597056.0,1.63097935872e+11,0.0,0.0,50769100.800,18841.600,2051.200,1219.200,0.080,0.200,99.520,0.195,0.0,0.005,1493112854.035,
0.050,0.170,99.615,0.160,0.0,0.005,39487078.400,8192.0,43258.400,43818182.600,0.0,0.0,1738.600,983.200,0.0,0.0,0.800,2437627904.0,1552384.0,3422556160.0,1.62918457344e+11,0.0,0.0,39487078.400,8192.0,1738.600,983.200,0.055,0.170,99.610,0.160,0.0,0.005,1493112859.035,
0.070,0.205,99.460,0.255,0.0,0.010,47948595.200,10649.600,50278.400,50181626.0,0.0,0.0,2040.400,1190.600,0.0,0.0,0.800,2436849664.0,1568768.0,3661926400.0,1.6267984896e+11,0.0,0.0,47948595.200,10649.600,2041.0,1190.600,0.065,0.205,99.465,0.255,0.0,0.010,1493112864.035,
0.075,0.215,99.445,0.255,0.0,0.010,53596979.200,9011.200,58150.600,55564365.0,0.0,0.0,2271.600,1305.400,0.200,0.0,1.400,2443730944.0,1576960.0,3930046464.0,1.62404839424e+11,0.0,0.0,53596979.200,9011.200,2279.400,1308.200,0.075,0.215,99.445,0.255,0.0,0.010,1493112869.035,
0.060,0.130,99.715,0.090,0.0,0.005,31025561.600,4096.0,36037.0,32943816.200,0.0,0.0,1479.0,863.200,0.0,0.0,0.400,2445029376.0,1585152.0,4084416512.0,1.62249162752e+11,0.0,0.0,31025561.600,4096.0,1470.600,860.400,0.060,0.130,99.715,0.090,0.0,0.005,1493112874.035,
0.075,0.140,99.675,0.110,0.0,0.0,36666572.800,12288.0,43207.0,37080533.800,0.0,0.0,1782.400,968.800,0.0,0.0,2.0,2465550336.0,1593344.0,4267114496.0,1.62045935616e+11,0.0,0.0,36666572.800,12288.0,1782.400,968.800,0.080,0.140,99.670,0.110,0.0,0.0,1493112879.035,
0.095,0.240,99.435,0.220,0.0,0.010,62051123.200,7372.800,46758.600,60869926.600,0.0,0.0,2267.800,1389.800,0.400,0.200,0.0,2475655168.0,1609728.0,4580696064.0,1.61722232832e+11,0.0,0.0,62234624.0,7372.800,2274.0,1392.600,0.090,0.245,99.435,0.220,0.0,0.010,1493112884.035,
0.080,0.235,99.489,0.190,0.0,0.005,62051123.200,10649.600,60569.400,67455328.0,0.0,0.0,2440.800,1454.0,0.0,0.200,1.200,2460995584.0,1617920.0,4889079808.0,1.6142850048e+11,0.0,0.0,61867622.400,10649.600,2434.600,1451.200,0.080,0.235,99.489,0.190,0.0,0.005,1493112889.035,
0.075,0.200,99.560,0.160,0.0,0.005,47948595.200,11468.800,56210.800,52958262.200,0.0,0.0,1930.800,1208.200,0.200,0.200,0.800,2444595200.0,1634304.0,5128798208.0,1.6120516608e+11,0.0,0.0,47948595.200,11468.800,1930.800,1208.200,0.080,0.195,99.560,0.160,0.0,0.005,1493112894.035,
0.080,0.195,99.590,0.130,0.0,0.005,50019532.800,10649.600,46048.200,47960343.0,0.0,0.0,1895.800,1247.200,0.200,0.200,1.600,2470666240.0,1642496.0,5379833856.0,1.609280512e+11,0.0,0.0,50229248.0,10649.600,1897.400,1249.600,0.080,0.200,99.585,0.130,0.0,0.005,1493112899.035,
0.105,0.280,99.440,0.170,0.0,0.005,65621196.800,13926.400,72201.800,70728466.0,0.0,0.0,2948.600,1541.200,0.0,0.0,0.800,2460733440.0,1658880.0,5706207232.0,1.6061159424e+11,0.0,0.0,65411481.600,13926.400,2947.0,1538.800,0.100,0.275,99.450,0.170,0.0,0.005,1493112904.035,
0.080,0.220,99.550,0.140,0.0,0.010,50769100.800,9830.400,56712.400,55372988.200,0.0,0.0,2294.800,1251.800,0.0,0.0,1.200,2445320192.0,1667072.0,5961256960.0,1.60371949568e+11,0.0,0.0,50769100.800,9830.400,2294.800,1251.800,0.080,0.220,99.550,0.140,0.0,0.010,1493112909.035,
0.100,0.270,99.384,0.240,0.0,0.005,64897024.0,4915.200,62771.800,67843905.400,0.0,0.0,2790.0,1580.400,0.0,0.0,1.800,2450591744.0,1675264.0,6285729792.0,1.60042196992e+11,0.0,0.0,64897024.0,4915.200,2790.200,1580.400,0.105,0.270,99.380,0.240,0.0,0.005,1493112914.035,
0.060,0.160,99.690,0.085,0.0,0.005,36666572.800,10649.600,38812.0,38361912.400,0.0,0.0,1571.400,1001.800,0.0,0.200,1.200,2450522112.0,1683456.0,6468784128.0,1.59859204096e+11,0.0,0.0,36666572.800,10649.600,1571.200,1001.800,0.060,0.160,99.690,0.085,0.0,0.005,1493112919.035,
0.120,0.255,99.390,0.235,0.0,0.0,64871628.800,13107.200,67977.0,66870409.0,0.0,0.0,2806.600,1576.0,0.600,0.0,1.200,2469130240.0,1699840.0,6793199616.0,1.59516164096e+11,0.0,0.0,64871628.800,13107.200,2806.600,1576.0,0.115,0.255,99.394,0.235,0.0,0.0,1493112924.035,
0.085,0.240,99.530,0.140,0.0,0.005,62051123.200,8192.0,56782.400,65898325.200,0.0,0.0,2514.600,1470.600,0.600,0.0,1.200,2457059328.0,1708032.0,7101919232.0,1.592195072e+11,0.0,0.0,62051123.200,8192.0,2514.600,1470.600,0.085,0.240,99.530,0.140,0.0,0.005,1493112929.035,
0.080,0.250,99.445,0.220,0.0,0.005,50769100.800,13926.400,60878.200,53104967.200,0.0,0.0,2392.800,1273.0,0.200,0.200,1.200,2454765568.0,1724416.0,7357427712.0,1.58966276096e+11,0.0,0.0,50769100.800,13926.400,2392.800,1273.0,0.080,0.250,99.445,0.220,0.0,0.005,1493112934.035,
0.080,0.195,99.595,0.130,0.0,0.0,47948595.200,11468.800,47745.800,47930861.200,0.0,0.0,2003.400,1222.200,0.0,0.0,1.600,2471333888.0,1732608.0,7596810240.0,1.58710317056e+11,0.0,0.0,47948595.200,11468.800,2003.400,1222.200,0.080,0.195,99.595,0.130,0.0,0.0,1493112939.035,
0.075,0.230,99.560,0.135,0.0,0.0,47948595.200,17203.200,55246.0,50996091.0,0.0,0.0,2134.400,1215.200,0.0,0.0,0.800,2473766912.0,1748992.0,7835353088.0,1.584693248e+11,0.0,0.0,47948595.200,17203.200,2134.400,1215.200,0.075,0.230,99.560,0.135,0.0,0.0,1493112944.035,
0.125,0.365,99.275,0.215,0.0,0.020,81794662.400,9830.400,93742.800,81850010.600,0.0,0.0,3762.400,1857.0,0.400,0.0,2.0,2487840768.0,1757184.0,8245207040.0,1.580453888e+11,0.0,0.0,81794662.400,9830.400,3762.400,1857.0,0.125,0.365,99.275,0.215,0.0,0.020,1493112949.035,
0.075,0.235,99.519,0.165,0.0,0.005,59230617.600,13107.200,82848.200,67054406.600,0.0,0.0,3030.200,1458.800,0.0,0.0,1.200,2459426816.0,1773568.0,8540270592.0,1.57778722816e+11,0.0,0.0,59230617.600,13107.200,3030.200,1458.800,0.075,0.235,99.519,0.165,0.0,0.005,1493112954.035,
0.075,0.200,99.600,0.120,0.0,0.005,47949414.400,10649.600,57785.200,50170030.600,0.0,0.0,2242.0,1211.400,0.200,0.200,1.200,2457116672.0,1785856.0,8781357056.0,1.57539934208e+11,0.0,0.0,47949414.400,10649.600,2242.0,1211.400,0.075,0.200,99.600,0.120,0.0,0.005,1493112959.035,
0.105,0.340,99.224,0.325,0.0,0.005,87435673.600,2457.600,99975.200,88625260.800,0.0,0.0,3794.0,1957.0,0.0,0.0,0.800,2472734720.0,1794048.0,9218998272.0,1.57086666752e+11,0.0,0.0,87435673.600,2457.600,3794.800,1957.0,0.110,0.340,99.219,0.325,0.0,0.005,1493112964.035,
0.080,0.290,99.375,0.240,0.0,0.015,68950425.600,10649.600,78805.600,73652203.600,0.0,0.0,3256.200,1562.800,0.200,0.200,0.600,2462457856.0,1802240.0,9564516352.0,1.56751417344e+11,0.0,0.0,69133926.400,10649.600,3256.600,1565.200,0.080,0.290,99.375,0.240,0.0,0.015,1493112969.035,
0.105,0.275,99.395,0.215,0.0,0.010,74895360.0,12288.0,79349.600,76783205.600,0.0,0.0,3249.600,1653.0,0.200,0.0,1.0,2474745856.0,1818624.0,9937141760.0,1.56366487552e+11,0.0,0.0,74711859.200,12288.0,3248.400,1650.600,0.100,0.280,99.395,0.215,0.0,0.010,1493112974.035,
0.100,0.300,99.390,0.200,0.0,0.010,76153651.200,5734.400,86946.200,82536843.0,0.0,0.0,3410.800,1747.800,0.0,0.0,0.800,2456793088.0,1826816.0,10317008896.0,1.56004564992e+11,0.0,0.0,76153651.200,5734.400,3410.800,1747.800,0.100,0.295,99.395,0.200,0.0,0.010,1493112979.035,
0.075,0.215,99.465,0.240,0.0,0.005,56881971.200,14745.600,52676.800,55545306.200,0.0,0.0,2210.200,1363.200,0.0,0.400,0.800,2479828992.0,1843200.0,10603245568.0,1.55695276032e+11,0.0,0.0,57091686.400,14745.600,2212.600,1366.0,0.080,0.215,99.455,0.245,0.0,0.005,1493112984.035,
0.075,0.200,99.590,0.130,0.0,0.005,50454528.0,10649.600,54057.400,56660028.600,0.0,0.0,2159.200,1226.400,0.200,0.400,1.200,2459680768.0,1851392.0,10856632320.0,1.55462029312e+11,0.0,0.0,50454528.0,10649.600,2158.600,1226.400,0.070,0.205,99.595,0.125,0.0,0.005,1493112989.035,
0.060,0.250,99.470,0.210,0.0,0.010,59881062.400,13107.200,64764.600,56050789.400,0.0,0.0,2533.0,1323.200,0.0,0.800,0.0,2492899328.0,1867776.0,11155472384.0,1.55129954304e+11,0.0,0.0,59949056.0,13107.200,2533.800,1324.800,0.060,0.245,99.470,0.215,0.0,0.010,1493112994.035,
0.105,0.255,99.450,0.185,0.0,0.005,64063897.600,0.0,84071.0,72110004.600,0.0,0.0,3184.800,1483.400,0.200,0.400,1.400,2475724800.0,1867776.0,11475238912.0,1.54827362304e+11,0.0,0.0,63786188.800,0.0,3188.0,1479.400,0.105,0.255,99.455,0.180,0.0,0.005,1493112999.035,
0.055,0.205,99.610,0.115,0.0,0.015,51188531.200,7372.800,59060.0,51422569.200,0.0,0.0,2262.400,1193.200,0.200,0.200,0.200,2479357952.0,1884160.0,11731238912.0,1.54567712768e+11,0.0,0.0,51424460.800,7372.800,2258.600,1196.600,0.060,0.205,99.605,0.115,0.0,0.015,1493113004.035,
0.085,0.265,99.505,0.135,0.0,0.010,61631692.800,11468.800,71546.0,68193590.0,0.0,0.0,2791.200,1428.400,0.0,0.200,1.200,2460372992.0,1892352.0,12038459392.0,1.54279469056e+11,0.0,0.0,61395763.200,11468.800,2789.200,1424.600,0.080,0.265,99.510,0.135,0.0,0.010,1493113009.035,
0.085,0.295,99.279,0.325,0.0,0.015,73333145.600,10649.600,91014.800,76708405.400,0.0,0.0,3398.0,1634.400,0.0,0.400,0.800,2461306880.0,1908736.0,12405559296.0,1.5391141888e+11,0.0,0.0,73333145.600,10649.600,3398.0,1634.400,0.085,0.295,99.279,0.325,0.0,0.015,1493113014.035,
0.090,0.310,99.320,0.275,0.0,0.005,73333145.600,12288.0,81570.800,75111566.200,0.0,0.0,3225.600,1566.400,0.0,0.0,0.400,2475610112.0,1916928.0,12772491264.0,1.53530175488e+11,0.0,0.0,73333145.600,12288.0,3229.600,1566.400,0.090,0.310,99.320,0.275,0.0,0.005,1493113019.035,
0.090,0.325,99.280,0.300,0.0,0.005,78974156.800,7372.800,69000.400,68125488.200,0.0,0.0,2996.800,1702.800,0.200,0.400,1.200,2549485568.0,1933312.0,13166387200.0,1.53062387712e+11,0.0,0.0,78974156.800,7372.800,3001.400,1702.800,0.090,0.330,99.275,0.300,0.0,0.005,1493113024.035,
0.100,0.375,99.235,0.275,0.0,0.015,84615168.0,8192.0,99428.800,92873026.600,0.0,0.0,4116.200,1811.600,0.400,0.0,0.400,2522361856.0,1941504.0,13590577152.0,1.5266531328e+11,0.0,0.0,84615168.0,8192.0,4108.0,1811.600,0.100,0.370,99.239,0.275,0.0,0.015,1493113029.035,
0.070,0.165,99.655,0.110,0.0,0.0,36666572.800,13107.200,48793.0,47175960.0,0.0,0.0,1960.800,1056.600,0.0,0.0,1.600,2480070656.0,1957888.0,13773279232.0,1.52524886016e+11,0.0,0.0,36666572.800,13107.200,1961.200,1056.600,0.070,0.165,99.655,0.110,0.0,0.0,1493113034.035,
0.070,0.230,99.520,0.175,0.0,0.005,59230617.600,4915.200,67655.400,63180175.0,0.0,0.0,2513.200,1333.400,0.0,0.200,0.0,2482589696.0,1966080.0,14069575680.0,1.52226062336e+11,0.0,0.0,59230617.600,4915.200,2512.400,1333.400,0.070,0.230,99.520,0.175,0.0,0.005,1493113039.035,
0.065,0.225,99.555,0.150,0.0,0.005,59230617.600,4096.0,61803.600,61644913.0,0.0,0.0,2364.200,1463.0,0.400,0.200,0.800,2482331648.0,1974272.0,14365884416.0,1.51930003456e+11,0.0,0.0,59230617.600,4096.0,2364.200,1463.0,0.070,0.225,99.550,0.150,0.0,0.005,1493113044.035,
0.070,0.155,99.670,0.100,0.0,0.005,37506252.800,13926.400,42662.0,40334442.400,0.0,0.0,1626.0,953.400,0.200,0.0,0.600,2471264256.0,1982464.0,14553796608.0,1.51753150464e+11,0.0,0.0,37715968.0,13926.400,1628.0,956.0,0.065,0.155,99.675,0.100,0.0,0.005,1493113049.035,
0.065,0.205,99.585,0.135,0.0,0.010,49930240.0,12288.0,50634.800,51539850.0,0.0,0.0,2175.600,1164.600,0.0,0.0,0.800,2482778112.0,1998848.0,14802915328.0,1.51492501504e+11,0.0,0.0,49720524.800,12288.0,2173.600,1162.0,0.065,0.205,99.585,0.135,0.0,0.010,1493113054.035,
0.055,0.150,99.565,0.220,0.0,0.010,44955238.400,7372.800,43940.400,43542385.400,0.0,0.0,1720.0,1067.400,0.200,0.200,0.400,2497294336.0,2007040.0,15028424704.0,1.51252467712e+11,0.0,0.0,45128089.600,7372.800,1721.600,1069.200,0.055,0.155,99.560,0.220,0.0,0.010,1493113059.035,
0.080,0.240,99.329,0.345,0.0,0.005,62223974.400,13107.200,73251.800,69631799.0,0.0,0.0,2640.200,1430.800,0.200,0.200,0.800,2469093376.0,2023424.0,15339323392.0,1.509697536e+11,0.0,0.0,62051123.200,13107.200,2638.600,1429.0,0.080,0.235,99.334,0.345,0.0,0.005,1493113064.035,
0.035,0.115,99.705,0.145,0.0,0.0,31025561.600,8192.0,34849.600,32680151.200,0.0,0.0,1409.400,800.800,0.0,0.0,0.400,2469310464.0,2031616.0,15493947392.0,1.5081490432e+11,0.0,0.0,31025561.600,8192.0,1415.200,800.800,0.035,0.115,99.705,0.145,0.0,0.0,1493113069.035,
0.040,0.055,99.850,0.055,0.0,0.0,8461516.800,7372.800,13558.800,9125855.400,0.0,0.0,537.800,417.800,0.0,0.0,0.800,2466349056.0,2048000.0,15537004544.0,1.50774792192e+11,0.0,0.0,8461516.800,7372.800,532.0,417.800,0.040,0.055,99.850,0.055,0.0,0.0,1493113074.035,
0.020,0.005,99.960,0.015,0.0,0.0,0.0,8192.0,6858.600,8601.200,0.0,0.0,217.0,230.0,0.0,0.0,0.0,2467155968.0,2056192.0,15537008640.0,1.50773972992e+11,0.0,0.0,0.0,8192.0,217.0,230.0,0.020,0.005,99.960,0.015,0.0,0.0,1493113079.035,
