"Dstat 0.7.2 CSV output"
"Author:","Dag Wieers <dag@wieers.com>",,,,"URL:","http://dag.wieers.com/home-made/dstat/"
"Host:","client0.skyhook--8osds.skyhook-pg0.wisc.cloudlab.us",,,,"User:","jlefevre"
"Cmdline:","dstat -av --epoch --integer --noheaders --output 8osds.dstat-client0.log 5",,,,"Date:","25 Apr 2017 03:36:47 CDT"

"total cpu usage",,,,,,"dsk/total",,"net/total",,"paging",,"system",,"procs",,,"memory usage",,,,"paging",,"dsk/total",,"system",,"total cpu usage",,,,,,"epoch"
"usr","sys","idl","wai","hiq","siq","read","writ","recv","send","in","out","int","csw","run","blk","new","used","buff","cach","free","in","out","read","writ","int","csw","usr","sys","idl","wai","hiq","siq","epoch"
0.145,0.050,99.784,0.005,0.0,0.015,0.0,12288.0,54656.600,9074.0,0.0,0.0,1220.400,7221.800,0.0,0.0,1.600,5507321856.0,252219392.0,1.47566350336e+11,15454302208.0,0.0,0.0,0.0,12288.0,1219.400,7182.400,0.145,0.050,99.784,0.005,0.0,0.015,1493124332.220,
1.174,0.236,98.465,0.030,0.0,0.095,0.0,45056.0,88453455.600,120453.600,0.0,0.0,3826.800,9336.0,0.400,0.200,5.800,5568921600.0,252219392.0,1.4756636672e+11,15392686080.0,0.0,0.0,0.0,45056.0,3828.600,9341.200,1.179,0.236,98.455,0.035,0.0,0.095,1493124337.220,
3.583,0.548,95.356,0.176,0.0,0.337,0.0,210534.400,312414027.200,315924.0,0.0,0.0,10380.0,13354.200,1.0,0.0,0.400,5577265152.0,252239872.0,1.47566698496e+11,15383990272.0,0.0,0.0,0.0,210534.400,10382.200,13369.0,3.583,0.548,95.361,0.171,0.0,0.337,1493124342.220,
3.379,0.532,95.637,0.105,0.0,0.346,0.0,204800.0,293153896.0,261942.0,0.0,0.0,7555.0,12716.800,2.0,0.0,0.0,5578485760.0,252248064.0,1.47567161344e+11,15382298624.0,0.0,0.0,0.0,204800.0,7551.600,12696.800,3.374,0.532,95.642,0.105,0.0,0.346,1493124347.220,
3.208,0.446,95.654,0.115,0.0,0.576,0.0,221184.0,288878693.400,275472.200,0.0,0.0,7685.200,12943.200,1.400,0.0,0.400,5576757248.0,252252160.0,1.47567464448e+11,15383719936.0,0.0,0.0,0.0,221184.0,7690.400,12945.400,3.208,0.446,95.654,0.115,0.0,0.576,1493124352.220,
3.255,0.497,95.856,0.080,0.0,0.311,0.0,186777.600,279921888.400,255181.600,0.0,0.0,7352.800,12587.0,1.600,0.200,0.0,5577076736.0,252264448.0,1.47567857664e+11,15382994944.0,0.0,0.0,0.0,186777.600,7351.600,12606.800,3.260,0.502,95.846,0.080,0.0,0.311,1493124357.220,
3.225,0.522,95.716,0.140,0.0,0.396,0.0,240844.800,278836601.800,251829.600,0.0,0.0,7575.0,12182.400,1.200,0.0,0.600,5573885952.0,252268544.0,1.47568259072e+11,15385780224.0,0.0,0.0,0.0,240844.800,7570.800,12160.600,3.220,0.522,95.722,0.140,0.0,0.396,1493124362.220,
3.388,0.497,95.558,0.176,0.0,0.381,0.0,236748.800,288809126.600,282561.200,0.0,0.0,8562.400,12700.600,0.800,0.0,0.400,5570682880.0,252276736.0,1.47568644096e+11,15388590080.0,0.0,0.0,0.0,236748.800,8563.200,12701.200,3.398,0.492,95.553,0.176,0.0,0.381,1493124367.220,
3.543,0.482,95.419,0.130,0.0,0.427,0.0,185139.200,294946202.800,281385.0,0.0,0.0,8319.800,12829.600,1.800,0.200,0.0,5574451200.0,252276736.0,1.47569025024e+11,15384440832.0,0.0,0.0,0.0,185139.200,8326.800,12847.200,3.533,0.482,95.423,0.130,0.0,0.432,1493124372.220,
3.513,0.552,95.423,0.136,0.0,0.376,0.0,207257.600,306712938.600,280183.0,0.0,0.0,8358.200,12625.600,1.800,0.0,0.400,5572288512.0,252284928.0,1.47569512448e+11,15386107904.0,0.0,0.0,0.0,207257.600,8359.200,12612.800,3.513,0.557,95.423,0.136,0.0,0.371,1493124377.220,
3.403,0.512,95.603,0.151,0.0,0.331,0.0,202342.400,302490206.600,282879.0,0.0,0.0,8068.200,12906.600,2.600,0.400,0.0,5572714496.0,252297216.0,1.47569881088e+11,15385300992.0,0.0,0.0,0.0,202342.400,8061.800,12906.0,3.413,0.507,95.598,0.151,0.0,0.331,1493124382.220,
2.864,0.497,95.986,0.412,0.0,0.241,0.0,5753241.600,249600256.0,217675.800,0.0,0.0,6813.800,11849.0,1.800,0.200,0.400,5574819840.0,252297216.0,1.47567173632e+11,15385903104.0,0.0,0.0,0.0,5753241.600,6815.400,11866.800,2.853,0.502,95.991,0.412,0.0,0.241,1493124387.220,
0.150,0.095,99.579,0.155,0.0,0.020,0.0,231014.400,8195088.400,9439.800,0.0,0.0,1353.400,7531.600,0.400,0.0,1.600,5513162752.0,252305408.0,1.47567771648e+11,15446953984.0,0.0,0.0,0.0,231014.400,1349.0,7508.800,0.150,0.095,99.579,0.155,0.0,0.020,1493124392.220,
