"Dstat 0.7.2 CSV output"
"Author:","Dag Wieers <dag@wieers.com>",,,,"URL:","http://dag.wieers.com/home-made/dstat/"
"Host:","osd1.skyhook--8osds.skyhook-pg0.wisc.cloudlab.us",,,,"User:","jlefevre"
"Cmdline:","dstat -av --epoch --integer --noheaders --output 8osds.dstat-osd1.log 5",,,,"Date:","25 Apr 2017 03:37:00 CDT"

"total cpu usage",,,,,,"dsk/total",,"net/total",,"paging",,"system",,"procs",,,"memory usage",,,,"paging",,"dsk/total",,"system",,"total cpu usage",,,,,,"epoch"
"usr","sys","idl","wai","hiq","siq","read","writ","recv","send","in","out","int","csw","run","blk","new","used","buff","cach","free","in","out","read","writ","int","csw","usr","sys","idl","wai","hiq","siq","epoch"
0.0,0.010,99.980,0.010,0.0,0.0,819.200,3276.800,4248.0,8963.400,0.0,0.0,191.800,177.0,0.0,0.0,0.0,2442350592.0,1404928.0,131829760.0,1.66204608512e+11,0.0,0.0,819.200,3276.800,191.800,177.0,0.0,0.015,99.975,0.010,0.0,0.0,1493117315.344,
0.005,0.015,99.970,0.010,0.0,0.0,0.0,2457.600,3891.800,9067.600,0.0,0.0,178.400,161.200,0.0,0.0,0.0,2442215424.0,1413120.0,131829760.0,1.66204735488e+11,0.0,0.0,0.0,2457.600,178.400,161.200,0.005,0.010,99.975,0.010,0.0,0.0,1493117320.344,
0.311,0.736,96.058,2.875,0.0,0.020,321537638.400,0.0,17242.0,19619.400,0.0,0.0,3059.200,5470.200,0.400,1.200,0.0,2430570496.0,1413120.0,1739272192.0,1.64608937984e+11,0.0,0.0,321537638.400,0.0,3059.0,5470.200,0.310,0.736,96.059,2.875,0.0,0.020,1493117325.344,
0.290,0.781,95.598,3.315,0.0,0.015,354356428.800,2457.600,18844.400,23659.0,0.0,0.0,3348.600,5971.200,0.400,3.200,0.0,2455089152.0,1421312.0,3511382016.0,1.62812301312e+11,0.0,0.0,354592358.400,2457.600,3349.800,5974.0,0.290,0.786,95.588,3.320,0.0,0.015,1493117330.344,
0.235,0.656,96.515,2.573,0.0,0.020,296677376.0,0.0,19996.400,22458.600,0.0,0.0,2897.200,5057.0,0.200,3.0,0.0,2458468352.0,1421312.0,4994682880.0,1.61325621248e+11,0.0,0.0,296703590.400,0.0,2898.200,5056.600,0.235,0.656,96.516,2.573,0.0,0.020,1493117335.344,
0.300,0.791,95.564,3.330,0.0,0.015,359903232.0,3276.800,26556.400,22768.600,0.0,0.0,3797.600,6010.200,0.600,2.200,0.0,2495934464.0,1429504.0,6795288576.0,1.59487541248e+11,0.0,0.0,359903232.0,3276.800,3797.0,6010.600,0.305,0.786,95.563,3.330,0.0,0.015,1493117340.344,
0.330,0.846,95.570,3.239,0.0,0.015,351781683.200,819.200,18793.0,23652.600,0.0,0.0,3331.600,5932.400,0.400,3.800,0.0,2472390656.0,1429504.0,8551702528.0,1.57754671104e+11,0.0,0.0,351755468.800,819.200,3331.600,5931.800,0.330,0.851,95.561,3.243,0.0,0.015,1493117345.344,
0.265,0.661,97.135,1.923,0.0,0.015,306071961.600,3276.800,16743.400,22423.800,0.0,0.0,2907.0,5174.0,0.800,1.800,0.0,2469167104.0,1437696.0,10082578432.0,1.5622701056e+11,0.0,0.0,306071961.600,3276.800,2906.800,5174.200,0.260,0.656,97.150,1.919,0.0,0.015,1493117350.344,
0.276,0.736,96.639,2.334,0.0,0.015,336011264.0,0.0,18538.600,23183.0,0.0,0.0,3181.400,5644.200,0.200,2.0,0.0,2467667968.0,1437696.0,11764379648.0,1.5454670848e+11,0.0,0.0,336037478.400,0.0,3181.400,5644.600,0.275,0.741,96.635,2.334,0.0,0.015,1493117355.344,
0.305,0.816,95.661,3.208,0.0,0.010,339042304.0,2457.600,17794.0,22902.0,0.0,0.0,3204.800,5704.0,0.600,1.200,0.0,2448830464.0,1445888.0,13458358272.0,1.52871559168e+11,0.0,0.0,338780160.0,2457.600,3203.400,5701.200,0.305,0.811,95.670,3.204,0.0,0.010,1493117360.344,
0.275,0.711,96.751,2.248,0.0,0.015,321045299.200,0.0,17329.0,22374.800,0.0,0.0,3014.600,5394.600,0.400,2.600,0.0,2494283776.0,1445888.0,15064481792.0,1.51219982336e+11,0.0,0.0,321333657.600,0.0,3016.0,5397.600,0.275,0.711,96.746,2.253,0.0,0.015,1493117365.344,
0.155,0.425,98.019,1.396,0.0,0.005,178191564.800,2457.600,10750.600,17780.600,0.0,0.0,1759.800,3065.0,0.0,1.600,0.200,2456797184.0,1454080.0,15954927616.0,1.50367014912e+11,0.0,0.0,177903206.400,2457.600,1758.600,3062.0,0.155,0.425,98.024,1.391,0.0,0.005,1493117370.344,
