"Dstat 0.7.2 CSV output"
"Author:","Dag Wieers <dag@wieers.com>",,,,"URL:","http://dag.wieers.com/home-made/dstat/"
"Host:","client0.skyhook--8osds.skyhook-pg0.wisc.cloudlab.us",,,,"User:","jlefevre"
"Cmdline:","dstat -av --epoch --integer --noheaders --output 8osds.dstat-client0.log 5",,,,"Date:","25 Apr 2017 03:36:47 CDT"

"total cpu usage",,,,,,"dsk/total",,"net/total",,"paging",,"system",,"procs",,,"memory usage",,,,"paging",,"dsk/total",,"system",,"total cpu usage",,,,,,"epoch"
"usr","sys","idl","wai","hiq","siq","read","writ","recv","send","in","out","int","csw","run","blk","new","used","buff","cach","free","in","out","read","writ","int","csw","usr","sys","idl","wai","hiq","siq","epoch"
0.045,0.050,99.795,0.105,0.0,0.005,0.0,141721.600,57204.0,3942.600,0.0,0.0,1124.0,7384.400,0.0,0.200,1.0,5554434048.0,246415360.0,1.47373809664e+11,15605534720.0,0.0,0.0,0.0,141721.600,1124.0,7384.400,0.045,0.050,99.794,0.105,0.0,0.005,1493125127.220,
0.030,0.030,99.875,0.055,0.0,0.010,0.0,80281.600,49423.600,3110.800,0.0,0.0,1120.0,7092.800,0.600,0.0,0.0,5553229824.0,246415360.0,1.47373871104e+11,15606677504.0,0.0,0.0,0.0,80281.600,1121.0,7101.400,0.030,0.030,99.875,0.055,0.0,0.010,1493125132.220,
10.833,2.350,85.950,0.086,0.0,0.782,0.0,182681.600,1159014205.400,1755681.600,0.0,0.0,50467.200,39096.0,5.800,0.0,5.0,5793619968.0,246423552.0,1.47374133248e+11,15366017024.0,0.0,0.0,0.0,182681.600,50486.400,39109.200,10.844,2.350,85.938,0.086,0.0,0.782,1493125137.220,
11.457,2.204,85.388,0.121,0.0,0.830,0.0,203161.600,1220487343.0,1748707.800,0.0,0.0,37951.200,41684.200,5.600,0.200,0.0,5792075776.0,246448128.0,1.4737442816e+11,15367241728.0,0.0,0.0,0.0,203161.600,37941.400,41666.400,11.456,2.214,85.369,0.126,0.0,0.835,1493125142.220,
11.448,2.296,85.392,0.126,0.0,0.738,0.0,183500.800,1223564594.800,1686049.0,0.0,0.0,40505.800,39922.400,5.600,0.0,0.0,5768708096.0,246476800.0,1.47374723072e+11,15390285824.0,0.0,0.0,0.0,183500.800,40509.800,39936.0,11.449,2.291,85.406,0.121,0.0,0.733,1493125147.220,
11.175,2.020,86.108,0.167,0.0,0.530,0.0,218726.400,1227454163.800,1770572.400,0.0,0.0,33882.400,42938.600,5.0,0.0,0.0,5763981312.0,246484992.0,1.47375177728e+11,15394549760.0,0.0,0.0,0.0,218726.400,33884.200,42939.800,11.175,2.020,86.109,0.167,0.0,0.530,1493125152.220,
11.186,1.995,86.269,0.101,0.0,0.449,0.0,181862.400,1225497940.600,1791311.600,0.0,0.0,33171.600,44590.400,6.600,0.200,0.0,5772107776.0,246484992.0,1.4737545216e+11,15386148864.0,0.0,0.0,0.0,195788.800,33169.200,44591.600,11.180,1.995,86.275,0.101,0.0,0.449,1493125157.220,
11.099,1.977,86.257,0.111,0.0,0.556,0.0,201523.200,1225154928.0,1679045.800,0.0,0.0,33246.400,43740.200,7.0,0.0,0.0,5747347456.0,246493184.0,1.47375849472e+11,15410503680.0,0.0,0.0,0.0,187596.800,33248.800,43758.600,11.114,1.972,86.246,0.111,0.0,0.556,1493125162.220,
11.191,2.134,85.936,0.172,0.0,0.566,0.0,216268.800,1219976633.600,1693554.400,0.0,0.0,36945.0,42452.800,6.0,0.0,0.0,5804736512.0,246493184.0,1.47376193536e+11,15352770560.0,0.0,0.0,0.0,216268.800,36945.800,42429.600,11.181,2.139,85.942,0.172,0.0,0.566,1493125167.220,
10.992,2.166,86.099,0.131,0.0,0.611,0.0,170393.600,1226994666.400,1815821.600,0.0,0.0,38761.800,44541.800,6.200,0.200,0.0,5768437760.0,246501376.0,1.47376484352e+11,15388770304.0,0.0,0.0,0.0,170393.600,38761.800,44542.600,10.997,2.161,86.100,0.131,0.0,0.611,1493125172.220,
10.514,2.013,86.701,0.141,0.0,0.631,0.0,212992.0,1223085828.800,1763876.600,0.0,0.0,36228.800,43893.0,4.600,0.0,0.0,5775880192.0,246501376.0,1.47376861184e+11,15380951040.0,0.0,0.0,0.0,212992.0,36232.0,43904.200,10.505,2.013,86.710,0.141,0.0,0.631,1493125177.220,
10.751,1.992,86.395,0.171,0.0,0.691,0.0,216268.800,1221418476.200,1770326.400,0.0,0.0,36312.200,43152.200,6.0,0.0,0.0,5778124800.0,246509568.0,1.47377246208e+11,15378313216.0,0.0,0.0,0.0,216268.800,36311.0,43141.600,10.756,1.997,86.385,0.171,0.0,0.691,1493125182.220,
10.547,1.864,86.882,0.126,0.0,0.581,0.0,174489.600,1221711850.800,1800570.800,0.0,0.0,37306.800,45553.200,5.0,0.200,0.200,5773283328.0,246517760.0,1.47377446912e+11,15382945792.0,0.0,0.0,0.0,174489.600,37310.0,45563.200,10.548,1.859,86.886,0.126,0.0,0.581,1493125187.220,
10.200,2.018,86.774,0.378,0.0,0.631,0.0,5473894.400,1222983967.400,1843116.800,0.0,0.0,38218.0,44693.800,5.400,0.200,0.0,5777469440.0,246517760.0,1.47373113344e+11,15383093248.0,0.0,0.0,0.0,5473894.400,38214.200,44704.800,10.199,2.018,86.774,0.378,0.0,0.631,1493125192.220,
10.907,1.892,86.614,0.101,0.0,0.486,0.0,182681.600,1224078492.600,1741807.200,0.0,0.0,35042.0,44699.600,4.800,0.0,0.0,5781323776.0,246525952.0,1.47373244416e+11,15379099648.0,0.0,0.0,0.0,182681.600,35039.0,44682.400,10.903,1.892,86.618,0.101,0.0,0.486,1493125197.220,
10.857,1.856,86.716,0.081,0.0,0.490,0.0,202342.400,1223066196.0,1750711.400,0.0,0.0,33319.400,44310.800,5.400,0.200,0.0,5783867392.0,246525952.0,1.47373658112e+11,15376142336.0,0.0,0.0,0.0,202342.400,33320.0,44311.800,10.866,1.856,86.702,0.081,0.0,0.496,1493125202.220,
11.517,2.143,85.381,0.136,0.0,0.822,0.0,209715.200,1215106590.800,1694286.600,0.0,0.0,36344.400,41135.600,5.600,0.0,0.0,5761204224.0,246534144.0,1.47373993984e+11,15398461440.0,0.0,0.0,0.0,209715.200,36339.600,41128.800,11.516,2.144,85.386,0.136,0.0,0.817,1493125207.220,
11.422,2.190,85.546,0.126,0.0,0.716,0.0,172851.200,1224579661.0,1783586.600,0.0,0.0,37172.0,42052.600,6.200,0.200,0.0,5776527360.0,246534144.0,1.47374317568e+11,15382814720.0,0.0,0.0,0.0,172851.200,37174.200,42045.0,11.419,2.189,85.550,0.126,0.0,0.716,1493125212.220,
10.948,2.111,86.093,0.131,0.0,0.717,0.0,215449.600,1222041151.0,1789994.0,0.0,0.0,38933.800,44342.200,5.400,0.0,0.0,5795745792.0,246546432.0,1.4737465344e+11,15363248128.0,0.0,0.0,0.0,215449.600,38935.800,44336.600,10.947,2.116,86.089,0.131,0.0,0.717,1493125217.220,
10.722,2.140,86.338,0.268,0.0,0.531,0.0,1998848.0,1223986755.600,1775339.600,0.0,0.0,38756.400,42725.200,6.0,0.200,0.0,5776093184.0,246558720.0,1.47381223424e+11,15376318464.0,0.0,0.0,0.0,1998848.0,38758.600,42742.800,10.718,2.135,86.342,0.273,0.0,0.531,1493125222.220,
11.396,2.157,85.484,0.217,0.0,0.746,0.0,2020147.200,1226044279.600,1779008.800,0.0,0.0,35574.200,43095.800,5.0,0.200,0.0,5787750400.0,246566912.0,1.47369873408e+11,15376003072.0,0.0,0.0,0.0,2020147.200,35572.200,43095.400,11.406,2.157,85.479,0.212,0.0,0.746,1493125227.220,
10.982,2.155,85.830,0.151,0.0,0.881,0.0,219545.600,1227735178.200,1813824.400,0.0,0.0,35336.400,43678.200,4.200,0.0,0.0,5808910336.0,246583296.0,1.47370283008e+11,15354417152.0,0.0,0.0,0.0,219545.600,35336.600,43675.200,10.974,2.156,85.838,0.151,0.0,0.881,1493125232.220,
10.729,2.068,86.340,0.136,0.0,0.726,0.0,215449.600,1228992248.0,1859942.800,0.0,0.0,36984.600,44077.0,6.200,0.0,0.0,5764931584.0,246583296.0,1.4737053696e+11,15398141952.0,0.0,0.0,0.0,215449.600,36986.200,44071.200,10.737,2.073,86.328,0.136,0.0,0.726,1493125237.220,
11.167,2.211,85.999,0.106,0.0,0.516,0.0,168755.200,1216601605.400,1706266.800,0.0,0.0,34699.800,41026.600,5.0,0.200,0.0,5748957184.0,246591488.0,1.47370913792e+11,15413731328.0,0.0,0.0,0.0,168755.200,34696.800,41034.200,11.163,2.206,86.008,0.106,0.0,0.516,1493125242.220,
10.800,1.968,86.414,0.121,0.0,0.696,0.0,214630.400,1223031674.800,1781861.400,0.0,0.0,37184.0,44352.400,6.0,0.0,0.0,5773463552.0,246640640.0,1.47371302912e+11,15388786688.0,0.0,0.0,0.0,214630.400,37185.800,44351.200,10.799,1.968,86.410,0.121,0.0,0.701,1493125247.220,
10.390,1.918,86.951,0.151,0.0,0.590,0.0,211353.600,1215591572.0,1731727.600,0.0,0.0,32723.0,43677.800,4.800,0.0,0.0,5827076096.0,246665216.0,1.4737164288e+11,15334809600.0,0.0,0.0,0.0,211353.600,32713.200,43674.600,10.392,1.918,86.954,0.151,0.0,0.585,1493125252.220,
1.777,0.196,97.786,0.146,0.0,0.095,0.0,163840.0,199581138.800,125960.600,0.0,0.0,4061.800,11514.0,0.800,0.200,1.0,5548769280.0,246669312.0,1.47371884544e+11,15612870656.0,0.0,0.0,0.0,163840.0,4055.400,11501.0,1.766,0.196,97.797,0.146,0.0,0.095,1493125257.220,
