"Dstat 0.7.2 CSV output"
"Author:","Dag Wieers <dag@wieers.com>",,,,"URL:","http://dag.wieers.com/home-made/dstat/"
"Host:","osd0.skyhook--8osds.skyhook-pg0.wisc.cloudlab.us",,,,"User:","jlefevre"
"Cmdline:","dstat -av --epoch --integer --noheaders --output 8osds.dstat-osd0.log 5",,,,"Date:","25 Apr 2017 03:36:54 CDT"

"total cpu usage",,,,,,"dsk/total",,"net/total",,"paging",,"system",,"procs",,,"memory usage",,,,"paging",,"dsk/total",,"system",,"total cpu usage",,,,,,"epoch"
"usr","sys","idl","wai","hiq","siq","read","writ","recv","send","in","out","int","csw","run","blk","new","used","buff","cach","free","in","out","read","writ","int","csw","usr","sys","idl","wai","hiq","siq","epoch"
0.010,0.010,99.975,0.005,0.0,0.0,4096.0,7372.800,6867.0,8903.0,0.0,0.0,226.200,211.800,0.0,0.0,0.400,2461749248.0,1486848.0,201424896.0,1.661155328e+11,0.0,0.0,4096.0,7372.800,226.200,211.800,0.010,0.010,99.975,0.005,0.0,0.0,1493124334.035,
1.602,0.481,96.131,1.757,0.0,0.030,203076403.200,4915.200,33978.600,21568398.800,0.0,0.0,2913.0,3538.800,2.200,0.800,0.0,2456031232.0,1495040.0,1215426560.0,1.6510724096e+11,0.0,0.0,203076403.200,4915.200,2913.0,3538.800,1.602,0.486,96.126,1.757,0.0,0.030,1493124339.035,
2.422,0.796,93.670,3.032,0.0,0.080,315896627.200,2457.600,42606.600,33206208.0,0.0,0.0,4341.600,5418.600,1.200,1.800,0.400,2473959424.0,1503232.0,2794479616.0,1.6351025152e+11,0.0,0.0,315896627.200,2457.600,4342.0,5418.600,2.421,0.790,93.677,3.031,0.0,0.080,1493124344.035,
2.172,0.671,94.575,2.547,0.0,0.035,265127526.400,4915.200,32297.800,28470482.800,0.0,0.0,3544.600,4545.600,1.600,0.800,0.400,2460090368.0,1511424.0,4119056384.0,1.62199535616e+11,0.0,0.0,265127526.400,4915.200,3544.400,4545.600,2.178,0.671,94.569,2.548,0.0,0.035,1493124349.035,
2.234,0.666,94.209,2.860,0.0,0.030,288709017.600,13107.200,33243.400,29921922.200,0.0,0.0,3821.400,4998.0,0.800,2.200,0.0,2496512000.0,1527808.0,5565313024.0,1.6071684096e+11,0.0,0.0,288892518.400,13107.200,3822.400,5000.400,2.230,0.666,94.208,2.866,0.0,0.030,1493124354.035,
2.513,0.826,93.637,2.984,0.0,0.040,308693401.600,9830.400,36105.600,32037181.800,0.0,0.0,4070.0,5309.0,1.600,2.200,0.400,2537725952.0,1536000.0,7107465216.0,1.59133466624e+11,0.0,0.0,308719616.0,9830.400,4070.400,5309.200,2.518,0.831,93.632,2.979,0.0,0.040,1493124359.035,
2.383,0.786,94.399,2.393,0.0,0.040,287025561.600,7372.800,33991.0,31144933.600,0.0,0.0,3893.400,4899.200,0.800,1.600,0.0,2503684096.0,1552384.0,8545140736.0,1.57729816576e+11,0.0,0.0,287051776.0,7372.800,3894.200,4899.600,2.383,0.781,94.404,2.393,0.0,0.040,1493124364.035,
2.980,0.856,92.844,3.285,0.0,0.035,341794816.0,0.0,42890.600,36536819.200,0.0,0.0,4675.0,5825.800,1.600,2.200,0.400,2498867200.0,1552384.0,10251964416.0,1.56027809792e+11,0.0,0.0,341794816.0,0.0,4675.200,5826.200,2.980,0.856,92.844,3.285,0.0,0.035,1493124369.035,
2.488,0.726,94.433,2.298,0.0,0.055,295156940.800,7372.800,34450.400,31438440.400,0.0,0.0,4073.600,5069.200,1.200,0.800,0.400,2495148032.0,1568768.0,11728924672.0,1.5455455232e+11,0.0,0.0,295130726.400,7372.800,4073.400,5070.200,2.488,0.731,94.423,2.303,0.0,0.055,1493124374.035,
3.164,1.072,91.398,4.336,0.0,0.030,384401408.0,4915.200,42902.600,40618573.200,0.0,0.0,5071.200,6532.0,1.800,2.600,0.0,2508095488.0,1576960.0,13650694144.0,1.526198272e+11,0.0,0.0,384375193.600,4915.200,5072.0,6530.0,3.165,1.067,91.401,4.337,0.0,0.030,1493124379.035,
2.343,0.696,94.834,2.072,0.0,0.055,279843635.200,10649.600,34653.800,29739443.400,0.0,0.0,3889.0,4863.600,0.200,2.400,0.400,2517594112.0,1593344.0,15047876608.0,1.51213129728e+11,0.0,0.0,279922278.400,10649.600,3887.200,4864.400,2.337,0.696,94.840,2.072,0.0,0.055,1493124384.035,
0.970,0.325,97.830,0.850,0.0,0.025,113087283.200,4915.200,17966.200,12592550.0,0.0,0.0,1726.600,2070.0,0.800,0.600,0.0,2485002240.0,1593344.0,15615500288.0,1.5067809792e+11,0.0,0.0,112825139.200,4915.200,1725.200,2066.800,0.970,0.330,97.830,0.845,0.0,0.025,1493124389.035,
