"Dstat 0.7.2 CSV output"
"Author:","Dag Wieers <dag@wieers.com>",,,,"URL:","http://dag.wieers.com/home-made/dstat/"
"Host:","osd0.skyhook--8osds.skyhook-pg0.wisc.cloudlab.us",,,,"User:","jlefevre"
"Cmdline:","dstat -av --epoch --integer --noheaders --output 8osds.dstat-osd0.log 5",,,,"Date:","25 Apr 2017 03:36:54 CDT"

"total cpu usage",,,,,,"dsk/total",,"net/total",,"paging",,"system",,"procs",,,"memory usage",,,,"paging",,"dsk/total",,"system",,"total cpu usage",,,,,,"epoch"
"usr","sys","idl","wai","hiq","siq","read","writ","recv","send","in","out","int","csw","run","blk","new","used","buff","cach","free","in","out","read","writ","int","csw","usr","sys","idl","wai","hiq","siq","epoch"
0.015,0.0,99.985,0.0,0.0,0.0,0.0,0.0,5905.200,8219.400,0.0,0.0,190.600,182.0,0.0,0.0,0.0,2458935296.0,1601536.0,15545106432.0,1.50774550528e+11,0.0,0.0,0.0,0.0,190.600,182.0,0.015,0.005,99.980,0.0,0.0,0.0,1493115724.035,
0.080,0.240,99.675,0.0,0.0,0.005,0.0,2457.600,135078.200,67837918.200,0.0,0.0,2430.200,439.800,0.0,0.0,0.0,2458198016.0,1609728.0,15545106432.0,1.50775279616e+11,0.0,0.0,0.0,2457.600,2430.200,439.800,0.085,0.235,99.675,0.0,0.0,0.005,1493115729.035,
0.125,0.420,99.450,0.0,0.0,0.005,0.0,0.0,247959.400,131527339.600,0.0,0.0,4297.200,591.800,0.400,0.0,0.0,2502193152.0,1609728.0,15545106432.0,1.5073128448e+11,0.0,0.0,0.0,0.0,4300.400,592.400,0.120,0.420,99.455,0.0,0.0,0.005,1493115734.035,
0.130,0.395,99.464,0.0,0.0,0.010,0.0,3276.800,259851.800,142884137.800,0.0,0.0,4449.200,648.200,0.400,0.0,0.0,2473652224.0,1617920.0,15545106432.0,1.50759817216e+11,0.0,0.0,0.0,3276.800,4449.200,647.600,0.135,0.395,99.460,0.0,0.0,0.010,1493115739.035,
0.110,0.355,99.520,0.0,0.0,0.015,0.0,0.0,202209.400,115034172.200,0.0,0.0,4465.400,548.600,0.400,0.0,0.0,2479616000.0,1617920.0,15545106432.0,1.5075385344e+11,0.0,0.0,0.0,0.0,4474.200,549.200,0.105,0.355,99.525,0.0,0.0,0.015,1493115744.035,
0.130,0.400,99.450,0.010,0.0,0.010,8192.0,2457.600,239317.600,129739276.200,0.0,0.0,6071.600,586.0,0.600,0.0,0.200,2466856960.0,1626112.0,15545151488.0,1.50766559232e+11,0.0,0.0,8192.0,2457.600,6059.600,585.400,0.135,0.400,99.445,0.010,0.0,0.010,1493115749.035,
0.120,0.330,99.540,0.0,0.0,0.010,0.0,7372.800,199126.600,112709841.600,0.0,0.0,5213.0,575.400,0.0,0.0,0.0,2485669888.0,1642496.0,15545147392.0,1.50747734016e+11,0.0,0.0,0.0,7372.800,5220.400,575.800,0.115,0.330,99.545,0.0,0.0,0.010,1493115754.035,
0.110,0.370,99.515,0.0,0.0,0.005,0.0,0.0,235373.200,120329863.0,0.0,0.0,6104.0,584.400,0.0,0.0,0.0,2465603584.0,1642496.0,15545151488.0,1.50767796224e+11,0.0,0.0,0.0,0.0,6096.600,584.400,0.110,0.370,99.515,0.0,0.0,0.005,1493115759.035,
0.110,0.385,99.500,0.0,0.0,0.005,0.0,4915.200,212666.0,118316816.0,0.0,0.0,5391.200,591.800,0.200,0.0,0.0,2500100096.0,1650688.0,15545151488.0,1.5073329152e+11,0.0,0.0,0.0,4915.200,5392.0,591.800,0.115,0.385,99.495,0.0,0.0,0.005,1493115764.035,
0.120,0.455,99.420,0.0,0.0,0.005,0.0,0.0,281435.800,144277043.200,0.0,0.0,7056.600,594.600,0.400,0.0,0.0,2468618240.0,1650688.0,15545151488.0,1.50764773376e+11,0.0,0.0,0.0,0.0,7055.800,594.200,0.115,0.455,99.424,0.0,0.0,0.005,1493115769.035,
0.130,0.441,99.424,0.0,0.0,0.005,0.0,2457.600,261965.800,139784196.0,0.0,0.0,6648.400,668.0,0.400,0.0,0.0,2551324672.0,1658880.0,15545151488.0,1.50682058752e+11,0.0,0.0,0.0,2457.600,6653.800,670.200,0.130,0.441,99.424,0.0,0.0,0.005,1493115774.035,
0.130,0.410,99.454,0.0,0.0,0.005,0.0,0.0,264742.200,141079910.600,0.0,0.0,6285.800,690.400,0.200,0.0,0.0,2523635712.0,1658880.0,15545151488.0,1.50709747712e+11,0.0,0.0,0.0,0.0,6285.600,688.200,0.130,0.410,99.454,0.0,0.0,0.005,1493115779.035,
0.110,0.441,99.444,0.0,0.0,0.005,0.0,6553.600,274947.0,149839061.800,0.0,0.0,7173.200,628.600,0.400,0.0,0.0,2465533952.0,1667072.0,15545151488.0,1.5076784128e+11,0.0,0.0,0.0,6553.600,7168.0,628.600,0.110,0.441,99.444,0.0,0.0,0.005,1493115784.035,
0.110,0.375,99.515,0.0,0.0,0.0,0.0,819.200,210389.0,118026101.400,0.0,0.0,5373.0,528.0,0.200,0.0,0.0,2477572096.0,1667072.0,15545151488.0,1.50755803136e+11,0.0,0.0,0.0,819.200,5373.800,529.600,0.115,0.375,99.510,0.0,0.0,0.0,1493115789.035,
0.130,0.405,99.454,0.005,0.0,0.005,0.0,2457.600,248241.400,138671538.200,0.0,0.0,6040.600,599.400,0.200,0.0,0.0,2465042432.0,1675264.0,15545151488.0,1.50768324608e+11,0.0,0.0,0.0,2457.600,6039.800,597.800,0.130,0.405,99.454,0.005,0.0,0.005,1493115794.035,
0.150,0.486,99.359,0.0,0.0,0.005,0.0,0.0,289087.400,157690912.400,0.0,0.0,7503.400,675.600,0.200,0.0,0.0,2524012544.0,1675264.0,15545151488.0,1.50709354496e+11,0.0,0.0,0.0,0.0,7505.400,675.600,0.145,0.486,99.364,0.0,0.0,0.005,1493115799.035,
0.120,0.435,99.439,0.0,0.0,0.005,0.0,2457.600,260784.200,140905782.600,0.0,0.0,6525.0,601.0,0.600,0.0,0.0,2536595456.0,1683456.0,15545151488.0,1.50696763392e+11,0.0,0.0,0.0,2457.600,6528.800,601.400,0.125,0.435,99.434,0.0,0.0,0.005,1493115804.035,
0.130,0.430,99.434,0.0,0.0,0.005,0.0,0.0,257189.400,142671460.0,0.0,0.0,6691.600,646.600,0.200,0.0,0.0,2523758592.0,1683456.0,15545151488.0,1.50709600256e+11,0.0,0.0,0.0,0.0,6687.400,646.600,0.125,0.430,99.439,0.0,0.0,0.005,1493115809.035,
0.110,0.460,99.420,0.0,0.0,0.010,0.0,2457.600,280373.800,145533418.0,0.0,0.0,7194.400,617.600,0.0,0.0,0.0,2466832384.0,1691648.0,15545151488.0,1.50766518272e+11,0.0,0.0,0.0,2457.600,7198.600,617.200,0.110,0.460,99.420,0.0,0.0,0.010,1493115814.035,
0.110,0.365,99.509,0.0,0.0,0.015,0.0,0.0,237589.800,127089567.400,0.0,0.0,5998.0,578.0,0.400,0.0,0.0,2464468992.0,1691648.0,15545151488.0,1.50768881664e+11,0.0,0.0,0.0,0.0,5992.200,578.0,0.115,0.365,99.504,0.0,0.0,0.015,1493115819.035,
0.145,0.485,99.359,0.0,0.0,0.010,0.0,4096.0,284091.600,153340744.600,0.0,0.0,7363.600,660.800,0.200,0.0,0.0,2482143232.0,1699840.0,15545151488.0,1.50751199232e+11,0.0,0.0,0.0,4096.0,7370.400,661.0,0.140,0.485,99.364,0.0,0.0,0.010,1493115824.035,
0.135,0.486,99.354,0.0,0.0,0.025,0.0,2457.600,285575.400,159909696.800,0.0,0.0,7354.200,684.200,0.200,0.0,0.0,2509021184.0,1708032.0,15545155584.0,1.50724308992e+11,0.0,0.0,0.0,2457.600,7355.0,684.0,0.135,0.486,99.354,0.0,0.0,0.025,1493115829.035,
0.090,0.345,99.555,0.0,0.0,0.010,0.0,0.0,215270.200,120383821.800,0.0,0.0,5474.400,501.600,0.0,0.0,0.0,2463440896.0,1708032.0,15545155584.0,1.5076988928e+11,0.0,0.0,0.0,0.0,5466.800,501.600,0.090,0.345,99.555,0.0,0.0,0.010,1493115834.035,
0.105,0.350,99.534,0.005,0.0,0.005,0.0,2457.600,228468.400,123347283.0,0.0,0.0,4645.400,588.400,0.400,0.0,0.0,2481942528.0,1716224.0,15545155584.0,1.50751379456e+11,0.0,0.0,0.0,2457.600,4650.600,588.600,0.110,0.350,99.530,0.005,0.0,0.005,1493115839.035,
0.130,0.400,99.445,0.0,0.0,0.025,0.0,0.0,246302.0,136279463.0,0.0,0.0,4445.400,579.600,0.800,0.0,0.0,2483101696.0,1716224.0,15545155584.0,1.50750220288e+11,0.0,0.0,0.0,0.0,4441.200,579.800,0.130,0.405,99.440,0.0,0.0,0.025,1493115844.035,
0.050,0.145,99.805,0.0,0.0,0.0,0.0,2457.600,100194.600,47224666.800,0.0,0.0,2572.800,316.0,0.0,0.0,0.0,2464063488.0,1724416.0,15545155584.0,1.50769250304e+11,0.0,0.0,0.0,2457.600,2571.800,315.600,0.045,0.145,99.810,0.0,0.0,0.0,1493115849.035,
