"Dstat 0.7.2 CSV output"
"Author:","Dag Wieers <dag@wieers.com>",,,,"URL:","http://dag.wieers.com/home-made/dstat/"
"Host:","osd1.skyhook--8osds.skyhook-pg0.wisc.cloudlab.us",,,,"User:","jlefevre"
"Cmdline:","dstat -av --epoch --integer --noheaders --output 8osds.dstat-osd1.log 5",,,,"Date:","25 Apr 2017 03:37:00 CDT"

"total cpu usage",,,,,,"dsk/total",,"net/total",,"paging",,"system",,"procs",,,"memory usage",,,,"paging",,"dsk/total",,"system",,"total cpu usage",,,,,,"epoch"
"usr","sys","idl","wai","hiq","siq","read","writ","recv","send","in","out","int","csw","run","blk","new","used","buff","cach","free","in","out","read","writ","int","csw","usr","sys","idl","wai","hiq","siq","epoch"
0.0,0.015,99.985,0.0,0.0,0.0,0.0,3276.800,4052.800,8754.200,0.0,0.0,192.400,169.800,0.0,0.0,0.0,2476269568.0,1531904.0,16024174592.0,1.50278217728e+11,0.0,0.0,0.0,3276.800,192.200,169.800,0.0,0.010,99.990,0.0,0.0,0.0,1493123595.344,
0.075,0.195,99.725,0.0,0.0,0.005,0.0,2457.600,58554.200,40537749.200,0.0,0.0,1956.400,342.200,0.0,0.0,0.0,2586140672.0,1540096.0,16024174592.0,1.50168338432e+11,0.0,0.0,0.0,2457.600,1956.200,342.200,0.080,0.195,99.720,0.0,0.0,0.005,1493123600.344,
0.075,0.200,99.725,0.0,0.0,0.0,0.0,0.0,101128.800,84084237.800,0.0,0.0,3112.200,390.400,0.200,0.0,0.0,2494570496.0,1540096.0,16024174592.0,1.50259908608e+11,0.0,0.0,0.0,0.0,3118.200,390.400,0.070,0.200,99.730,0.0,0.0,0.0,1493123605.344,
0.085,0.215,99.690,0.0,0.0,0.010,0.0,2457.600,85079.400,81492003.800,0.0,0.0,2809.600,419.400,0.400,0.0,0.0,2509443072.0,1548288.0,16024174592.0,1.5024502784e+11,0.0,0.0,0.0,2457.600,2803.600,419.400,0.085,0.215,99.690,0.0,0.0,0.010,1493123610.344,
0.090,0.205,99.705,0.0,0.0,0.0,0.0,0.0,91400.800,80077514.800,0.0,0.0,2826.600,455.0,0.0,0.0,0.0,2478575616.0,1548288.0,16024174592.0,1.50275895296e+11,0.0,0.0,0.0,0.0,2826.600,455.0,0.095,0.205,99.700,0.0,0.0,0.0,1493123615.344,
0.050,0.140,99.810,0.0,0.0,0.0,0.0,2457.600,50862.200,50169745.400,0.0,0.0,1225.600,340.800,0.200,0.0,0.0,2476605440.0,1556480.0,16024174592.0,1.5027785728e+11,0.0,0.0,0.0,2457.600,1225.800,340.800,0.045,0.140,99.815,0.0,0.0,0.0,1493123620.344,
0.060,0.120,99.815,0.0,0.0,0.005,0.0,0.0,57542.400,56041306.0,0.0,0.0,1342.600,328.200,0.0,0.0,0.0,2477469696.0,1556480.0,16024174592.0,1.50276993024e+11,0.0,0.0,0.0,0.0,1342.400,328.200,0.065,0.120,99.810,0.0,0.0,0.005,1493123625.344,
0.065,0.150,99.785,0.0,0.0,0.0,0.0,4096.0,56548.400,62165659.200,0.0,0.0,1751.800,357.400,0.0,0.0,0.0,2494341120.0,1564672.0,16024178688.0,1.50260109312e+11,0.0,0.0,0.0,4096.0,1758.600,357.400,0.060,0.150,99.790,0.0,0.0,0.0,1493123630.344,
0.105,0.220,99.665,0.010,0.0,0.0,0.0,4915.200,90760.200,87898573.0,0.0,0.0,2980.800,461.400,0.0,0.0,0.0,2513104896.0,1572864.0,16024178688.0,1.50241337344e+11,0.0,0.0,0.0,4915.200,2974.0,461.400,0.105,0.220,99.665,0.010,0.0,0.0,1493123635.344,
0.070,0.175,99.750,0.0,0.0,0.005,0.0,0.0,67934.0,68267261.800,0.0,0.0,2293.0,364.600,0.0,0.0,0.0,2477256704.0,1572864.0,16024178688.0,1.50277185536e+11,0.0,0.0,0.0,0.0,2293.0,364.600,0.075,0.175,99.745,0.0,0.0,0.005,1493123640.344,
0.090,0.255,99.650,0.005,0.0,0.0,0.0,2457.600,100444.200,97341903.600,0.0,0.0,3281.600,468.400,0.400,0.0,0.0,2492370944.0,1581056.0,16024178688.0,1.50262063104e+11,0.0,0.0,0.0,2457.600,3281.800,468.400,0.085,0.255,99.655,0.005,0.0,0.0,1493123645.344,
0.055,0.130,99.815,0.0,0.0,0.0,0.0,2457.600,57825.400,53104309.400,0.0,0.0,1966.200,334.400,0.0,0.0,0.0,2477076480.0,1581056.0,16024178688.0,1.50277357568e+11,0.0,0.0,0.0,2457.600,1966.0,334.400,0.055,0.130,99.815,0.0,0.0,0.0,1493123650.344,
0.055,0.150,99.795,0.0,0.0,0.0,0.0,2457.600,52765.400,50210998.800,0.0,0.0,1713.800,360.400,0.0,0.0,0.0,2478129152.0,1589248.0,16024178688.0,1.50276296704e+11,0.0,0.0,0.0,2457.600,1713.800,360.400,0.060,0.150,99.790,0.0,0.0,0.0,1493123655.344,
0.070,0.170,99.755,0.0,0.0,0.005,0.0,0.0,79094.800,70199085.0,0.0,0.0,2439.200,410.200,0.200,0.0,0.0,2518302720.0,1589248.0,16024178688.0,1.50236123136e+11,0.0,0.0,0.0,0.0,2440.200,410.200,0.065,0.175,99.755,0.0,0.0,0.005,1493123660.344,
0.075,0.200,99.715,0.005,0.0,0.005,0.0,3276.800,87560.200,79040300.600,0.0,0.0,2756.200,403.0,0.200,0.0,0.0,2492850176.0,1597440.0,16024178688.0,1.50261567488e+11,0.0,0.0,0.0,3276.800,2760.800,403.400,0.075,0.195,99.720,0.005,0.0,0.005,1493123665.344,
0.070,0.230,99.690,0.010,0.0,0.0,0.0,2457.600,83698.600,77903349.200,0.0,0.0,2710.600,401.400,0.0,0.0,0.200,2502545408.0,1605632.0,16024178688.0,1.50251864064e+11,0.0,0.0,0.0,2457.600,2705.0,401.0,0.070,0.230,99.690,0.010,0.0,0.0,1493123670.344,
0.070,0.175,99.750,0.0,0.0,0.005,0.0,0.0,76624.800,72719344.800,0.0,0.0,2407.600,424.600,0.0,0.0,0.0,2492305408.0,1605632.0,16024178688.0,1.50262104064e+11,0.0,0.0,0.0,0.0,2407.600,424.600,0.070,0.175,99.750,0.0,0.0,0.005,1493123675.344,
0.070,0.200,99.725,0.005,0.0,0.0,0.0,2457.600,69933.400,74785668.600,0.0,0.0,2236.0,430.400,0.0,0.0,0.0,2484076544.0,1613824.0,16024178688.0,1.50270324736e+11,0.0,0.0,0.0,2457.600,2236.0,430.400,0.075,0.200,99.720,0.005,0.0,0.0,1493123680.344,
0.055,0.145,99.800,0.0,0.0,0.0,0.0,0.0,51014.400,53092225.400,0.0,0.0,1674.800,332.0,0.0,0.0,0.0,2474188800.0,1613824.0,16024178688.0,1.5028021248e+11,0.0,0.0,0.0,0.0,1675.0,332.0,0.050,0.150,99.800,0.0,0.0,0.0,1493123685.344,
0.085,0.250,99.655,0.005,0.0,0.005,0.0,2457.600,81502.200,91450548.400,0.0,0.0,2743.600,444.600,0.0,0.0,0.0,2488721408.0,1622016.0,16024178688.0,1.5026567168e+11,0.0,0.0,0.0,2457.600,2743.400,444.600,0.085,0.245,99.660,0.005,0.0,0.005,1493123690.344,
0.090,0.230,99.680,0.0,0.0,0.0,0.0,0.0,91018.600,85549238.0,0.0,0.0,2947.800,451.800,0.0,0.0,0.0,2473390080.0,1622016.0,16024178688.0,1.50281003008e+11,0.0,0.0,0.0,0.0,2947.800,451.800,0.090,0.230,99.680,0.0,0.0,0.0,1493123695.344,
0.055,0.145,99.795,0.005,0.0,0.0,0.0,3276.800,58378.200,55053059.0,0.0,0.0,1766.600,338.200,0.0,0.0,0.0,2505805824.0,1630208.0,16024178688.0,1.50248579072e+11,0.0,0.0,0.0,3276.800,1774.600,338.400,0.055,0.150,99.790,0.005,0.0,0.0,1493123700.344,
0.060,0.250,99.680,0.010,0.0,0.0,0.0,2457.600,74687.600,79031132.200,0.0,0.0,2507.0,405.600,0.0,0.0,0.0,2490675200.0,1638400.0,16024178688.0,1.50263701504e+11,0.0,0.0,0.0,2457.600,2499.0,405.400,0.060,0.245,99.685,0.010,0.0,0.0,1493123705.344,
0.055,0.180,99.760,0.0,0.0,0.005,0.0,0.0,65779.400,69440248.400,0.0,0.0,2190.800,411.400,0.0,0.0,0.0,2488455168.0,1638400.0,16024178688.0,1.50265921536e+11,0.0,0.0,0.0,0.0,2190.800,415.0,0.060,0.180,99.755,0.0,0.0,0.005,1493123710.344,
0.095,0.265,99.625,0.010,0.0,0.005,0.0,2457.600,105281.400,100381321.200,0.0,0.0,3315.400,564.0,0.200,0.0,0.0,2489831424.0,1646592.0,16024182784.0,1.50264532992e+11,0.0,0.0,0.0,2457.600,3315.400,560.400,0.090,0.265,99.630,0.010,0.0,0.005,1493123715.344,
0.060,0.180,99.755,0.0,0.0,0.005,0.0,0.0,66840.0,64886856.600,0.0,0.0,2182.800,409.400,0.200,0.0,0.0,2472669184.0,1646592.0,16024182784.0,1.50281695232e+11,0.0,0.0,0.0,0.0,2182.800,409.400,0.065,0.180,99.750,0.0,0.0,0.005,1493123720.344,
0.070,0.170,99.750,0.005,0.0,0.005,0.0,2457.600,57435.200,58997775.800,0.0,0.0,1942.200,395.600,0.200,0.0,0.0,2500984832.0,1654784.0,16024182784.0,1.50253371392e+11,0.0,0.0,0.0,2457.600,1942.200,395.600,0.065,0.170,99.755,0.005,0.0,0.005,1493123725.344,
0.050,0.130,99.820,0.0,0.0,0.0,0.0,0.0,50147.0,51097088.0,0.0,0.0,1701.600,358.0,0.0,0.0,0.0,2490380288.0,1654784.0,16024182784.0,1.50263975936e+11,0.0,0.0,0.0,0.0,1701.600,358.0,0.050,0.130,99.820,0.0,0.0,0.0,1493123730.344,
0.065,0.190,99.740,0.005,0.0,0.0,0.0,4096.0,83803.0,72863250.600,0.0,0.0,2614.0,419.600,0.0,0.0,0.0,2488578048.0,1662976.0,16024182784.0,1.50265769984e+11,0.0,0.0,0.0,4096.0,2614.0,419.600,0.070,0.190,99.735,0.005,0.0,0.0,1493123735.344,
0.075,0.145,99.775,0.005,0.0,0.0,0.0,4915.200,64841.0,62624417.0,0.0,0.0,1761.800,383.800,0.0,0.0,0.200,2505220096.0,1671168.0,16024182784.0,1.50249119744e+11,0.0,0.0,0.0,4915.200,1762.0,383.800,0.070,0.145,99.780,0.005,0.0,0.0,1493123740.344,
0.075,0.175,99.750,0.0,0.0,0.0,0.0,0.0,78083.400,69669850.600,0.0,0.0,1774.0,380.400,0.0,0.0,0.0,2491891712.0,1671168.0,16024182784.0,1.50262448128e+11,0.0,0.0,0.0,0.0,1773.800,380.400,0.075,0.175,99.750,0.0,0.0,0.0,1493123745.344,
0.055,0.165,99.770,0.005,0.0,0.005,0.0,2457.600,52436.800,56390747.800,0.0,0.0,1880.600,404.200,0.0,0.0,0.0,2515828736.0,1679360.0,16024182784.0,1.50238502912e+11,0.0,0.0,0.0,2457.600,1880.600,404.200,0.060,0.165,99.765,0.005,0.0,0.005,1493123750.344,
0.085,0.205,99.710,0.0,0.0,0.0,0.0,2457.600,102626.600,88643726.200,0.0,0.0,2754.400,450.0,0.600,0.0,0.0,2473717760.0,1679360.0,16024182784.0,1.50280613888e+11,0.0,0.0,0.0,2457.600,2754.400,450.0,0.080,0.205,99.715,0.0,0.0,0.0,1493123755.344,
0.080,0.210,99.700,0.005,0.0,0.005,0.0,2457.600,95223.400,79801260.200,0.0,0.0,1944.800,435.0,0.0,0.0,0.0,2511261696.0,1687552.0,16024182784.0,1.5024306176e+11,0.0,0.0,0.0,2457.600,1944.800,435.0,0.080,0.210,99.700,0.005,0.0,0.005,1493123760.344,
0.070,0.170,99.755,0.0,0.0,0.005,0.0,0.0,68846.200,73371369.0,0.0,0.0,1565.800,386.0,0.0,0.0,0.0,2496741376.0,1687552.0,16024182784.0,1.5025758208e+11,0.0,0.0,0.0,0.0,1572.0,386.0,0.070,0.170,99.755,0.0,0.0,0.005,1493123765.344,
0.075,0.200,99.715,0.005,0.0,0.005,0.0,3276.800,82556.800,76921207.600,0.0,0.0,2183.200,394.600,0.200,0.0,0.0,2474078208.0,1695744.0,16024182784.0,1.50280237056e+11,0.0,0.0,0.0,3276.800,2177.0,394.600,0.075,0.200,99.715,0.005,0.0,0.005,1493123770.344,
0.080,0.220,99.685,0.005,0.0,0.010,0.0,2457.600,78763.200,81155347.800,0.0,0.0,1937.400,459.200,0.400,0.0,0.200,2492006400.0,1703936.0,16024182784.0,1.50262300672e+11,0.0,0.0,0.0,2457.600,1940.0,459.200,0.085,0.220,99.680,0.005,0.0,0.010,1493123775.344,
0.090,0.250,99.660,0.0,0.0,0.0,0.0,0.0,117032.0,100526783.400,0.0,0.0,3473.200,473.600,0.200,0.0,0.0,2515021824.0,1703936.0,16024182784.0,1.50239285248e+11,0.0,0.0,0.0,0.0,3470.600,473.600,0.085,0.255,99.660,0.0,0.0,0.0,1493123780.344,
0.055,0.125,99.810,0.005,0.0,0.005,0.0,2457.600,54198.800,52657691.0,0.0,0.0,1816.0,350.0,0.600,0.0,0.0,2491752448.0,1712128.0,16024182784.0,1.50262546432e+11,0.0,0.0,0.0,2457.600,1816.0,350.0,0.060,0.120,99.810,0.005,0.0,0.005,1493123785.344,
0.055,0.105,99.840,0.0,0.0,0.0,0.0,0.0,47706.0,43632694.0,0.0,0.0,1433.400,284.0,0.200,0.0,0.0,2491555840.0,1712128.0,16024182784.0,1.5026274304e+11,0.0,0.0,0.0,0.0,1438.0,284.0,0.050,0.105,99.845,0.0,0.0,0.0,1493123790.344,
0.055,0.150,99.780,0.010,0.0,0.005,0.0,2457.600,61135.0,59175089.600,0.0,0.0,1888.600,364.0,0.600,0.0,0.0,2493788160.0,1720320.0,16024182784.0,1.50260502528e+11,0.0,0.0,0.0,2457.600,1885.800,364.0,0.060,0.150,99.775,0.010,0.0,0.005,1493123795.344,
0.085,0.200,99.710,0.0,0.0,0.005,0.0,0.0,77529.800,81402179.0,0.0,0.0,2628.400,395.800,0.400,0.0,0.0,2478252032.0,1720320.0,16024186880.0,1.5027603456e+11,0.0,0.0,0.0,0.0,2626.600,395.800,0.085,0.200,99.710,0.0,0.0,0.005,1493123800.344,
0.055,0.100,99.835,0.005,0.0,0.005,0.0,4096.0,50056.400,47644344.400,0.0,0.0,1508.200,293.200,0.0,0.0,0.0,2476830720.0,1728512.0,16024186880.0,1.5027744768e+11,0.0,0.0,0.0,4096.0,1508.200,293.200,0.050,0.100,99.840,0.005,0.0,0.005,1493123805.344,
0.060,0.140,99.795,0.005,0.0,0.0,0.0,4915.200,60562.800,56450987.800,0.0,0.0,1828.200,365.0,0.200,0.0,0.0,2494189568.0,1736704.0,16024186880.0,1.5026008064e+11,0.0,0.0,0.0,4915.200,1835.400,365.400,0.065,0.140,99.790,0.005,0.0,0.0,1493123810.344,
0.040,0.095,99.865,0.0,0.0,0.0,0.0,0.0,43638.400,38878624.800,0.0,0.0,1345.400,319.600,0.0,0.0,0.0,2495631360.0,1736704.0,16024186880.0,1.50258638848e+11,0.0,0.0,0.0,0.0,1338.200,319.200,0.035,0.095,99.870,0.0,0.0,0.0,1493123815.344,
0.110,0.215,99.665,0.010,0.0,0.0,0.0,2457.600,83653.400,87592598.0,0.0,0.0,2677.0,505.800,0.200,0.0,0.0,2479316992.0,1744896.0,16024186880.0,1.50274945024e+11,0.0,0.0,0.0,2457.600,2677.0,505.800,0.110,0.220,99.660,0.010,0.0,0.0,1493123820.344,
0.055,0.145,99.795,0.0,0.0,0.005,0.0,2457.600,58983.400,56043798.800,0.0,0.0,1959.200,353.0,0.200,0.0,0.0,2481065984.0,1744896.0,16024186880.0,1.50273196032e+11,0.0,0.0,0.0,2457.600,1959.200,353.0,0.060,0.140,99.795,0.0,0.0,0.005,1493123825.344,
0.065,0.140,99.790,0.005,0.0,0.0,0.0,2457.600,70614.400,62993682.0,0.0,0.0,2232.200,364.0,0.600,0.0,0.0,2499166208.0,1753088.0,16024186880.0,1.50255087616e+11,0.0,0.0,0.0,2457.600,2242.400,364.400,0.060,0.140,99.795,0.005,0.0,0.0,1493123830.344,
0.050,0.145,99.805,0.0,0.0,0.0,0.0,0.0,67049.0,54882339.200,0.0,0.0,2142.200,369.200,0.200,0.0,0.0,2508054528.0,1753088.0,16024186880.0,1.50246199296e+11,0.0,0.0,0.0,0.0,2132.0,368.800,0.055,0.145,99.800,0.0,0.0,0.0,1493123835.344,
0.015,0.045,99.930,0.005,0.0,0.005,0.0,3276.800,19446.400,11945662.400,0.0,0.0,635.800,182.600,0.0,0.0,0.0,2490073088.0,1761280.0,16024186880.0,1.50264172544e+11,0.0,0.0,0.0,3276.800,636.0,182.600,0.010,0.045,99.935,0.005,0.0,0.005,1493123840.344,
0.005,0.015,99.970,0.010,0.0,0.0,0.0,2457.600,3482.400,8881.800,0.0,0.0,175.0,161.0,0.0,0.200,0.0,2491019264.0,1769472.0,16024186880.0,1.50263218176e+11,0.0,0.0,0.0,2457.600,175.0,161.0,0.005,0.015,99.970,0.010,0.0,0.0,1493123845.344,
