"Dstat 0.7.2 CSV output"
"Author:","Dag Wieers <dag@wieers.com>",,,,"URL:","http://dag.wieers.com/home-made/dstat/"
"Host:","osd0.skyhook--8osds.skyhook-pg0.wisc.cloudlab.us",,,,"User:","jlefevre"
"Cmdline:","dstat -av --epoch --integer --noheaders --output 8osds.dstat-osd0.log 5",,,,"Date:","25 Apr 2017 03:36:54 CDT"

"total cpu usage",,,,,,"dsk/total",,"net/total",,"paging",,"system",,"procs",,,"memory usage",,,,"paging",,"dsk/total",,"system",,"total cpu usage",,,,,,"epoch"
"usr","sys","idl","wai","hiq","siq","read","writ","recv","send","in","out","int","csw","run","blk","new","used","buff","cach","free","in","out","read","writ","int","csw","usr","sys","idl","wai","hiq","siq","epoch"
0.015,0.010,99.965,0.010,0.0,0.0,0.0,4915.200,5754.200,8315.600,0.0,0.0,179.400,166.400,0.0,0.0,0.0,2475810816.0,1728512.0,15615516672.0,1.50687137792e+11,0.0,0.0,0.0,4915.200,179.400,166.400,0.015,0.005,99.970,0.010,0.0,0.0,1493125979.035,
0.605,0.270,99.120,0.0,0.0,0.005,0.0,0.0,111857.400,67872613.0,0.0,0.0,3340.600,445.600,0.0,0.0,0.0,2479951872.0,1728512.0,15615516672.0,1.50682996736e+11,0.0,0.0,0.0,0.0,3340.600,445.600,0.605,0.270,99.120,0.0,0.0,0.005,1493125984.035,
1.171,0.455,98.348,0.005,0.0,0.020,0.0,2457.600,205175.400,128206657.400,0.0,0.0,6774.800,593.400,0.600,0.0,0.0,2525700096.0,1736704.0,15615516672.0,1.5063724032e+11,0.0,0.0,0.0,2457.600,6779.400,593.800,1.176,0.460,98.339,0.005,0.0,0.020,1493125989.035,
1.256,0.521,98.203,0.0,0.0,0.020,0.0,2457.600,237838.600,142311814.400,0.0,0.0,7366.800,610.400,0.600,0.0,0.0,2553823232.0,1736704.0,15615516672.0,1.50609117184e+11,0.0,0.0,0.0,2457.600,7365.400,610.0,1.261,0.516,98.203,0.0,0.0,0.020,1493125994.035,
1.021,0.415,98.544,0.005,0.0,0.015,0.0,2457.600,193561.800,119889315.0,0.0,0.0,6009.400,539.600,0.600,0.0,0.0,2534318080.0,1744896.0,15615516672.0,1.50628614144e+11,0.0,0.0,0.0,2457.600,6012.0,539.600,1.016,0.415,98.549,0.005,0.0,0.015,1493125999.035,
1.101,0.450,98.439,0.0,0.0,0.010,0.0,0.0,203835.200,128607370.600,0.0,0.0,6424.400,581.600,0.400,0.0,0.0,2496753664.0,1744896.0,15615516672.0,1.5066617856e+11,0.0,0.0,0.0,0.0,6418.600,581.600,1.096,0.450,98.444,0.0,0.0,0.010,1493126004.035,
1.011,0.405,98.569,0.010,0.0,0.005,0.0,3276.800,181447.800,115019149.800,0.0,0.0,4841.400,524.200,0.800,0.0,0.0,2509725696.0,1753088.0,15615516672.0,1.50653198336e+11,0.0,0.0,0.0,3276.800,4842.0,524.600,1.011,0.405,98.569,0.010,0.0,0.005,1493126009.035,
1.031,0.425,98.534,0.005,0.0,0.005,7372.800,2457.600,185466.600,117944631.400,0.0,0.0,5804.200,537.800,1.200,0.0,0.200,2521649152.0,1761280.0,15615553536.0,1.50641229824e+11,0.0,0.0,7372.800,2457.600,5803.800,537.400,1.031,0.425,98.534,0.005,0.0,0.005,1493126014.035,
1.161,0.490,98.339,0.0,0.0,0.010,0.0,0.0,172867.0,120699537.0,0.0,0.0,5609.800,517.200,1.0,0.0,0.0,2591944704.0,1761280.0,15615553536.0,1.50570934272e+11,0.0,0.0,0.0,0.0,5615.0,517.200,1.166,0.490,98.334,0.0,0.0,0.010,1493126019.035,
1.071,0.471,98.448,0.005,0.0,0.005,0.0,2457.600,229759.800,141731697.400,0.0,0.0,7219.0,595.400,0.400,0.0,0.0,2495176704.0,1769472.0,15615553536.0,1.5066769408e+11,0.0,0.0,0.0,2457.600,7213.600,595.400,1.066,0.471,98.453,0.005,0.0,0.005,1493126024.035,
1.271,0.495,98.233,0.0,0.0,0.0,0.0,0.0,214377.800,134291254.200,0.0,0.0,6946.600,608.0,1.0,0.0,0.0,2559823872.0,1769472.0,15615553536.0,1.50603046912e+11,0.0,0.0,0.0,0.0,6951.0,608.400,1.271,0.495,98.233,0.0,0.0,0.0,1493126029.035,
1.251,0.500,98.228,0.005,0.0,0.015,0.0,2457.600,219693.800,133915088.0,0.0,0.0,6691.800,643.400,1.0,0.0,0.0,2579886080.0,1777664.0,15615553536.0,1.50582976512e+11,0.0,0.0,0.0,2457.600,6692.600,643.600,1.251,0.505,98.223,0.005,0.0,0.015,1493126034.035,
1.186,0.545,98.254,0.0,0.0,0.015,0.0,0.0,225044.0,137646625.800,0.0,0.0,7091.800,586.400,0.800,0.0,0.0,2606149632.0,1777664.0,15615553536.0,1.5055671296e+11,0.0,0.0,0.0,0.0,7089.600,585.800,1.191,0.545,98.249,0.0,0.0,0.015,1493126039.035,
0.856,0.345,98.794,0.005,0.0,0.0,0.0,3276.800,159978.200,105165755.200,0.0,0.0,5156.0,500.200,1.0,0.0,0.0,2536931328.0,1785856.0,15615553536.0,1.50625923072e+11,0.0,0.0,0.0,3276.800,5158.600,500.400,0.851,0.345,98.799,0.005,0.0,0.0,1493126044.035,
1.366,0.551,98.053,0.010,0.0,0.020,0.0,2457.600,256650.600,161081048.400,0.0,0.0,7986.600,701.600,0.200,0.0,0.0,2503360512.0,1794048.0,15615553536.0,1.50659485696e+11,0.0,0.0,0.0,2457.600,7985.600,701.400,1.371,0.545,98.053,0.010,0.0,0.020,1493126049.035,
1.261,0.495,98.229,0.0,0.0,0.015,0.0,0.0,217679.600,137131037.400,0.0,0.0,5794.200,594.800,0.600,0.0,0.0,2552967168.0,1794048.0,15615553536.0,1.5060987904e+11,0.0,0.0,0.0,0.0,5790.800,594.800,1.256,0.495,98.233,0.0,0.0,0.015,1493126054.035,
1.331,0.581,98.073,0.005,0.0,0.010,0.0,2457.600,236346.800,154565291.200,0.0,0.0,7070.0,658.0,0.400,0.0,0.0,2552279040.0,1802240.0,15615557632.0,1.5061055488e+11,0.0,0.0,0.0,2457.600,7068.800,658.0,1.331,0.581,98.073,0.005,0.0,0.010,1493126059.035,
0.796,0.355,98.844,0.0,0.0,0.005,0.0,0.0,131359.600,103730167.800,0.0,0.0,4362.400,513.800,1.0,0.0,0.0,2507886592.0,1802240.0,15615557632.0,1.50654947328e+11,0.0,0.0,0.0,0.0,4363.0,514.200,0.796,0.360,98.839,0.0,0.0,0.005,1493126064.035,
1.056,0.425,98.504,0.010,0.0,0.005,0.0,2457.600,167545.0,118963916.0,0.0,0.0,5162.800,569.400,0.800,0.0,0.0,2529763328.0,1810432.0,15615557632.0,1.506330624e+11,0.0,0.0,0.0,2457.600,5162.400,569.0,1.056,0.420,98.509,0.010,0.0,0.005,1493126069.035,
0.726,0.275,98.994,0.0,0.0,0.005,0.0,0.0,114925.800,87469327.0,0.0,0.0,3688.600,412.600,0.200,0.0,0.0,2488795136.0,1810432.0,15615557632.0,1.50674030592e+11,0.0,0.0,0.0,0.0,3688.400,412.600,0.731,0.275,98.989,0.0,0.0,0.005,1493126074.035,
0.751,0.285,98.954,0.010,0.0,0.0,0.0,4096.0,104287.0,75162575.200,0.0,0.0,3476.0,472.400,0.200,0.0,0.0,2547572736.0,1818624.0,15615557632.0,1.506152448e+11,0.0,0.0,0.0,4096.0,3477.200,472.400,0.745,0.290,98.954,0.010,0.0,0.0,1493126079.035,
1.056,0.460,98.469,0.0,0.0,0.015,0.0,4915.200,191135.800,132693167.400,0.0,0.0,5737.400,585.600,0.800,0.0,0.0,2507505664.0,1826816.0,15615557632.0,1.5065530368e+11,0.0,0.0,0.0,4915.200,5736.200,585.600,1.056,0.460,98.469,0.0,0.0,0.015,1493126084.035,
0.970,0.385,98.639,0.0,0.0,0.005,0.0,0.0,158084.200,113579382.600,0.0,0.0,3744.400,509.800,0.600,0.0,0.0,2488197120.0,1826816.0,15615557632.0,1.50674612224e+11,0.0,0.0,0.0,0.0,3745.400,513.200,0.970,0.385,98.639,0.0,0.0,0.005,1493126089.035,
1.080,0.415,98.475,0.005,0.0,0.025,0.0,2457.600,145486.200,123867528.600,0.0,0.0,3131.400,567.800,0.600,0.0,0.400,2489991168.0,1835008.0,15615561728.0,1.50672805888e+11,0.0,0.0,0.0,2457.600,3130.400,564.400,1.080,0.410,98.480,0.005,0.0,0.025,1493126094.035,
0.465,0.180,99.340,0.015,0.0,0.0,0.0,7372.800,59491.400,53137856.800,0.0,0.0,1647.400,348.400,0.200,0.0,0.0,2490257408.0,1843200.0,15615561728.0,1.50672531456e+11,0.0,0.0,0.0,7372.800,1647.400,348.400,0.470,0.180,99.335,0.015,0.0,0.0,1493126099.035,
0.695,0.250,99.030,0.015,0.0,0.010,0.0,5734.400,90243.0,76665194.800,0.0,0.0,2234.400,426.200,0.400,0.0,0.0,2514853888.0,1859584.0,15615561728.0,1.50647918592e+11,0.0,0.0,0.0,5734.400,2234.800,426.200,0.695,0.250,99.030,0.015,0.0,0.010,1493126104.035,
0.730,0.270,98.999,0.0,0.0,0.0,0.0,0.0,107575.200,85542035.0,0.0,0.0,2832.200,475.400,0.200,0.0,0.0,2508021760.0,1859584.0,15615561728.0,1.5065475072e+11,0.0,0.0,0.0,0.0,2831.600,475.400,0.731,0.270,98.999,0.0,0.0,0.0,1493126109.035,
0.825,0.320,98.829,0.025,0.0,0.0,25395.200,11468.800,139648.0,94353630.600,0.0,0.0,3874.200,512.200,0.400,0.0,0.600,2487980032.0,1875968.0,15615692800.0,1.50674644992e+11,0.0,0.0,25395.200,11468.800,3874.400,512.200,0.820,0.320,98.835,0.025,0.0,0.0,1493126114.035,
0.961,0.360,98.659,0.015,0.0,0.005,0.0,7372.800,166355.200,106164800.0,0.0,0.0,4793.800,502.800,0.600,0.0,0.0,2520498176.0,1892352.0,15615692800.0,1.50642110464e+11,0.0,0.0,0.0,7372.800,4794.200,502.800,0.966,0.360,98.654,0.015,0.0,0.005,1493126119.035,
0.055,0.015,99.920,0.010,0.0,0.0,0.0,6553.600,13399.200,5904391.600,0.0,0.0,467.600,214.400,0.0,0.0,0.0,2495205376.0,1900544.0,15615692800.0,1.50667395072e+11,0.0,0.0,0.0,6553.600,467.200,214.400,0.050,0.020,99.920,0.010,0.0,0.0,1493126124.035,
