"Dstat 0.7.2 CSV output"
"Author:","Dag Wieers <dag@wieers.com>",,,,"URL:","http://dag.wieers.com/home-made/dstat/"
"Host:","client0.skyhook--8osds.skyhook-pg0.wisc.cloudlab.us",,,,"User:","jlefevre"
"Cmdline:","dstat -av --epoch --integer --noheaders --output 8osds.dstat-client0.log 5",,,,"Date:","25 Apr 2017 03:36:47 CDT"

"total cpu usage",,,,,,"dsk/total",,"net/total",,"paging",,"system",,"procs",,,"memory usage",,,,"paging",,"dsk/total",,"system",,"total cpu usage",,,,,,"epoch"
"usr","sys","idl","wai","hiq","siq","read","writ","recv","send","in","out","int","csw","run","blk","new","used","buff","cach","free","in","out","read","writ","int","csw","usr","sys","idl","wai","hiq","siq","epoch"
0.135,0.025,99.834,0.005,0.0,0.0,0.0,4096.0,54642.800,8454.800,0.0,0.0,1612.0,7266.800,0.200,0.200,1.200,5494083584.0,183869440.0,1.47584864256e+11,15517376512.0,0.0,0.0,0.0,9011.200,1612.400,7267.200,0.135,0.025,99.834,0.005,0.0,0.0,1493116442.220,
0.784,1.503,97.436,0.065,0.0,0.211,0.0,72908.800,332989509.800,487924.400,0.0,0.0,12054.800,14699.0,1.400,0.0,5.800,5694713856.0,183869440.0,1.47584905216e+11,15316705280.0,0.0,0.0,0.0,67993.600,12073.400,14707.200,0.784,1.508,97.431,0.065,0.0,0.211,1493116447.220,
1.210,4.004,94.205,0.146,0.0,0.434,0.0,203161.600,755093407.800,896027.800,0.0,0.0,22405.400,23985.0,1.800,0.0,0.0,5708382208.0,183894016.0,1.47585159168e+11,15302758400.0,0.0,0.0,0.0,203161.600,22386.400,23977.200,1.210,4.005,94.205,0.146,0.0,0.434,1493116452.220,
1.008,3.854,94.725,0.096,0.0,0.317,0.0,163840.0,713819079.0,803570.600,0.0,0.0,20248.800,21494.400,1.600,0.200,0.0,5741473792.0,183922688.0,1.475854336e+11,15269363712.0,0.0,0.0,0.0,163840.0,20254.600,21499.200,1.008,3.854,94.726,0.096,0.0,0.317,1493116457.220,
1.017,3.923,94.611,0.126,0.0,0.322,0.0,169574.400,637419831.600,646142.200,0.0,0.0,20360.0,18329.800,2.600,0.0,0.0,5710540800.0,183930880.0,1.47585695744e+11,15300026368.0,0.0,0.0,0.0,169574.400,20370.0,18343.200,1.027,3.923,94.601,0.126,0.0,0.322,1493116462.220,
1.008,3.831,94.737,0.176,0.0,0.247,0.0,190054.400,674118038.200,735005.400,0.0,0.0,18586.400,20607.200,2.0,0.0,0.0,5731700736.0,183930880.0,1.47586023424e+11,15278538752.0,0.0,0.0,0.0,190054.400,18571.400,20592.400,1.003,3.831,94.742,0.176,0.0,0.247,1493116467.220,
1.123,4.020,94.413,0.071,0.0,0.373,0.0,168755.200,675978869.200,716448.600,0.0,0.0,18591.600,20907.800,2.200,0.0,0.200,5717778432.0,183951360.0,1.47586310144e+11,15292153856.0,0.0,0.0,0.0,168755.200,18606.600,20927.200,1.119,4.021,94.418,0.071,0.0,0.373,1493116472.220,
0.891,3.896,94.750,0.035,0.0,0.428,0.0,161382.400,586930079.200,605445.400,0.0,0.0,16923.200,17807.0,2.800,0.0,0.0,5726564352.0,183951360.0,1.47586564096e+11,15283113984.0,0.0,0.0,0.0,161382.400,16908.200,17789.0,0.891,3.891,94.755,0.035,0.0,0.428,1493116477.220,
1.083,4.040,94.413,0.096,0.0,0.368,0.0,203161.600,679932644.0,720369.400,0.0,0.0,19291.600,19780.200,3.200,0.0,0.0,5708763136.0,183963648.0,1.47586842624e+11,15300624384.0,0.0,0.0,0.0,203161.600,19304.800,19805.800,1.083,4.039,94.409,0.096,0.0,0.373,1493116482.220,
1.306,3.642,94.598,0.116,0.0,0.338,0.0,158924.800,783834454.400,894014.600,0.0,0.0,27134.600,24132.0,2.800,0.200,0.200,5742231552.0,183963648.0,1.47587080192e+11,15266918400.0,0.0,0.0,0.0,158924.800,27133.600,24116.800,1.306,3.642,94.603,0.116,0.0,0.333,1493116487.220,
2.221,2.414,94.686,0.203,0.0,0.477,0.0,209715.200,1222075603.400,1679016.600,0.0,0.0,36827.0,39429.200,2.600,0.0,0.0,5747646464.0,183984128.0,1.47587403776e+11,15261159424.0,0.0,0.0,0.0,209715.200,36839.600,39442.400,2.226,2.419,94.670,0.203,0.0,0.482,1493116492.220,
1.983,2.145,95.154,0.147,0.0,0.572,0.0,208896.0,1218017814.200,1759529.0,0.0,0.0,36649.0,42595.600,1.600,0.0,0.0,5772808192.0,184020992.0,1.47587710976e+11,15235653632.0,0.0,0.0,0.0,208896.0,36632.800,42579.200,1.983,2.139,95.165,0.147,0.0,0.566,1493116497.220,
2.194,2.214,94.970,0.121,0.0,0.500,0.0,167936.0,1223363172.400,1782535.0,0.0,0.0,36900.600,42321.0,2.200,0.0,0.0,5751861248.0,184029184.0,1.47588071424e+11,15256231936.0,0.0,0.0,0.0,182681.600,36905.0,42329.200,2.189,2.219,94.970,0.121,0.0,0.500,1493116502.220,
2.007,2.230,95.025,0.152,0.0,0.586,0.0,216268.800,1214662279.0,1739974.800,0.0,0.0,36550.600,41570.600,1.600,0.0,0.0,5770928128.0,184037376.0,1.47588476928e+11,15236751360.0,0.0,0.0,0.0,201523.200,36554.0,41563.600,2.007,2.230,95.025,0.152,0.0,0.586,1493116507.220,
2.323,2.323,94.711,0.172,0.0,0.471,0.0,209715.200,1219318830.800,1701682.400,0.0,0.0,34402.400,39442.800,1.200,0.0,0.0,5780942848.0,184066048.0,1.47588747264e+11,15226437632.0,0.0,0.0,0.0,209715.200,34400.200,39458.200,2.328,2.323,94.707,0.172,0.0,0.471,1493116512.220,
2.211,2.373,94.904,0.132,0.0,0.380,0.0,176128.0,1219113662.400,1712132.800,0.0,0.0,37245.600,40373.600,2.200,0.200,0.0,5746761728.0,184074240.0,1.47589103616e+11,15260254208.0,0.0,0.0,0.0,176128.0,37245.200,40350.0,2.211,2.378,94.898,0.132,0.0,0.380,1493116517.220,
2.445,2.623,94.252,0.193,0.0,0.487,0.0,215449.600,1226334113.200,1760838.200,0.0,0.0,39135.200,38444.400,1.600,0.0,0.0,5739532288.0,184094720.0,1.47589476352e+11,15267090432.0,0.0,0.0,0.0,215449.600,39136.200,38464.600,2.445,2.612,94.263,0.193,0.0,0.487,1493116522.220,
2.121,2.192,94.871,0.319,0.0,0.496,0.0,5165875.200,1223640978.200,1732040.800,0.0,0.0,36152.0,43239.400,2.0,0.200,0.0,5757038592.0,184107008.0,1.475823616e+11,15256686592.0,0.0,0.0,0.0,5165875.200,36151.0,43241.200,2.116,2.197,94.871,0.319,0.0,0.496,1493116527.220,
2.124,2.362,94.966,0.137,0.0,0.411,0.0,176128.0,1223667205.0,1783140.0,0.0,0.0,38236.0,41031.800,2.200,0.200,0.0,5741166592.0,184127488.0,1.47582685184e+11,15272214528.0,0.0,0.0,0.0,176128.0,38235.600,41010.600,2.129,2.357,94.966,0.137,0.0,0.411,1493116532.220,
2.114,2.454,94.834,0.106,0.0,0.492,0.0,175308.800,1210813213.600,1632120.800,0.0,0.0,35880.200,37904.800,1.800,0.0,0.0,5750550528.0,184139776.0,1.47583033344e+11,15262470144.0,0.0,0.0,0.0,175308.800,35872.800,37902.800,2.109,2.459,94.834,0.106,0.0,0.492,1493116537.220,
2.214,2.361,94.731,0.152,0.0,0.542,0.0,210534.400,1217655381.600,1598927.0,0.0,0.0,33313.0,37627.800,3.0,0.0,0.0,5768257536.0,184156160.0,1.47583348736e+11,15244431360.0,0.0,0.0,0.0,210534.400,33322.400,37644.800,2.219,2.360,94.727,0.152,0.0,0.542,1493116542.220,
2.273,2.394,94.656,0.111,0.0,0.566,0.0,174489.600,1223971063.400,1688281.600,0.0,0.0,34843.200,39939.200,2.200,0.200,0.0,5755342848.0,184156160.0,1.47583684608e+11,15257010176.0,0.0,0.0,0.0,174489.600,34841.400,39933.0,2.268,2.389,94.665,0.111,0.0,0.566,1493116547.220,
2.123,2.305,94.708,0.136,0.0,0.728,0.0,215449.600,1226256561.400,1714389.800,0.0,0.0,34620.400,40451.400,1.600,0.0,0.0,5774323712.0,184180736.0,1.47584065536e+11,15237623808.0,0.0,0.0,0.0,215449.600,34618.600,40450.400,2.123,2.310,94.703,0.136,0.0,0.728,1493116552.220,
2.188,2.335,94.910,0.096,0.0,0.471,0.0,205619.200,1223895012.600,1726503.400,0.0,0.0,34357.200,40450.200,2.600,0.0,0.0,5739393024.0,184184832.0,1.47584376832e+11,15272239104.0,0.0,0.0,0.0,205619.200,34357.0,40460.0,2.188,2.330,94.914,0.096,0.0,0.471,1493116557.220,
2.317,2.495,94.757,0.030,0.0,0.401,0.0,169574.400,1220762123.600,1683460.200,0.0,0.0,36316.800,38523.800,1.200,0.200,0.0,5747957760.0,184209408.0,1.47584688128e+11,15263338496.0,0.0,0.0,0.0,169574.400,36323.0,38521.200,2.322,2.495,94.752,0.030,0.0,0.401,1493116562.220,
2.379,2.435,94.592,0.117,0.0,0.477,0.0,187596.800,1214256630.600,1652703.400,0.0,0.0,34697.200,37673.600,2.0,0.0,0.0,5777420288.0,184209408.0,1.47585019904e+11,15233544192.0,0.0,0.0,0.0,187596.800,34688.400,37658.400,2.379,2.435,94.592,0.117,0.0,0.477,1493116567.220,
2.052,2.285,94.889,0.142,0.0,0.632,0.0,215449.600,1215252735.800,1680765.400,0.0,0.0,36353.400,39619.800,2.400,0.0,0.0,5758062592.0,184221696.0,1.47585396736e+11,15252512768.0,0.0,0.0,0.0,215449.600,36355.600,39630.200,2.048,2.285,94.894,0.142,0.0,0.632,1493116572.220,
2.161,2.263,94.923,0.111,0.0,0.542,0.0,172032.0,1211332283.200,1630721.800,0.0,0.0,34395.800,39594.200,2.0,0.200,0.0,5762785280.0,184229888.0,1.47585732608e+11,15247446016.0,0.0,0.0,0.0,172032.0,34396.200,39593.600,2.166,2.268,94.913,0.111,0.0,0.542,1493116577.220,
2.018,2.205,95.084,0.177,0.0,0.516,0.0,210534.400,1219712044.200,1767439.200,0.0,0.0,35879.400,41416.0,3.0,0.0,0.0,5737115648.0,184246272.0,1.4758602752e+11,15272804352.0,0.0,0.0,0.0,210534.400,35883.400,41407.0,2.018,2.205,95.084,0.177,0.0,0.516,1493116582.220,
0.725,0.846,98.212,0.091,0.0,0.126,0.0,217088.0,473821754.600,552007.800,0.0,0.0,12065.400,17526.0,0.800,0.0,1.0,5500313600.0,184270848.0,1.47586347008e+11,15509262336.0,0.0,0.0,0.0,217088.0,12048.800,17527.0,0.720,0.841,98.222,0.091,0.0,0.126,1493116587.220,
