"Dstat 0.7.2 CSV output"
"Author:","Dag Wieers <dag@wieers.com>",,,,"URL:","http://dag.wieers.com/home-made/dstat/"
"Host:","osd0.skyhook--8osds.skyhook-pg0.wisc.cloudlab.us",,,,"User:","jlefevre"
"Cmdline:","dstat -av --epoch --integer --noheaders --output 8osds.dstat-osd0.log 5",,,,"Date:","25 Apr 2017 03:36:54 CDT"

"total cpu usage",,,,,,"dsk/total",,"net/total",,"paging",,"system",,"procs",,,"memory usage",,,,"paging",,"dsk/total",,"system",,"total cpu usage",,,,,,"epoch"
"usr","sys","idl","wai","hiq","siq","read","writ","recv","send","in","out","int","csw","run","blk","new","used","buff","cach","free","in","out","read","writ","int","csw","usr","sys","idl","wai","hiq","siq","epoch"
0.020,0.0,99.965,0.015,0.0,0.0,0.0,10649.600,7152.800,9334.200,0.0,0.0,244.600,254.800,0.0,0.0,0.400,2446708736.0,1515520.0,122613760.0,1.66209355776e+11,0.0,0.0,0.0,10649.600,244.600,254.800,0.020,0.005,99.960,0.015,0.0,0.0,1493114719.035,
0.260,0.761,96.571,2.388,0.0,0.020,260073881.600,7372.800,18959.400,21193.800,0.0,0.0,2626.0,4662.600,0.400,0.800,0.800,2447966208.0,1531904.0,1422393344.0,1.64908302336e+11,0.0,0.0,260283596.800,7372.800,2627.600,4664.800,0.260,0.761,96.571,2.388,0.0,0.020,1493114724.034,
0.305,0.901,96.125,2.648,0.0,0.020,318133862.400,8192.0,20094.400,21702.800,0.0,0.0,3210.800,5601.400,0.800,1.400,0.800,2433728512.0,1540096.0,3011035136.0,1.63333890048e+11,0.0,0.0,317924147.200,8192.0,3209.400,5599.200,0.305,0.896,96.130,2.648,0.0,0.020,1493114729.035,
0.220,0.716,97.342,1.707,0.0,0.015,254815436.800,15564.800,18439.200,20589.800,0.0,0.0,2631.0,4533.400,0.200,1.0,0.400,2439417856.0,1556480.0,4286361600.0,1.62052857856e+11,0.0,0.0,255025152.0,15564.800,2632.600,4538.0,0.225,0.716,97.337,1.707,0.0,0.015,1493114734.035,
0.320,0.891,96.019,2.739,0.0,0.030,330219520.0,9830.400,23561.800,25167.400,0.0,0.0,3321.600,5858.600,0.200,3.200,1.200,2460184576.0,1564672.0,5937696768.0,1.60380747776e+11,0.0,0.0,330245734.400,9830.400,3321.200,5857.200,0.315,0.891,96.019,2.744,0.0,0.030,1493114739.035,
0.295,0.886,95.766,3.028,0.0,0.025,319650201.600,16384.0,21251.0,23197.0,0.0,0.0,3164.200,5615.200,0.800,2.200,0.400,2469543936.0,1581056.0,7536427008.0,1.58772641792e+11,0.0,0.0,319676416.0,16384.0,3164.600,5614.800,0.300,0.891,95.757,3.027,0.0,0.025,1493114744.035,
0.291,0.852,96.063,2.775,0.0,0.020,324814438.400,8192.0,22495.0,24418.400,0.0,0.0,3245.0,5810.400,0.400,2.0,0.800,2470875136.0,1589248.0,9161814016.0,1.57145915392e+11,0.0,0.0,324840652.800,8192.0,3245.400,5811.0,0.291,0.847,96.066,2.776,0.0,0.020,1493114749.035,
0.321,0.972,94.986,3.702,0.0,0.020,372348518.400,7372.800,21231.800,23370.400,0.0,0.0,3592.600,6452.0,0.600,1.0,1.200,2459504640.0,1605632.0,11021783040.0,1.5529730048e+11,0.0,0.0,372269875.200,7372.800,3591.600,6451.400,0.316,0.972,94.995,3.697,0.0,0.020,1493114754.035,
0.316,0.892,95.572,3.216,0.0,0.005,348626124.800,10649.600,21311.800,22911.200,0.0,0.0,3366.800,6062.200,0.600,2.400,0.0,2470166528.0,1613824.0,12765556736.0,1.53542856704e+11,0.0,0.0,348720332.800,10649.600,3369.200,6065.800,0.315,0.891,95.568,3.220,0.0,0.005,1493114759.035,
0.341,0.901,94.947,3.786,0.0,0.025,344248320.0,2457.600,21642.200,24516.800,0.0,0.0,3404.200,6088.200,1.400,1.800,0.800,2458230784.0,1622016.0,14487642112.0,1.5183269888e+11,0.0,0.0,344154112.0,2457.600,3402.0,6084.400,0.341,0.902,94.946,3.787,0.0,0.025,1493114764.035,
0.185,0.610,97.709,1.490,0.0,0.005,209886412.800,7372.800,14804.200,17781.600,0.0,0.0,2093.600,3711.400,0.200,1.0,0.0,2453135360.0,1630208.0,15536730112.0,1.50788698112e+11,0.0,0.0,209676697.600,7372.800,2092.400,3708.800,0.185,0.610,97.714,1.486,0.0,0.005,1493114769.035,
