"Dstat 0.7.2 CSV output"
"Author:","Dag Wieers <dag@wieers.com>",,,,"URL:","http://dag.wieers.com/home-made/dstat/"
"Host:","osd0.skyhook--8osds.skyhook-pg0.wisc.cloudlab.us",,,,"User:","jlefevre"
"Cmdline:","dstat -av --epoch --integer --noheaders --output 8osds.dstat-osd0.log 5",,,,"Date:","25 Apr 2017 03:36:54 CDT"

"total cpu usage",,,,,,"dsk/total",,"net/total",,"paging",,"system",,"procs",,,"memory usage",,,,"paging",,"dsk/total",,"system",,"total cpu usage",,,,,,"epoch"
"usr","sys","idl","wai","hiq","siq","read","writ","recv","send","in","out","int","csw","run","blk","new","used","buff","cach","free","in","out","read","writ","int","csw","usr","sys","idl","wai","hiq","siq","epoch"
0.010,0.005,99.985,0.0,0.0,0.0,0.0,2457.600,8852.200,9305.600,0.0,0.0,224.0,191.400,0.0,0.0,0.0,2444378112.0,1400832.0,130875392.0,1.66203539456e+11,0.0,0.0,0.0,2457.600,224.600,191.400,0.010,0.005,99.985,0.0,0.0,0.0,1493117319.035,
0.220,0.495,97.588,1.687,0.0,0.010,207742566.400,0.0,16758.400,17253.800,0.0,0.0,2083.0,3634.200,0.200,3.200,0.0,2463178752.0,1400832.0,1170391040.0,1.65145223168e+11,0.0,0.0,208004710.400,0.0,2084.0,3636.800,0.220,0.495,97.588,1.686,0.0,0.010,1493117324.035,
0.300,0.836,96.152,2.697,0.0,0.015,332426444.800,2457.600,20560.400,21399.400,0.0,0.0,3166.800,5627.600,0.200,2.400,0.0,2464931840.0,1409024.0,2831990784.0,1.63481862144e+11,0.0,0.0,332374016.0,2457.600,3167.0,5626.600,0.300,0.836,96.147,2.702,0.0,0.015,1493117329.035,
0.215,0.621,97.308,1.832,0.0,0.025,260854579.200,0.0,20506.600,21485.0,0.0,0.0,2579.600,4516.400,0.600,0.800,0.0,2441662464.0,1409024.0,4135952384.0,1.6220116992e+11,0.0,0.0,260644864.0,0.0,2577.800,4514.800,0.220,0.616,97.313,1.827,0.0,0.025,1493117334.035,
0.240,0.701,96.498,2.545,0.0,0.015,322020147.200,4096.0,33101.0,22123.400,0.0,0.0,3251.400,5510.200,0.800,2.0,0.0,2461929472.0,1417216.0,5746520064.0,1.6057032704e+11,0.0,0.0,322192998.400,4096.0,3252.800,5512.800,0.240,0.701,96.493,2.550,0.0,0.015,1493117339.035,
0.270,0.771,96.335,2.593,0.0,0.030,325632000.0,819.200,19745.400,21102.400,0.0,0.0,3114.0,5553.0,0.400,1.600,0.0,2459136000.0,1417216.0,7373492224.0,1.58946148352e+11,0.0,0.0,325668864.0,819.200,3113.800,5552.800,0.265,0.771,96.346,2.588,0.0,0.030,1493117344.035,
0.245,0.726,96.877,2.132,0.0,0.020,300404736.0,2457.600,20472.400,21544.0,0.0,0.0,2892.800,5126.800,1.0,1.800,0.0,2471038976.0,1425408.0,8873660416.0,1.57434068992e+11,0.0,0.0,300404736.0,2457.600,2893.400,5127.400,0.250,0.726,96.872,2.132,0.0,0.020,1493117349.035,
0.326,0.847,95.442,3.361,0.0,0.025,380520857.600,0.0,23856.600,23968.800,0.0,0.0,3623.200,6462.200,0.600,3.200,0.0,2472914944.0,1425408.0,10777829376.0,1.55528024064e+11,0.0,0.0,380547072.0,0.0,3623.200,6461.600,0.326,0.847,95.437,3.366,0.0,0.025,1493117354.035,
0.281,0.796,96.494,2.414,0.0,0.015,337081958.400,2457.600,20645.600,21199.200,0.0,0.0,3276.600,5707.400,0.400,1.800,0.0,2480852992.0,1433600.0,12462059520.0,1.5383584768e+11,0.0,0.0,337081958.400,2457.600,3276.800,5708.0,0.281,0.796,96.499,2.409,0.0,0.015,1493117359.035,
0.306,0.902,94.850,3.932,0.0,0.010,369601740.800,0.0,22054.800,22340.800,0.0,0.0,3520.800,6268.0,0.400,2.600,0.0,2512896000.0,1433600.0,14310674432.0,1.5195518976e+11,0.0,0.0,369591091.200,0.0,3521.0,6267.200,0.311,0.902,94.841,3.937,0.0,0.010,1493117364.035,
0.215,0.571,97.617,1.577,0.0,0.020,246539059.200,2457.600,17760.400,19246.600,0.0,0.0,2410.0,4249.600,0.200,0.800,0.400,2471272448.0,1441792.0,15544004608.0,1.50763474944e+11,0.0,0.0,246313779.200,2457.600,2407.800,4247.400,0.205,0.571,97.632,1.572,0.0,0.020,1493117369.035,
0.010,0.010,99.975,0.0,0.0,0.005,0.0,0.0,10265.200,11842.200,0.0,0.0,255.0,229.800,0.0,0.0,0.0,2469658624.0,1441792.0,15544999936.0,1.5076409344e+11,0.0,0.0,0.0,0.0,255.0,229.800,0.010,0.010,99.975,0.0,0.0,0.005,1493117374.035,
