"Dstat 0.7.2 CSV output"
"Author:","Dag Wieers <dag@wieers.com>",,,,"URL:","http://dag.wieers.com/home-made/dstat/"
"Host:","osd1.skyhook--8osds.skyhook-pg0.wisc.cloudlab.us",,,,"User:","jlefevre"
"Cmdline:","dstat -av --epoch --integer --noheaders --output 8osds.dstat-osd1.log 5",,,,"Date:","25 Apr 2017 03:37:00 CDT"

"total cpu usage",,,,,,"dsk/total",,"net/total",,"paging",,"system",,"procs",,,"memory usage",,,,"paging",,"dsk/total",,"system",,"total cpu usage",,,,,,"epoch"
"usr","sys","idl","wai","hiq","siq","read","writ","recv","send","in","out","int","csw","run","blk","new","used","buff","cach","free","in","out","read","writ","int","csw","usr","sys","idl","wai","hiq","siq","epoch"
0.005,0.015,99.975,0.005,0.0,0.0,0.0,2457.600,4578.0,9861.800,0.0,0.0,199.200,175.400,0.0,0.0,0.0,2445348864.0,1363968.0,201003008.0,1.66132477952e+11,0.0,0.0,0.0,2457.600,199.200,175.400,0.005,0.015,99.975,0.005,0.0,0.0,1493125545.344,
0.886,0.530,97.833,0.736,0.0,0.015,96582860.800,0.0,161279.600,94344777.800,0.0,0.0,4907.0,1947.0,0.600,0.400,0.0,2489380864.0,1363968.0,684294144.0,1.65605154816e+11,0.0,0.0,96792576.0,0.0,4912.0,1949.400,0.886,0.530,97.833,0.736,0.0,0.015,1493125550.344,
1.431,0.751,97.012,0.781,0.0,0.025,157266739.200,2457.600,253467.400,160721991.0,0.0,0.0,9155.0,2936.800,1.0,0.600,0.400,2546229248.0,1372160.0,1469464576.0,1.64763127808e+11,0.0,0.0,157057024.0,2457.600,9157.0,2936.800,1.436,0.751,97.007,0.781,0.0,0.025,1493125555.344,
0.931,0.441,98.127,0.486,0.0,0.015,101538201.600,0.0,179453.600,116498908.800,0.0,0.0,6527.600,1978.0,0.400,0.200,0.0,2442362880.0,1372160.0,1977987072.0,1.6435847168e+11,0.0,0.0,101538201.600,0.0,6520.400,1975.600,0.926,0.441,98.133,0.486,0.0,0.015,1493125560.344,
1.212,0.606,97.587,0.566,0.0,0.030,138283417.600,7372.800,214066.0,131427001.200,0.0,0.0,7128.200,2653.800,0.400,0.600,0.0,2520473600.0,1388544.0,2669924352.0,1.63588407296e+11,0.0,0.0,138466918.400,7372.800,7132.600,2655.600,1.212,0.606,97.591,0.561,0.0,0.030,1493125565.344,
1.282,0.621,97.211,0.861,0.0,0.025,143767142.400,819.200,261629.600,159882242.200,0.0,0.0,8306.0,2739.400,1.0,0.400,0.0,2464690176.0,1388544.0,3387555840.0,1.62926559232e+11,0.0,0.0,143583641.600,819.200,8306.800,2739.200,1.282,0.621,97.206,0.866,0.0,0.025,1493125570.344,
1.011,0.476,97.877,0.611,0.0,0.025,115666124.800,2457.600,209102.800,121057653.800,0.0,0.0,7314.200,2261.400,0.200,0.800,0.200,2465345536.0,1396736.0,3966263296.0,1.62347188224e+11,0.0,0.0,115770982.400,2457.600,7314.600,2261.400,1.011,0.481,97.872,0.611,0.0,0.025,1493125575.344,
1.216,0.630,97.393,0.745,0.0,0.015,129743257.600,0.0,217251.800,139106740.600,0.0,0.0,7707.600,2488.600,0.600,0.0,0.0,2446233600.0,1396736.0,4615245824.0,1.61717317632e+11,0.0,0.0,129638400.0,0.0,7702.200,2487.0,1.221,0.625,97.394,0.745,0.0,0.015,1493125580.344,
1.372,0.636,97.146,0.816,0.0,0.030,145811865.600,2457.600,224653.200,145741171.400,0.0,0.0,8232.200,2690.600,0.800,0.400,0.0,2505216000.0,1404928.0,5344968704.0,1.6092860416e+11,0.0,0.0,145995366.400,2457.600,8233.0,2692.600,1.372,0.636,97.146,0.816,0.0,0.030,1493125585.344,
1.222,0.576,97.522,0.656,0.0,0.025,133418188.800,0.0,219031.0,143400245.400,0.0,0.0,7945.200,2535.600,0.800,0.200,0.0,2469658624.0,1404928.0,6011527168.0,1.60297603072e+11,0.0,0.0,133234688.0,0.0,7952.400,2533.600,1.217,0.576,97.527,0.656,0.0,0.025,1493125590.344,
1.557,0.776,96.732,0.896,0.0,0.040,174871347.200,2457.600,265034.0,176455674.400,0.0,0.0,9858.800,3271.600,1.0,0.200,0.0,2504962048.0,1413120.0,6884569088.0,1.59389249536e+11,0.0,0.0,174871347.200,2457.600,9854.600,3272.0,1.562,0.776,96.727,0.896,0.0,0.040,1493125595.344,
1.172,0.581,97.452,0.791,0.0,0.005,128443187.200,0.0,213990.600,134924142.0,0.0,0.0,6973.800,2483.400,0.800,0.400,0.0,2514853888.0,1413120.0,7528439808.0,1.58735486976e+11,0.0,0.0,128600473.600,0.0,6974.0,2484.400,1.167,0.581,97.457,0.791,0.0,0.005,1493125600.344,
1.366,0.691,97.077,0.846,0.0,0.020,150786867.200,4096.0,244876.800,152471906.800,0.0,0.0,6997.0,2830.600,0.800,0.0,0.0,2545893376.0,1421312.0,8281980928.0,1.57950898176e+11,0.0,0.0,150629580.800,4096.0,6996.0,2830.400,1.371,0.691,97.072,0.846,0.0,0.020,1493125605.344,
1.186,0.535,97.328,0.911,0.0,0.040,134057984.0,4915.200,219720.400,145262850.200,0.0,0.0,5566.200,2525.800,0.600,0.600,0.0,2514604032.0,1429504.0,8952553472.0,1.57311606784e+11,0.0,0.0,134241484.800,4915.200,5566.400,2527.400,1.186,0.535,97.328,0.911,0.0,0.040,1493125610.344,
1.096,0.425,97.828,0.616,0.0,0.035,114146508.800,0.0,191742.400,127937569.200,0.0,0.0,5080.600,2147.200,0.800,0.400,0.0,2458005504.0,1429504.0,9522810880.0,1.56797947904e+11,0.0,0.0,113963008.0,0.0,5077.200,2144.400,1.096,0.425,97.828,0.616,0.0,0.035,1493125615.344,
1.211,0.511,97.527,0.726,0.0,0.025,132563763.200,2457.600,196754.600,138598463.600,0.0,0.0,5453.400,2507.200,0.600,0.800,0.0,2459701248.0,1437696.0,10185863168.0,1.5613319168e+11,0.0,0.0,132563763.200,2457.600,5453.400,2507.600,1.211,0.511,97.527,0.726,0.0,0.025,1493125620.344,
1.141,0.535,97.663,0.641,0.0,0.020,127315968.0,0.0,202633.400,126388645.0,0.0,0.0,5447.400,2380.0,0.200,0.600,0.0,2514132992.0,1437696.0,10821750784.0,1.5544287232e+11,0.0,0.0,127525683.200,0.0,5450.400,2382.200,1.141,0.535,97.658,0.640,0.0,0.025,1493125625.344,
1.156,0.470,97.668,0.691,0.0,0.015,126802329.600,2457.600,201808.200,136054522.200,0.0,0.0,5298.400,2375.0,1.0,0.600,0.0,2480844800.0,1445888.0,11457810432.0,1.54840092672e+11,0.0,0.0,126828544.0,2457.600,5297.0,2375.600,1.151,0.471,97.672,0.696,0.0,0.010,1493125630.344,
0.991,0.440,97.918,0.636,0.0,0.015,109711360.0,0.0,159318.400,113467642.600,0.0,0.0,4381.0,2102.600,0.600,0.200,0.0,2496020480.0,1445888.0,12004331520.0,1.54278395904e+11,0.0,0.0,109490995.200,0.0,4384.800,2101.200,0.996,0.440,97.918,0.631,0.0,0.015,1493125635.344,
1.322,0.561,97.157,0.931,0.0,0.030,146954649.600,3276.800,217449.0,151755106.0,0.0,0.0,5928.600,2825.0,0.600,0.800,0.0,2498113536.0,1454080.0,12740665344.0,1.53539960832e+11,0.0,0.0,147175014.400,3276.800,5926.400,2826.0,1.317,0.566,97.147,0.941,0.0,0.030,1493125640.344,
0.881,0.410,98.164,0.525,0.0,0.020,97197260.800,4915.200,159768.200,104233929.600,0.0,0.0,4299.200,1875.800,0.200,0.400,0.0,2493026304.0,1462272.0,13226291200.0,1.53059414016e+11,0.0,0.0,97144832.0,4915.200,4300.600,1875.200,0.886,0.405,98.174,0.515,0.0,0.020,1493125645.344,
0.946,0.405,98.048,0.586,0.0,0.015,106269900.800,0.0,167346.400,110143344.200,0.0,0.0,4491.200,2032.600,0.400,0.600,0.200,2509164544.0,1462272.0,13757464576.0,1.525121024e+11,0.0,0.0,106243686.400,0.0,4489.0,2032.800,0.946,0.410,98.043,0.586,0.0,0.015,1493125650.344,
1.011,0.480,97.769,0.720,0.0,0.020,116138803.200,4915.200,208678.400,119082347.200,0.0,0.0,5521.800,2311.600,0.400,0.800,0.0,2513625088.0,1478656.0,14338625536.0,1.51926464512e+11,0.0,0.0,116191232.0,4915.200,5520.400,2310.400,1.006,0.480,97.768,0.726,0.0,0.020,1493125655.344,
0.986,0.465,97.958,0.581,0.0,0.010,108961792.0,819.200,176255.400,116608755.200,0.0,0.0,6329.800,2033.0,0.400,0.600,0.0,2510147584.0,1478656.0,14882832384.0,1.51385735168e+11,0.0,0.0,108988006.400,819.200,6335.400,2034.600,0.986,0.460,97.963,0.580,0.0,0.010,1493125660.344,
1.222,0.536,97.336,0.891,0.0,0.015,135766835.200,2457.600,232687.0,137822734.0,0.0,0.0,7941.0,2570.0,0.400,0.200,0.0,2529341440.0,1486848.0,15561543680.0,1.50687821824e+11,0.0,0.0,135688192.0,2457.600,7941.600,2570.400,1.227,0.536,97.336,0.886,0.0,0.015,1493125665.344,
0.831,0.405,98.284,0.470,0.0,0.010,92575334.400,0.0,171782.200,105375030.800,0.0,0.0,5954.600,1829.800,0.200,0.0,0.0,2478628864.0,1486848.0,16024219648.0,1.50275858432e+11,0.0,0.0,92418048.0,0.0,5947.400,1826.600,0.826,0.405,98.289,0.470,0.0,0.010,1493125670.344,
0.010,0.010,99.975,0.005,0.0,0.0,0.0,4096.0,4108.800,11251.800,0.0,0.0,201.200,188.800,0.0,0.0,0.0,2477936640.0,1495040.0,16024219648.0,1.50276542464e+11,0.0,0.0,0.0,4096.0,201.400,188.800,0.010,0.010,99.975,0.005,0.0,0.0,1493125675.344,
