"Dstat 0.7.2 CSV output"
"Author:","Dag Wieers <dag@wieers.com>",,,,"URL:","http://dag.wieers.com/home-made/dstat/"
"Host:","osd0.skyhook--8osds.skyhook-pg0.wisc.cloudlab.us",,,,"User:","jlefevre"
"Cmdline:","dstat -av --epoch --integer --noheaders --output 8osds.dstat-osd0.log 5",,,,"Date:","25 Apr 2017 03:36:54 CDT"

"total cpu usage",,,,,,"dsk/total",,"net/total",,"paging",,"system",,"procs",,,"memory usage",,,,"paging",,"dsk/total",,"system",,"total cpu usage",,,,,,"epoch"
"usr","sys","idl","wai","hiq","siq","read","writ","recv","send","in","out","int","csw","run","blk","new","used","buff","cach","free","in","out","read","writ","int","csw","usr","sys","idl","wai","hiq","siq","epoch"
0.010,0.005,99.980,0.005,0.0,0.0,0.0,2457.600,5616.400,8903.400,0.0,0.0,195.0,202.200,0.0,0.0,0.0,2462367744.0,1236992.0,201404416.0,1.6611518464e+11,0.0,0.0,0.0,2457.600,194.800,202.200,0.010,0.010,99.975,0.005,0.0,0.0,1493122754.035,
0.050,0.070,99.555,0.325,0.0,0.0,22564044.800,0.0,11392.800,3510892.800,0.0,0.0,589.600,579.200,0.0,0.0,0.0,2556231680.0,1236992.0,313982976.0,1.65908742144e+11,0.0,0.0,22564044.800,0.0,598.400,579.200,0.050,0.070,99.555,0.325,0.0,0.0,1493122759.035,
0.045,0.170,99.685,0.095,0.0,0.005,42307584.0,2457.600,62724.400,64346300.600,0.0,0.0,2636.200,1033.400,0.0,0.200,0.0,2451599360.0,1245184.0,525762560.0,1.65801586688e+11,0.0,0.0,42307584.0,2457.600,2627.400,1033.400,0.045,0.165,99.690,0.095,0.0,0.005,1493122764.035,
0.060,0.150,99.620,0.165,0.0,0.005,47948595.200,0.0,38530.400,47482760.800,0.0,0.0,1712.800,1015.0,0.0,0.0,0.0,2467672064.0,1245184.0,764358656.0,1.65546917888e+11,0.0,0.0,47948595.200,0.0,1712.800,1015.0,0.065,0.150,99.615,0.165,0.0,0.005,1493122769.035,
0.050,0.135,99.700,0.110,0.0,0.005,45134643.200,5734.400,38675.600,47306544.400,0.0,0.0,1562.600,961.600,0.400,0.0,0.200,2469621760.0,1253376.0,990273536.0,1.6531904512e+11,0.0,0.0,45134643.200,5734.400,1565.200,961.600,0.045,0.140,99.700,0.110,0.0,0.005,1493122774.035,
0.045,0.140,99.660,0.150,0.0,0.005,45128089.600,819.200,37042.200,49787885.400,0.0,0.0,1656.200,921.400,0.0,0.0,0.0,2450468864.0,1253376.0,1217081344.0,1.65111390208e+11,0.0,0.0,45128089.600,819.200,1653.600,921.400,0.045,0.135,99.665,0.150,0.0,0.005,1493122779.035,
0.045,0.140,99.650,0.165,0.0,0.0,47948595.200,3276.800,32500.400,48402873.800,0.0,0.0,1564.600,999.200,0.0,0.0,0.0,2467364864.0,1261568.0,1455788032.0,1.64855779328e+11,0.0,0.0,47948595.200,3276.800,1564.600,999.200,0.050,0.140,99.645,0.165,0.0,0.0,1493122784.035,
0.065,0.185,99.500,0.245,0.0,0.005,62051123.200,0.0,61644.200,66676260.800,0.0,0.0,2305.400,1262.400,0.400,0.200,0.0,2451771392.0,1261568.0,1766182912.0,1.6456097792e+11,0.0,0.0,62051123.200,0.0,2305.400,1262.400,0.060,0.185,99.505,0.245,0.0,0.005,1493122789.035,
0.045,0.120,99.740,0.090,0.0,0.005,42310860.800,2457.600,31022.400,41730592.600,0.0,0.0,1422.200,856.600,0.0,0.0,0.0,2467307520.0,1269760.0,1977737216.0,1.64333879296e+11,0.0,0.0,42310860.800,2457.600,1432.400,857.0,0.045,0.120,99.740,0.090,0.0,0.005,1493122794.035,
0.060,0.170,99.640,0.125,0.0,0.005,50769100.800,0.0,43479.0,53947327.800,0.0,0.0,1905.0,1099.600,0.200,0.200,0.0,2468524032.0,1269760.0,2231955456.0,1.64078444544e+11,0.0,0.0,50769100.800,0.0,1902.600,1099.200,0.065,0.170,99.635,0.125,0.0,0.005,1493122799.035,
0.050,0.150,99.610,0.190,0.0,0.0,50769100.800,2457.600,43055.0,53702726.400,0.0,0.0,1840.600,1036.400,0.0,0.0,0.0,2467979264.0,1277952.0,2484920320.0,1.63826016256e+11,0.0,0.0,50769100.800,2457.600,1832.800,1036.400,0.045,0.150,99.615,0.190,0.0,0.0,1493122804.035,
0.050,0.165,99.660,0.120,0.0,0.005,53589606.400,0.0,51292.200,57135017.600,0.0,0.0,2151.800,1160.800,0.0,0.200,0.0,2450710528.0,1277952.0,2753773568.0,1.63574431744e+11,0.0,0.0,53589606.400,0.0,2152.400,1162.400,0.055,0.165,99.655,0.120,0.0,0.005,1493122809.035,
0.050,0.125,99.660,0.165,0.0,0.0,47973990.400,4096.0,44818.600,50162283.200,0.0,0.0,1825.0,1024.600,0.0,0.0,0.200,2450829312.0,1286144.0,2993246208.0,1.63334832128e+11,0.0,0.0,47973990.400,4096.0,1824.400,1023.0,0.045,0.125,99.665,0.165,0.0,0.0,1493122814.035,
0.045,0.140,99.645,0.170,0.0,0.0,45128089.600,4915.200,45691.400,43085275.600,0.0,0.0,1704.600,970.800,0.0,0.200,0.0,2480660480.0,1294336.0,3218771968.0,1.63079467008e+11,0.0,0.0,45128089.600,4915.200,1704.800,970.800,0.045,0.140,99.645,0.170,0.0,0.0,1493122819.035,
0.055,0.160,99.645,0.135,0.0,0.005,53589606.400,2457.600,56479.400,60292962.0,0.0,0.0,2259.200,1138.0,0.200,0.0,0.0,2451169280.0,1294336.0,3486949376.0,1.628407808e+11,0.0,0.0,53589606.400,2457.600,2259.200,1138.0,0.055,0.160,99.645,0.135,0.0,0.005,1493122824.035,
0.050,0.120,99.670,0.155,0.0,0.005,42307584.0,2457.600,46880.200,44242667.800,0.0,0.0,1764.0,908.400,0.200,0.400,0.0,2451644416.0,1302528.0,3698802688.0,1.6262844416e+11,0.0,0.0,42307584.0,2457.600,1764.0,908.400,0.050,0.120,99.670,0.155,0.0,0.005,1493122829.035,
0.060,0.160,99.545,0.235,0.0,0.0,59230617.600,0.0,55550.600,60567580.0,0.0,0.0,2086.0,1225.800,0.0,0.0,0.0,2469314560.0,1302528.0,3994124288.0,1.62315452416e+11,0.0,0.0,59230617.600,0.0,2087.0,1226.200,0.065,0.160,99.540,0.235,0.0,0.0,1493122834.035,
0.030,0.095,99.795,0.080,0.0,0.0,33846067.200,2457.600,31294.600,36832507.800,0.0,0.0,1339.400,752.800,0.200,0.400,0.0,2452791296.0,1310720.0,4163756032.0,1.62162335744e+11,0.0,0.0,33846067.200,2457.600,1338.200,752.400,0.025,0.095,99.800,0.080,0.0,0.0,1493122839.035,
0.040,0.090,99.755,0.110,0.0,0.005,36666572.800,0.0,37118.200,38372290.0,0.0,0.0,1567.0,840.400,0.0,0.0,0.0,2453839872.0,1310720.0,4347453440.0,1.6197758976e+11,0.0,0.0,36666572.800,0.0,1567.0,840.400,0.040,0.090,99.755,0.110,0.0,0.005,1493122844.035,
0.095,0.230,99.385,0.285,0.0,0.005,81794662.400,3276.800,81519.200,82806899.800,0.0,0.0,2723.600,1623.200,0.0,0.0,0.0,2468839424.0,1318912.0,4756365312.0,1.61553670144e+11,0.0,0.0,81794662.400,3276.800,2731.800,1623.600,0.095,0.230,99.385,0.285,0.0,0.005,1493122849.035,
0.045,0.155,99.560,0.230,0.0,0.010,56410112.0,2457.600,56147.200,57778925.800,0.0,0.0,1885.200,1156.400,0.0,0.400,0.0,2486353920.0,1327104.0,5037338624.0,1.61255174144e+11,0.0,0.0,56410112.0,2457.600,1877.200,1156.400,0.045,0.155,99.560,0.230,0.0,0.010,1493122854.035,
0.060,0.165,99.540,0.230,0.0,0.005,62051123.200,0.0,65262.0,68912317.600,0.0,0.0,2519.400,1295.0,0.200,0.200,0.0,2454953984.0,1327104.0,5348741120.0,1.60975171584e+11,0.0,0.0,62051123.200,0.0,2519.600,1295.0,0.060,0.165,99.540,0.230,0.0,0.005,1493122859.035,
0.060,0.185,99.510,0.240,0.0,0.005,70156288.0,2457.600,80291.400,70813467.200,0.0,0.0,2776.800,1420.600,0.0,0.200,0.0,2469691392.0,1335296.0,5698027520.0,1.60611139584e+11,0.0,0.0,70392217.600,2457.600,2778.400,1422.800,0.060,0.185,99.510,0.240,0.0,0.005,1493122864.035,
0.070,0.200,99.550,0.170,0.0,0.010,65227980.800,0.0,59269.800,66028849.400,0.0,0.0,2300.400,1299.600,0.200,0.0,0.0,2487635968.0,1335296.0,6025007104.0,1.60266215424e+11,0.0,0.0,64992051.200,0.0,2298.800,1297.400,0.070,0.200,99.550,0.170,0.0,0.010,1493122869.035,
0.060,0.215,99.520,0.200,0.0,0.005,70512640.0,2457.600,79069.0,78539872.800,0.0,0.0,3054.200,1408.600,0.400,0.200,0.0,2456739840.0,1343488.0,6378999808.0,1.59943110656e+11,0.0,0.0,70512640.0,2457.600,3054.0,1408.600,0.060,0.215,99.519,0.200,0.0,0.005,1493122874.035,
0.060,0.175,99.505,0.255,0.0,0.005,57537331.200,0.0,58885.800,54139585.600,0.0,0.0,2149.800,1150.800,0.0,0.400,0.0,2496614400.0,1343488.0,6664806400.0,1.59617429504e+11,0.0,0.0,57720832.0,0.0,2151.200,1153.200,0.060,0.175,99.505,0.255,0.0,0.005,1493122879.035,
0.070,0.210,99.495,0.215,0.0,0.010,72205926.400,4096.0,62838.0,75770890.400,0.0,0.0,2437.400,1433.200,0.200,0.200,0.0,2490908672.0,1351680.0,7026573312.0,1.59261360128e+11,0.0,0.0,72022425.600,4096.0,2435.800,1430.400,0.075,0.210,99.490,0.215,0.0,0.010,1493122884.035,
0.060,0.185,99.565,0.180,0.0,0.010,64871628.800,4915.200,68878.400,73625902.400,0.0,0.0,2104.600,1335.600,0.200,0.0,0.0,2458161152.0,1359872.0,7351795712.0,1.58968877056e+11,0.0,0.0,64871628.800,4915.200,2104.800,1335.600,0.055,0.185,99.570,0.180,0.0,0.010,1493122889.035,
0.055,0.135,99.690,0.110,0.0,0.010,45128089.600,2457.600,53018.600,47207022.800,0.0,0.0,1531.0,987.200,0.200,0.0,0.0,2459815936.0,1359872.0,7576571904.0,1.5874244608e+11,0.0,0.0,45128089.600,2457.600,1531.0,987.200,0.055,0.135,99.690,0.110,0.0,0.010,1493122894.035,
0.045,0.125,99.680,0.140,0.0,0.010,47948595.200,2457.600,49181.400,48562721.600,0.0,0.0,1488.200,999.800,0.200,0.0,0.0,2477281280.0,1368064.0,7816654848.0,1.584848896e+11,0.0,0.0,47948595.200,2457.600,1488.800,1000.400,0.045,0.125,99.680,0.140,0.0,0.010,1493122899.035,
0.080,0.240,99.465,0.215,0.0,0.0,76153651.200,0.0,73862.0,75592974.800,0.0,0.0,2588.600,1502.200,0.0,0.0,0.200,2494926848.0,1368064.0,8195997696.0,1.58087901184e+11,0.0,0.0,76153651.200,0.0,2588.200,1501.600,0.080,0.240,99.465,0.215,0.0,0.0,1493122904.035,
0.065,0.195,99.560,0.175,0.0,0.005,64410419.200,2457.600,78683.0,69381206.600,0.0,0.0,3013.200,1295.800,0.0,0.200,0.0,2492919808.0,1376256.0,8519127040.0,1.57766770688e+11,0.0,0.0,64620134.400,2457.600,3015.200,1298.200,0.070,0.195,99.550,0.180,0.0,0.005,1493122909.035,
0.050,0.170,99.635,0.140,0.0,0.005,51230310.400,0.0,53749.400,57238752.400,0.0,0.0,1781.200,1081.400,0.0,0.400,0.0,2463780864.0,1376256.0,8773505024.0,1.57541531648e+11,0.0,0.0,51020595.200,0.0,1779.0,1079.0,0.045,0.170,99.645,0.135,0.0,0.005,1493122914.035,
0.070,0.190,99.565,0.170,0.0,0.005,68698931.200,3276.800,69678.0,67835470.400,0.0,0.0,2119.200,1379.600,0.200,0.200,0.0,2485526528.0,1384448.0,9118081024.0,1.57175201792e+11,0.0,0.0,68908646.400,3276.800,2120.600,1382.600,0.070,0.190,99.565,0.170,0.0,0.005,1493122919.035,
0.095,0.290,99.254,0.355,0.0,0.005,92436889.600,2457.600,101420.800,97909228.0,0.0,0.0,2952.400,1842.200,0.200,0.600,0.0,2485530624.0,1392640.0,9581305856.0,1.56711964672e+11,0.0,0.0,92436889.600,2457.600,2952.400,1842.400,0.095,0.290,99.254,0.355,0.0,0.005,1493122924.035,
0.060,0.145,99.665,0.125,0.0,0.005,53222604.800,0.0,61026.600,58432149.200,0.0,0.0,1745.400,1117.400,0.0,0.0,0.0,2464313344.0,1392640.0,9846571008.0,1.564679168e+11,0.0,0.0,53012889.600,0.0,1743.800,1114.600,0.060,0.145,99.665,0.125,0.0,0.005,1493122929.035,
0.095,0.315,99.310,0.275,0.0,0.005,95897190.400,2457.600,115862.0,98730891.800,0.0,0.0,3231.600,1866.600,0.200,0.200,0.0,2482466816.0,1400832.0,10326093824.0,1.5597023232e+11,0.0,0.0,95897190.400,2457.600,3231.600,1866.200,0.100,0.315,99.305,0.275,0.0,0.005,1493122934.035,
0.070,0.145,99.555,0.220,0.0,0.010,63466700.800,0.0,74021.400,58124581.0,0.0,0.0,2054.0,1314.800,0.200,0.200,0.0,2519076864.0,1400832.0,10644275200.0,1.55615440896e+11,0.0,0.0,63676416.0,0.0,2055.600,1317.400,0.065,0.145,99.560,0.220,0.0,0.010,1493122939.035,
0.075,0.265,99.400,0.255,0.0,0.005,74738073.600,2457.600,103281.0,87612205.800,0.0,0.0,2771.0,1495.0,0.0,0.200,0.0,2470707200.0,1409024.0,11017003008.0,1.5529107456e+11,0.0,0.0,74528358.400,2457.600,2770.400,1492.400,0.075,0.265,99.400,0.255,0.0,0.005,1493122944.035,
0.055,0.140,99.625,0.180,0.0,0.0,51739033.600,0.0,60441.0,53548944.800,0.0,0.0,2185.800,1076.0,0.0,0.200,0.0,2472984576.0,1409024.0,11277234176.0,1.55028566016e+11,0.0,0.0,51948748.800,0.0,2186.400,1078.0,0.055,0.145,99.620,0.180,0.0,0.0,1493122949.035,
0.055,0.155,99.645,0.145,0.0,0.0,54403072.0,4096.0,56726.800,56043552.400,0.0,0.0,2215.800,1144.800,0.200,0.200,0.200,2482032640.0,1417216.0,11549003776.0,1.5474774016e+11,0.0,0.0,54376857.600,4096.0,2215.400,1144.600,0.060,0.150,99.640,0.150,0.0,0.0,1493122954.035,
0.080,0.175,99.520,0.215,0.0,0.010,65909555.200,8192.0,80652.200,64880352.400,0.0,0.0,2908.600,1315.800,0.200,0.200,0.0,2504290304.0,1433600.0,11877031936.0,1.54397437952e+11,0.0,0.0,65726054.400,8192.0,2908.800,1314.0,0.075,0.180,99.525,0.210,0.0,0.010,1493122959.035,
0.075,0.195,99.550,0.180,0.0,0.0,62051123.200,2457.600,91024.200,70821394.0,0.0,0.0,3171.800,1304.800,0.200,0.0,0.0,2472267776.0,1433600.0,12189102080.0,1.54117390336e+11,0.0,0.0,62051123.200,2457.600,3170.600,1304.800,0.075,0.190,99.555,0.180,0.0,0.0,1493122964.035,
0.085,0.285,99.269,0.350,0.0,0.010,93076684.800,2457.600,108278.400,91678755.200,0.0,0.0,3366.800,1868.800,0.0,0.0,0.0,2505994240.0,1441792.0,12653535232.0,1.53619222528e+11,0.0,0.0,93076684.800,2457.600,3368.800,1868.800,0.085,0.285,99.269,0.350,0.0,0.010,1493122969.035,
0.070,0.185,99.510,0.220,0.0,0.015,67692134.400,0.0,77264.400,75684641.600,0.0,0.0,2110.200,1296.400,0.0,0.0,0.0,2494971904.0,1441792.0,12992364544.0,1.53291415552e+11,0.0,0.0,67692134.400,0.0,2108.0,1296.400,0.075,0.185,99.505,0.220,0.0,0.015,1493122974.035,
0.110,0.315,99.264,0.300,0.0,0.010,101538201.600,2457.600,103669.800,80051570.600,0.0,0.0,3035.0,1957.800,0.200,0.0,0.0,2607800320.0,1449984.0,13499367424.0,1.52671576064e+11,0.0,0.0,101538201.600,2457.600,3035.0,1957.800,0.110,0.315,99.264,0.300,0.0,0.010,1493122979.035,
0.070,0.205,99.510,0.210,0.0,0.005,64871628.800,0.0,119896.800,94831033.800,0.0,0.0,2960.600,1354.400,0.200,0.0,0.0,2476941312.0,1449984.0,13824589824.0,1.52477212672e+11,0.0,0.0,64871628.800,0.0,2960.600,1354.400,0.065,0.205,99.515,0.210,0.0,0.005,1493122984.035,
0.065,0.165,99.529,0.240,0.0,0.0,64871628.800,4096.0,89682.0,67484617.0,0.0,0.0,2887.800,1326.200,0.0,0.200,0.0,2483183616.0,1458176.0,14147620864.0,1.52147931136e+11,0.0,0.0,64871628.800,4096.0,2888.200,1326.200,0.070,0.165,99.524,0.240,0.0,0.0,1493122989.035,
0.085,0.200,99.475,0.230,0.0,0.010,76153651.200,2457.600,100344.600,79245324.400,0.0,0.0,2697.0,1514.0,0.0,0.0,0.0,2497396736.0,1466368.0,14529306624.0,1.51752024064e+11,0.0,0.0,76153651.200,2457.600,2696.600,1514.0,0.085,0.200,99.475,0.230,0.0,0.010,1493122994.035,
0.060,0.160,99.630,0.150,0.0,0.0,50769100.800,0.0,71707.400,53925378.200,0.0,0.0,1910.400,1087.800,0.200,0.200,0.0,2480369664.0,1466368.0,14783090688.0,1.51515267072e+11,0.0,0.0,50769100.800,0.0,1910.800,1087.800,0.055,0.160,99.635,0.150,0.0,0.0,1493122999.035,
0.060,0.170,99.610,0.150,0.0,0.010,59230617.600,2457.600,65242.0,61952901.400,0.0,0.0,1863.800,1216.600,0.0,0.0,0.0,2480771072.0,1474560.0,15079124992.0,1.51218823168e+11,0.0,0.0,59230617.600,2457.600,1863.800,1216.600,0.060,0.170,99.610,0.150,0.0,0.010,1493123004.035,
0.070,0.205,99.495,0.225,0.0,0.005,70512640.0,0.0,87095.0,73739471.600,0.0,0.0,2816.800,1400.800,0.0,0.200,0.0,2481713152.0,1474560.0,15431688192.0,1.50865317888e+11,0.0,0.0,70512640.0,0.0,2816.400,1400.800,0.070,0.205,99.495,0.225,0.0,0.005,1493123009.035,
0.040,0.090,99.755,0.115,0.0,0.0,36666572.800,2457.600,48879.400,38362772.0,0.0,0.0,1821.600,838.200,0.200,0.0,0.0,2482085888.0,1482752.0,15615660032.0,1.5068096512e+11,0.0,0.0,36666572.800,2457.600,1821.600,838.200,0.040,0.095,99.750,0.115,0.0,0.0,1493123014.035,
0.020,0.005,99.975,0.0,0.0,0.0,0.0,0.0,5067.0,9080.200,0.0,0.0,180.0,196.400,0.0,0.0,0.0,2482208768.0,1482752.0,15615664128.0,1.50680838144e+11,0.0,0.0,0.0,0.0,180.0,196.400,0.020,0.0,99.980,0.0,0.0,0.0,1493123019.035,
0.015,0.010,99.965,0.010,0.0,0.0,819.200,4096.0,4814.200,8941.600,0.0,0.0,202.400,230.200,0.0,0.0,0.400,2483699712.0,1490944.0,15615672320.0,1.50679330816e+11,0.0,0.0,819.200,4096.0,202.400,230.200,0.015,0.015,99.960,0.010,0.0,0.0,1493123024.035,
