"Dstat 0.7.2 CSV output"
"Author:","Dag Wieers <dag@wieers.com>",,,,"URL:","http://dag.wieers.com/home-made/dstat/"
"Host:","osd0.skyhook--8osds.skyhook-pg0.wisc.cloudlab.us",,,,"User:","jlefevre"
"Cmdline:","dstat -av --epoch --integer --noheaders --output 8osds.dstat-osd0.log 5",,,,"Date:","25 Apr 2017 03:36:54 CDT"

"total cpu usage",,,,,,"dsk/total",,"net/total",,"paging",,"system",,"procs",,,"memory usage",,,,"paging",,"dsk/total",,"system",,"total cpu usage",,,,,,"epoch"
"usr","sys","idl","wai","hiq","siq","read","writ","recv","send","in","out","int","csw","run","blk","new","used","buff","cach","free","in","out","read","writ","int","csw","usr","sys","idl","wai","hiq","siq","epoch"
0.025,0.010,99.965,0.0,0.0,0.0,0.0,4915.200,8730.600,10954.800,0.0,0.0,287.400,284.200,0.0,0.0,0.800,2442891264.0,2240512.0,15536869376.0,1.5079819264e+11,0.0,0.0,0.0,4915.200,287.400,284.200,0.025,0.010,99.965,0.0,0.0,0.0,1493113739.035,
0.045,0.075,99.855,0.025,0.0,0.0,0.0,8192.0,8175.600,610606.0,0.0,0.0,283.600,283.600,0.0,0.0,0.400,2538012672.0,2256896.0,15536881664.0,1.5070304256e+11,0.0,0.0,0.0,8192.0,284.600,283.600,0.045,0.075,99.855,0.025,0.0,0.0,1493113744.035,
0.070,0.175,99.740,0.015,0.0,0.0,0.0,9830.400,71947.800,67259908.200,0.0,0.0,2397.400,431.400,0.0,0.0,0.400,2439131136.0,2265088.0,15536881664.0,1.50801915904e+11,0.0,0.0,0.0,9830.400,2396.400,431.400,0.070,0.170,99.745,0.015,0.0,0.0,1493113749.035,
0.050,0.190,99.750,0.010,0.0,0.0,0.0,12288.0,40468.600,50144421.0,0.0,0.0,1492.400,390.0,0.0,0.0,0.400,2440912896.0,2281472.0,15536881664.0,1.5080011776e+11,0.0,0.0,0.0,12288.0,1492.400,390.0,0.050,0.190,99.750,0.010,0.0,0.0,1493113754.035,
0.060,0.185,99.745,0.005,0.0,0.005,0.0,9830.400,38338.0,51900249.400,0.0,0.0,1435.200,430.800,0.0,0.0,0.400,2475073536.0,2297856.0,15536881664.0,1.50765940736e+11,0.0,0.0,0.0,9830.400,1435.200,430.800,0.065,0.185,99.740,0.005,0.0,0.005,1493113759.035,
0.060,0.145,99.785,0.005,0.0,0.005,0.0,10649.600,34830.400,42487995.200,0.0,0.0,1178.600,386.400,0.0,0.0,0.400,2442825728.0,2306048.0,15536877568.0,1.50798184448e+11,0.0,0.0,0.0,10649.600,1178.600,386.400,0.055,0.145,99.790,0.005,0.0,0.005,1493113764.035,
0.055,0.145,99.790,0.005,0.0,0.005,0.0,2457.600,36434.800,41299046.0,0.0,0.0,1323.400,384.400,0.400,0.0,0.600,2445688832.0,2314240.0,15536889856.0,1.50795300864e+11,0.0,0.0,0.0,2457.600,1323.400,384.400,0.055,0.150,99.785,0.005,0.0,0.005,1493113769.035,
0.065,0.260,99.675,0.0,0.0,0.0,0.0,8192.0,64844.200,73746267.600,0.0,0.0,2128.400,506.600,0.400,0.0,0.400,2446958592.0,2322432.0,15536889856.0,1.50794022912e+11,0.0,0.0,0.0,8192.0,2128.400,506.600,0.070,0.255,99.675,0.0,0.0,0.0,1493113774.035,
0.060,0.125,99.805,0.010,0.0,0.0,0.0,10649.600,36224.600,41291876.0,0.0,0.0,1172.800,366.800,0.0,0.0,0.400,2447343616.0,2338816.0,15536893952.0,1.50793617408e+11,0.0,0.0,0.0,10649.600,1172.800,366.800,0.055,0.125,99.810,0.010,0.0,0.0,1493113779.035,
0.040,0.145,99.815,0.0,0.0,0.0,0.0,4915.200,30454.400,41297368.600,0.0,0.0,1101.200,338.200,0.0,0.0,0.0,2445099008.0,2347008.0,15536889856.0,1.5079585792e+11,0.0,0.0,0.0,4915.200,1101.200,338.200,0.040,0.145,99.815,0.0,0.0,0.0,1493113784.035,
0.060,0.150,99.780,0.005,0.0,0.005,0.0,6553.600,28356.400,45988992.0,0.0,0.0,1131.400,361.600,0.0,0.0,0.400,2461511680.0,2355200.0,15536889856.0,1.50779437056e+11,0.0,0.0,0.0,6553.600,1131.400,361.600,0.065,0.150,99.775,0.005,0.0,0.005,1493113789.035,
0.065,0.205,99.710,0.020,0.0,0.0,0.0,7372.800,43248.400,59876960.0,0.0,0.0,1562.800,385.600,0.400,0.0,0.400,2461065216.0,2371584.0,15536889856.0,1.50779867136e+11,0.0,0.0,0.0,7372.800,1564.0,385.600,0.060,0.205,99.715,0.020,0.0,0.0,1493113794.035,
0.040,0.125,99.825,0.010,0.0,0.0,0.0,4915.200,38085.0,41657073.800,0.0,0.0,1272.600,333.600,0.200,0.0,0.0,2453368832.0,2379776.0,15536889856.0,1.50787555328e+11,0.0,0.0,0.0,4915.200,1272.0,334.0,0.040,0.130,99.820,0.010,0.0,0.0,1493113799.034,
0.045,0.130,99.815,0.010,0.0,0.0,0.0,12288.0,32826.800,41343360.0,0.0,0.0,1175.800,409.200,0.200,0.0,0.400,2452770816.0,2396160.0,15536898048.0,1.50788128768e+11,0.0,0.0,0.0,12288.0,1175.800,409.200,0.045,0.130,99.815,0.010,0.0,0.0,1493113804.035,
0.055,0.160,99.785,0.0,0.0,0.0,0.0,0.0,44917.0,52514326.0,0.0,0.0,1610.400,355.400,0.0,0.0,0.0,2460786688.0,2396160.0,15536898048.0,1.50780112896e+11,0.0,0.0,0.0,0.0,1609.800,355.0,0.060,0.155,99.785,0.0,0.0,0.0,1493113809.035,
0.045,0.135,99.815,0.0,0.0,0.005,0.0,7372.800,29290.800,38927305.400,0.0,0.0,1083.400,304.0,0.0,0.0,0.200,2444353536.0,2412544.0,15536893952.0,1.5079653376e+11,0.0,0.0,0.0,7372.800,1083.600,304.0,0.045,0.135,99.815,0.0,0.0,0.005,1493113814.035,
0.060,0.120,99.820,0.0,0.0,0.0,0.0,4915.200,39761.200,41295891.600,0.0,0.0,1247.800,320.800,0.0,0.0,0.0,2444718080.0,2420736.0,15536893952.0,1.50796161024e+11,0.0,0.0,0.0,4915.200,1247.600,320.800,0.055,0.120,99.825,0.0,0.0,0.0,1493113819.035,
0.045,0.165,99.790,0.0,0.0,0.0,0.0,9011.200,32591.0,45315725.600,0.0,0.0,1209.400,328.600,0.400,0.0,0.0,2473701376.0,2428928.0,15536898048.0,1.5076716544e+11,0.0,0.0,0.0,9011.200,1212.800,329.0,0.050,0.165,99.785,0.0,0.0,0.0,1493113824.035,
0.040,0.130,99.830,0.0,0.0,0.0,0.0,4915.200,34481.600,43183070.0,0.0,0.0,1159.800,290.200,0.0,0.0,0.0,2443464704.0,2437120.0,15536898048.0,1.5079739392e+11,0.0,0.0,0.0,4915.200,1156.400,289.800,0.035,0.130,99.835,0.0,0.0,0.0,1493113829.035,
0.025,0.100,99.875,0.0,0.0,0.0,0.0,2457.600,29557.0,29515760.200,0.0,0.0,1014.0,246.800,0.0,0.0,0.0,2444533760.0,2437120.0,15536898048.0,1.50796324864e+11,0.0,0.0,0.0,2457.600,1014.0,246.800,0.030,0.100,99.870,0.0,0.0,0.0,1493113834.035,
0.050,0.150,99.800,0.0,0.0,0.0,0.0,2457.600,28987.400,40094140.0,0.0,0.0,1151.600,338.400,0.400,0.0,0.0,2488578048.0,2445312.0,15536898048.0,1.50752272384e+11,0.0,0.0,0.0,2457.600,1152.200,338.400,0.045,0.150,99.805,0.0,0.0,0.0,1493113839.035,
0.065,0.225,99.705,0.0,0.0,0.005,0.0,0.0,68348.800,76279385.800,0.0,0.0,2320.800,395.600,0.0,0.0,0.0,2460651520.0,2445312.0,15536898048.0,1.50780198912e+11,0.0,0.0,0.0,0.0,2320.800,395.600,0.070,0.225,99.700,0.0,0.0,0.005,1493113844.035,
0.045,0.145,99.805,0.0,0.0,0.005,0.0,2457.600,37899.200,45910525.400,0.0,0.0,1327.200,333.0,0.200,0.0,0.0,2443485184.0,2453504.0,15536898048.0,1.50797357056e+11,0.0,0.0,0.0,2457.600,1326.600,333.0,0.040,0.145,99.810,0.0,0.0,0.005,1493113849.035,
0.065,0.195,99.735,0.0,0.0,0.005,0.0,0.0,48868.600,61935529.0,0.0,0.0,1616.200,378.600,0.0,0.0,0.0,2445434880.0,2453504.0,15536898048.0,1.5079540736e+11,0.0,0.0,0.0,0.0,1616.400,379.0,0.065,0.195,99.735,0.0,0.0,0.005,1493113854.035,
0.060,0.160,99.780,0.0,0.0,0.0,0.0,3276.800,42255.0,50197013.800,0.0,0.0,1382.200,321.400,0.200,0.0,0.200,2445369344.0,2461696.0,15536898048.0,1.50795464704e+11,0.0,0.0,0.0,3276.800,1390.200,321.400,0.065,0.160,99.775,0.0,0.0,0.0,1493113859.035,
0.050,0.180,99.765,0.005,0.0,0.0,0.0,2457.600,54110.400,58982242.400,0.0,0.0,1940.800,404.800,0.0,0.0,0.0,2447470592.0,2469888.0,15536898048.0,1.50793355264e+11,0.0,0.0,0.0,2457.600,1932.800,404.800,0.050,0.180,99.765,0.005,0.0,0.0,1493113864.035,
0.075,0.245,99.675,0.0,0.0,0.005,0.0,0.0,64173.200,69789203.0,0.0,0.0,2176.400,437.600,0.200,0.0,0.0,2507218944.0,2469888.0,15536898048.0,1.50733606912e+11,0.0,0.0,0.0,0.0,2176.600,437.200,0.075,0.245,99.675,0.0,0.0,0.005,1493113869.035,
0.050,0.140,99.810,0.0,0.0,0.0,0.0,2457.600,40429.400,50037144.800,0.0,0.0,1498.0,303.0,0.0,0.0,0.0,2463547392.0,2478080.0,15536898048.0,1.50777270272e+11,0.0,0.0,0.0,2457.600,1497.600,303.0,0.050,0.140,99.810,0.0,0.0,0.0,1493113874.035,
0.040,0.110,99.845,0.0,0.0,0.005,0.0,0.0,31040.800,35608070.200,0.0,0.0,1027.0,285.600,0.0,0.0,0.0,2464423936.0,2478080.0,15536898048.0,1.50776393728e+11,0.0,0.0,0.0,0.0,1027.400,286.0,0.045,0.115,99.835,0.0,0.0,0.005,1493113879.034,
0.060,0.200,99.735,0.0,0.0,0.005,0.0,2457.600,45012.400,57711718.0,0.0,0.0,1651.800,357.200,0.200,0.0,0.0,2466471936.0,2486272.0,15536898048.0,1.50774337536e+11,0.0,0.0,0.0,2457.600,1653.200,357.0,0.050,0.195,99.750,0.0,0.0,0.005,1493113884.035,
0.060,0.190,99.750,0.0,0.0,0.0,0.0,0.0,53184.200,64175255.600,0.0,0.0,1709.600,402.800,0.200,0.0,0.0,2448199680.0,2486272.0,15536898048.0,1.50792609792e+11,0.0,0.0,0.0,0.0,1708.0,402.600,0.065,0.190,99.745,0.0,0.0,0.0,1493113889.035,
0.055,0.165,99.775,0.0,0.0,0.005,0.0,3276.800,48257.0,53167930.600,0.0,0.0,1637.400,335.400,0.0,0.0,0.0,2450231296.0,2494464.0,15536898048.0,1.50790569984e+11,0.0,0.0,0.0,3276.800,1637.200,335.400,0.050,0.170,99.775,0.0,0.0,0.005,1493113894.035,
0.045,0.130,99.825,0.0,0.0,0.0,0.0,2457.600,33974.0,38346127.400,0.0,0.0,1148.800,411.200,0.0,0.0,0.0,2449477632.0,2502656.0,15536898048.0,1.50791315456e+11,0.0,0.0,0.0,2457.600,1148.800,411.200,0.045,0.125,99.830,0.0,0.0,0.0,1493113899.035,
0.035,0.115,99.850,0.0,0.0,0.0,0.0,0.0,26379.800,35393418.200,0.0,0.0,950.800,289.200,0.0,0.0,0.0,2448904192.0,2502656.0,15536898048.0,1.50791888896e+11,0.0,0.0,0.0,0.0,951.200,289.200,0.035,0.115,99.850,0.0,0.0,0.0,1493113904.035,
0.050,0.160,99.790,0.0,0.0,0.0,0.0,2457.600,36621.400,48374297.400,0.0,0.0,1292.200,334.200,0.200,0.0,0.0,2465349632.0,2510848.0,15536902144.0,1.50775431168e+11,0.0,0.0,0.0,2457.600,1295.600,334.600,0.055,0.160,99.785,0.0,0.0,0.0,1493113909.035,
0.075,0.255,99.660,0.0,0.0,0.010,0.0,0.0,71195.0,81467420.0,0.0,0.0,2367.800,393.800,0.0,0.0,0.0,2450952192.0,2510848.0,15536902144.0,1.50789828608e+11,0.0,0.0,0.0,0.0,2364.0,393.400,0.070,0.255,99.665,0.0,0.0,0.010,1493113914.035,
0.040,0.125,99.825,0.005,0.0,0.005,0.0,2457.600,35335.600,41316594.200,0.0,0.0,1247.800,299.600,0.200,0.0,0.0,2451054592.0,2519040.0,15536902144.0,1.50789718016e+11,0.0,0.0,0.0,2457.600,1251.800,302.800,0.045,0.125,99.820,0.005,0.0,0.005,1493113919.035,
0.045,0.120,99.835,0.0,0.0,0.0,0.0,0.0,29656.0,35416049.400,0.0,0.0,1169.800,279.0,0.0,0.0,0.0,2453630976.0,2519040.0,15536902144.0,1.50787141632e+11,0.0,0.0,0.0,0.0,1166.0,275.800,0.040,0.120,99.840,0.0,0.0,0.0,1493113924.035,
0.050,0.145,99.800,0.0,0.0,0.005,0.0,4096.0,41844.0,44907970.200,0.0,0.0,1373.400,379.0,0.0,0.0,0.0,2483474432.0,2527232.0,15536902144.0,1.50757289984e+11,0.0,0.0,0.0,4096.0,1373.400,379.0,0.050,0.145,99.800,0.0,0.0,0.005,1493113929.035,
0.080,0.255,99.665,0.0,0.0,0.0,0.0,4915.200,59608.800,72632009.0,0.0,0.0,2112.800,477.800,0.0,0.0,0.400,2495819776.0,2535424.0,15536902144.0,1.50744936448e+11,0.0,0.0,0.0,4915.200,2113.200,477.800,0.080,0.255,99.665,0.0,0.0,0.0,1493113934.035,
0.045,0.165,99.780,0.0,0.0,0.010,0.0,5734.400,49679.200,59483983.800,0.0,0.0,1713.400,338.0,0.200,0.0,0.0,2450276352.0,2543616.0,15536902144.0,1.5079047168e+11,0.0,0.0,0.0,5734.400,1713.0,338.0,0.045,0.165,99.780,0.0,0.0,0.010,1493113939.035,
0.045,0.145,99.800,0.0,0.0,0.010,0.0,2457.600,47361.800,47296554.400,0.0,0.0,1484.0,327.600,0.0,0.0,0.0,2452713472.0,2551808.0,15536902144.0,1.50788026368e+11,0.0,0.0,0.0,2457.600,1483.800,327.600,0.045,0.145,99.800,0.0,0.0,0.010,1493113944.035,
0.075,0.265,99.660,0.0,0.0,0.0,0.0,0.0,68141.200,82608698.0,0.0,0.0,2481.200,452.600,0.0,0.0,0.200,2449424384.0,2551808.0,15536902144.0,1.50791315456e+11,0.0,0.0,0.0,0.0,2481.200,452.600,0.075,0.265,99.660,0.0,0.0,0.0,1493113949.035,
0.055,0.145,99.790,0.010,0.0,0.0,0.0,5734.400,39826.400,42084432.800,0.0,0.0,1357.400,323.800,0.0,0.0,0.0,2469339136.0,2568192.0,15536893952.0,1.50771392512e+11,0.0,0.0,0.0,5734.400,1357.400,323.800,0.055,0.145,99.790,0.010,0.0,0.0,1493113954.035,
0.045,0.165,99.790,0.0,0.0,0.0,0.0,0.0,43706.600,55284661.800,0.0,0.0,1564.0,328.200,0.0,0.0,0.0,2452738048.0,2568192.0,15536902144.0,1.50787985408e+11,0.0,0.0,0.0,0.0,1564.0,328.200,0.045,0.165,99.790,0.0,0.0,0.0,1493113959.035,
0.045,0.155,99.795,0.0,0.0,0.005,0.0,3276.800,36191.200,44240812.800,0.0,0.0,1257.200,375.800,0.200,0.0,0.0,2453381120.0,2576384.0,15536902144.0,1.50787334144e+11,0.0,0.0,0.0,3276.800,1257.200,375.800,0.050,0.155,99.790,0.0,0.0,0.005,1493113964.035,
0.050,0.180,99.765,0.0,0.0,0.005,0.0,4096.0,48222.600,53130490.0,0.0,0.0,1665.400,372.0,0.200,0.0,0.0,2453901312.0,2584576.0,15536902144.0,1.5078680576e+11,0.0,0.0,0.0,4096.0,1666.200,372.0,0.045,0.180,99.770,0.0,0.0,0.005,1493113969.035,
0.070,0.200,99.725,0.0,0.0,0.005,0.0,0.0,56827.600,58038533.200,0.0,0.0,1860.800,371.600,0.0,0.0,0.0,2467987456.0,2584576.0,15536902144.0,1.50772719616e+11,0.0,0.0,0.0,0.0,1866.400,372.200,0.075,0.205,99.715,0.0,0.0,0.005,1493113974.035,
0.040,0.130,99.830,0.0,0.0,0.0,0.0,2457.600,30815.800,39326341.200,0.0,0.0,1101.0,283.0,0.0,0.0,0.0,2452709376.0,2592768.0,15536902144.0,1.50787989504e+11,0.0,0.0,0.0,2457.600,1094.600,282.400,0.035,0.125,99.840,0.0,0.0,0.0,1493113979.035,
0.045,0.160,99.790,0.0,0.0,0.005,0.0,0.0,44338.800,47629247.600,0.0,0.0,1524.0,366.0,0.200,0.0,0.0,2469527552.0,2592768.0,15536902144.0,1.50771171328e+11,0.0,0.0,0.0,0.0,1524.0,366.0,0.045,0.160,99.790,0.0,0.0,0.005,1493113984.035,
0.040,0.165,99.785,0.0,0.0,0.010,0.0,2457.600,55702.600,54191552.0,0.0,0.0,1614.200,351.400,0.400,0.0,0.0,2468438016.0,2600960.0,15536902144.0,1.50772252672e+11,0.0,0.0,0.0,2457.600,1614.200,351.400,0.040,0.170,99.780,0.0,0.0,0.010,1493113989.035,
0.065,0.225,99.710,0.0,0.0,0.0,0.0,0.0,55243.400,63531902.200,0.0,0.0,1672.400,371.600,0.400,0.0,0.0,2467778560.0,2600960.0,15536906240.0,1.50772908032e+11,0.0,0.0,0.0,0.0,1672.400,371.600,0.065,0.220,99.715,0.0,0.0,0.0,1493113994.035,
0.055,0.175,99.760,0.005,0.0,0.005,0.0,4096.0,52123.600,58864595.800,0.0,0.0,1625.200,339.200,0.400,0.0,0.0,2451771392.0,2609152.0,15536906240.0,1.50788907008e+11,0.0,0.0,0.0,4096.0,1625.400,339.200,0.055,0.175,99.760,0.005,0.0,0.005,1493113999.035,
0.055,0.200,99.740,0.0,0.0,0.005,0.0,4915.200,41520.800,61428303.400,0.0,0.0,1486.400,363.800,0.0,0.0,0.0,2454753280.0,2617344.0,15536906240.0,1.50785916928e+11,0.0,0.0,0.0,4915.200,1487.0,363.800,0.055,0.205,99.735,0.0,0.0,0.005,1493114004.035,
0.075,0.255,99.670,0.0,0.0,0.0,0.0,2457.600,60745.600,84098871.0,0.0,0.0,2283.400,426.600,0.0,0.0,0.0,2472910848.0,2617344.0,15536906240.0,1.5076775936e+11,0.0,0.0,0.0,2457.600,2282.600,426.600,0.075,0.255,99.670,0.0,0.0,0.0,1493114009.034,
0.055,0.240,99.695,0.005,0.0,0.005,0.0,2457.600,49957.600,68057288.200,0.0,0.0,1867.400,357.400,0.200,0.0,0.0,2473209856.0,2625536.0,15536906240.0,1.5076745216e+11,0.0,0.0,0.0,2457.600,1874.200,357.800,0.060,0.235,99.695,0.005,0.0,0.005,1493114014.035,
0.050,0.085,99.865,0.0,0.0,0.0,0.0,0.0,31431.0,28287383.400,0.0,0.0,962.0,309.400,0.0,0.0,0.0,2454978560.0,2625536.0,15536906240.0,1.50785683456e+11,0.0,0.0,0.0,0.0,955.200,309.0,0.045,0.085,99.870,0.0,0.0,0.0,1493114019.035,
0.055,0.185,99.745,0.005,0.0,0.010,0.0,2457.600,48916.600,59023492.200,0.0,0.0,1640.800,382.800,0.200,0.0,0.0,2466938880.0,2633728.0,15536906240.0,1.50773714944e+11,0.0,0.0,0.0,2457.600,1641.400,383.200,0.060,0.190,99.735,0.005,0.0,0.010,1493114024.035,
0.070,0.180,99.745,0.0,0.0,0.005,0.0,0.0,61207.200,61934454.600,0.0,0.0,1765.600,356.400,0.0,0.0,0.0,2453999616.0,2633728.0,15536906240.0,1.50786654208e+11,0.0,0.0,0.0,0.0,1765.200,356.0,0.065,0.175,99.755,0.0,0.0,0.005,1493114029.035,
0.050,0.115,99.835,0.0,0.0,0.0,0.0,3276.800,39594.0,36502287.800,0.0,0.0,1208.600,322.800,0.0,0.0,0.0,2471297024.0,2641920.0,15536906240.0,1.50769348608e+11,0.0,0.0,0.0,3276.800,1208.400,322.800,0.050,0.115,99.835,0.0,0.0,0.0,1493114034.035,
0.055,0.145,99.790,0.005,0.0,0.005,0.0,2457.600,45666.800,52044039.800,0.0,0.0,1548.400,345.400,0.0,0.0,0.400,2452672512.0,2650112.0,15536910336.0,1.50787960832e+11,0.0,0.0,0.0,2457.600,1548.800,345.400,0.055,0.145,99.790,0.005,0.0,0.005,1493114039.035,
0.060,0.145,99.795,0.0,0.0,0.0,0.0,0.0,39105.0,44245857.200,0.0,0.0,1336.600,362.600,0.0,0.0,0.400,2457010176.0,2650112.0,15536914432.0,1.50783619072e+11,0.0,0.0,0.0,0.0,1336.200,362.600,0.060,0.150,99.790,0.0,0.0,0.0,1493114044.035,
0.070,0.210,99.705,0.010,0.0,0.005,0.0,7372.800,47365.0,64350833.400,0.0,0.0,1750.400,457.800,0.0,0.0,0.400,2473598976.0,2666496.0,15536914432.0,1.50767013888e+11,0.0,0.0,0.0,7372.800,1750.400,457.800,0.075,0.205,99.705,0.010,0.0,0.005,1493114049.035,
0.050,0.100,99.835,0.010,0.0,0.005,0.0,4915.200,29016.0,30051641.600,0.0,0.0,1028.0,370.600,0.0,0.0,0.400,2456551424.0,2674688.0,15536918528.0,1.50784049152e+11,0.0,0.0,0.0,4915.200,1028.200,370.600,0.050,0.100,99.835,0.010,0.0,0.005,1493114054.035,
0.040,0.055,99.885,0.020,0.0,0.0,0.0,10649.600,22804.0,17703297.400,0.0,0.0,752.0,320.0,0.0,0.0,0.400,2456592384.0,2691072.0,15536922624.0,1.50783987712e+11,0.0,0.0,0.0,10649.600,751.800,320.0,0.035,0.060,99.885,0.020,0.0,0.0,1493114059.035,
0.025,0.020,99.950,0.0,0.0,0.005,0.0,8192.0,9985.600,12154.0,0.0,0.0,323.800,348.0,0.0,0.0,0.800,2456903680.0,2699264.0,15536922624.0,1.50783668224e+11,0.0,0.0,0.0,8192.0,323.800,348.0,0.025,0.020,99.950,0.0,0.0,0.005,1493114064.035,
