"Dstat 0.7.2 CSV output"
"Author:","Dag Wieers <dag@wieers.com>",,,,"URL:","http://dag.wieers.com/home-made/dstat/"
"Host:","osd0.skyhook--8osds.skyhook-pg0.wisc.cloudlab.us",,,,"User:","jlefevre"
"Cmdline:","dstat -av --epoch --integer --noheaders --output 8osds.dstat-osd0.log 5",,,,"Date:","25 Apr 2017 03:36:54 CDT"

"total cpu usage",,,,,,"dsk/total",,"net/total",,"paging",,"system",,"procs",,,"memory usage",,,,"paging",,"dsk/total",,"system",,"total cpu usage",,,,,,"epoch"
"usr","sys","idl","wai","hiq","siq","read","writ","recv","send","in","out","int","csw","run","blk","new","used","buff","cach","free","in","out","read","writ","int","csw","usr","sys","idl","wai","hiq","siq","epoch"
0.015,0.005,99.975,0.005,0.0,0.0,4096.0,7372.800,7659.200,9821.800,0.0,0.0,228.800,226.0,0.0,0.0,0.400,2443259904.0,1454080.0,130871296.0,1.66204608512e+11,0.0,0.0,4096.0,7372.800,229.0,226.0,0.015,0.005,99.975,0.005,0.0,0.0,1493116139.035,
0.100,0.275,98.900,0.720,0.0,0.005,77973094.400,0.0,16796.0,7669132.600,0.0,0.0,1173.600,1563.400,0.200,1.800,0.600,2468634624.0,1454080.0,522604544.0,1.65787500544e+11,0.0,0.0,78235238.400,0.0,1175.200,1566.200,0.105,0.275,98.890,0.725,0.0,0.005,1493116144.035,
0.361,0.927,95.946,2.741,0.0,0.025,334738227.200,10649.600,41049.600,35453981.200,0.0,0.0,4098.0,5772.800,0.0,2.600,0.800,2447392768.0,1470464.0,2193448960.0,1.641378816e+11,0.0,0.0,334659584.0,10649.600,4098.200,5772.400,0.361,0.932,95.946,2.736,0.0,0.025,1493116149.035,
0.295,0.786,97.020,1.883,0.0,0.015,286774067.200,8192.0,32547.400,30072362.400,0.0,0.0,3579.0,4949.800,0.200,2.200,0.0,2445762560.0,1478656.0,3626520576.0,1.62706432e+11,0.0,0.0,286590566.400,8192.0,3577.200,4947.400,0.290,0.781,97.030,1.883,0.0,0.015,1493116154.035,
0.311,0.812,96.413,2.450,0.0,0.015,301306675.200,12288.0,36154.600,31279738.600,0.0,0.0,3666.0,5220.400,0.200,1.800,0.400,2461241344.0,1495040.0,5134557184.0,1.61182900224e+11,0.0,0.0,301542604.800,12288.0,3667.800,5222.800,0.316,0.816,96.404,2.449,0.0,0.015,1493116159.035,
0.356,0.871,95.928,2.825,0.0,0.020,318664704.0,6553.600,40414.0,33318027.600,0.0,0.0,3885.0,5610.400,0.600,3.0,0.0,2463674368.0,1503232.0,6727606272.0,1.5958740992e+11,0.0,0.0,318638489.600,6553.600,3884.600,5610.400,0.356,0.872,95.928,2.825,0.0,0.020,1493116164.035,
0.335,0.886,96.060,2.694,0.0,0.025,314413056.0,4915.200,37976.800,32691675.0,0.0,0.0,3831.200,5466.0,0.400,2.800,0.400,2471010304.0,1511424.0,8298983424.0,1.5800868864e+11,0.0,0.0,314439270.400,4915.200,3831.400,5467.200,0.330,0.881,96.065,2.699,0.0,0.025,1493116169.035,
0.356,0.987,95.392,3.241,0.0,0.025,361769369.600,8192.0,41284.600,37446139.800,0.0,0.0,4303.0,6216.200,0.600,2.600,0.400,2493734912.0,1519616.0,10110918656.0,1.56174020608e+11,0.0,0.0,361769369.600,8192.0,4302.600,6215.600,0.361,0.987,95.393,3.235,0.0,0.025,1493116174.035,
0.321,0.812,96.498,2.345,0.0,0.025,315125760.0,10649.600,40072.200,33058397.400,0.0,0.0,3834.0,5503.800,0.800,2.400,0.400,2494013440.0,1536000.0,11682729984.0,1.54601914368e+11,0.0,0.0,315151974.400,10649.600,3834.800,5504.0,0.316,0.812,96.493,2.355,0.0,0.025,1493116179.035,
0.421,1.127,94.369,4.063,0.0,0.020,402388582.400,4915.200,47708.400,42426903.600,0.0,0.0,4888.800,6923.0,0.400,1.800,0.400,2481356800.0,1544192.0,13694132224.0,1.52603160576e+11,0.0,0.0,402299289.600,4915.200,4887.800,6921.0,0.426,1.127,94.373,4.053,0.0,0.020,1493116184.035,
0.330,0.781,96.597,2.262,0.0,0.030,290601369.600,10649.600,35325.400,30126910.800,0.0,0.0,3522.600,5094.600,0.400,2.0,0.400,2498977792.0,1560576.0,15148687360.0,1.51130968064e+11,0.0,0.0,290653798.400,10649.600,3523.600,5095.800,0.325,0.786,96.592,2.267,0.0,0.030,1493116189.035,
0.100,0.220,99.150,0.525,0.0,0.005,79057715.200,9830.400,14964.600,8836471.400,0.0,0.0,1160.200,1556.800,0.0,0.0,0.800,2465705984.0,1568768.0,15544975360.0,1.5076794368e+11,0.0,0.0,78832435.200,9830.400,1158.0,1554.400,0.100,0.215,99.160,0.520,0.0,0.005,1493116194.035,
