"Dstat 0.7.2 CSV output"
"Author:","Dag Wieers <dag@wieers.com>",,,,"URL:","http://dag.wieers.com/home-made/dstat/"
"Host:","osd1.skyhook--8osds.skyhook-pg0.wisc.cloudlab.us",,,,"User:","jlefevre"
"Cmdline:","dstat -av --epoch --integer --noheaders --output 8osds.dstat-osd1.log 5",,,,"Date:","25 Apr 2017 03:37:00 CDT"

"total cpu usage",,,,,,"dsk/total",,"net/total",,"paging",,"system",,"procs",,,"memory usage",,,,"paging",,"dsk/total",,"system",,"total cpu usage",,,,,,"epoch"
"usr","sys","idl","wai","hiq","siq","read","writ","recv","send","in","out","int","csw","run","blk","new","used","buff","cach","free","in","out","read","writ","int","csw","usr","sys","idl","wai","hiq","siq","epoch"
0.010,0.015,99.965,0.010,0.0,0.0,0.0,7372.800,4923.600,10117.400,0.0,0.0,219.200,218.0,0.0,0.0,0.400,2452168704.0,1429504.0,131801088.0,1.66194794496e+11,0.0,0.0,0.0,7372.800,219.200,218.0,0.010,0.015,99.965,0.010,0.0,0.0,1493118590.344,
0.215,0.335,98.904,0.545,0.0,0.0,73333145.600,0.0,105823.600,70002322.800,0.0,0.0,2885.0,1536.600,0.200,2.0,0.0,2484580352.0,1429504.0,498151424.0,1.65796032512e+11,0.0,0.0,73333145.600,0.0,2884.800,1536.600,0.215,0.335,98.904,0.545,0.0,0.0,1493118595.344,
0.185,0.380,99.089,0.330,0.0,0.015,81794662.400,7372.800,116229.800,89660956.0,0.0,0.0,3917.0,1657.200,0.200,0.200,0.400,2457100288.0,1445888.0,906870784.0,1.65414776832e+11,0.0,0.0,81794662.400,7372.800,3925.600,1657.200,0.185,0.380,99.089,0.330,0.0,0.015,1493118600.344,
0.245,0.415,98.954,0.380,0.0,0.005,98717696.0,8192.0,127405.0,96639038.200,0.0,0.0,4547.800,1961.600,0.200,0.200,0.400,2489221120.0,1454080.0,1401196544.0,1.64888322048e+11,0.0,0.0,98874982.400,8192.0,4542.600,1963.400,0.245,0.415,98.954,0.380,0.0,0.005,1493118605.344,
0.160,0.285,99.260,0.285,0.0,0.010,62051123.200,14745.600,90554.800,71715205.600,0.0,0.0,3148.0,1333.200,0.0,0.0,0.0,2456252416.0,1470464.0,1710632960.0,1.64611837952e+11,0.0,0.0,61893836.800,14745.600,3144.600,1331.400,0.165,0.285,99.255,0.285,0.0,0.010,1493118610.344,
0.180,0.240,99.300,0.270,0.0,0.010,67361996.800,5734.400,95634.600,70206321.600,0.0,0.0,2648.200,1451.200,0.0,0.400,0.400,2451615744.0,1478656.0,2049122304.0,1.64277977088e+11,0.0,0.0,67545497.600,5734.400,2649.400,1453.600,0.175,0.240,99.305,0.270,0.0,0.010,1493118615.344,
0.255,0.431,98.818,0.486,0.0,0.010,115970867.200,8192.0,147889.0,123895659.800,0.0,0.0,5271.600,2256.200,0.400,0.0,0.0,2439548928.0,1495040.0,2627493888.0,1.63711655936e+11,0.0,0.0,115787366.400,8192.0,5270.400,2253.800,0.260,0.431,98.813,0.486,0.0,0.010,1493118620.344,
0.240,0.410,98.834,0.495,0.0,0.020,96106905.600,0.0,117504.200,96136593.200,0.0,0.0,4454.600,1872.200,0.600,0.400,0.400,2472620032.0,1495040.0,3108945920.0,1.631971328e+11,0.0,0.0,96316620.800,0.0,4461.600,1874.600,0.240,0.410,98.834,0.495,0.0,0.020,1493118625.344,
0.315,0.501,98.548,0.621,0.0,0.015,132363059.200,7372.800,203127.600,139642555.400,0.0,0.0,5581.800,2521.600,0.400,0.400,0.200,2455138304.0,1511424.0,3769135104.0,1.6255440896e+11,0.0,0.0,132153344.0,7372.800,5574.800,2519.200,0.310,0.501,98.548,0.621,0.0,0.020,1493118630.344,
0.225,0.355,98.944,0.445,0.0,0.030,90259456.0,12288.0,149652.600,97570998.800,0.0,0.0,3653.200,1794.200,0.200,0.0,0.400,2440146944.0,1527808.0,4221636608.0,1.62116882432e+11,0.0,0.0,90259456.0,12288.0,3653.200,1794.200,0.225,0.355,98.949,0.445,0.0,0.025,1493118635.344,
0.210,0.405,98.950,0.425,0.0,0.010,91462041.600,4915.200,120993.600,89640436.200,0.0,0.0,3161.0,1846.800,0.800,0.600,0.400,2495324160.0,1536000.0,4679094272.0,1.6160423936e+11,0.0,0.0,91619328.0,4915.200,3163.600,1849.800,0.210,0.410,98.940,0.425,0.0,0.015,1493118640.344,
0.280,0.455,98.594,0.650,0.0,0.020,111546368.0,13107.200,169568.200,119786971.400,0.0,0.0,4249.400,2131.800,0.400,0.400,0.0,2457776128.0,1552384.0,5237129216.0,1.61083736064e+11,0.0,0.0,111457075.200,13107.200,4247.600,2131.200,0.280,0.455,98.589,0.655,0.0,0.020,1493118645.344,
0.220,0.385,99.050,0.330,0.0,0.015,94780620.800,2457.600,134024.200,97348410.600,0.0,0.0,3329.0,1919.200,0.600,0.600,0.400,2464714752.0,1552384.0,5712007168.0,1.60601919488e+11,0.0,0.0,94948556.800,2457.600,3329.600,1919.200,0.225,0.380,99.059,0.325,0.0,0.010,1493118650.344,
0.290,0.535,98.569,0.590,0.0,0.015,123698380.800,9011.200,178797.200,128264554.800,0.0,0.0,4456.200,2424.600,0.600,0.200,0.0,2485288960.0,1568768.0,6329696256.0,1.59963639808e+11,0.0,0.0,123645952.0,9011.200,4459.0,2424.0,0.285,0.535,98.574,0.590,0.0,0.015,1493118655.344,
0.335,0.545,98.399,0.696,0.0,0.025,131331686.400,4915.200,182551.0,143157398.400,0.0,0.0,4877.600,2512.600,0.200,0.0,0.400,2446721024.0,1576960.0,6985572352.0,1.59346323456e+11,0.0,0.0,131148185.600,4915.200,4873.400,2510.800,0.340,0.545,98.394,0.696,0.0,0.025,1493118660.344,
0.260,0.506,98.613,0.606,0.0,0.015,118513664.0,13926.400,186217.200,121220218.0,0.0,0.0,4678.600,2307.0,0.400,0.200,0.0,2464395264.0,1593344.0,7579570176.0,1.58734635008e+11,0.0,0.0,118723379.200,13926.400,4682.400,2309.400,0.255,0.506,98.618,0.606,0.0,0.015,1493118665.344,
0.330,0.685,98.219,0.730,0.0,0.035,144239001.600,0.0,206564.600,136665229.400,0.0,0.0,6201.200,2749.800,0.600,0.400,0.400,2539790336.0,1593344.0,8300195840.0,1.57938614272e+11,0.0,0.0,144212787.200,0.0,6206.600,2749.800,0.330,0.685,98.219,0.730,0.0,0.035,1493118670.344,
0.200,0.370,99.044,0.370,0.0,0.015,81374412.800,7372.800,144681.400,101997132.600,0.0,0.0,4802.0,1659.600,0.200,0.600,0.600,2449223680.0,1609728.0,8705740800.0,1.57623619584e+11,0.0,0.0,81190912.0,7372.800,4792.800,1657.200,0.205,0.370,99.039,0.370,0.0,0.015,1493118675.344,
0.230,0.350,99.009,0.400,0.0,0.010,91488256.0,9830.400,128130.400,94389897.400,0.0,0.0,4627.200,1859.400,0.0,0.200,0.0,2456698880.0,1617920.0,9163677696.0,1.57158199296e+11,0.0,0.0,91671756.800,9830.400,4628.400,1861.600,0.225,0.350,99.014,0.400,0.0,0.010,1493118680.344,
0.250,0.395,98.904,0.435,0.0,0.015,100306124.800,8192.0,151020.200,102718244.0,0.0,0.0,4171.400,1986.0,0.200,0.200,0.400,2469277696.0,1634304.0,9664917504.0,1.56644364288e+11,0.0,0.0,100122624.0,8192.0,4170.200,1983.800,0.250,0.400,98.899,0.435,0.0,0.015,1493118685.344,
0.230,0.455,98.909,0.400,0.0,0.005,95897190.400,7372.800,147867.200,102676763.800,0.0,0.0,3893.200,1913.200,0.600,0.0,0.0,2468798464.0,1650688.0,10144849920.0,1.5616489472e+11,0.0,0.0,95897190.400,7372.800,3898.400,1913.600,0.230,0.450,98.914,0.400,0.0,0.005,1493118690.344,
0.220,0.365,99.029,0.370,0.0,0.015,91016396.800,8192.0,116016.600,95527009.400,0.0,0.0,3278.600,1813.600,0.0,0.400,0.400,2457317376.0,1658880.0,10600722432.0,1.55720495104e+11,0.0,0.0,91173683.200,8192.0,3274.400,1815.600,0.225,0.370,99.019,0.370,0.0,0.015,1493118695.344,
0.265,0.495,98.769,0.455,0.0,0.015,109239500.800,2457.600,140601.400,111123850.200,0.0,0.0,5041.800,2102.400,0.200,0.200,0.400,2485215232.0,1667072.0,11145175040.0,1.55148136448e+11,0.0,0.0,109082214.400,2457.600,5042.800,2100.200,0.265,0.490,98.774,0.455,0.0,0.015,1493118700.344,
0.250,0.400,98.974,0.370,0.0,0.005,93076684.800,7372.800,129510.200,100583197.0,0.0,0.0,4707.600,1853.800,0.0,0.400,0.0,2472075264.0,1675264.0,11611250688.0,1.54695192576e+11,0.0,0.0,93076684.800,7372.800,4709.800,1853.600,0.245,0.405,98.974,0.370,0.0,0.005,1493118705.344,
0.355,0.636,98.329,0.641,0.0,0.040,141025280.0,7372.800,213324.800,142518136.200,0.0,0.0,7421.0,2678.800,0.0,0.400,0.400,2489790464.0,1691648.0,12316655616.0,1.53972056064e+11,0.0,0.0,141025280.0,7372.800,7418.0,2679.200,0.355,0.631,98.333,0.641,0.0,0.040,1493118710.344,
0.290,0.596,98.648,0.451,0.0,0.015,126922752.0,10649.600,206117.200,137746388.600,0.0,0.0,7446.200,2463.800,0.200,0.400,0.0,2476437504.0,1699840.0,12951232512.0,1.53350823936e+11,0.0,0.0,126922752.0,10649.600,7448.200,2463.800,0.290,0.596,98.648,0.451,0.0,0.015,1493118715.344,
0.220,0.385,99.119,0.270,0.0,0.005,89663897.600,9011.200,133784.400,92245848.400,0.0,0.0,4569.600,1752.0,0.200,0.400,0.400,2470617088.0,1716224.0,13400707072.0,1.52907153408e+11,0.0,0.0,89899827.200,9011.200,4567.800,1753.800,0.225,0.385,99.114,0.270,0.0,0.005,1493118720.344,
0.320,0.445,98.784,0.430,0.0,0.020,116233011.200,9830.400,160896.200,120942675.400,0.0,0.0,4214.400,2247.0,0.800,0.200,0.0,2477629440.0,1732608.0,13980610560.0,1.52320221184e+11,0.0,0.0,115997081.600,9830.400,4213.0,2244.800,0.320,0.445,98.784,0.430,0.0,0.020,1493118725.344,
0.210,0.325,99.145,0.315,0.0,0.005,76153651.200,8192.0,118836.600,82498363.600,0.0,0.0,3122.400,1582.600,0.200,0.200,0.400,2462187520.0,1740800.0,14361485312.0,1.5195478016e+11,0.0,0.0,76153651.200,8192.0,3126.200,1582.600,0.205,0.330,99.145,0.315,0.0,0.005,1493118730.344,
0.210,0.395,99.049,0.345,0.0,0.0,95897190.400,2457.600,129539.200,94486808.800,0.0,0.0,4001.800,1862.200,0.600,0.0,0.0,2503368704.0,1748992.0,14839549952.0,1.51435526144e+11,0.0,0.0,95897190.400,2457.600,3998.0,1862.200,0.215,0.395,99.044,0.345,0.0,0.0,1493118735.344,
0.260,0.480,98.814,0.440,0.0,0.005,104358707.200,7372.800,141052.400,111961382.200,0.0,0.0,5174.0,2067.400,0.400,0.0,0.400,2481381376.0,1757184.0,15362609152.0,1.5093444608e+11,0.0,0.0,104358707.200,7372.800,5177.400,2067.400,0.255,0.475,98.824,0.440,0.0,0.005,1493118740.344,
0.190,0.400,99.075,0.325,0.0,0.010,84955955.200,7372.800,135202.600,91023349.600,0.0,0.0,4539.800,1672.0,0.0,0.200,0.0,2483900416.0,1773568.0,15788150784.0,1.50506369024e+11,0.0,0.0,85165670.400,7372.800,4544.200,1674.600,0.190,0.400,99.075,0.325,0.0,0.010,1493118745.344,
0.095,0.135,99.595,0.170,0.0,0.005,33505280.0,7372.800,59124.800,36013731.800,0.0,0.0,2022.400,771.600,0.200,0.0,0.0,2463567872.0,1781760.0,15955070976.0,1.50359773184e+11,0.0,0.0,33295564.800,7372.800,2015.200,769.200,0.095,0.140,99.590,0.170,0.0,0.005,1493118750.344,
