"Dstat 0.7.2 CSV output"
"Author:","Dag Wieers <dag@wieers.com>",,,,"URL:","http://dag.wieers.com/home-made/dstat/"
"Host:","osd1.skyhook--8osds.skyhook-pg0.wisc.cloudlab.us",,,,"User:","jlefevre"
"Cmdline:","dstat -av --epoch --integer --noheaders --output 8osds.dstat-osd1.log 5",,,,"Date:","25 Apr 2017 03:37:00 CDT"

"total cpu usage",,,,,,"dsk/total",,"net/total",,"paging",,"system",,"procs",,,"memory usage",,,,"paging",,"dsk/total",,"system",,"total cpu usage",,,,,,"epoch"
"usr","sys","idl","wai","hiq","siq","read","writ","recv","send","in","out","int","csw","run","blk","new","used","buff","cach","free","in","out","read","writ","int","csw","usr","sys","idl","wai","hiq","siq","epoch"
0.005,0.015,99.980,0.0,0.0,0.0,0.0,2457.600,4079.600,9039.400,0.0,0.0,177.600,177.0,0.0,0.0,0.0,2462797824.0,1581056.0,15955025920.0,1.50360788992e+11,0.0,0.0,0.0,2457.600,177.800,177.0,0.005,0.010,99.985,0.0,0.0,0.0,1493118175.344,
0.090,0.285,99.620,0.0,0.0,0.005,0.0,0.0,115444.600,74525805.600,0.0,0.0,2430.400,478.0,0.0,0.0,0.0,2509869056.0,1581056.0,15955025920.0,1.5031371776e+11,0.0,0.0,0.0,0.0,2432.0,478.400,0.090,0.285,99.620,0.0,0.0,0.005,1493118180.344,
0.130,0.390,99.470,0.0,0.0,0.010,0.0,2457.600,219870.0,150522661.800,0.0,0.0,4296.800,626.200,0.200,0.0,0.0,2495328256.0,1589248.0,15955025920.0,1.50328250368e+11,0.0,0.0,0.0,2457.600,4298.400,626.200,0.135,0.390,99.465,0.0,0.0,0.010,1493118185.344,
0.110,0.310,99.560,0.0,0.0,0.020,0.0,0.0,155185.800,118461996.200,0.0,0.0,3163.200,548.200,0.200,0.0,0.0,2480467968.0,1589248.0,15955025920.0,1.50343110656e+11,0.0,0.0,0.0,0.0,3163.800,548.200,0.105,0.315,99.560,0.0,0.0,0.020,1493118190.344,
0.125,0.370,99.490,0.0,0.0,0.015,0.0,3276.800,204523.600,135986221.0,0.0,0.0,3950.800,616.0,0.0,0.0,0.0,2488279040.0,1597440.0,15955025920.0,1.50335291392e+11,0.0,0.0,0.0,3276.800,3948.400,615.600,0.125,0.365,99.495,0.0,0.0,0.015,1493118195.344,
0.165,0.385,99.440,0.0,0.0,0.010,0.0,2457.600,222045.600,152203919.200,0.0,0.0,4410.0,661.0,0.400,0.0,0.0,2501345280.0,1605632.0,15955025920.0,1.5032221696e+11,0.0,0.0,0.0,2457.600,4411.0,661.0,0.165,0.385,99.440,0.0,0.0,0.010,1493118200.344,
0.110,0.320,99.570,0.0,0.0,0.0,0.0,0.0,184515.800,132511246.800,0.0,0.0,3728.200,544.600,0.0,0.0,0.0,2463436800.0,1605632.0,15955025920.0,1.5036012544e+11,0.0,0.0,0.0,0.0,3725.200,544.600,0.110,0.320,99.570,0.0,0.0,0.0,1493118205.344,
0.120,0.335,99.535,0.0,0.0,0.010,0.0,2457.600,207137.400,144572387.600,0.0,0.0,4113.200,629.600,0.400,0.0,0.0,2471931904.0,1613824.0,15955025920.0,1.50351622144e+11,0.0,0.0,0.0,2457.600,4113.200,629.600,0.120,0.340,99.530,0.0,0.0,0.010,1493118210.344,
0.120,0.340,99.520,0.0,0.0,0.020,0.0,0.0,185606.400,129834197.200,0.0,0.0,3600.800,576.400,0.600,0.0,0.200,2471243776.0,1613824.0,15955030016.0,1.50352306176e+11,0.0,0.0,0.0,0.0,3600.800,576.400,0.125,0.335,99.520,0.0,0.0,0.020,1493118215.344,
0.135,0.380,99.475,0.0,0.0,0.010,0.0,2457.600,209067.800,147469952.800,0.0,0.0,4188.0,621.0,0.0,0.0,0.0,2463764480.0,1622016.0,15955030016.0,1.5035977728e+11,0.0,0.0,0.0,2457.600,4188.200,621.0,0.130,0.380,99.480,0.0,0.0,0.010,1493118220.344,
0.135,0.400,99.450,0.0,0.0,0.015,0.0,0.0,222607.600,154081974.800,0.0,0.0,4422.600,664.800,0.200,0.0,0.0,2531803136.0,1622016.0,15955030016.0,1.50291738624e+11,0.0,0.0,0.0,0.0,4425.600,664.800,0.140,0.405,99.435,0.0,0.0,0.020,1493118225.344,
0.135,0.390,99.465,0.0,0.0,0.010,0.0,4096.0,216190.400,148866530.0,0.0,0.0,4247.600,654.400,0.200,0.0,0.400,2491731968.0,1630208.0,15955038208.0,1.50331793408e+11,0.0,0.0,0.0,4096.0,4245.600,654.400,0.130,0.385,99.480,0.0,0.0,0.005,1493118230.344,
0.120,0.350,99.505,0.010,0.0,0.015,819.200,13107.200,209158.400,139062201.0,0.0,0.0,4853.600,678.400,0.600,0.200,0.400,2483392512.0,1646592.0,15955038208.0,1.5034011648e+11,0.0,0.0,819.200,13107.200,4856.800,679.600,0.125,0.355,99.495,0.010,0.0,0.015,1493118235.344,
0.140,0.410,99.429,0.005,0.0,0.015,0.0,7372.800,244544.400,159827115.200,0.0,0.0,6955.800,673.800,0.200,0.0,0.0,2467688448.0,1654784.0,15955034112.0,1.50355816448e+11,0.0,0.0,0.0,7372.800,6951.400,672.600,0.140,0.405,99.435,0.005,0.0,0.015,1493118240.344,
0.140,0.340,99.510,0.0,0.0,0.010,0.0,2457.600,193266.400,124547830.800,0.0,0.0,5765.600,577.600,0.200,0.0,0.400,2484453376.0,1662976.0,15955042304.0,1.50339035136e+11,0.0,0.0,0.0,2457.600,5769.800,577.600,0.135,0.340,99.515,0.0,0.0,0.010,1493118245.344,
0.130,0.390,99.470,0.005,0.0,0.005,0.0,4915.200,197271.800,148664289.0,0.0,0.0,4676.200,678.800,0.200,0.0,0.0,2496200704.0,1671168.0,15955042304.0,1.50327279616e+11,0.0,0.0,0.0,4915.200,4675.0,678.800,0.130,0.390,99.465,0.005,0.0,0.010,1493118250.344,
0.120,0.310,99.540,0.015,0.0,0.015,0.0,10649.600,172581.800,128043412.600,0.0,0.0,3522.600,594.600,0.0,0.0,0.400,2466082816.0,1687552.0,15955054592.0,1.50357368832e+11,0.0,0.0,0.0,10649.600,3519.600,594.600,0.120,0.310,99.545,0.015,0.0,0.010,1493118255.344,
0.160,0.390,99.435,0.0,0.0,0.015,0.0,4915.200,225529.600,152391836.200,0.0,0.0,4314.600,662.800,0.400,0.0,0.400,2496483328.0,1695744.0,15955054592.0,1.50326960128e+11,0.0,0.0,0.0,4915.200,4319.800,664.600,0.160,0.390,99.435,0.0,0.0,0.015,1493118260.344,
0.160,0.395,99.445,0.0,0.0,0.0,0.0,8192.0,225310.0,151442065.200,0.0,0.0,4349.800,694.400,0.200,0.0,0.0,2494803968.0,1712128.0,15955054592.0,1.50328623104e+11,0.0,0.0,0.0,8192.0,4349.600,693.0,0.160,0.395,99.445,0.0,0.0,0.0,1493118265.344,
0.150,0.425,99.405,0.010,0.0,0.010,0.0,11468.800,234369.400,167083381.200,0.0,0.0,4750.400,752.600,0.400,0.0,0.600,2495451136.0,1728512.0,15955046400.0,1.50327967744e+11,0.0,0.0,0.0,11468.800,4749.600,752.600,0.155,0.425,99.400,0.010,0.0,0.010,1493118270.344,
0.095,0.240,99.660,0.0,0.0,0.005,0.0,0.0,147075.0,94599980.600,0.0,0.0,3087.0,501.0,0.0,0.0,0.0,2486718464.0,1728512.0,15955054592.0,1.50336692224e+11,0.0,0.0,0.0,0.0,3085.200,500.600,0.090,0.240,99.665,0.0,0.0,0.005,1493118275.344,
0.135,0.325,99.505,0.015,0.0,0.020,0.0,7372.800,183971.800,124625991.400,0.0,0.0,3710.200,614.400,0.200,0.0,0.400,2521640960.0,1744896.0,15955058688.0,1.50301749248e+11,0.0,0.0,0.0,7372.800,3710.400,614.400,0.135,0.330,99.500,0.015,0.0,0.020,1493118280.344,
0.110,0.275,99.615,0.0,0.0,0.0,0.0,8192.0,172392.200,119267514.0,0.0,0.0,3400.600,531.200,0.200,0.0,0.400,2485645312.0,1753088.0,15955062784.0,1.50337732608e+11,0.0,0.0,0.0,8192.0,3401.400,531.200,0.110,0.270,99.620,0.0,0.0,0.0,1493118285.344,
0.125,0.340,99.505,0.020,0.0,0.010,0.0,10649.600,202477.0,143768448.0,0.0,0.0,5251.800,615.0,0.400,0.0,0.0,2485637120.0,1769472.0,15955062784.0,1.50337724416e+11,0.0,0.0,0.0,10649.600,5251.400,615.0,0.125,0.345,99.500,0.020,0.0,0.010,1493118290.344,
0.100,0.290,99.610,0.0,0.0,0.0,0.0,4915.200,157873.400,111722638.800,0.0,0.0,4751.600,568.600,0.0,0.0,0.400,2466537472.0,1777664.0,15955062784.0,1.50356815872e+11,0.0,0.0,0.0,4915.200,4748.600,568.600,0.105,0.285,99.610,0.0,0.0,0.0,1493118295.344,
0.065,0.155,99.770,0.005,0.0,0.005,0.0,9011.200,88959.0,56064855.200,0.0,0.0,2678.200,409.800,0.200,0.0,0.0,2474418176.0,1794048.0,15955066880.0,1.50348914688e+11,0.0,0.0,0.0,9011.200,2678.600,409.800,0.060,0.155,99.775,0.005,0.0,0.005,1493118300.344,
