"Dstat 0.7.2 CSV output"
"Author:","Dag Wieers <dag@wieers.com>",,,,"URL:","http://dag.wieers.com/home-made/dstat/"
"Host:","osd1.skyhook--8osds.skyhook-pg0.wisc.cloudlab.us",,,,"User:","jlefevre"
"Cmdline:","dstat -av --epoch --integer --noheaders --output 8osds.dstat-osd1.log 5",,,,"Date:","25 Apr 2017 03:37:00 CDT"

"total cpu usage",,,,,,"dsk/total",,"net/total",,"paging",,"system",,"procs",,,"memory usage",,,,"paging",,"dsk/total",,"system",,"total cpu usage",,,,,,"epoch"
"usr","sys","idl","wai","hiq","siq","read","writ","recv","send","in","out","int","csw","run","blk","new","used","buff","cach","free","in","out","read","writ","int","csw","usr","sys","idl","wai","hiq","siq","epoch"
0.015,0.020,99.955,0.010,0.0,0.0,4096.0,4915.200,5830.0,11028.400,0.0,0.0,239.200,246.200,0.0,0.0,0.400,2467803136.0,1368064.0,200978432.0,1.6611004416e+11,0.0,0.0,4096.0,4915.200,239.0,246.200,0.015,0.020,99.955,0.010,0.0,0.0,1493124330.344,
0.0,0.015,99.965,0.020,0.0,0.0,0.0,11468.800,4019.200,8817.400,0.0,0.0,191.200,195.800,0.0,0.0,0.0,2467663872.0,1384448.0,200982528.0,1.66110162944e+11,0.0,0.0,0.0,11468.800,191.200,195.800,0.0,0.010,99.970,0.020,0.0,0.0,1493124335.344,
2.645,0.882,92.812,3.617,0.0,0.045,318098636.800,4915.200,45700.600,33272745.0,0.0,0.0,4501.0,5443.400,2.200,1.600,0.400,2490195968.0,1392640.0,1791782912.0,1.64496822272e+11,0.0,0.0,318308352.0,4915.200,4502.0,5445.800,2.650,0.881,92.808,3.616,0.0,0.045,1493124340.344,
2.684,0.876,93.735,2.664,0.0,0.040,320751206.400,2457.600,39302.400,34110877.800,0.0,0.0,4409.0,5531.600,1.600,2.200,0.400,2483793920.0,1400832.0,3394228224.0,1.62900770816e+11,0.0,0.0,320777420.800,2457.600,4409.400,5532.0,2.684,0.876,93.730,2.669,0.0,0.040,1493124345.344,
2.463,0.781,94.257,2.463,0.0,0.035,291062579.200,4915.200,34536.0,31176286.600,0.0,0.0,4080.400,5006.400,1.200,1.600,0.0,2476580864.0,1409024.0,4850098176.0,1.61452105728e+11,0.0,0.0,291036364.800,4915.200,4080.200,5005.600,2.458,0.781,94.262,2.463,0.0,0.035,1493124350.344,
2.734,0.891,93.497,2.864,0.0,0.015,323844505.600,11468.800,36727.800,33796830.200,0.0,0.0,4427.800,5519.600,1.200,2.400,0.400,2509254656.0,1425408.0,6468497408.0,1.5980101632e+11,0.0,0.0,323844505.600,11468.800,4428.600,5519.800,2.739,0.896,93.486,2.864,0.0,0.015,1493124355.344,
2.755,0.837,93.453,2.925,0.0,0.030,324305715.200,9011.200,35177.600,34104183.200,0.0,0.0,4580.200,5519.0,2.200,2.800,0.0,2530045952.0,1433600.0,8090316800.0,1.5815839744e+11,0.0,0.0,324331929.600,9011.200,4579.600,5521.0,2.755,0.831,93.459,2.925,0.0,0.030,1493124360.344,
2.634,0.826,93.325,3.200,0.0,0.015,306035097.600,7372.800,38624.0,33211228.200,0.0,0.0,4184.600,5211.800,1.800,1.400,0.400,2494476288.0,1449984.0,9620201472.0,1.56664066048e+11,0.0,0.0,305799168.0,7372.800,4183.0,5207.600,2.629,0.831,93.331,3.194,0.0,0.015,1493124365.344,
2.668,0.826,93.518,2.933,0.0,0.055,320080281.600,0.0,37102.0,33174777.600,0.0,0.0,4280.600,5439.400,2.600,1.800,0.0,2532913152.0,1449984.0,11220660224.0,1.55025170432e+11,0.0,0.0,320316211.200,0.0,4282.200,5442.0,2.673,0.821,93.513,2.938,0.0,0.055,1493124370.344,
3.017,1.051,92.295,3.588,0.0,0.050,352981811.200,7372.800,43737.600,38322750.0,0.0,0.0,4928.200,6077.800,2.200,1.400,0.600,2496372736.0,1466368.0,12985999360.0,1.53296355328e+11,0.0,0.0,352824524.800,7372.800,4928.0,6076.400,3.013,1.056,92.298,3.583,0.0,0.050,1493124375.344,
2.236,0.730,94.922,2.081,0.0,0.030,271764684.800,4915.200,30820.0,28151004.0,0.0,0.0,3613.0,4655.200,1.600,1.800,0.400,2527293440.0,1474560.0,14345580544.0,1.51905845248e+11,0.0,0.0,272026828.800,4915.200,3615.200,4658.400,2.245,0.725,94.915,2.085,0.0,0.030,1493124380.344,
2.387,0.811,94.405,2.382,0.0,0.015,282118553.600,9830.400,31965.600,30815593.0,0.0,0.0,3810.600,4859.400,1.200,2.400,0.0,2490277888.0,1490944.0,15755444224.0,1.50532980736e+11,0.0,0.0,281777766.400,9830.400,3807.0,4855.0,2.378,0.811,94.418,2.378,0.0,0.015,1493124385.344,
0.430,0.210,98.955,0.390,0.0,0.015,53597798.400,10649.600,12817.400,5706219.200,0.0,0.0,941.200,1192.0,0.0,0.0,0.600,2489753600.0,1499136.0,16024203264.0,1.50264737792e+11,0.0,0.0,53597798.400,10649.600,941.600,1192.0,0.430,0.210,98.955,0.390,0.0,0.015,1493124390.344,
