"Dstat 0.7.2 CSV output"
"Author:","Dag Wieers <dag@wieers.com>",,,,"URL:","http://dag.wieers.com/home-made/dstat/"
"Host:","client0.skyhook--8osds.skyhook-pg0.wisc.cloudlab.us",,,,"User:","jlefevre"
"Cmdline:","dstat -av --epoch --integer --noheaders --output 8osds.dstat-client0.log 5",,,,"Date:","25 Apr 2017 03:36:47 CDT"

"total cpu usage",,,,,,"dsk/total",,"net/total",,"paging",,"system",,"procs",,,"memory usage",,,,"paging",,"dsk/total",,"system",,"total cpu usage",,,,,,"epoch"
"usr","sys","idl","wai","hiq","siq","read","writ","recv","send","in","out","int","csw","run","blk","new","used","buff","cach","free","in","out","read","writ","int","csw","usr","sys","idl","wai","hiq","siq","epoch"
0.025,0.010,99.935,0.025,0.0,0.005,0.0,12288.0,49698.400,3191.800,0.0,0.0,1279.600,7270.600,0.0,0.0,0.0,5495074816.0,190894080.0,1.47560730624e+11,15533494272.0,0.0,0.0,0.0,12288.0,1279.800,7271.0,0.025,0.010,99.935,0.025,0.0,0.005,1493119162.220,
2.340,2.305,94.859,0.061,0.0,0.435,0.0,111411.200,964694712.400,1404835.600,0.0,0.0,29716.0,28655.0,1.800,0.0,5.0,5744754688.0,190902272.0,1.47560828928e+11,15283707904.0,0.0,0.0,0.0,111411.200,29729.0,28672.200,2.345,2.310,94.850,0.061,0.0,0.435,1493119167.220,
2.662,2.253,94.272,0.146,0.0,0.667,0.0,169574.400,1226970415.0,1806738.400,0.0,0.0,36336.400,41506.200,1.400,0.200,0.200,5753724928.0,190930944.0,1.47561218048e+11,15274319872.0,0.0,0.0,0.0,169574.400,36339.400,41491.400,2.657,2.253,94.277,0.146,0.0,0.667,1493119172.220,
2.615,2.418,94.350,0.066,0.0,0.551,0.0,240025.600,1212167265.400,1718761.600,0.0,0.0,37241.600,38933.400,3.0,0.0,0.200,5753958400.0,190935040.0,1.47561562112e+11,15273738240.0,0.0,0.0,0.0,240025.600,37232.200,38933.600,2.620,2.413,94.349,0.066,0.0,0.551,1493119177.220,
2.690,2.234,94.595,0.041,0.0,0.441,0.0,218726.400,1210393808.800,1597102.800,0.0,0.0,31691.200,38305.200,1.800,0.0,0.0,5748871168.0,190943232.0,1.47561865216e+11,15278514176.0,0.0,0.0,0.0,218726.400,31699.200,38317.200,2.685,2.234,94.600,0.041,0.0,0.441,1493119182.220,
2.663,2.273,94.538,0.086,0.0,0.440,0.0,172032.0,1223262108.200,1754528.200,0.0,0.0,34770.0,40931.600,2.400,0.200,0.200,5769043968.0,190959616.0,1.47562233856e+11,15257956352.0,0.0,0.0,0.0,172032.0,34770.600,40925.600,2.673,2.273,94.527,0.086,0.0,0.440,1493119187.220,
2.631,2.469,94.228,0.051,0.0,0.622,0.0,188416.0,1209676008.800,1688723.200,0.0,0.0,35788.400,39735.800,2.200,0.0,0.0,5752844288.0,190967808.0,1.4756253696e+11,15273844736.0,0.0,0.0,0.0,188416.0,35788.0,39739.800,2.626,2.469,94.233,0.051,0.0,0.622,1493119192.220,
2.630,2.311,94.532,0.076,0.0,0.451,0.0,218726.400,1215742395.600,1682014.400,0.0,0.0,35979.800,40314.800,1.600,0.0,0.0,5740949504.0,191000576.0,1.47562848256e+11,15285395456.0,0.0,0.0,0.0,218726.400,35978.600,40329.400,2.625,2.311,94.537,0.076,0.0,0.451,1493119197.220,
2.597,2.298,94.457,0.035,0.0,0.613,0.0,164659.200,1199318759.600,1586953.600,0.0,0.0,33885.600,38364.600,3.200,0.200,0.0,5722120192.0,191025152.0,1.4756323328e+11,15303815168.0,0.0,0.0,0.0,164659.200,33889.800,38350.600,2.607,2.298,94.447,0.035,0.0,0.613,1493119202.220,
2.482,2.584,94.002,0.486,0.0,0.446,0.0,7245824.0,1150325436.800,1505246.0,0.0,0.0,33529.200,36279.600,2.600,0.200,0.0,5751422976.0,191045632.0,1.47560189952e+11,15277535232.0,0.0,0.0,0.0,7245824.0,33528.400,36277.400,2.482,2.584,94.002,0.486,0.0,0.446,1493119207.220,
2.671,2.361,94.264,0.117,0.0,0.588,0.0,205619.200,1216887536.800,1712370.200,0.0,0.0,37450.800,39540.400,2.800,0.0,0.0,5708185600.0,191049728.0,1.47560480768e+11,15320477696.0,0.0,0.0,0.0,205619.200,37458.200,39554.200,2.665,2.366,94.264,0.117,0.0,0.588,1493119212.220,
2.469,2.499,94.466,0.071,0.0,0.496,0.0,170393.600,1206526616.400,1594008.400,0.0,0.0,35791.200,37431.200,1.600,0.200,0.0,5754355712.0,191070208.0,1.47560792064e+11,15273975808.0,0.0,0.0,0.0,170393.600,35781.200,37420.0,2.468,2.494,94.471,0.071,0.0,0.496,1493119217.220,
2.629,2.411,94.377,0.086,0.0,0.496,0.0,218726.400,1213711876.800,1621063.200,0.0,0.0,34039.600,38025.600,1.800,0.0,0.0,5720825856.0,191082496.0,1.47561181184e+11,15307104256.0,0.0,0.0,0.0,218726.400,34040.800,38022.800,2.624,2.417,94.376,0.086,0.0,0.497,1493119222.220,
2.413,2.246,94.785,0.046,0.0,0.511,0.0,177766.400,1223758691.800,1763997.0,0.0,0.0,35869.0,42718.800,2.400,0.0,0.0,5710036992.0,191082496.0,1.47561463808e+11,15317610496.0,0.0,0.0,0.0,177766.400,35872.400,42719.400,2.418,2.241,94.785,0.046,0.0,0.511,1493119227.220,
2.473,2.322,94.397,0.035,0.0,0.772,0.0,167936.0,1219402981.600,1674397.200,0.0,0.0,35124.400,39522.800,2.400,0.200,0.0,5734215680.0,191123456.0,1.47561783296e+11,15293071360.0,0.0,0.0,0.0,167936.0,35120.200,39525.400,2.468,2.327,94.397,0.035,0.0,0.772,1493119232.220,
2.592,2.304,94.381,0.071,0.0,0.652,0.0,216268.800,1219664973.800,1642410.400,0.0,0.0,31830.200,39469.600,1.600,0.0,0.0,5726724096.0,191143936.0,1.47562196992e+11,15300128768.0,0.0,0.0,0.0,216268.800,31827.0,39458.600,2.593,2.299,94.385,0.071,0.0,0.652,1493119237.220,
2.520,2.216,94.819,0.066,0.0,0.379,0.0,179404.800,1227211680.0,1792949.0,0.0,0.0,35003.0,41868.200,2.200,0.0,0.0,5736128512.0,191164416.0,1.47562442752e+11,15290458112.0,0.0,0.0,0.0,179404.800,35003.0,41868.400,2.525,2.221,94.809,0.066,0.0,0.379,1493119242.220,
2.775,2.356,94.182,0.131,0.0,0.556,0.0,173670.400,1227020071.0,1827075.600,0.0,0.0,36871.200,41696.200,1.0,0.200,0.0,5749207040.0,191172608.0,1.47562795008e+11,15277019136.0,0.0,0.0,0.0,173670.400,36873.400,41713.400,2.770,2.350,94.192,0.131,0.0,0.556,1493119247.220,
2.575,2.287,94.424,0.162,0.0,0.552,0.0,221184.0,1220784475.800,1674074.200,0.0,0.0,33196.400,40227.0,2.800,0.0,0.0,5752164352.0,191197184.0,1.47563204608e+11,15273627648.0,0.0,0.0,0.0,221184.0,33198.600,40227.400,2.580,2.287,94.420,0.162,0.0,0.551,1493119252.220,
2.701,2.226,94.542,0.137,0.0,0.395,0.0,173670.400,1224197474.800,1812528.200,0.0,0.0,34481.200,42221.400,1.200,0.200,0.0,5732827136.0,191209472.0,1.47563487232e+11,15292669952.0,0.0,0.0,0.0,173670.400,34480.600,42219.0,2.696,2.231,94.542,0.137,0.0,0.395,1493119257.220,
2.843,2.382,93.986,0.121,0.0,0.668,0.0,206438.400,1220329122.200,1744414.800,0.0,0.0,36268.400,38693.0,2.200,0.0,0.0,5740027904.0,191217664.0,1.47563819008e+11,15285129216.0,0.0,0.0,0.0,206438.400,36269.800,38691.200,2.843,2.378,93.990,0.121,0.0,0.668,1493119262.220,
2.759,2.461,93.940,0.131,0.0,0.708,0.0,217907.200,1221503608.0,1728139.400,0.0,0.0,36802.400,39137.0,2.200,0.0,0.0,5744836608.0,191229952.0,1.47564146688e+11,15279980544.0,0.0,0.0,0.0,217907.200,36796.400,39131.400,2.764,2.466,93.931,0.131,0.0,0.707,1493119267.220,
2.625,2.276,94.296,0.066,0.0,0.738,0.0,165478.400,1204053956.400,1588692.600,0.0,0.0,35026.800,37600.400,2.0,0.200,0.0,5760102400.0,191229952.0,1.47564498944e+11,15264362496.0,0.0,0.0,0.0,165478.400,35032.0,37602.800,2.620,2.271,94.305,0.066,0.0,0.738,1493119272.220,
2.570,2.342,94.223,0.157,0.0,0.708,0.0,214630.400,1220926055.800,1651015.600,0.0,0.0,33272.200,38149.0,1.600,0.0,0.0,5761564672.0,191238144.0,1.47564814336e+11,15262576640.0,0.0,0.0,0.0,214630.400,33267.600,38145.400,2.575,2.347,94.213,0.157,0.0,0.708,1493119277.220,
2.850,2.278,94.294,0.142,0.0,0.435,0.0,227737.600,1207929916.200,1586694.0,0.0,0.0,32548.400,37932.600,1.800,0.0,0.0,5750607872.0,191238144.0,1.47565162496e+11,15273185280.0,0.0,0.0,0.0,227737.600,32549.800,37942.600,2.845,2.278,94.299,0.142,0.0,0.435,1493119282.220,
1.253,1.349,97.131,0.096,0.0,0.171,0.0,170393.600,601373372.600,634765.600,0.0,0.0,14068.600,20958.800,1.0,0.200,1.0,5508521984.0,191262720.0,1.47565518848e+11,15514890240.0,0.0,0.0,0.0,170393.600,14056.0,20939.0,1.253,1.344,97.137,0.096,0.0,0.171,1493119287.220,
