"Dstat 0.7.2 CSV output"
"Author:","Dag Wieers <dag@wieers.com>",,,,"URL:","http://dag.wieers.com/home-made/dstat/"
"Host:","osd1.skyhook--8osds.skyhook-pg0.wisc.cloudlab.us",,,,"User:","jlefevre"
"Cmdline:","dstat -av --epoch --integer --noheaders --output 8osds.dstat-osd1.log 5",,,,"Date:","25 Apr 2017 03:37:00 CDT"

"total cpu usage",,,,,,"dsk/total",,"net/total",,"paging",,"system",,"procs",,,"memory usage",,,,"paging",,"dsk/total",,"system",,"total cpu usage",,,,,,"epoch"
"usr","sys","idl","wai","hiq","siq","read","writ","recv","send","in","out","int","csw","run","blk","new","used","buff","cach","free","in","out","read","writ","int","csw","usr","sys","idl","wai","hiq","siq","epoch"
0.005,0.015,99.975,0.005,0.0,0.0,0.0,3276.800,5178.400,11851.200,0.0,0.0,204.800,180.600,0.0,0.0,0.0,2455126016.0,1380352.0,15955034112.0,1.50368653312e+11,0.0,0.0,0.0,3276.800,204.600,180.600,0.005,0.015,99.975,0.005,0.0,0.0,1493116890.344,
0.0,0.010,99.990,0.0,0.0,0.0,0.0,0.0,3600.0,8403.0,0.0,0.0,172.200,162.600,0.0,0.200,0.0,2455126016.0,1388544.0,15955025920.0,1.50368653312e+11,0.0,0.0,0.0,1638.400,172.800,163.0,0.0,0.015,99.980,0.005,0.0,0.0,1493116895.344,
0.145,0.400,99.445,0.005,0.0,0.005,0.0,2457.600,204521.400,127751418.200,0.0,0.0,4080.0,642.0,0.600,0.0,0.0,2482356224.0,1388544.0,15955034112.0,1.50341414912e+11,0.0,0.0,0.0,819.200,4082.600,641.600,0.150,0.395,99.445,0.0,0.0,0.010,1493116900.344,
0.145,0.425,99.399,0.010,0.0,0.020,0.0,2457.600,222265.600,155568201.600,0.0,0.0,6293.600,684.800,0.0,0.0,0.0,2473652224.0,1396736.0,15955034112.0,1.5035011072e+11,0.0,0.0,0.0,2457.600,6291.600,684.800,0.145,0.425,99.404,0.010,0.0,0.015,1493116905.344,
0.120,0.280,99.590,0.0,0.0,0.010,0.0,0.0,166057.200,113115561.400,0.0,0.0,5161.600,530.400,0.200,0.0,0.0,2478608384.0,1396736.0,15955034112.0,1.5034515456e+11,0.0,0.0,0.0,0.0,5161.800,530.400,0.115,0.285,99.590,0.0,0.0,0.010,1493116910.344,
0.150,0.450,99.395,0.0,0.0,0.005,0.0,2457.600,216235.200,157467954.200,0.0,0.0,6586.0,692.0,0.400,0.0,0.0,2541469696.0,1404928.0,15955034112.0,1.50282285056e+11,0.0,0.0,0.0,2457.600,6589.200,692.400,0.155,0.445,99.394,0.0,0.0,0.005,1493116915.344,
0.140,0.370,99.485,0.0,0.0,0.005,0.0,0.0,206929.400,148567949.800,0.0,0.0,6176.600,662.200,0.200,0.0,0.0,2489729024.0,1404928.0,15955034112.0,1.50334025728e+11,0.0,0.0,0.0,0.0,6177.200,661.800,0.135,0.370,99.489,0.0,0.0,0.005,1493116920.344,
0.100,0.295,99.600,0.005,0.0,0.0,0.0,3276.800,190716.600,123545290.400,0.0,0.0,5329.600,546.400,0.0,0.0,0.0,2458910720.0,1413120.0,15955034112.0,1.5036483584e+11,0.0,0.0,0.0,3276.800,5324.200,546.800,0.100,0.300,99.595,0.005,0.0,0.0,1493116925.344,
0.120,0.365,99.500,0.005,0.0,0.010,0.0,1638.400,211198.200,135688896.400,0.0,0.0,5905.0,570.200,0.0,0.200,0.0,2457042944.0,1421312.0,15955025920.0,1.50366703616e+11,0.0,0.0,0.0,1638.400,5905.0,570.200,0.120,0.360,99.505,0.005,0.0,0.010,1493116930.344,
0.115,0.355,99.525,-0.005,0.0,0.010,0.0,819.200,178768.0,138648011.400,0.0,0.0,5423.800,568.200,0.0,0.0,0.0,2458292224.0,1421312.0,15955038208.0,1.50365442048e+11,0.0,0.0,0.0,819.200,5423.600,567.800,0.120,0.355,99.520,-0.005,0.0,0.010,1493116935.344,
0.140,0.340,99.505,0.010,0.0,0.005,0.0,2457.600,173261.200,141724108.600,0.0,0.0,5252.0,606.400,0.0,0.0,0.0,2475999232.0,1429504.0,15955038208.0,1.50347726848e+11,0.0,0.0,0.0,2457.600,5255.200,606.400,0.135,0.340,99.510,0.010,0.0,0.005,1493116940.344,
0.160,0.430,99.394,0.0,0.0,0.015,0.0,0.0,232404.800,173893721.600,0.0,0.0,7048.200,741.0,0.0,0.0,0.0,2458021888.0,1429504.0,15955038208.0,1.50365704192e+11,0.0,0.0,0.0,0.0,7045.0,741.0,0.165,0.430,99.390,0.0,0.0,0.015,1493116945.344,
0.125,0.360,99.500,0.005,0.0,0.010,0.0,2457.600,205110.600,135741653.400,0.0,0.0,6073.200,569.400,0.0,0.0,0.0,2457911296.0,1437696.0,15955038208.0,1.50365806592e+11,0.0,0.0,0.0,2457.600,6073.200,569.400,0.120,0.360,99.505,0.005,0.0,0.010,1493116950.344,
0.150,0.480,99.364,0.0,0.0,0.005,0.0,0.0,237754.800,161016523.200,0.0,0.0,7138.800,686.600,0.400,0.0,0.0,2521255936.0,1437696.0,15955038208.0,1.50302461952e+11,0.0,0.0,0.0,0.0,7144.200,686.600,0.155,0.480,99.360,0.0,0.0,0.005,1493116955.344,
0.155,0.345,99.475,0.010,0.0,0.015,0.0,4096.0,202309.200,137442713.800,0.0,0.0,5827.800,627.600,0.200,0.0,0.0,2483597312.0,1445888.0,15955038208.0,1.50340112384e+11,0.0,0.0,0.0,4096.0,5825.800,627.600,0.150,0.350,99.475,0.010,0.0,0.015,1493116960.344,
0.105,0.315,99.560,0.0,0.0,0.020,0.0,4915.200,186721.400,123445672.800,0.0,0.0,5494.400,586.0,0.200,0.0,0.0,2458820608.0,1454080.0,15955030016.0,1.50364889088e+11,0.0,0.0,0.0,4915.200,5491.0,586.0,0.105,0.310,99.565,0.0,0.0,0.020,1493116965.344,
0.120,0.370,99.485,0.0,0.0,0.025,0.0,2457.600,193062.400,137517671.400,0.0,0.0,3812.600,581.200,0.200,0.0,0.0,2475765760.0,1454080.0,15955038208.0,1.50347935744e+11,0.0,0.0,0.0,2457.600,3814.0,581.200,0.120,0.370,99.485,0.0,0.0,0.025,1493116970.344,
0.135,0.350,99.500,0.010,0.0,0.005,0.0,2457.600,186563.400,142727427.600,0.0,0.0,5258.400,601.800,0.200,0.0,0.0,2459500544.0,1462272.0,15955038208.0,1.50364192768e+11,0.0,0.0,0.0,2457.600,5257.0,601.800,0.140,0.350,99.495,0.010,0.0,0.005,1493116975.344,
0.125,0.350,99.514,0.0,0.0,0.010,0.0,0.0,211446.400,141718050.800,0.0,0.0,6075.600,583.600,0.0,0.0,0.0,2484097024.0,1462272.0,15955038208.0,1.50339596288e+11,0.0,0.0,0.0,0.0,6079.200,583.600,0.125,0.350,99.515,0.0,0.0,0.010,1493116980.344,
0.160,0.410,99.399,0.010,0.0,0.020,0.0,2457.600,234795.200,171102311.200,0.0,0.0,7005.800,701.200,0.0,0.0,0.0,2489475072.0,1470464.0,15955038208.0,1.50334210048e+11,0.0,0.0,0.0,2457.600,7010.0,701.600,0.155,0.411,99.404,0.010,0.0,0.020,1493116985.344,
0.120,0.350,99.530,0.0,0.0,0.0,0.0,0.0,181122.0,132378071.400,0.0,0.0,5456.200,546.400,0.0,0.0,0.0,2476208128.0,1470464.0,15955038208.0,1.50347476992e+11,0.0,0.0,0.0,0.0,5452.400,546.200,0.120,0.350,99.530,0.0,0.0,0.0,1493116990.344,
0.080,0.245,99.670,0.005,0.0,0.0,0.0,3276.800,138059.800,100532876.800,0.0,0.0,4169.800,505.200,0.0,0.0,0.0,2458288128.0,1478656.0,15955038208.0,1.503653888e+11,0.0,0.0,0.0,3276.800,4166.200,507.200,0.085,0.245,99.665,0.005,0.0,0.0,1493116995.344,
0.100,0.345,99.540,0.005,0.0,0.010,0.0,1638.400,172951.800,121707118.400,0.0,0.0,5163.600,534.600,0.200,0.200,0.0,2489090048.0,1486848.0,15955030016.0,1.5033458688e+11,0.0,0.0,0.0,1638.400,5170.600,533.200,0.095,0.345,99.545,0.005,0.0,0.010,1493117000.344,
0.100,0.300,99.600,-0.005,0.0,0.005,0.0,819.200,180447.200,116156188.600,0.0,0.0,5336.400,524.800,0.0,0.0,0.0,2476060672.0,1486848.0,15955038208.0,1.50347608064e+11,0.0,0.0,0.0,819.200,5331.600,526.0,0.100,0.300,99.600,-0.005,0.0,0.005,1493117005.344,
0.125,0.370,99.485,0.010,0.0,0.010,0.0,2457.600,214616.200,148594400.400,0.0,0.0,6070.600,615.200,0.200,0.0,0.200,2463563776.0,1495040.0,15955038208.0,1.50360096768e+11,0.0,0.0,0.0,2457.600,6068.600,613.600,0.130,0.380,99.470,0.010,0.0,0.010,1493117010.344,
0.120,0.310,99.565,0.0,0.0,0.005,0.0,0.0,186623.800,118253528.600,0.0,0.0,5349.400,569.400,0.0,0.0,0.0,2490703872.0,1495040.0,15955038208.0,1.50332956672e+11,0.0,0.0,0.0,0.0,5355.0,569.200,0.115,0.305,99.574,0.0,0.0,0.005,1493117015.344,
0.015,0.015,99.970,0.0,0.0,0.0,0.0,2457.600,12799.800,5653029.400,0.0,0.0,416.200,152.800,0.0,0.0,0.0,2458902528.0,1503232.0,15955042304.0,1.50364745728e+11,0.0,0.0,0.0,2457.600,410.200,152.600,0.015,0.010,99.975,0.0,0.0,0.0,1493117020.344,
