"Dstat 0.7.2 CSV output"
"Author:","Dag Wieers <dag@wieers.com>",,,,"URL:","http://dag.wieers.com/home-made/dstat/"
"Host:","osd1.skyhook--8osds.skyhook-pg0.wisc.cloudlab.us",,,,"User:","jlefevre"
"Cmdline:","dstat -av --epoch --integer --noheaders --output 8osds.dstat-osd1.log 5",,,,"Date:","25 Apr 2017 03:37:00 CDT"

"total cpu usage",,,,,,"dsk/total",,"net/total",,"paging",,"system",,"procs",,,"memory usage",,,,"paging",,"dsk/total",,"system",,"total cpu usage",,,,,,"epoch"
"usr","sys","idl","wai","hiq","siq","read","writ","recv","send","in","out","int","csw","run","blk","new","used","buff","cach","free","in","out","read","writ","int","csw","usr","sys","idl","wai","hiq","siq","epoch"
0.005,0.025,99.965,0.005,0.0,0.0,0.0,3276.800,6563.600,11057.400,0.0,0.0,248.600,242.0,0.0,0.0,0.0,2459779072.0,1302528.0,201003008.0,1.66118109184e+11,0.0,0.0,0.0,3276.800,245.400,242.0,0.005,0.025,99.965,0.005,0.0,0.0,1493124645.344,
0.040,0.095,99.390,0.475,0.0,0.0,28209152.0,2457.600,7593.600,689073.0,0.0,0.0,497.400,650.600,0.0,0.0,0.0,2599301120.0,1310720.0,342130688.0,1.65837451264e+11,0.0,0.0,28209152.0,2457.600,497.200,650.600,0.040,0.095,99.390,0.475,0.0,0.0,1493124650.344,
0.055,0.160,99.605,0.175,0.0,0.005,45128089.600,0.0,56099.800,49896337.0,0.0,0.0,2372.400,1034.0,0.0,0.200,0.0,2582097920.0,1310720.0,566943744.0,1.65629841408e+11,0.0,0.0,45128089.600,0.0,2372.600,1034.0,0.060,0.160,99.600,0.175,0.0,0.005,1493124655.344,
0.060,0.220,99.520,0.195,0.0,0.005,47948595.200,2457.600,66984.200,76322999.400,0.0,0.0,2827.800,1066.0,0.200,0.0,0.0,2449608704.0,1318912.0,807432192.0,1.65521833984e+11,0.0,0.0,47948595.200,2457.600,2827.600,1066.0,0.055,0.225,99.520,0.195,0.0,0.005,1493124660.344,
0.060,0.180,99.445,0.310,0.0,0.005,62049484.800,0.0,39959.600,64886456.200,0.0,0.0,2093.0,1239.600,0.0,0.200,0.0,2448957440.0,1318912.0,1117958144.0,1.65211959296e+11,0.0,0.0,62049484.800,0.0,2093.0,1239.600,0.060,0.175,99.450,0.310,0.0,0.005,1493124665.344,
0.065,0.175,99.510,0.245,0.0,0.005,59230617.600,4096.0,39192.400,59793857.800,0.0,0.0,1724.400,1245.800,0.400,0.0,0.0,2467069952.0,1327104.0,1414467584.0,1.64897329152e+11,0.0,0.0,59230617.600,4096.0,1724.600,1246.200,0.065,0.175,99.510,0.245,0.0,0.005,1493124670.344,
0.050,0.190,99.450,0.305,0.0,0.005,54086860.800,819.200,35716.400,56106387.0,0.0,0.0,1704.400,1129.0,0.0,0.200,0.200,2470641664.0,1327104.0,1684496384.0,1.6462372864e+11,0.0,0.0,54270361.600,819.200,1709.800,1131.200,0.055,0.195,99.440,0.305,0.0,0.005,1493124675.344,
0.045,0.090,99.715,0.140,0.0,0.010,30553702.400,2457.600,27483.800,32213447.400,0.0,0.0,1298.0,739.800,0.0,0.0,0.0,2467086336.0,1335296.0,1836498944.0,1.64475273216e+11,0.0,0.0,30370201.600,2457.600,1292.400,737.200,0.045,0.085,99.720,0.140,0.0,0.010,1493124680.344,
0.055,0.135,99.595,0.215,0.0,0.0,39487078.400,0.0,33870.800,41696892.200,0.0,0.0,1485.400,887.200,0.0,0.0,0.0,2467426304.0,1335296.0,2034470912.0,1.6427696128e+11,0.0,0.0,39487078.400,0.0,1487.200,887.200,0.055,0.135,99.595,0.215,0.0,0.0,1493124685.344,
0.050,0.130,99.555,0.250,0.0,0.015,51870105.600,2457.600,42682.800,54394427.200,0.0,0.0,1510.600,1111.800,0.200,0.0,0.0,2471432192.0,1343488.0,2295103488.0,1.64012314624e+11,0.0,0.0,52079820.800,2457.600,1510.200,1113.600,0.050,0.130,99.555,0.250,0.0,0.015,1493124690.344,
0.070,0.220,99.390,0.315,0.0,0.005,60950118.400,0.0,50096.800,65574748.600,0.0,0.0,2202.600,1261.400,0.0,0.0,0.0,2450247680.0,1343488.0,2598572032.0,1.63730030592e+11,0.0,0.0,60740403.200,0.0,2201.200,1259.600,0.065,0.220,99.395,0.315,0.0,0.005,1493124695.344,
0.080,0.240,99.185,0.480,0.0,0.015,76153651.200,2457.600,56136.200,76192018.200,0.0,0.0,2500.600,1483.0,0.0,0.600,0.0,2467749888.0,1351680.0,2979344384.0,1.6333174784e+11,0.0,0.0,76153651.200,2457.600,2500.600,1483.0,0.085,0.240,99.180,0.480,0.0,0.015,1493124700.344,
0.045,0.105,99.690,0.155,0.0,0.005,33846067.200,0.0,36092.400,36081182.200,0.0,0.0,1140.800,825.800,0.0,0.200,0.0,2464890880.0,1351680.0,3148627968.0,1.63165323264e+11,0.0,0.0,33846067.200,0.0,1140.800,825.800,0.040,0.105,99.695,0.155,0.0,0.005,1493124705.344,
0.075,0.205,99.390,0.320,0.0,0.010,70512640.0,4096.0,65450.0,76575226.800,0.0,0.0,2529.800,1398.800,0.0,0.200,0.0,2450321408.0,1359872.0,3500666880.0,1.62827845632e+11,0.0,0.0,70512640.0,4096.0,2529.800,1398.800,0.080,0.205,99.385,0.320,0.0,0.010,1493124710.344,
0.065,0.165,99.570,0.195,0.0,0.005,56410112.0,4915.200,49589.800,59009309.800,0.0,0.0,2213.200,1203.200,0.0,0.400,0.0,2450112512.0,1368064.0,3783188480.0,1.62545524736e+11,0.0,0.0,56410112.0,4915.200,2213.200,1203.200,0.060,0.165,99.575,0.195,0.0,0.005,1493124715.344,
0.040,0.085,99.780,0.090,0.0,0.005,28205056.0,0.0,23425.400,29497543.600,0.0,0.0,1079.800,686.800,0.200,0.0,0.0,2450546688.0,1368064.0,3924213760.0,1.6240406528e+11,0.0,0.0,28205056.0,0.0,1080.0,686.800,0.040,0.085,99.780,0.090,0.0,0.005,1493124720.344,
0.075,0.180,99.495,0.240,0.0,0.010,67692134.400,2457.600,53919.800,70815582.200,0.0,0.0,2386.0,1382.600,0.0,0.200,0.0,2451341312.0,1376256.0,4261896192.0,1.62065580032e+11,0.0,0.0,67692134.400,2457.600,2385.800,1382.600,0.075,0.180,99.495,0.240,0.0,0.010,1493124725.344,
0.055,0.185,99.530,0.225,0.0,0.005,56410112.0,0.0,45157.600,59013998.200,0.0,0.0,2020.600,1168.400,0.200,0.0,0.0,2451791872.0,1376256.0,4544724992.0,1.61782300672e+11,0.0,0.0,56410112.0,0.0,2020.600,1168.400,0.055,0.185,99.530,0.225,0.0,0.005,1493124730.344,
0.050,0.175,99.555,0.215,0.0,0.005,56237260.800,2457.600,59135.200,56082940.600,0.0,0.0,2246.400,1186.0,0.200,0.800,0.200,2469699584.0,1384448.0,4825366528.0,1.61483743232e+11,0.0,0.0,56420761.600,2457.600,2247.600,1188.200,0.050,0.180,99.545,0.220,0.0,0.005,1493124735.344,
0.135,0.461,98.693,0.701,0.0,0.010,135661977.600,0.0,227123.200,139098852.400,0.0,0.0,7679.0,2553.400,0.200,0.400,0.0,2484088832.0,1384448.0,5504491520.0,1.60790228992e+11,0.0,0.0,135635763.200,0.0,7682.800,2554.800,0.140,0.461,98.693,0.696,0.0,0.010,1493124740.344,
0.145,0.456,98.698,0.691,0.0,0.010,146561433.600,3276.800,221958.800,155341367.0,0.0,0.0,7316.200,2702.600,0.0,1.0,0.0,2470379520.0,1392640.0,6235398144.0,1.60073023488e+11,0.0,0.0,146404147.200,3276.800,7314.200,2699.400,0.140,0.451,98.708,0.691,0.0,0.010,1493124745.344,
0.155,0.495,98.624,0.706,0.0,0.020,155125350.400,4915.200,242098.800,165743201.400,0.0,0.0,5905.200,2885.200,0.0,0.200,0.200,2460110848.0,1400832.0,7011430400.0,1.59307251712e+11,0.0,0.0,155125350.400,4915.200,5902.200,2884.800,0.155,0.495,98.624,0.706,0.0,0.020,1493124750.344,
0.135,0.425,98.859,0.566,0.0,0.015,138204774.400,0.0,220777.0,142023385.400,0.0,0.0,5476.800,2646.200,0.200,0.200,0.0,2478444544.0,1400832.0,7702732800.0,1.58597615616e+11,0.0,0.0,138204774.400,0.0,5480.0,2646.200,0.140,0.425,98.854,0.566,0.0,0.015,1493124755.344,
0.170,0.541,98.548,0.726,0.0,0.015,163589324.800,5734.400,258087.200,166820724.200,0.0,0.0,6363.200,3025.600,0.400,0.800,0.0,2512015360.0,1417216.0,8519860224.0,1.57746900992e+11,0.0,0.0,163589324.800,5734.400,6364.200,3025.600,0.165,0.546,98.548,0.726,0.0,0.015,1493124760.344,
0.125,0.395,98.869,0.606,0.0,0.005,118461235.200,0.0,189182.400,130676434.400,0.0,0.0,5857.800,2257.600,0.200,0.0,0.0,2466250752.0,1417216.0,9113931776.0,1.57198594048e+11,0.0,0.0,118461235.200,0.0,5853.600,2257.600,0.125,0.390,98.874,0.605,0.0,0.005,1493124765.344,
0.115,0.355,99.004,0.516,0.0,0.010,117475737.600,2457.600,177735.800,120857584.200,0.0,0.0,6316.400,2218.200,0.200,0.200,0.0,2479505408.0,1425408.0,9701748736.0,1.5659751424e+11,0.0,0.0,117685452.800,2457.600,6324.400,2220.600,0.115,0.360,98.999,0.516,0.0,0.010,1493124770.344,
0.130,0.441,98.859,0.566,0.0,0.005,133549260.800,0.0,226655.800,141439224.400,0.0,0.0,7600.800,2523.800,0.200,0.600,0.0,2469535744.0,1425408.0,10368630784.0,1.55940601856e+11,0.0,0.0,133339545.600,0.0,7599.200,2521.400,0.130,0.436,98.863,0.566,0.0,0.005,1493124775.344,
0.140,0.431,98.858,0.551,0.0,0.020,141025280.0,6553.600,215263.200,144084713.200,0.0,0.0,7616.600,2649.600,0.400,0.400,0.0,2486267904.0,1433600.0,11073261568.0,1.5521923072e+11,0.0,0.0,141025280.0,6553.600,7614.800,2649.800,0.140,0.431,98.858,0.551,0.0,0.020,1493124780.344,
0.135,0.451,98.613,0.791,0.0,0.010,143845785.600,2457.600,219047.0,152204446.0,0.0,0.0,7717.200,2670.400,0.0,0.200,0.0,2488913920.0,1433600.0,11793223680.0,1.54496622592e+11,0.0,0.0,143845785.600,2457.600,7713.800,2670.200,0.135,0.456,98.608,0.791,0.0,0.010,1493124785.344,
0.165,0.586,98.443,0.796,0.0,0.010,169230336.0,3276.800,271525.400,175411837.800,0.0,0.0,9449.200,3149.400,0.200,0.800,0.400,2492387328.0,1441792.0,12637851648.0,1.53648513024e+11,0.0,0.0,169230336.0,3276.800,9453.600,3151.200,0.170,0.581,98.443,0.796,0.0,0.010,1493124790.344,
0.120,0.345,99.094,0.425,0.0,0.015,107180032.0,0.0,182925.800,114521922.800,0.0,0.0,6305.800,2095.600,0.0,0.600,0.0,2496245760.0,1441792.0,13174706176.0,1.53107800064e+11,0.0,0.0,107180032.0,0.0,6301.600,2094.0,0.120,0.345,99.094,0.425,0.0,0.015,1493124795.344,
0.120,0.335,99.074,0.465,0.0,0.005,107179212.800,7372.800,167197.600,107089293.800,0.0,0.0,5877.0,2143.600,0.400,0.0,0.400,2506752000.0,1458176.0,13711204352.0,1.52560779264e+11,0.0,0.0,107179212.800,7372.800,5880.200,2143.600,0.115,0.335,99.079,0.465,0.0,0.005,1493124800.344,
0.110,0.350,99.009,0.526,0.0,0.005,110969651.200,4915.200,176630.600,121057990.800,0.0,0.0,6077.800,2139.400,0.0,0.400,0.0,2480807936.0,1466368.0,14266769408.0,1.5203115008e+11,0.0,0.0,111179366.400,4915.200,6074.400,2141.400,0.110,0.350,99.009,0.526,0.0,0.005,1493124805.344,
0.120,0.326,98.968,0.576,0.0,0.010,123142963.200,9830.400,187707.800,126866671.200,0.0,0.0,6420.200,2383.400,0.0,0.600,0.400,2491166720.0,1482752.0,14883516416.0,1.51404027904e+11,0.0,0.0,123169177.600,9830.400,6420.400,2383.200,0.120,0.326,98.963,0.581,0.0,0.010,1493124810.344,
0.150,0.461,98.639,0.731,0.0,0.020,141014630.400,5734.400,227560.0,150431083.400,0.0,0.0,7845.200,2674.200,0.0,0.200,0.400,2478653440.0,1490944.0,15586054144.0,1.50713995264e+11,0.0,0.0,140778700.800,5734.400,7843.800,2672.200,0.155,0.461,98.639,0.726,0.0,0.020,1493124815.344,
0.085,0.295,99.294,0.325,0.0,0.0,87435673.600,3276.800,147275.200,91439297.200,0.0,0.0,5033.400,1747.600,0.200,0.200,0.0,2477441024.0,1499136.0,16024195072.0,1.5027705856e+11,0.0,0.0,87435673.600,3276.800,5033.400,1747.600,0.085,0.295,99.294,0.325,0.0,0.0,1493124820.344,
0.010,0.010,99.980,0.0,0.0,0.0,0.0,4915.200,3826.0,11307.400,0.0,0.0,199.0,198.0,0.0,0.0,0.400,2477772800.0,1507328.0,16024195072.0,1.50276718592e+11,0.0,0.0,0.0,4915.200,199.200,198.0,0.005,0.015,99.980,0.0,0.0,0.0,1493124825.344,
