"Dstat 0.7.2 CSV output"
"Author:","Dag Wieers <dag@wieers.com>",,,,"URL:","http://dag.wieers.com/home-made/dstat/"
"Host:","osd0.skyhook--8osds.skyhook-pg0.wisc.cloudlab.us",,,,"User:","jlefevre"
"Cmdline:","dstat -av --epoch --integer --noheaders --output 8osds.dstat-osd0.log 5",,,,"Date:","25 Apr 2017 03:36:54 CDT"

"total cpu usage",,,,,,"dsk/total",,"net/total",,"paging",,"system",,"procs",,,"memory usage",,,,"paging",,"dsk/total",,"system",,"total cpu usage",,,,,,"epoch"
"usr","sys","idl","wai","hiq","siq","read","writ","recv","send","in","out","int","csw","run","blk","new","used","buff","cach","free","in","out","read","writ","int","csw","usr","sys","idl","wai","hiq","siq","epoch"
0.015,0.005,99.975,0.005,0.0,0.0,0.0,4096.0,4148.600,7980.600,0.0,0.0,162.600,161.800,0.0,0.0,0.0,2482958336.0,1609728.0,15615696896.0,1.50679928832e+11,0.0,0.0,0.0,4096.0,162.600,161.800,0.015,0.010,99.970,0.005,0.0,0.0,1493123594.035,
0.055,0.110,99.825,0.005,0.0,0.005,0.0,4915.200,40667.600,25787436.800,0.0,0.0,1317.0,278.400,0.0,0.0,0.0,2566750208.0,1617920.0,15615696896.0,1.50596128768e+11,0.0,0.0,0.0,4915.200,1321.200,279.200,0.060,0.105,99.825,0.005,0.0,0.005,1493123599.035,
0.055,0.195,99.745,0.0,0.0,0.005,0.0,0.0,88254.400,74945966.200,0.0,0.0,2832.200,412.800,0.0,0.0,0.0,2498580480.0,1617920.0,15615696896.0,1.50664298496e+11,0.0,0.0,0.0,0.0,2828.0,412.0,0.050,0.195,99.750,0.0,0.0,0.005,1493123604.035,
0.065,0.155,99.770,0.010,0.0,0.0,0.0,2457.600,70842.0,69605786.600,0.0,0.0,1645.400,369.800,0.200,0.0,0.0,2511659008.0,1626112.0,15615696896.0,1.50651211776e+11,0.0,0.0,0.0,2457.600,1645.400,369.800,0.070,0.155,99.765,0.010,0.0,0.0,1493123609.035,
0.065,0.170,99.760,0.0,0.0,0.005,0.0,0.0,60570.600,63832084.800,0.0,0.0,1453.600,384.200,0.0,0.0,0.0,2527281152.0,1626112.0,15615696896.0,1.50635589632e+11,0.0,0.0,0.0,0.0,1455.800,384.200,0.060,0.175,99.760,0.0,0.0,0.005,1493123614.035,
0.070,0.185,99.735,0.005,0.0,0.005,0.0,2457.600,102912.0,88917102.400,0.0,0.0,2162.0,476.400,0.0,0.0,0.0,2499182592.0,1634304.0,15615696896.0,1.5066368e+11,0.0,0.0,0.0,2457.600,2161.200,476.400,0.070,0.180,99.740,0.005,0.0,0.005,1493123619.035,
0.045,0.105,99.845,0.0,0.0,0.005,0.0,0.0,39185.200,45718521.0,0.0,0.0,1025.200,315.200,0.600,0.0,0.0,2481369088.0,1634304.0,15615696896.0,1.50681493504e+11,0.0,0.0,0.0,0.0,1024.0,315.600,0.050,0.105,99.840,0.0,0.0,0.005,1493123624.035,
0.055,0.150,99.790,0.005,0.0,0.0,0.0,3276.800,72081.200,61769961.0,0.0,0.0,1503.600,347.400,0.200,0.0,0.0,2482126848.0,1642496.0,15615696896.0,1.50680727552e+11,0.0,0.0,0.0,3276.800,1510.0,347.400,0.050,0.150,99.795,0.005,0.0,0.0,1493123629.035,
0.060,0.170,99.765,0.005,0.0,0.0,0.0,4915.200,68419.0,70920339.400,0.0,0.0,1548.200,376.400,0.0,0.0,0.0,2481963008.0,1650688.0,15615696896.0,1.506808832e+11,0.0,0.0,0.0,4915.200,1544.0,376.400,0.060,0.170,99.765,0.005,0.0,0.0,1493123634.035,
0.070,0.160,99.770,0.0,0.0,0.0,0.0,0.0,71540.800,63324710.400,0.0,0.0,2289.0,352.400,0.0,0.0,0.0,2499137536.0,1650688.0,15615696896.0,1.50663708672e+11,0.0,0.0,0.0,0.0,2287.400,352.0,0.070,0.160,99.770,0.0,0.0,0.0,1493123639.035,
0.050,0.150,99.795,0.005,0.0,0.0,0.0,2457.600,64693.200,54715094.0,0.0,0.0,2084.600,406.600,0.400,0.0,0.0,2510708736.0,1658880.0,15615700992.0,1.50652125184e+11,0.0,0.0,0.0,2457.600,2087.600,407.200,0.055,0.155,99.785,0.005,0.0,0.0,1493123644.035,
0.060,0.155,99.775,0.005,0.0,0.005,0.0,2457.600,65381.800,67913063.200,0.0,0.0,2177.600,328.800,0.600,0.0,0.0,2479357952.0,1667072.0,15615700992.0,1.50683467776e+11,0.0,0.0,0.0,2457.600,2173.800,328.200,0.055,0.150,99.785,0.005,0.0,0.005,1493123649.035,
0.050,0.110,99.835,0.0,0.0,0.005,0.0,0.0,45757.600,43523920.0,0.0,0.0,1482.0,349.200,0.0,0.0,0.0,2497261568.0,1667072.0,15615700992.0,1.5066556416e+11,0.0,0.0,0.0,0.0,1482.0,349.200,0.050,0.110,99.835,0.0,0.0,0.005,1493123654.035,
0.065,0.165,99.765,0.005,0.0,0.0,0.0,2457.600,69990.0,61430194.200,0.0,0.0,2176.600,340.800,0.0,0.0,0.0,2498723840.0,1675264.0,15615700992.0,1.50664093696e+11,0.0,0.0,0.0,2457.600,2176.600,340.800,0.065,0.165,99.765,0.005,0.0,0.0,1493123659.035,
0.055,0.105,99.840,0.0,0.0,0.0,0.0,1638.400,55604.800,45532862.0,0.0,0.0,1755.0,306.800,0.0,0.0,0.0,2483249152.0,1675264.0,15615700992.0,1.50679568384e+11,0.0,0.0,0.0,1638.400,1755.0,306.800,0.055,0.105,99.840,0.0,0.0,0.0,1493123664.035,
0.080,0.225,99.680,0.010,0.0,0.005,0.0,8192.0,95722.200,81934336.400,0.0,0.0,3026.200,419.400,0.200,0.0,0.0,2500513792.0,1683456.0,15615700992.0,1.50662295552e+11,0.0,0.0,0.0,8192.0,3029.400,419.800,0.085,0.225,99.675,0.010,0.0,0.005,1493123669.035,
0.075,0.210,99.715,0.0,0.0,0.0,0.0,0.0,85865.600,79599681.0,0.0,0.0,2707.800,389.200,0.200,0.0,0.200,2501668864.0,1683456.0,15615700992.0,1.5066114048e+11,0.0,0.0,0.0,0.0,2708.0,389.200,0.070,0.210,99.720,0.0,0.0,0.0,1493123674.035,
0.075,0.170,99.745,0.005,0.0,0.005,0.0,2457.600,75114.400,76692950.600,0.0,0.0,2236.0,382.800,0.200,0.0,0.0,2501255168.0,1691648.0,15615700992.0,1.50661545984e+11,0.0,0.0,0.0,2457.600,2232.600,382.400,0.075,0.170,99.745,0.005,0.0,0.005,1493123679.035,
0.060,0.115,99.825,0.0,0.0,0.0,0.0,0.0,54683.800,50879977.400,0.0,0.0,1603.400,358.200,0.0,0.0,0.0,2486554624.0,1691648.0,15615700992.0,1.50676246528e+11,0.0,0.0,0.0,0.0,1603.600,358.200,0.060,0.115,99.825,0.0,0.0,0.0,1493123684.035,
0.050,0.145,99.795,0.005,0.0,0.005,0.0,2457.600,60805.600,59014019.600,0.0,0.0,1920.200,369.800,0.0,0.0,0.0,2485706752.0,1699840.0,15615700992.0,1.50677086208e+11,0.0,0.0,0.0,2457.600,1920.200,369.800,0.050,0.145,99.795,0.005,0.0,0.005,1493123689.035,
0.080,0.275,99.640,0.0,0.0,0.005,0.0,0.0,109009.800,100289086.0,0.0,0.0,3501.200,494.600,0.0,0.0,0.0,2486530048.0,1699840.0,15615700992.0,1.50676262912e+11,0.0,0.0,0.0,0.0,3501.0,494.600,0.085,0.275,99.635,0.0,0.0,0.005,1493123694.035,
0.040,0.100,99.850,0.010,0.0,0.0,0.0,3276.800,40236.200,41294265.200,0.0,0.0,1330.400,284.200,0.200,0.0,0.0,2486562816.0,1708032.0,15615700992.0,1.50676221952e+11,0.0,0.0,0.0,3276.800,1330.400,284.200,0.035,0.105,99.850,0.010,0.0,0.0,1493123699.035,
0.070,0.185,99.740,0.005,0.0,0.0,0.0,2457.600,70039.800,71857399.600,0.0,0.0,2271.600,398.400,0.400,0.0,0.0,2517655552.0,1716224.0,15615700992.0,1.50645121024e+11,0.0,0.0,0.0,2457.600,2278.0,398.800,0.070,0.185,99.740,0.005,0.0,0.0,1493123704.035,
0.070,0.195,99.725,0.0,0.0,0.010,0.0,0.0,105586.400,93335270.0,0.0,0.0,2260.800,484.200,0.0,0.0,0.0,2485940224.0,1716224.0,15615700992.0,1.50676836352e+11,0.0,0.0,0.0,0.0,2254.400,483.800,0.070,0.190,99.730,0.0,0.0,0.010,1493123709.035,
0.055,0.125,99.810,0.005,0.0,0.005,0.0,2457.600,46083.800,50211887.800,0.0,0.0,1135.0,364.200,0.0,0.0,0.200,2486468608.0,1724416.0,15615700992.0,1.50676299776e+11,0.0,0.0,0.0,2457.600,1135.0,364.200,0.055,0.125,99.810,0.005,0.0,0.005,1493123714.035,
0.045,0.115,99.840,0.0,0.0,0.0,0.0,0.0,48986.600,50157274.400,0.0,0.0,1136.400,318.600,0.0,0.0,0.0,2485739520.0,1724416.0,15615700992.0,1.50677028864e+11,0.0,0.0,0.0,0.0,1136.400,318.600,0.045,0.115,99.840,0.0,0.0,0.0,1493123719.035,
0.070,0.165,99.760,0.005,0.0,0.0,0.0,2457.600,63275.0,65572165.800,0.0,0.0,2076.200,411.800,0.200,0.0,0.0,2519060480.0,1732608.0,15615700992.0,1.50643699712e+11,0.0,0.0,0.0,2457.600,2076.400,411.800,0.070,0.165,99.760,0.005,0.0,0.0,1493123724.035,
0.055,0.165,99.775,0.0,0.0,0.005,0.0,0.0,65355.0,70093970.800,0.0,0.0,2095.800,398.200,0.0,0.0,0.0,2489307136.0,1732608.0,15615705088.0,1.5067344896e+11,0.0,0.0,0.0,0.0,2095.600,398.200,0.055,0.165,99.775,0.0,0.0,0.005,1493123729.035,
0.065,0.145,99.770,0.010,0.0,0.010,0.0,4096.0,65491.200,64942168.0,0.0,0.0,2093.200,323.800,0.0,0.0,0.0,2490105856.0,1740800.0,15615705088.0,1.50672642048e+11,0.0,0.0,0.0,4096.0,2093.200,323.800,0.065,0.145,99.770,0.010,0.0,0.010,1493123734.035,
0.075,0.180,99.735,0.005,0.0,0.005,0.0,4915.200,78719.400,76389104.400,0.0,0.0,1771.600,443.0,0.0,0.0,0.0,2506051584.0,1748992.0,15615705088.0,1.50656688128e+11,0.0,0.0,0.0,4915.200,1772.200,443.200,0.080,0.180,99.730,0.005,0.0,0.005,1493123739.035,
0.085,0.250,99.655,0.0,0.0,0.010,0.0,2457.600,101426.400,97669991.0,0.0,0.0,2189.0,467.200,0.0,0.0,0.0,2488233984.0,1748992.0,15615705088.0,1.50674505728e+11,0.0,0.0,0.0,2457.600,2188.400,467.0,0.080,0.250,99.660,0.0,0.0,0.010,1493123744.035,
0.055,0.135,99.795,0.010,0.0,0.005,0.0,2457.600,58934.600,61216737.0,0.0,0.0,1376.800,346.400,0.200,0.0,0.0,2492223488.0,1757184.0,15615705088.0,1.50670508032e+11,0.0,0.0,0.0,2457.600,1378.600,348.600,0.060,0.135,99.790,0.010,0.0,0.005,1493123749.035,
0.100,0.215,99.680,0.0,0.0,0.005,0.0,0.0,92187.800,93828926.600,0.0,0.0,2109.200,557.200,0.200,0.0,0.0,2505216000.0,1757184.0,15615705088.0,1.5065751552e+11,0.0,0.0,0.0,0.0,2112.0,555.0,0.100,0.215,99.680,0.0,0.0,0.005,1493123754.035,
0.065,0.170,99.755,0.010,0.0,0.0,0.0,2457.600,77263.0,67282951.600,0.0,0.0,1577.600,353.800,0.200,0.0,0.0,2532184064.0,1765376.0,15615705088.0,1.50630539264e+11,0.0,0.0,0.0,2457.600,1573.0,353.800,0.060,0.170,99.760,0.010,0.0,0.0,1493123759.035,
0.065,0.200,99.730,0.0,0.0,0.005,0.0,0.0,89400.0,81449399.200,0.0,0.0,1871.200,453.600,0.0,0.0,0.0,2505809920.0,1765376.0,15615705088.0,1.50656913408e+11,0.0,0.0,0.0,0.0,1871.200,453.600,0.070,0.200,99.725,0.0,0.0,0.005,1493123764.035,
0.065,0.150,99.780,0.005,0.0,0.0,0.0,3276.800,68718.800,58845578.800,0.0,0.0,1830.800,403.800,0.0,0.0,0.0,2505359360.0,1773568.0,15615705088.0,1.50657355776e+11,0.0,0.0,0.0,3276.800,1835.600,403.800,0.060,0.150,99.785,0.005,0.0,0.0,1493123769.035,
0.050,0.135,99.810,0.005,0.0,0.0,0.0,2457.600,65250.200,59293240.600,0.0,0.0,2036.200,361.0,0.0,0.0,0.0,2489671680.0,1781760.0,15615705088.0,1.50673035264e+11,0.0,0.0,0.0,2457.600,2031.600,361.400,0.050,0.135,99.810,0.005,0.0,0.0,1493123774.035,
0.070,0.165,99.765,0.0,0.0,0.0,0.0,0.0,81996.200,70784530.400,0.0,0.0,2624.200,414.600,0.200,0.0,0.0,2489630720.0,1781760.0,15615705088.0,1.50673076224e+11,0.0,0.0,0.0,0.0,2624.0,414.200,0.070,0.165,99.765,0.0,0.0,0.0,1493123779.035,
0.070,0.210,99.705,0.010,0.0,0.005,0.0,2457.600,97890.600,85622520.200,0.0,0.0,3011.400,428.0,0.200,0.0,0.0,2507423744.0,1789952.0,15615705088.0,1.50655275008e+11,0.0,0.0,0.0,2457.600,3012.0,428.600,0.075,0.210,99.700,0.010,0.0,0.005,1493123784.035,
0.060,0.160,99.775,0.0,0.0,0.005,0.0,0.0,70378.800,70782000.200,0.0,0.0,1998.200,393.0,0.0,0.0,0.0,2489524224.0,1789952.0,15615705088.0,1.50673174528e+11,0.0,0.0,0.0,0.0,1997.600,392.400,0.055,0.165,99.775,0.0,0.0,0.005,1493123789.035,
0.075,0.195,99.725,0.005,0.0,0.0,0.0,2457.600,80271.400,76706906.400,0.0,0.0,1697.200,404.0,0.0,0.0,0.0,2533179392.0,1798144.0,15615705088.0,1.50629511168e+11,0.0,0.0,0.0,2457.600,1699.400,404.0,0.075,0.195,99.725,0.005,0.0,0.0,1493123794.035,
0.085,0.285,99.630,0.0,0.0,0.0,0.0,0.0,117949.400,110279197.400,0.0,0.0,3386.800,503.200,0.0,0.0,0.0,2506977280.0,1798144.0,15615705088.0,1.5065571328e+11,0.0,0.0,0.0,0.0,3384.800,503.200,0.085,0.280,99.635,0.0,0.0,0.0,1493123799.035,
0.040,0.110,99.840,0.005,0.0,0.005,0.0,3276.800,44124.0,46121630.200,0.0,0.0,1426.200,299.600,0.200,0.0,0.0,2490109952.0,1806336.0,15615705088.0,1.50672572416e+11,0.0,0.0,0.0,3276.800,1426.0,299.600,0.040,0.115,99.835,0.005,0.0,0.005,1493123804.035,
0.050,0.150,99.790,0.010,0.0,0.0,0.0,2457.600,67743.800,61950495.200,0.0,0.0,2064.0,391.600,0.200,0.0,0.0,2489806848.0,1814528.0,15615705088.0,1.50672867328e+11,0.0,0.0,0.0,2457.600,2064.0,391.600,0.050,0.145,99.795,0.010,0.0,0.0,1493123809.035,
0.050,0.160,99.790,0.0,0.0,0.0,0.0,0.0,54469.400,61086537.400,0.0,0.0,1824.0,339.200,0.0,0.0,0.0,2506321920.0,1814528.0,15615709184.0,1.5065634816e+11,0.0,0.0,0.0,0.0,1829.200,339.600,0.050,0.165,99.785,0.0,0.0,0.0,1493123814.035,
0.050,0.100,99.845,0.005,0.0,0.0,0.0,2457.600,43644.0,45114523.200,0.0,0.0,1410.600,341.600,0.200,0.0,0.0,2490458112.0,1822720.0,15615709184.0,1.50672203776e+11,0.0,0.0,0.0,2457.600,1405.400,341.200,0.050,0.095,99.850,0.005,0.0,0.0,1493123819.035,
0.060,0.140,99.800,0.0,0.0,0.0,0.0,0.0,59313.400,58989480.800,0.0,0.0,1647.800,384.200,0.200,0.0,0.0,2489507840.0,1822720.0,15615709184.0,1.50673154048e+11,0.0,0.0,0.0,0.0,1647.800,384.200,0.060,0.140,99.800,0.0,0.0,0.0,1493123824.035,
0.070,0.190,99.730,0.005,0.0,0.005,0.0,2457.600,79376.400,75227973.400,0.0,0.0,1693.400,378.600,0.200,0.0,0.0,2506309632.0,1830912.0,15615709184.0,1.50656344064e+11,0.0,0.0,0.0,2457.600,1693.600,378.600,0.070,0.190,99.730,0.005,0.0,0.005,1493123829.035,
0.050,0.100,99.845,0.0,0.0,0.005,0.0,0.0,45782.0,48674147.200,0.0,0.0,1060.200,328.600,0.0,0.0,0.0,2489552896.0,1830912.0,15615709184.0,1.506731008e+11,0.0,0.0,0.0,0.0,1060.0,328.600,0.050,0.105,99.840,0.0,0.0,0.005,1493123834.035,
0.040,0.060,99.890,0.010,0.0,0.0,0.0,4096.0,35614.800,23619454.0,0.0,0.0,775.0,252.600,0.0,0.0,0.0,2489417728.0,1839104.0,15615709184.0,1.50673227776e+11,0.0,0.0,0.0,4096.0,775.0,252.600,0.040,0.060,99.890,0.010,0.0,0.0,1493123839.035,
0.010,0.005,99.975,0.010,0.0,0.0,0.0,4915.200,3811.0,8007.200,0.0,0.0,159.200,180.0,0.0,0.0,0.0,2489409536.0,1847296.0,15615709184.0,1.50673227776e+11,0.0,0.0,0.0,4915.200,159.200,180.0,0.010,0.005,99.975,0.010,0.0,0.0,1493123844.035,
