"Dstat 0.7.2 CSV output"
"Author:","Dag Wieers <dag@wieers.com>",,,,"URL:","http://dag.wieers.com/home-made/dstat/"
"Host:","client0.skyhook--8osds.skyhook-pg0.wisc.cloudlab.us",,,,"User:","jlefevre"
"Cmdline:","dstat -av --epoch --integer --noheaders --output 8osds.dstat-client0.log 5",,,,"Date:","25 Apr 2017 03:36:47 CDT"

"total cpu usage",,,,,,"dsk/total",,"net/total",,"paging",,"system",,"procs",,,"memory usage",,,,"paging",,"dsk/total",,"system",,"total cpu usage",,,,,,"epoch"
"usr","sys","idl","wai","hiq","siq","read","writ","recv","send","in","out","int","csw","run","blk","new","used","buff","cach","free","in","out","read","writ","int","csw","usr","sys","idl","wai","hiq","siq","epoch"
0.145,0.025,99.814,0.010,0.0,0.005,0.0,9011.200,52355.800,9415.600,0.0,0.0,1398.0,7367.800,0.200,0.0,1.400,5486387200.0,187113472.0,1.47586633728e+11,15520059392.0,0.0,0.0,0.0,9011.200,1398.800,7368.600,0.145,0.025,99.814,0.010,0.0,0.005,1493117597.220,
0.316,0.919,98.700,0.020,0.0,0.045,0.0,27033.600,108572673.400,141828.600,0.0,0.0,4282.0,8565.0,1.0,0.0,5.800,5678637056.0,187125760.0,1.47586633728e+11,15327797248.0,0.0,0.0,0.0,27033.600,4284.800,8570.400,0.321,0.929,98.685,0.020,0.0,0.045,1493117602.220,
1.304,5.095,93.173,0.106,0.0,0.322,0.0,163840.0,652002162.0,664686.200,0.0,0.0,21634.200,14101.400,2.600,0.0,0.0,5696823296.0,187125760.0,1.47586904064e+11,15309340672.0,0.0,0.0,0.0,163840.0,21643.600,14095.200,1.299,5.095,93.178,0.106,0.0,0.322,1493117607.220,
0.948,5.002,93.453,0.140,0.0,0.457,0.0,195788.800,560178396.200,460711.200,0.0,0.0,15699.600,14074.800,2.600,0.0,0.0,5718667264.0,187142144.0,1.47587149824e+11,15287234560.0,0.0,0.0,0.0,195788.800,15699.400,14079.800,0.948,4.997,93.458,0.140,0.0,0.457,1493117612.220,
0.831,4.439,93.974,0.145,0.0,0.611,0.0,154009.600,473174705.800,308046.800,0.0,0.0,12430.800,12046.0,2.0,0.200,0.0,5700202496.0,187174912.0,1.47587371008e+11,15305445376.0,0.0,0.0,0.0,154009.600,12420.600,12054.0,0.836,4.439,93.970,0.145,0.0,0.611,1493117617.220,
0.747,4.359,94.127,0.130,0.0,0.636,0.0,201523.200,467986213.0,299262.400,0.0,0.0,11993.400,11807.600,2.600,0.0,0.0,5711323136.0,187191296.0,1.47587600384e+11,15294078976.0,0.0,0.0,0.0,201523.200,11994.800,11797.200,0.747,4.360,94.127,0.130,0.0,0.636,1493117622.220,
0.820,4.555,94.288,0.085,0.0,0.251,0.0,187596.800,506316177.0,345538.400,0.0,0.0,12363.0,13006.600,2.400,0.0,0.0,5723750400.0,187219968.0,1.47587899392e+11,15281324032.0,0.0,0.0,0.0,187596.800,12359.600,13006.400,0.815,4.550,94.298,0.085,0.0,0.251,1493117627.220,
0.858,4.284,94.336,0.055,0.0,0.467,0.0,152371.200,536090900.200,406253.200,0.0,0.0,12536.600,14380.800,2.600,0.200,0.0,5703426048.0,187228160.0,1.47588104192e+11,15301435392.0,0.0,0.0,0.0,152371.200,12541.800,14387.200,0.858,4.289,94.331,0.055,0.0,0.467,1493117632.220,
0.939,4.505,93.998,0.126,0.0,0.432,0.0,199884.800,563113385.600,470598.200,0.0,0.0,15028.400,15152.600,2.200,0.0,0.0,5712658432.0,187260928.0,1.47588427776e+11,15291846656.0,0.0,0.0,0.0,199884.800,15031.400,15143.400,0.939,4.505,93.993,0.126,0.0,0.437,1493117637.220,
0.839,4.375,94.174,0.186,0.0,0.427,0.0,185139.200,496198210.0,366248.200,0.0,0.0,13431.600,13459.200,2.600,0.0,0.0,5724917760.0,187265024.0,1.47588636672e+11,15279374336.0,0.0,0.0,0.0,185139.200,13429.600,13461.800,0.839,4.375,94.179,0.186,0.0,0.422,1493117642.220,
0.942,4.381,94.300,0.101,0.0,0.277,0.0,153190.400,545746682.0,451379.0,0.0,0.0,14503.400,14988.600,3.400,0.0,0.0,5708877824.0,187285504.0,1.47588857856e+11,15295172608.0,0.0,0.0,0.0,153190.400,14512.400,15005.600,0.947,4.381,94.295,0.101,0.0,0.277,1493117647.220,
0.875,4.357,94.164,0.362,0.0,0.241,0.0,4334387.200,526741489.600,399937.200,0.0,0.0,13794.800,14464.400,2.200,0.0,0.0,5686616064.0,187322368.0,1.47583905792e+11,15322349568.0,0.0,0.0,0.0,4334387.200,13780.400,14445.200,0.870,4.357,94.169,0.362,0.0,0.241,1493117652.220,
0.909,4.538,93.875,0.186,0.0,0.492,0.0,222822.400,541211974.600,459974.200,0.0,0.0,14897.800,14698.800,2.800,0.0,0.200,5707145216.0,187326464.0,1.4758416384e+11,15301558272.0,0.0,0.0,0.0,222822.400,14903.0,14699.200,0.908,4.542,93.866,0.186,0.0,0.497,1493117657.220,
0.924,4.535,93.959,0.166,0.0,0.417,0.0,158924.800,575291848.800,534889.400,0.0,0.0,15161.600,16859.800,2.400,0.200,0.0,5727932416.0,187342848.0,1.47584376832e+11,15280541696.0,0.0,0.0,0.0,158924.800,15160.200,16864.0,0.924,4.530,93.968,0.166,0.0,0.412,1493117662.220,
0.941,4.311,94.306,0.176,0.0,0.267,0.0,208896.0,562224536.800,476532.600,0.0,0.0,14725.0,15810.0,1.800,0.0,0.0,5703827456.0,187367424.0,1.4758467584e+11,15304323072.0,0.0,0.0,0.0,208896.0,14728.0,15805.400,0.941,4.311,94.306,0.176,0.0,0.267,1493117667.220,
0.929,4.350,94.189,0.201,0.0,0.331,0.0,193331.200,587726615.200,559445.200,0.0,0.0,15610.800,17064.600,2.200,0.0,0.0,5709877248.0,187375616.0,1.47584917504e+11,15298023424.0,0.0,0.0,0.0,193331.200,15604.400,17065.200,0.929,4.354,94.184,0.201,0.0,0.331,1493117672.220,
0.945,4.160,93.915,0.563,0.0,0.417,0.0,6996787.200,583690459.0,491439.200,0.0,0.0,14191.800,17161.400,2.200,0.400,0.0,5709307904.0,187396096.0,1.47582324736e+11,15301165056.0,0.0,0.0,0.0,6996787.200,14204.600,17174.400,0.945,4.156,93.920,0.563,0.0,0.417,1493117677.220,
1.270,3.811,94.479,0.146,0.0,0.292,0.0,160563.200,710298145.400,814000.0,0.0,0.0,20350.200,22907.200,2.0,0.0,0.0,5728567296.0,187404288.0,1.47582574592e+11,15281647616.0,0.0,0.0,0.0,160563.200,20337.600,22894.200,1.275,3.811,94.475,0.146,0.0,0.292,1493117682.220,
1.350,3.870,94.246,0.161,0.0,0.373,0.0,157286.400,711617917.600,780874.600,0.0,0.0,19394.0,22512.0,2.0,0.200,0.200,5730107392.0,187404288.0,1.47582808064e+11,15279874048.0,0.0,0.0,0.0,157286.400,19392.600,22511.400,1.345,3.865,94.256,0.161,0.0,0.373,1493117687.220,
1.261,3.717,94.538,0.141,0.0,0.343,0.0,204800.0,713575073.200,738272.0,0.0,0.0,20091.600,21441.600,2.400,0.0,0.0,5738143744.0,187424768.0,1.47583131648e+11,15271493632.0,0.0,0.0,0.0,204800.0,20092.800,21448.0,1.261,3.722,94.533,0.141,0.0,0.343,1493117692.220,
1.381,3.906,94.199,0.141,0.0,0.373,0.0,224460.800,765373076.600,913583.0,0.0,0.0,22265.400,24231.600,1.800,0.0,0.0,5715509248.0,187424768.0,1.47583373312e+11,15293886464.0,0.0,0.0,0.0,224460.800,22285.800,24249.0,1.381,3.906,94.199,0.141,0.0,0.373,1493117697.220,
1.506,3.762,94.088,0.146,0.0,0.499,0.0,165478.400,827432864.800,1041789.800,0.0,0.0,25047.600,25959.0,3.0,0.200,0.0,5726601216.0,187437056.0,1.47583668224e+11,15282487296.0,0.0,0.0,0.0,165478.400,25025.600,25936.400,1.506,3.762,94.088,0.146,0.0,0.499,1493117702.220,
1.271,3.546,94.728,0.166,0.0,0.288,0.0,208896.0,780905645.200,992152.400,0.0,0.0,24120.800,26200.400,2.200,0.0,0.0,5701664768.0,187445248.0,1.47583963136e+11,15307120640.0,0.0,0.0,0.0,208896.0,24137.800,26213.200,1.276,3.546,94.723,0.166,0.0,0.288,1493117707.220,
1.499,4.067,93.970,0.146,0.0,0.318,0.0,197427.200,753090312.0,839826.800,0.0,0.0,22210.800,22501.200,2.400,0.0,0.200,5717213184.0,187461632.0,1.475843072e+11,15291211776.0,0.0,0.0,0.0,197427.200,22206.0,22500.400,1.494,4.067,93.975,0.146,0.0,0.318,1493117712.220,
1.336,3.911,94.249,0.156,0.0,0.348,0.0,158105.600,760017299.0,899470.400,0.0,0.0,20642.0,24226.800,1.600,0.200,0.0,5711462400.0,187469824.0,1.47584548864e+11,15296712704.0,0.0,0.0,0.0,158105.600,20643.400,24229.800,1.341,3.906,94.249,0.156,0.0,0.348,1493117717.220,
1.344,3.503,94.529,0.196,0.0,0.428,0.0,206438.400,740876344.600,874494.600,0.0,0.0,20543.200,24559.800,3.0,0.0,0.0,5730693120.0,187494400.0,1.4758490112e+11,15277105152.0,0.0,0.0,0.0,206438.400,20530.400,24548.200,1.339,3.508,94.529,0.196,0.0,0.428,1493117722.220,
1.541,3.480,94.359,0.201,0.0,0.418,0.0,204800.0,859001129.200,1098381.600,0.0,0.0,23529.200,29569.200,2.600,0.200,0.600,5722107904.0,187523072.0,1.47585134592e+11,15285428224.0,0.0,0.0,0.0,204800.0,23529.0,29564.600,1.541,3.480,94.354,0.206,0.0,0.418,1493117727.220,
1.724,3.257,94.480,0.141,0.0,0.398,0.0,238387.200,877256069.800,1077396.200,0.0,0.0,24209.800,27839.0,2.800,0.0,2.200,5724237824.0,187523072.0,1.47585445888e+11,15282987008.0,0.0,0.0,0.0,238387.200,24221.800,27851.600,1.729,3.252,94.485,0.136,0.0,0.398,1493117732.220,
2.320,2.598,94.394,0.172,0.0,0.516,0.0,213811.200,1125245117.200,1510083.200,0.0,0.0,32700.600,36676.0,2.0,0.0,0.0,5760188416.0,187543552.0,1.47585818624e+11,15246643200.0,0.0,0.0,0.0,213811.200,32701.0,36687.800,2.315,2.603,94.394,0.172,0.0,0.516,1493117737.220,
2.002,2.305,94.875,0.177,0.0,0.641,0.0,199884.800,1048439445.600,1369101.600,0.0,0.0,28453.0,34702.400,2.400,0.0,0.0,5753323520.0,187555840.0,1.47586138112e+11,15253176320.0,0.0,0.0,0.0,199884.800,28450.400,34688.400,2.002,2.300,94.880,0.177,0.0,0.641,1493117742.220,
2.134,2.468,94.770,0.147,0.0,0.481,0.0,168755.200,1082438250.800,1409213.800,0.0,0.0,30485.400,35587.600,1.400,0.200,0.0,5744619520.0,187555840.0,1.47586404352e+11,15261614080.0,0.0,0.0,0.0,168755.200,30492.800,35594.0,2.139,2.473,94.760,0.147,0.0,0.480,1493117747.220,
2.183,2.860,94.310,0.157,0.0,0.490,0.0,212992.0,1044335851.800,1367431.800,0.0,0.0,30521.800,33743.600,1.800,0.0,0.0,5746184192.0,187588608.0,1.47586768896e+11,15259652096.0,0.0,0.0,0.0,212992.0,30514.800,33742.200,2.183,2.855,94.315,0.157,0.0,0.490,1493117752.220,
1.873,3.059,94.407,0.141,0.0,0.520,0.0,194969.600,936776877.200,1217803.800,0.0,0.0,26770.0,30547.600,1.600,0.0,0.0,5744488448.0,187596800.0,1.4758703104e+11,15261077504.0,0.0,0.0,0.0,194969.600,26759.800,30532.200,1.868,3.059,94.412,0.141,0.0,0.520,1493117757.220,
1.860,2.898,94.537,0.076,0.0,0.630,0.0,167116.800,963469194.0,1249086.600,0.0,0.0,26746.600,31488.400,2.400,0.200,0.0,5728514048.0,187609088.0,1.4758733824e+11,15276732416.0,0.0,0.0,0.0,167116.800,26759.400,31493.800,1.870,2.903,94.521,0.076,0.0,0.630,1493117762.220,
2.147,2.773,94.398,0.187,0.0,0.495,0.0,222822.400,1053494343.800,1450191.0,0.0,0.0,29579.400,33888.200,2.600,0.0,0.0,5731463168.0,187637760.0,1.47587702784e+11,15273390080.0,0.0,0.0,0.0,222822.400,29586.0,33912.0,2.137,2.773,94.408,0.187,0.0,0.495,1493117767.220,
2.500,2.971,93.967,0.182,0.0,0.380,0.0,212992.0,1059372299.800,1454269.600,0.0,0.0,31805.200,32924.600,2.200,0.0,0.0,5725827072.0,187654144.0,1.47587985408e+11,15278727168.0,0.0,0.0,0.0,212992.0,31801.200,32907.600,2.505,2.971,93.963,0.182,0.0,0.380,1493117772.220,
1.842,2.968,94.584,0.141,0.0,0.464,0.0,175308.800,912115240.0,1055109.400,0.0,0.0,24476.0,27495.800,2.0,0.200,0.0,5707513856.0,187674624.0,1.47588317184e+11,15296688128.0,0.0,0.0,0.0,175308.800,24476.400,27505.0,1.842,2.968,94.584,0.141,0.0,0.464,1493117777.220,
2.076,2.364,94.923,0.081,0.0,0.556,0.0,212992.0,1112343508.800,1478857.800,0.0,0.0,30579.400,37302.0,2.200,0.0,0.0,5723865088.0,187686912.0,1.47588698112e+11,15279943680.0,0.0,0.0,0.0,212992.0,30581.600,37305.600,2.076,2.364,94.923,0.081,0.0,0.556,1493117782.220,
2.542,2.517,94.105,0.344,0.0,0.491,0.0,4712038.400,1169282950.200,1555709.0,0.0,0.0,33451.600,37564.200,2.200,0.200,0.0,5758246912.0,187740160.0,1.47581698048e+11,15252508672.0,0.0,0.0,0.0,4712038.400,33445.400,37552.600,2.542,2.512,94.110,0.344,0.0,0.491,1493117787.220,
2.410,2.142,94.867,0.101,0.0,0.480,0.0,165478.400,1155591362.600,1386285.200,0.0,0.0,28017.0,33070.800,2.0,0.200,0.0,5763424256.0,187748352.0,1.47582046208e+11,15246974976.0,0.0,0.0,0.0,165478.400,28009.400,33064.400,2.410,2.142,94.867,0.101,0.0,0.480,1493117792.220,
0.090,0.080,99.729,0.085,0.0,0.015,0.0,189235.200,40257947.800,24771.400,0.0,0.0,1924.600,8256.200,0.0,0.0,1.0,5502205952.0,187756544.0,1.47582291968e+11,15507939328.0,0.0,0.0,0.0,189235.200,1920.600,8256.0,0.085,0.080,99.734,0.085,0.0,0.015,1493117797.220,
