"Dstat 0.7.2 CSV output"
"Author:","Dag Wieers <dag@wieers.com>",,,,"URL:","http://dag.wieers.com/home-made/dstat/"
"Host:","client0.skyhook--8osds.skyhook-pg0.wisc.cloudlab.us",,,,"User:","jlefevre"
"Cmdline:","dstat -av --epoch --integer --noheaders --output 8osds.dstat-client0.log 5",,,,"Date:","25 Apr 2017 03:36:47 CDT"

"total cpu usage",,,,,,"dsk/total",,"net/total",,"paging",,"system",,"procs",,,"memory usage",,,,"paging",,"dsk/total",,"system",,"total cpu usage",,,,,,"epoch"
"usr","sys","idl","wai","hiq","siq","read","writ","recv","send","in","out","int","csw","run","blk","new","used","buff","cach","free","in","out","read","writ","int","csw","usr","sys","idl","wai","hiq","siq","epoch"
0.025,0.040,99.845,0.085,0.0,0.005,0.0,131072.0,52768.200,3958.800,0.0,0.0,1333.200,7664.0,0.400,0.0,0.0,5495447552.0,181522432.0,1.47633750016e+11,15469473792.0,0.0,0.0,0.0,131072.0,1333.400,7664.0,0.025,0.035,99.850,0.085,0.0,0.005,1493115722.220,
0.422,0.507,98.920,0.025,0.0,0.126,0.0,40960.0,196597198.800,315636.600,0.0,0.0,6876.0,11446.0,0.800,0.0,5.0,5746741248.0,181534720.0,1.476337664e+11,15218151424.0,0.0,0.0,0.0,40960.0,6889.800,11465.600,0.422,0.512,98.915,0.025,0.0,0.126,1493115727.220,
1.997,2.621,94.617,0.213,0.0,0.553,0.0,4450713.600,1229045164.600,1821028.600,0.0,0.0,40845.400,38970.600,2.200,0.400,0.0,5776863232.0,181551104.0,1.47629522944e+11,15192256512.0,0.0,0.0,0.0,4450713.600,40843.200,38962.800,2.002,2.616,94.617,0.213,0.0,0.553,1493115732.220,
2.117,2.593,94.430,0.365,0.0,0.496,0.0,3258777.600,1225063815.600,1740035.200,0.0,0.0,36308.400,37787.200,2.400,0.0,0.0,5747777536.0,181575680.0,1.47627241472e+11,15223599104.0,0.0,0.0,0.0,3258777.600,36311.400,37787.600,2.112,2.593,94.434,0.365,0.0,0.496,1493115737.220,
1.828,2.400,95.195,0.127,0.0,0.451,0.0,208896.0,1208793279.400,1650951.200,0.0,0.0,34640.400,38792.400,1.600,0.0,0.0,5762117632.0,181600256.0,1.4762752e+11,15208955904.0,0.0,0.0,0.0,208896.0,34642.400,38788.200,1.827,2.405,95.191,0.127,0.0,0.451,1493115742.220,
1.823,2.441,95.183,0.081,0.0,0.471,0.0,176128.0,1216765492.600,1657660.400,0.0,0.0,35684.800,39018.200,1.400,0.200,0.0,5729124352.0,181616640.0,1.4762784768e+11,15241605120.0,0.0,0.0,0.0,176128.0,35680.400,39013.600,1.829,2.441,95.173,0.081,0.0,0.476,1493115747.220,
1.879,2.431,95.103,0.091,0.0,0.496,0.0,242483.200,1210711020.0,1636074.600,0.0,0.0,35127.0,38306.400,2.0,0.0,0.200,5757468672.0,181641216.0,1.47628232704e+11,15212851200.0,0.0,0.0,0.0,242483.200,35126.800,38322.200,1.874,2.431,95.113,0.091,0.0,0.491,1493115752.220,
1.841,2.450,95.086,0.137,0.0,0.487,0.0,210534.400,1222274104.800,1735940.400,0.0,0.0,37876.800,40377.800,1.600,0.0,0.0,5754556416.0,181653504.0,1.47628544e+11,15215439872.0,0.0,0.0,0.0,210534.400,37881.200,40388.200,1.841,2.449,95.086,0.137,0.0,0.487,1493115757.220,
1.603,2.089,95.822,0.061,0.0,0.425,0.0,172851.200,1215972325.400,1720742.600,0.0,0.0,33894.600,42030.800,1.600,0.200,0.0,5768790016.0,181669888.0,1.4762893312e+11,15200800768.0,0.0,0.0,0.0,172851.200,33895.0,42016.0,1.608,2.084,95.822,0.061,0.0,0.425,1493115762.220,
1.731,2.166,95.526,0.091,0.0,0.486,0.0,190054.400,1221004417.600,1757136.800,0.0,0.0,35816.800,41771.600,2.200,0.0,0.0,5772582912.0,181669888.0,1.4762924032e+11,15196700672.0,0.0,0.0,0.0,190054.400,35815.600,41768.800,1.726,2.166,95.526,0.091,0.0,0.491,1493115767.220,
1.828,2.390,95.270,0.122,0.0,0.390,0.0,216268.800,1218014667.800,1754601.600,0.0,0.0,36685.800,40588.800,1.400,0.0,0.0,5760688128.0,181698560.0,1.47629596672e+11,15208210432.0,0.0,0.0,0.0,216268.800,36682.0,40587.600,1.833,2.395,95.266,0.122,0.0,0.385,1493115772.220,
2.034,2.536,94.892,0.112,0.0,0.426,0.0,171212.800,1223329929.400,1752258.200,0.0,0.0,36754.200,38459.400,1.200,0.200,0.0,5758377984.0,181723136.0,1.47629858816e+11,15210233856.0,0.0,0.0,0.0,171212.800,36753.800,38455.200,2.029,2.536,94.897,0.112,0.0,0.426,1493115777.220,
2.027,2.589,94.621,0.157,0.0,0.607,0.0,207257.600,1223073704.200,1712578.200,0.0,0.0,35996.800,38040.200,2.800,0.0,0.0,5731545088.0,181735424.0,1.47630292992e+11,15236620288.0,0.0,0.0,0.0,207257.600,36003.0,38041.600,2.027,2.589,94.621,0.157,0.0,0.607,1493115782.220,
1.923,2.454,94.834,0.167,0.0,0.622,0.0,226099.200,1220944477.600,1727765.200,0.0,0.0,36184.600,39747.400,1.800,0.0,0.0,5739266048.0,181743616.0,1.4763063296e+11,15228551168.0,0.0,0.0,0.0,226099.200,36184.600,39754.800,1.928,2.454,94.829,0.167,0.0,0.622,1493115787.220,
1.846,2.478,94.948,0.137,0.0,0.592,0.0,178585.600,1203573532.800,1634212.600,0.0,0.0,35763.800,38703.600,2.0,0.200,0.0,5791191040.0,181755904.0,1.47630989312e+11,15176257536.0,0.0,0.0,0.0,178585.600,35752.800,38694.0,1.841,2.478,94.952,0.137,0.0,0.592,1493115792.220,
1.877,2.180,95.260,0.172,0.0,0.511,0.0,209715.200,1219147656.0,1706043.800,0.0,0.0,34416.200,40393.800,1.800,0.0,0.0,5767053312.0,181768192.0,1.47631259648e+11,15200112640.0,0.0,0.0,0.0,209715.200,34427.600,40406.800,1.877,2.175,95.265,0.172,0.0,0.511,1493115797.220,
1.844,2.412,95.090,0.137,0.0,0.517,0.0,211353.600,1178762607.600,1501903.0,0.0,0.0,33659.800,33940.200,1.400,0.0,0.0,5748420608.0,181776384.0,1.47631644672e+11,15218352128.0,0.0,0.0,0.0,211353.600,33663.600,33941.600,1.844,2.417,95.085,0.137,0.0,0.517,1493115802.220,
1.951,2.497,94.809,0.116,0.0,0.627,0.0,172851.200,1218665330.600,1715750.600,0.0,0.0,35151.200,39040.200,2.400,0.200,0.0,5794643968.0,181788672.0,1.47632013312e+11,15171747840.0,0.0,0.0,0.0,172851.200,35144.0,39031.400,1.956,2.497,94.804,0.116,0.0,0.627,1493115807.220,
1.883,2.413,94.962,0.126,0.0,0.616,0.0,205619.200,1221024275.600,1716630.800,0.0,0.0,34295.600,40383.200,2.200,0.0,0.0,5777321984.0,181792768.0,1.47632316416e+11,15188762624.0,0.0,0.0,0.0,205619.200,34292.600,40385.0,1.888,2.408,94.962,0.126,0.0,0.616,1493115812.220,
1.876,2.455,95.091,0.132,0.0,0.446,0.0,219545.600,1216512239.800,1693941.600,0.0,0.0,37765.0,39052.400,1.800,0.0,0.0,5759004672.0,181821440.0,1.4763270144e+11,15206666240.0,0.0,0.0,0.0,219545.600,37768.200,39051.0,1.867,2.455,95.100,0.132,0.0,0.446,1493115817.220,
1.853,2.431,95.002,0.152,0.0,0.562,0.0,183500.800,1210121914.400,1722859.800,0.0,0.0,37754.400,38837.600,2.400,0.200,0.0,5786148864.0,181841920.0,1.47632959488e+11,15179243520.0,0.0,0.0,0.0,183500.800,37754.0,38838.400,1.853,2.431,95.002,0.152,0.0,0.562,1493115822.220,
1.890,2.456,94.912,0.167,0.0,0.576,0.0,205619.200,1210566333.200,1637573.800,0.0,0.0,33102.200,38152.0,2.0,0.0,0.0,5786767360.0,181850112.0,1.47633389568e+11,15178186752.0,0.0,0.0,0.0,205619.200,33100.400,38149.400,1.900,2.455,94.902,0.167,0.0,0.576,1493115827.220,
1.811,2.251,95.285,0.172,0.0,0.481,0.0,175308.800,1216410842.0,1722694.200,0.0,0.0,33729.200,40147.200,2.0,0.200,0.0,5758783488.0,181886976.0,1.47633696768e+11,15205826560.0,0.0,0.0,0.0,175308.800,33730.800,40159.800,1.806,2.257,95.284,0.172,0.0,0.481,1493115832.220,
1.741,2.121,95.571,0.147,0.0,0.420,0.0,176128.0,1214373905.0,1729738.800,0.0,0.0,34547.600,41673.600,0.800,0.0,0.0,5784891392.0,181895168.0,1.47634028544e+11,15179378688.0,0.0,0.0,0.0,176128.0,34548.0,41673.200,1.736,2.121,95.576,0.147,0.0,0.420,1493115837.220,
1.687,2.133,95.521,0.203,0.0,0.456,0.0,209715.200,1208085776.600,1629726.0,0.0,0.0,33010.600,39308.200,2.0,0.0,0.0,5765095424.0,181911552.0,1.47634364416e+11,15198822400.0,0.0,0.0,0.0,209715.200,33019.800,39299.0,1.692,2.133,95.516,0.203,0.0,0.456,1493115842.220,
1.889,2.349,95.139,0.147,0.0,0.476,0.0,173670.400,1184263523.600,1602918.800,0.0,0.0,34341.400,36163.600,1.800,0.200,0.0,5814743040.0,181915648.0,1.47634704384e+11,15148830720.0,0.0,0.0,0.0,173670.400,34323.0,36162.0,1.889,2.344,95.144,0.147,0.0,0.476,1493115847.220,
0.241,0.297,99.286,0.156,0.0,0.020,0.0,197427.200,154723393.800,121987.200,0.0,0.0,3701.200,9297.600,0.400,0.0,1.0,5518807040.0,181936128.0,1.47634937856e+11,15444512768.0,0.0,0.0,0.0,197427.200,3695.800,9286.200,0.236,0.297,99.291,0.156,0.0,0.020,1493115852.220,
