"Dstat 0.7.2 CSV output"
"Author:","Dag Wieers <dag@wieers.com>",,,,"URL:","http://dag.wieers.com/home-made/dstat/"
"Host:","osd1.skyhook--8osds.skyhook-pg0.wisc.cloudlab.us",,,,"User:","jlefevre"
"Cmdline:","dstat -av --epoch --integer --noheaders --output 8osds.dstat-osd1.log 5",,,,"Date:","25 Apr 2017 03:37:00 CDT"

"total cpu usage",,,,,,"dsk/total",,"net/total",,"paging",,"system",,"procs",,,"memory usage",,,,"paging",,"dsk/total",,"system",,"total cpu usage",,,,,,"epoch"
"usr","sys","idl","wai","hiq","siq","read","writ","recv","send","in","out","int","csw","run","blk","new","used","buff","cach","free","in","out","read","writ","int","csw","usr","sys","idl","wai","hiq","siq","epoch"
0.030,0.010,99.940,0.020,0.0,0.0,0.0,10649.600,6416.800,12072.400,0.0,0.0,299.400,323.800,0.0,0.0,0.800,2443227136.0,1605632.0,123441152.0,1.66211919872e+11,0.0,0.0,0.0,10649.600,299.200,323.400,0.030,0.015,99.935,0.020,0.0,0.0,1493114715.344,
0.010,0.040,99.890,0.060,0.0,0.0,6789529.600,8192.0,5578.200,10088.800,0.0,0.0,285.0,374.200,0.0,1.800,0.400,2475761664.0,1613824.0,159645696.0,1.66143172608e+11,0.0,0.0,6999244.800,8192.0,286.0,376.600,0.015,0.035,99.885,0.065,0.0,0.0,1493114720.344,
0.365,0.886,95.536,3.183,0.0,0.030,349223321.600,10649.600,18069.200,21406.0,0.0,0.0,3393.200,6024.200,0.600,1.200,0.800,2437783552.0,1630208.0,1903665152.0,1.6443711488e+11,0.0,0.0,349197107.200,10649.600,3393.0,6023.800,0.360,0.891,95.540,3.178,0.0,0.030,1493114725.344,
0.300,0.906,95.820,2.964,0.0,0.010,356829593.600,4915.200,20733.400,24888.400,0.0,0.0,3452.800,6112.600,0.0,2.800,0.400,2442661888.0,1638400.0,3687997440.0,1.62647896064e+11,0.0,0.0,356855808.0,4915.200,3453.0,6113.0,0.300,0.901,95.820,2.969,0.0,0.010,1493114730.344,
0.275,0.711,96.435,2.564,0.0,0.015,305364992.0,18841.600,17169.600,23336.200,0.0,0.0,2986.200,5306.600,0.600,1.200,0.800,2437914624.0,1658880.0,5212938240.0,1.61127682048e+11,0.0,0.0,305155276.800,18841.600,2985.0,5304.200,0.280,0.711,96.435,2.559,0.0,0.015,1493114735.344,
0.340,0.881,95.964,2.794,0.0,0.020,352563200.0,6553.600,19560.800,24606.400,0.0,0.0,3430.800,6038.400,0.0,2.600,0.800,2443702272.0,1667072.0,6976524288.0,1.5935830016e+11,0.0,0.0,352563200.0,6553.600,3430.800,6038.400,0.340,0.881,95.965,2.794,0.0,0.020,1493114740.344,
0.325,0.861,96.415,2.383,0.0,0.015,338460672.0,8192.0,19242.800,24282.200,0.0,0.0,3311.600,5833.800,0.200,2.200,0.800,2445570048.0,1675264.0,8668942336.0,1.57664006144e+11,0.0,0.0,338460672.0,8192.0,3311.600,5833.800,0.325,0.861,96.415,2.383,0.0,0.015,1493114745.344,
0.300,0.806,97.176,1.697,0.0,0.020,318649139.200,10649.600,17947.600,23573.600,0.0,0.0,3076.800,5466.600,0.600,2.400,0.400,2463981568.0,1683456.0,10260635648.0,1.5605389312e+11,0.0,0.0,318717132.800,10649.600,3076.800,5466.600,0.295,0.806,97.176,1.698,0.0,0.025,1493114750.344,
0.346,0.907,96.543,2.184,0.0,0.020,359556710.400,7372.800,19192.400,24602.200,0.0,0.0,3758.0,6173.800,0.400,1.400,0.800,2457743360.0,1699840.0,12060766208.0,1.54259984384e+11,0.0,0.0,359698432.0,7372.800,3759.400,6176.800,0.346,0.907,96.544,2.189,0.0,0.015,1493114755.344,
0.255,0.891,96.920,1.913,0.0,0.020,328971878.400,8192.0,17814.200,23271.200,0.0,0.0,3164.200,5683.600,0.400,2.0,0.400,2483130368.0,1708032.0,13706891264.0,1.52588464128e+11,0.0,0.0,329024307.200,8192.0,3164.200,5683.200,0.260,0.891,96.920,1.908,0.0,0.020,1493114760.344,
0.305,0.901,97.018,1.761,0.0,0.015,316672409.600,13107.200,18650.600,24645.0,0.0,0.0,3132.400,5495.200,0.600,1.800,0.800,2475724800.0,1724416.0,15286456320.0,1.51016288256e+11,0.0,0.0,316635545.600,13107.200,3132.200,5494.800,0.300,0.901,97.018,1.766,0.0,0.015,1493114765.344,
0.135,0.340,98.889,0.630,0.0,0.005,131530752.0,4915.200,8953.600,16527.800,0.0,0.0,1367.400,2368.200,0.0,0.800,0.0,2456768512.0,1724416.0,15946534912.0,1.50375165952e+11,0.0,0.0,131305472.0,4915.200,1366.400,2366.0,0.135,0.340,98.894,0.626,0.0,0.005,1493114770.344,
