"Dstat 0.7.2 CSV output"
"Author:","Dag Wieers <dag@wieers.com>",,,,"URL:","http://dag.wieers.com/home-made/dstat/"
"Host:","osd1.skyhook--8osds.skyhook-pg0.wisc.cloudlab.us",,,,"User:","jlefevre"
"Cmdline:","dstat -av --epoch --integer --noheaders --output 8osds.dstat-osd1.log 5",,,,"Date:","25 Apr 2017 03:37:00 CDT"

"total cpu usage",,,,,,"dsk/total",,"net/total",,"paging",,"system",,"procs",,,"memory usage",,,,"paging",,"dsk/total",,"system",,"total cpu usage",,,,,,"epoch"
"usr","sys","idl","wai","hiq","siq","read","writ","recv","send","in","out","int","csw","run","blk","new","used","buff","cach","free","in","out","read","writ","int","csw","usr","sys","idl","wai","hiq","siq","epoch"
0.025,0.020,99.955,0.0,0.0,0.0,0.0,10649.600,5068.800,10897.0,0.0,0.0,245.800,276.200,0.0,0.0,0.800,2445185024.0,1441792.0,123482112.0,1.66210084864e+11,0.0,0.0,0.0,10649.600,245.800,276.200,0.025,0.015,99.960,0.0,0.0,0.0,1493112785.344,
0.065,0.130,99.305,0.495,0.0,0.005,31025561.600,13107.200,11639.800,1599526.0,0.0,0.0,683.800,955.800,0.0,0.0,2.0,2595266560.0,1458176.0,278847488.0,1.65904621568e+11,0.0,0.0,31025561.600,13107.200,683.600,955.800,0.065,0.130,99.305,0.495,0.0,0.005,1493112790.344,
0.080,0.190,99.540,0.185,0.0,0.005,42307584.0,8192.0,63625.200,69936726.600,0.0,0.0,2098.600,1136.200,0.0,0.0,0.400,2467721216.0,1466368.0,490082304.0,1.65820923904e+11,0.0,0.0,42307584.0,8192.0,2098.600,1136.200,0.085,0.190,99.535,0.185,0.0,0.005,1493112795.344,
0.080,0.175,99.585,0.145,0.0,0.015,45128089.600,13107.200,45546.800,52625139.200,0.0,0.0,1948.600,1186.600,0.400,0.0,1.600,2437185536.0,1482752.0,715804672.0,1.65625720832e+11,0.0,0.0,45128089.600,13107.200,1948.600,1186.600,0.075,0.180,99.585,0.145,0.0,0.015,1493112800.344,
0.080,0.245,99.470,0.200,0.0,0.005,59230617.600,10649.600,40786.0,60012144.800,0.0,0.0,2136.200,1381.800,0.200,0.600,0.800,2453811200.0,1490944.0,1011658752.0,1.65313232896e+11,0.0,0.0,59230617.600,10649.600,2140.200,1382.0,0.085,0.240,99.470,0.200,0.0,0.005,1493112805.344,
0.090,0.220,99.520,0.165,0.0,0.005,59192934.400,15564.800,54057.400,60987912.800,0.0,0.0,2300.0,1397.400,0.200,0.400,1.200,2450661376.0,1507328.0,1307779072.0,1.65020246016e+11,0.0,0.0,59234713.600,15564.800,2296.800,1398.800,0.090,0.225,99.510,0.170,0.0,0.005,1493112810.344,
0.060,0.160,99.675,0.105,0.0,0.0,39528857.600,1638.400,34223.600,43002281.200,0.0,0.0,1593.600,1012.200,0.0,0.0,0.400,2451300352.0,1507328.0,1504940032.0,1.6482244608e+11,0.0,0.0,39487078.400,1638.400,1593.200,1011.0,0.060,0.155,99.685,0.100,0.0,0.0,1493112815.344,
0.085,0.155,99.615,0.140,0.0,0.005,45128089.600,13107.200,43300.600,48027965.600,0.0,0.0,1962.800,1143.400,0.0,0.0,1.200,2436296704.0,1523712.0,1730412544.0,1.64611960832e+11,0.0,0.0,45128089.600,13107.200,1962.400,1143.0,0.080,0.155,99.620,0.140,0.0,0.005,1493112820.344,
0.050,0.130,99.700,0.120,0.0,0.0,33846067.200,4915.200,30903.400,35857959.200,0.0,0.0,1399.600,880.600,0.0,0.0,0.400,2431295488.0,1531904.0,1900195840.0,1.6444717056e+11,0.0,0.0,33846067.200,4915.200,1399.600,880.600,0.050,0.130,99.700,0.120,0.0,0.0,1493112825.344,
0.070,0.180,99.615,0.130,0.0,0.005,47948595.200,13107.200,43322.800,48897972.400,0.0,0.0,1907.800,1138.600,0.0,0.200,1.200,2452574208.0,1548288.0,2139328512.0,1.64186742784e+11,0.0,0.0,47948595.200,13107.200,1908.600,1138.600,0.075,0.185,99.605,0.130,0.0,0.005,1493112830.344,
0.080,0.220,99.545,0.155,0.0,0.0,53589606.400,4915.200,53611.800,57345629.200,0.0,0.0,2399.0,1296.400,0.200,0.200,1.200,2434367488.0,1556480.0,2408198144.0,1.6393607168e+11,0.0,0.0,53589606.400,4915.200,2398.200,1296.400,0.075,0.215,99.555,0.155,0.0,0.0,1493112835.344,
0.095,0.240,99.475,0.185,0.0,0.005,70512640.0,13926.400,62451.800,73417288.600,0.0,0.0,2640.0,1480.400,0.0,0.0,0.400,2433511424.0,1572864.0,2760859648.0,1.63584249856e+11,0.0,0.0,70512640.0,13926.400,2640.0,1480.400,0.100,0.240,99.470,0.185,0.0,0.005,1493112840.344,
0.070,0.195,99.565,0.160,0.0,0.010,45128089.600,12288.0,47307.600,47528760.600,0.0,0.0,2044.200,1174.400,0.0,0.0,1.200,2432782336.0,1581056.0,2986373120.0,1.6335945728e+11,0.0,0.0,45128089.600,12288.0,2044.200,1174.400,0.070,0.195,99.565,0.160,0.0,0.010,1493112845.344,
0.095,0.185,99.535,0.180,0.0,0.005,56410112.0,15564.800,54748.400,58997868.200,0.0,0.0,2258.400,1313.800,0.400,0.200,0.800,2430316544.0,1597440.0,3267792896.0,1.63080486912e+11,0.0,0.0,56410112.0,15564.800,2258.600,1314.200,0.090,0.190,99.535,0.180,0.0,0.005,1493112850.344,
0.095,0.245,99.535,0.120,0.0,0.005,59230617.600,9830.400,47688.0,61959599.0,0.0,0.0,2294.600,1365.600,0.0,0.400,0.400,2431889408.0,1613824.0,3563790336.0,1.62782900224e+11,0.0,0.0,59230617.600,9830.400,2294.400,1365.200,0.095,0.240,99.540,0.120,0.0,0.005,1493112855.344,
0.065,0.150,99.665,0.110,0.0,0.010,42307584.0,0.0,37838.0,44303948.600,0.0,0.0,1637.0,1046.600,0.0,0.0,1.200,2430025728.0,1613824.0,3776118784.0,1.62572435456e+11,0.0,0.0,42307584.0,0.0,1637.0,1046.600,0.065,0.150,99.665,0.110,0.0,0.010,1493112860.344,
0.080,0.205,99.560,0.155,0.0,0.0,59230617.600,13107.200,57169.400,58667726.0,0.0,0.0,2404.0,1329.400,0.0,0.0,0.0,2448437248.0,1630208.0,4070694912.0,1.62259431424e+11,0.0,0.0,59230617.600,13107.200,2404.0,1329.400,0.080,0.205,99.560,0.155,0.0,0.0,1493112865.344,
0.095,0.205,99.530,0.165,0.0,0.005,50776473.600,8192.0,52186.200,56416001.400,0.0,0.0,1748.800,1221.200,0.0,0.0,1.800,2434035712.0,1638400.0,4326170624.0,1.62018349056e+11,0.0,0.0,50776473.600,8192.0,1748.800,1221.200,0.095,0.205,99.530,0.165,0.0,0.005,1493112870.344,
0.070,0.160,99.600,0.160,0.0,0.010,42307584.0,8192.0,41003.800,44259525.400,0.0,0.0,1381.400,1120.600,0.0,0.200,0.400,2429956096.0,1654784.0,4537712640.0,1.61810870272e+11,0.0,0.0,42307584.0,8192.0,1381.800,1120.600,0.070,0.160,99.600,0.160,0.0,0.010,1493112875.344,
0.115,0.260,99.365,0.260,0.0,0.0,64871628.800,10649.600,49208.800,61873024.0,0.0,0.0,1895.600,1459.200,0.200,0.0,1.600,2467307520.0,1662976.0,4861046784.0,1.61450176512e+11,0.0,0.0,64871628.800,10649.600,1896.800,1459.800,0.115,0.260,99.365,0.260,0.0,0.0,1493112880.344,
0.085,0.220,99.510,0.180,0.0,0.005,56410931.200,12288.0,50594.800,59499569.600,0.0,0.0,2260.600,1307.200,0.0,0.0,0.800,2467311616.0,1683456.0,5143543808.0,1.61167654912e+11,0.0,0.0,56410931.200,12288.0,2259.0,1306.600,0.090,0.220,99.505,0.180,0.0,0.005,1493112885.344,
0.070,0.180,99.620,0.130,0.0,0.0,42700800.0,13107.200,46162.400,49742132.800,0.0,0.0,1900.600,1102.0,0.600,0.200,1.200,2442309632.0,1699840.0,5358370816.0,1.60977813504e+11,0.0,0.0,42936729.600,13107.200,1902.0,1104.400,0.065,0.180,99.620,0.135,0.0,0.0,1493112890.344,
0.085,0.195,99.545,0.170,0.0,0.005,56016896.0,9830.400,50110.200,58986901.800,0.0,0.0,1768.0,1358.200,0.0,0.200,1.600,2437292032.0,1708032.0,5637746688.0,1.6070344704e+11,0.0,0.0,55780966.400,9830.400,1766.600,1355.800,0.085,0.200,99.545,0.165,0.0,0.005,1493112895.344,
0.095,0.185,99.565,0.150,0.0,0.005,56410112.0,10649.600,51206.200,59027702.400,0.0,0.0,2138.200,1367.400,0.0,0.400,0.800,2439344128.0,1724416.0,5919485952.0,1.60419639296e+11,0.0,0.0,56410112.0,10649.600,2138.200,1367.400,0.095,0.180,99.570,0.150,0.0,0.005,1493112900.344,
0.105,0.240,99.460,0.190,0.0,0.005,62051123.200,11468.800,65374.200,64912272.200,0.0,0.0,2841.400,1487.200,0.200,0.200,1.600,2438836224.0,1732608.0,6230290432.0,1.60109334528e+11,0.0,0.0,62051123.200,11468.800,2850.0,1489.400,0.105,0.245,99.455,0.190,0.0,0.005,1493112905.344,
0.080,0.265,99.445,0.205,0.0,0.005,73333145.600,10649.600,60104.800,74117021.0,0.0,0.0,2643.400,1564.600,0.400,0.200,0.400,2457538560.0,1748992.0,6596472832.0,1.59724433408e+11,0.0,0.0,73333145.600,10649.600,2647.0,1562.400,0.085,0.260,99.445,0.205,0.0,0.005,1493112910.344,
0.095,0.245,99.485,0.175,0.0,0.0,59230617.600,4915.200,59054.800,64540136.400,0.0,0.0,2572.400,1564.200,0.400,0.0,2.0,2439495680.0,1748992.0,6892900352.0,1.59446048768e+11,0.0,0.0,59230617.600,4915.200,2560.200,1564.200,0.095,0.245,99.485,0.175,0.0,0.0,1493112915.344,
0.085,0.185,99.560,0.160,0.0,0.010,51188531.200,14745.600,42850.800,53099031.800,0.0,0.0,1866.0,1301.600,0.200,0.400,1.200,2443956224.0,1765376.0,7149182976.0,1.59185289216e+11,0.0,0.0,51372032.0,14745.600,1867.200,1304.400,0.080,0.185,99.560,0.165,0.0,0.010,1493112920.344,
0.110,0.250,99.425,0.210,0.0,0.005,64452198.400,15564.800,56233.400,65104512.800,0.0,0.0,2635.200,1510.800,0.0,0.0,1.600,2457763840.0,1781760.0,7471620096.0,1.58849028096e+11,0.0,0.0,64268697.600,15564.800,2634.0,1508.0,0.110,0.250,99.430,0.205,0.0,0.005,1493112925.344,
0.090,0.215,99.525,0.165,0.0,0.005,59230617.600,8192.0,57958.600,64705623.400,0.0,0.0,2635.200,1397.0,0.0,0.0,0.800,2441924608.0,1789952.0,7767248896.0,1.58569230336e+11,0.0,0.0,59230617.600,8192.0,2635.200,1397.0,0.095,0.215,99.520,0.165,0.0,0.005,1493112930.344,
0.115,0.265,99.415,0.205,0.0,0.0,67692134.400,13926.400,73247.0,68691627.0,0.0,0.0,2829.200,1577.200,0.200,0.200,1.600,2466324480.0,1806336.0,8105361408.0,1.58206701568e+11,0.0,0.0,67692134.400,13926.400,2829.200,1577.200,0.115,0.265,99.415,0.205,0.0,0.0,1493112935.344,
0.115,0.255,99.460,0.165,0.0,0.005,73333145.600,10649.600,79833.200,78850169.0,0.0,0.0,3162.400,1671.600,0.0,0.0,1.200,2444398592.0,1814528.0,8471789568.0,1.57862191104e+11,0.0,0.0,73333145.600,10649.600,3162.400,1671.600,0.110,0.255,99.464,0.165,0.0,0.005,1493112940.344,
0.075,0.145,99.680,0.095,0.0,0.005,39487078.400,12288.0,47696.800,41348057.200,0.0,0.0,1784.800,1090.600,0.0,0.0,1.200,2447323136.0,1830912.0,8669859840.0,1.57661179904e+11,0.0,0.0,39487078.400,12288.0,1785.0,1090.600,0.075,0.145,99.680,0.095,0.0,0.005,1493112945.344,
0.100,0.290,99.355,0.250,0.0,0.005,73333145.600,9830.400,85727.600,76713139.400,0.0,0.0,3459.200,1707.0,0.200,0.0,2.200,2449494016.0,1839104.0,9036529664.0,1.57292331008e+11,0.0,0.0,73333145.600,9830.400,3459.0,1707.0,0.105,0.290,99.350,0.250,0.0,0.005,1493112950.344,
0.080,0.215,99.480,0.225,0.0,0.0,56410112.0,14745.600,55924.800,52342501.600,0.0,0.0,2336.600,1348.0,0.0,0.0,1.0,2492665856.0,1855488.0,9318178816.0,1.56967493632e+11,0.0,0.0,56410112.0,14745.600,2336.600,1348.0,0.075,0.215,99.485,0.225,0.0,0.0,1493112955.344,
0.075,0.235,99.480,0.205,0.0,0.005,56410112.0,13107.200,73300.0,65672567.600,0.0,0.0,2749.800,1338.0,0.0,0.200,0.400,2447396864.0,1871872.0,9600638976.0,1.5673028608e+11,0.0,0.0,56410112.0,13107.200,2749.800,1338.0,0.075,0.235,99.480,0.205,0.0,0.005,1493112960.344,
0.115,0.245,99.379,0.250,0.0,0.010,73333145.600,10649.600,73426.200,71072903.0,0.0,0.0,2905.800,1685.600,0.200,0.200,2.0,2480787456.0,1880064.0,9965834240.0,1.56331692032e+11,0.0,0.0,73333145.600,10649.600,2909.400,1686.0,0.115,0.250,99.374,0.250,0.0,0.010,1493112965.344,
0.060,0.190,99.570,0.180,0.0,0.0,50769100.800,13107.200,58084.800,57328564.800,0.0,0.0,2382.600,1187.0,0.0,0.200,0.0,2464796672.0,1896448.0,10221010944.0,1.56092489728e+11,0.0,0.0,50769100.800,13926.400,2379.0,1186.600,0.065,0.185,99.565,0.185,0.0,0.0,1493112970.344,
0.085,0.230,99.495,0.180,0.0,0.010,59256012.800,819.200,67158.400,58770893.0,0.0,0.0,2667.0,1453.400,0.0,0.0,1.400,2479292416.0,1896448.0,10517364736.0,1.55781640192e+11,0.0,0.0,59256012.800,0.0,2667.0,1453.400,0.085,0.230,99.500,0.175,0.0,0.010,1493112975.344,
0.095,0.250,99.460,0.185,0.0,0.010,76153651.200,7372.800,84659.0,82587881.600,0.0,0.0,2541.0,1640.800,0.200,0.0,0.400,2466709504.0,1912832.0,10897412096.0,1.5541415936e+11,0.0,0.0,76153651.200,7372.800,2541.0,1640.800,0.090,0.250,99.465,0.185,0.0,0.010,1493112980.344,
0.090,0.250,99.465,0.190,0.0,0.005,64871628.800,9830.400,65182.0,65864738.0,0.0,0.0,2135.400,1473.800,0.200,0.200,1.600,2479517696.0,1921024.0,11222437888.0,1.55076317184e+11,0.0,0.0,64871628.800,9830.400,2135.400,1473.800,0.090,0.255,99.460,0.190,0.0,0.005,1493112985.344,
0.060,0.190,99.575,0.170,0.0,0.005,53589606.400,15564.800,45857.200,57658650.200,0.0,0.0,1984.200,1203.200,0.0,0.0,0.400,2464268288.0,1937408.0,11490398208.0,1.54823589888e+11,0.0,0.0,53589606.400,15564.800,1984.200,1203.200,0.060,0.185,99.580,0.170,0.0,0.005,1493112990.344,
0.095,0.240,99.465,0.200,0.0,0.0,70512640.0,9830.400,71155.800,66897864.0,0.0,0.0,2878.800,1545.600,0.0,0.0,0.800,2497728512.0,1953792.0,11842056192.0,1.54438455296e+11,0.0,0.0,70512640.0,9830.400,2879.0,1546.0,0.095,0.240,99.464,0.200,0.0,0.0,1493112995.344,
0.100,0.315,99.290,0.285,0.0,0.010,82135449.600,10649.600,98746.200,93356216.800,0.0,0.0,3320.600,1770.600,0.400,0.400,1.200,2469097472.0,1961984.0,12254650368.0,1.54054483968e+11,0.0,0.0,82292736.0,10649.600,3321.400,1772.200,0.100,0.315,99.290,0.285,0.0,0.010,1493113000.344,
0.080,0.275,99.455,0.185,0.0,0.005,75812864.0,8192.0,72173.400,80856196.600,0.0,0.0,3029.400,1617.200,0.200,0.0,0.400,2450935808.0,1978368.0,12632518656.0,1.5369476096e+11,0.0,0.0,75655577.600,8192.0,3028.400,1615.200,0.085,0.275,99.450,0.185,0.0,0.005,1493113005.344,
0.085,0.190,99.565,0.155,0.0,0.005,53589606.400,10649.600,60497.400,56037908.800,0.0,0.0,2370.600,1238.400,0.0,0.200,0.800,2452668416.0,1986560.0,12900089856.0,1.5342544896e+11,0.0,0.0,53589606.400,10649.600,2370.600,1238.400,0.085,0.190,99.565,0.155,0.0,0.005,1493113010.344,
0.075,0.165,99.575,0.175,0.0,0.010,47948595.200,10649.600,56735.800,47855670.600,0.0,0.0,2194.0,1105.600,0.0,0.0,0.400,2468888576.0,2002944.0,13139902464.0,1.53169399808e+11,0.0,0.0,47948595.200,10649.600,2194.0,1105.600,0.070,0.165,99.580,0.175,0.0,0.010,1493113015.344,
0.070,0.195,99.625,0.110,0.0,0.0,45128089.600,9011.200,54097.200,49520863.400,0.0,0.0,2182.0,1129.0,0.200,0.0,0.800,2451296256.0,2011136.0,13365850112.0,1.52961036288e+11,0.0,0.0,45128089.600,9011.200,2182.0,1129.0,0.070,0.195,99.625,0.110,0.0,0.0,1493113020.344,
0.080,0.210,99.560,0.145,0.0,0.005,59230617.600,4096.0,56966.800,60298203.800,0.0,0.0,2490.200,1288.200,0.0,0.200,0.800,2469875712.0,2019328.0,13661978624.0,1.52646320128e+11,0.0,0.0,59230617.600,4096.0,2490.200,1288.200,0.080,0.210,99.560,0.145,0.0,0.005,1493113025.344,
0.090,0.240,99.505,0.155,0.0,0.010,64871628.800,15564.800,73197.600,68637890.600,0.0,0.0,3143.400,1481.600,0.200,0.0,0.800,2471215104.0,2035712.0,13986705408.0,1.52320237568e+11,0.0,0.0,64871628.800,15564.800,3143.400,1481.600,0.090,0.245,99.500,0.155,0.0,0.010,1493113030.344,
0.060,0.160,99.620,0.155,0.0,0.005,45128089.600,4915.200,52397.200,42191042.800,0.0,0.0,2046.600,1083.600,0.0,0.0,0.800,2484224000.0,2043904.0,14212214784.0,1.52081711104e+11,0.0,0.0,45128089.600,4915.200,2053.600,1083.800,0.060,0.165,99.615,0.155,0.0,0.005,1493113035.344,
0.060,0.200,99.525,0.210,0.0,0.005,50769100.800,13926.400,60668.600,58969968.200,0.0,0.0,2371.600,1201.400,0.200,0.200,0.400,2451832832.0,2060288.0,14466195456.0,1.51860105216e+11,0.0,0.0,50769100.800,13926.400,2364.600,1201.200,0.060,0.190,99.535,0.210,0.0,0.005,1493113040.344,
0.085,0.150,99.585,0.175,0.0,0.005,47948595.200,8192.0,53680.800,47667969.600,0.0,0.0,1989.800,1192.600,0.200,0.0,1.200,2471006208.0,2068480.0,14705942528.0,1.51601176576e+11,0.0,0.0,47948595.200,8192.0,1993.0,1192.600,0.085,0.155,99.580,0.175,0.0,0.005,1493113045.344,
0.095,0.260,99.340,0.305,0.0,0.0,72217395.200,9011.200,67482.400,76236871.600,0.0,0.0,2761.0,1575.600,0.200,0.800,0.200,2471075840.0,2084864.0,15067066368.0,1.5123996672e+11,0.0,0.0,72400896.0,9011.200,2759.0,1578.200,0.095,0.260,99.335,0.310,0.0,0.0,1493113050.344,
0.080,0.170,99.575,0.170,0.0,0.005,46244659.200,13107.200,42677.400,48152024.600,0.0,0.0,1842.600,1098.400,0.200,0.400,1.200,2480312320.0,2093056.0,15298154496.0,1.5099963392e+11,0.0,0.0,46061158.400,13107.200,1841.400,1095.800,0.080,0.165,99.585,0.165,0.0,0.005,1493113055.344,
0.055,0.120,99.645,0.175,0.0,0.005,42307584.0,13107.200,43926.200,46352215.600,0.0,0.0,1848.0,1015.400,0.0,0.0,0.0,2462457856.0,2109440.0,15509803008.0,1.50805823488e+11,0.0,0.0,42307584.0,13107.200,1848.0,1015.400,0.055,0.120,99.645,0.175,0.0,0.005,1493113060.344,
0.070,0.135,99.660,0.130,0.0,0.005,33846067.200,9830.400,39101.800,35410921.800,0.0,0.0,1554.0,897.600,0.0,0.0,1.200,2462412800.0,2125824.0,15679037440.0,1.50636617728e+11,0.0,0.0,33846067.200,9830.400,1554.400,897.600,0.070,0.135,99.660,0.130,0.0,0.005,1493113065.344,
0.065,0.185,99.600,0.150,0.0,0.0,53589606.400,9830.400,57072.0,56057499.0,0.0,0.0,2263.0,1178.800,0.200,0.400,0.0,2461515776.0,2134016.0,15946981376.0,1.50369562624e+11,0.0,0.0,53589606.400,9830.400,2262.600,1178.800,0.070,0.185,99.595,0.150,0.0,0.0,1493113070.344,
0.030,0.030,99.935,0.005,0.0,0.0,0.0,2457.600,5223.0,11194.400,0.0,0.0,268.0,297.200,0.0,0.0,1.200,2463449088.0,2142208.0,15946989568.0,1.50367612928e+11,0.0,0.0,0.0,2457.600,268.600,297.200,0.025,0.030,99.940,0.005,0.0,0.0,1493113075.344,
0.010,0.010,99.980,0.0,0.0,0.0,0.0,8192.0,3639.400,9344.0,0.0,0.0,208.0,223.800,0.0,0.0,0.0,2463268864.0,2150400.0,15946993664.0,1.50367780864e+11,0.0,0.0,0.0,8192.0,207.800,223.800,0.010,0.010,99.980,0.0,0.0,0.0,1493113080.344,
