"Dstat 0.7.2 CSV output"
"Author:","Dag Wieers <dag@wieers.com>",,,,"URL:","http://dag.wieers.com/home-made/dstat/"
"Host:","osd1.skyhook--8osds.skyhook-pg0.wisc.cloudlab.us",,,,"User:","jlefevre"
"Cmdline:","dstat -av --epoch --integer --noheaders --output 8osds.dstat-osd1.log 5",,,,"Date:","25 Apr 2017 03:37:00 CDT"

"total cpu usage",,,,,,"dsk/total",,"net/total",,"paging",,"system",,"procs",,,"memory usage",,,,"paging",,"dsk/total",,"system",,"total cpu usage",,,,,,"epoch"
"usr","sys","idl","wai","hiq","siq","read","writ","recv","send","in","out","int","csw","run","blk","new","used","buff","cach","free","in","out","read","writ","int","csw","usr","sys","idl","wai","hiq","siq","epoch"
0.010,0.015,99.965,0.010,0.0,0.0,0.0,2457.600,4024.600,8751.600,0.0,0.0,173.0,160.200,0.0,0.0,0.0,2438041600.0,1245184.0,131796992.0,1.66209110016e+11,0.0,0.0,0.0,2457.600,172.600,160.200,0.010,0.010,99.970,0.010,0.0,0.0,1493117600.344,
0.070,0.230,99.330,0.360,0.0,0.010,59230617.600,0.0,61876.0,61992851.400,0.0,0.0,2485.400,1240.200,0.200,1.800,0.0,2430910464.0,1245184.0,427692032.0,1.65920346112e+11,0.0,0.0,59230617.600,0.0,2485.200,1240.200,0.070,0.230,99.330,0.360,0.0,0.010,1493117605.344,
0.080,0.190,99.460,0.265,0.0,0.005,62055219.200,2457.600,54363.400,63493079.200,0.0,0.0,1976.600,1291.200,0.0,0.400,0.0,2445434880.0,1253376.0,738451456.0,1.6559505408e+11,0.0,0.0,62055219.200,2457.600,1978.200,1291.600,0.080,0.190,99.460,0.265,0.0,0.005,1493117610.344,
0.060,0.165,99.510,0.255,0.0,0.010,59230617.600,0.0,52713.200,63370128.800,0.0,0.0,1770.800,1204.200,0.0,0.200,0.0,2429808640.0,1253376.0,1034088448.0,1.65315043328e+11,0.0,0.0,59230617.600,0.0,1769.200,1203.800,0.065,0.165,99.505,0.255,0.0,0.010,1493117615.344,
0.060,0.200,99.480,0.250,0.0,0.010,59230617.600,3276.800,43504.600,61977106.200,0.0,0.0,1637.0,1220.600,0.0,0.0,0.0,2428833792.0,1261568.0,1330663424.0,1.65019435008e+11,0.0,0.0,59230617.600,3276.800,1637.0,1222.400,0.055,0.205,99.480,0.250,0.0,0.010,1493117620.344,
0.060,0.180,99.480,0.275,0.0,0.005,53589606.400,1638.400,29896.800,52320758.0,0.0,0.0,1447.800,1137.600,0.0,0.0,0.0,2459516928.0,1261568.0,1598091264.0,1.64721324032e+11,0.0,0.0,53589606.400,1638.400,1447.800,1135.800,0.060,0.175,99.485,0.275,0.0,0.005,1493117625.344,
0.040,0.145,99.685,0.130,0.0,0.0,33846067.200,8192.0,26934.400,39172483.0,0.0,0.0,1241.400,748.800,0.0,0.200,0.0,2429607936.0,1269760.0,1767710720.0,1.64581605376e+11,0.0,0.0,33846067.200,8192.0,1241.400,748.800,0.040,0.150,99.680,0.130,0.0,0.0,1493117630.344,
0.055,0.170,99.525,0.245,0.0,0.005,53589606.400,0.0,65152.600,56089836.600,0.0,0.0,2314.200,1161.800,0.0,0.0,0.0,2430128128.0,1269760.0,2035658752.0,1.64313137152e+11,0.0,0.0,53589606.400,0.0,2314.200,1161.800,0.055,0.165,99.530,0.245,0.0,0.005,1493117635.344,
0.045,0.170,99.545,0.235,0.0,0.005,54297395.200,2457.600,54891.0,54474489.200,0.0,0.0,2099.800,1105.400,0.0,0.200,0.0,2450927616.0,1277952.0,2307457024.0,1.640205312e+11,0.0,0.0,54533324.800,2457.600,2101.200,1107.0,0.050,0.170,99.540,0.235,0.0,0.005,1493117640.344,
0.075,0.200,99.370,0.345,0.0,0.010,72625356.800,0.0,69187.0,73538637.200,0.0,0.0,2555.0,1480.200,0.200,0.400,0.0,2462031872.0,1277952.0,2670006272.0,1.63646877696e+11,0.0,0.0,72546713.600,0.0,2554.400,1481.200,0.075,0.200,99.370,0.345,0.0,0.010,1493117645.344,
0.065,0.220,99.435,0.275,0.0,0.005,64871628.800,2457.600,81125.600,72710849.800,0.0,0.0,2281.400,1287.0,0.0,0.0,0.0,2427420672.0,1286144.0,2994630656.0,1.6335685632e+11,0.0,0.0,64714342.400,2457.600,2280.600,1284.400,0.060,0.225,99.435,0.275,0.0,0.005,1493117650.344,
0.070,0.175,99.545,0.210,0.0,0.0,62051123.200,0.0,56259.200,64372544.600,0.0,0.0,1933.800,1299.400,0.400,0.0,0.0,2444292096.0,1286144.0,3304886272.0,1.6302972928e+11,0.0,0.0,62051123.200,0.0,1933.800,1299.400,0.070,0.170,99.550,0.210,0.0,0.0,1493117655.344,
0.050,0.170,99.570,0.205,0.0,0.005,59230617.600,3276.800,57384.800,62547453.800,0.0,0.0,1835.600,1196.800,0.0,0.200,0.0,2428477440.0,1294336.0,3601039360.0,1.62749382656e+11,0.0,0.0,59230617.600,3276.800,1835.600,1196.800,0.050,0.170,99.570,0.205,0.0,0.005,1493117660.344,
0.050,0.120,99.665,0.165,0.0,0.0,42307584.0,2457.600,52525.200,41493401.600,0.0,0.0,1449.0,948.200,0.0,0.600,0.0,2444754944.0,1302528.0,3812708352.0,1.62521427968e+11,0.0,0.0,42307584.0,2457.600,1451.600,948.200,0.050,0.120,99.665,0.165,0.0,0.0,1493117665.344,
0.070,0.265,99.445,0.215,0.0,0.005,76153651.200,0.0,101674.600,82427608.400,0.0,0.0,2587.0,1561.0,0.0,0.200,0.0,2429059072.0,1302528.0,4193345536.0,1.62156486656e+11,0.0,0.0,76153651.200,0.0,2584.800,1561.0,0.075,0.265,99.440,0.215,0.0,0.005,1493117670.344,
0.070,0.220,99.465,0.230,0.0,0.015,64777420.800,2457.600,70276.200,62600376.200,0.0,0.0,2123.200,1299.0,0.200,0.0,0.0,2461794304.0,1310720.0,4516818944.0,1.61800269824e+11,0.0,0.0,64871628.800,2457.600,2123.0,1299.0,0.070,0.220,99.465,0.230,0.0,0.015,1493117675.344,
0.085,0.195,99.505,0.210,0.0,0.005,70606848.0,0.0,89726.800,71631170.200,0.0,0.0,2815.400,1392.200,0.0,0.0,0.0,2478084096.0,1310720.0,4869963776.0,1.614308352e+11,0.0,0.0,70512640.0,0.0,2815.200,1392.200,0.080,0.200,99.505,0.210,0.0,0.005,1493117680.344,
0.080,0.215,99.434,0.270,0.0,0.0,76153651.200,2457.600,97898.0,83988778.200,0.0,0.0,2985.400,1503.400,0.200,0.200,0.0,2449817600.0,1318912.0,5251039232.0,1.61078018048e+11,0.0,0.0,76153651.200,2457.600,2990.0,1503.800,0.080,0.210,99.440,0.270,0.0,0.0,1493117685.344,
0.075,0.230,99.460,0.225,0.0,0.010,78974156.800,0.0,108150.800,85718403.600,0.0,0.0,3393.800,1533.400,0.0,0.0,0.0,2435334144.0,1318912.0,5645910016.0,1.6069763072e+11,0.0,0.0,78974156.800,0.0,3389.200,1533.0,0.080,0.230,99.455,0.225,0.0,0.010,1493117690.344,
0.080,0.210,99.419,0.285,0.0,0.005,79157657.600,4096.0,90027.200,80925757.0,0.0,0.0,3283.200,1580.600,0.200,0.600,0.0,2455547904.0,1327104.0,6042042368.0,1.60281276416e+11,0.0,0.0,79367372.800,4096.0,3287.800,1583.400,0.075,0.210,99.424,0.285,0.0,0.005,1493117695.344,
0.120,0.420,99.024,0.430,0.0,0.005,118408806.400,4915.200,151299.0,116708986.800,0.0,0.0,5356.600,2200.200,0.400,0.800,0.0,2487083008.0,1335296.0,6634037248.0,1.5965773824e+11,0.0,0.0,118382592.0,4915.200,5354.800,2200.0,0.125,0.420,99.019,0.430,0.0,0.005,1493117700.344,
0.105,0.290,99.219,0.380,0.0,0.005,92945612.800,2457.600,134489.200,102310916.800,0.0,0.0,4634.800,1780.400,0.0,0.200,0.0,2472792064.0,1335296.0,7098470400.0,1.59207596032e+11,0.0,0.0,92762112.0,2457.600,4637.800,1778.0,0.105,0.290,99.219,0.380,0.0,0.005,1493117705.344,
0.090,0.265,99.400,0.235,0.0,0.010,83472384.0,2457.600,118360.400,89395625.0,0.0,0.0,4084.0,1627.800,0.0,0.400,0.200,2451103744.0,1343488.0,7515262976.0,1.58812483584e+11,0.0,0.0,83682099.200,2457.600,4092.600,1629.800,0.090,0.265,99.400,0.235,0.0,0.010,1493117710.344,
0.090,0.245,99.420,0.240,0.0,0.005,77296435.200,0.0,100957.400,81169143.600,0.0,0.0,3786.200,1494.400,0.200,0.200,0.0,2459717632.0,1343488.0,7901937664.0,1.58417195008e+11,0.0,0.0,77086720.0,0.0,3771.800,1492.200,0.085,0.245,99.425,0.240,0.0,0.005,1493117715.344,
0.115,0.340,99.119,0.420,0.0,0.005,114524160.0,2457.600,153684.600,119480169.200,0.0,0.0,4957.800,2180.200,0.600,0.600,0.0,2453233664.0,1351680.0,8476028928.0,1.5784957952e+11,0.0,0.0,114733875.200,2457.600,4959.200,2183.0,0.115,0.340,99.119,0.420,0.0,0.005,1493117720.344,
0.090,0.230,99.280,0.390,0.0,0.010,77748633.600,0.0,112067.400,70620375.200,0.0,0.0,2860.0,1560.200,0.200,0.600,0.0,2508333056.0,1630208.0,8862531584.0,1.57407698944e+11,0.0,0.0,77722419.200,0.0,2862.0,1560.200,0.095,0.230,99.275,0.390,0.0,0.010,1493117725.344,
0.085,0.270,99.229,0.405,0.0,0.010,76720537.600,57344.0,134395.0,91667669.800,0.0,0.0,3564.0,1662.400,0.200,0.200,2.800,2470670336.0,2084864.0,9246695424.0,1.57060743168e+11,0.0,0.0,76746752.0,57344.0,3561.800,1661.600,0.085,0.270,99.230,0.405,0.0,0.010,1493117730.344,
0.100,0.330,99.119,0.440,0.0,0.010,109396787.200,13926.400,163714.0,115055368.400,0.0,0.0,4085.0,2089.0,0.0,0.400,0.0,2467041280.0,2101248.0,9793613824.0,1.5651743744e+11,0.0,0.0,109187072.0,13926.400,4083.800,2087.0,0.100,0.330,99.119,0.440,0.0,0.010,1493117735.344,
0.130,0.320,99.114,0.425,0.0,0.010,115640729.600,0.0,163859.600,116226328.600,0.0,0.0,4127.400,2170.400,0.0,0.600,0.0,2499100672.0,2101248.0,10371559424.0,1.55907432448e+11,0.0,0.0,115640729.600,0.0,4130.400,2170.600,0.125,0.320,99.119,0.425,0.0,0.010,1493117740.344,
0.125,0.410,99.024,0.435,0.0,0.005,126922752.0,2457.600,184146.200,135320020.0,0.0,0.0,5950.800,2385.200,0.400,0.200,0.0,2489225216.0,2109440.0,11005792256.0,1.5528306688e+11,0.0,0.0,127027609.600,2457.600,5951.400,2386.800,0.125,0.410,99.019,0.440,0.0,0.005,1493117745.344,
0.130,0.420,98.814,0.616,0.0,0.020,129030553.600,0.0,186129.0,130427631.0,0.0,0.0,6388.800,2414.200,0.200,0.800,0.0,2517340160.0,2109440.0,11652370432.0,1.5460837376e+11,0.0,0.0,129161625.600,0.0,6386.600,2414.800,0.135,0.420,98.814,0.611,0.0,0.020,1493117750.344,
0.135,0.460,98.675,0.715,0.0,0.015,124814950.400,2457.600,188352.400,137274694.600,0.0,0.0,4921.400,2372.0,0.200,0.800,0.0,2473213952.0,2117632.0,12275662848.0,1.5402919936e+11,0.0,0.0,124579020.800,2457.600,4920.0,2369.600,0.130,0.460,98.680,0.715,0.0,0.015,1493117755.344,
0.125,0.345,98.944,0.565,0.0,0.020,115640729.600,19660.800,165671.400,120579579.0,0.0,0.0,4236.200,2190.800,0.0,0.400,0.0,2476408832.0,2117632.0,12853866496.0,1.53447800832e+11,0.0,0.0,115640729.600,19660.800,4238.600,2190.800,0.125,0.345,98.944,0.565,0.0,0.020,1493117760.344,
0.095,0.265,99.265,0.365,0.0,0.010,80547020.800,4096.0,137319.400,81868506.600,0.0,0.0,3366.400,1626.400,0.600,0.600,0.0,2500534272.0,2125824.0,13257580544.0,1.53019953152e+11,0.0,0.0,80756736.0,4096.0,3366.200,1628.0,0.100,0.265,99.260,0.365,0.0,0.010,1493117765.344,
0.110,0.330,99.224,0.335,0.0,0.0,99965337.600,4915.200,153467.200,101685377.0,0.0,0.0,5163.400,1946.400,0.200,0.0,0.0,2508816384.0,2134016.0,13756379136.0,1.52512864256e+11,0.0,0.0,99755622.400,4915.200,5161.200,1944.800,0.105,0.330,99.229,0.335,0.0,0.0,1493117770.344,
0.090,0.280,99.214,0.405,0.0,0.010,84640563.200,2457.600,118757.400,88832375.400,0.0,0.0,4233.600,1648.600,0.200,0.200,0.200,2507730944.0,2134016.0,14178942976.0,1.52091385856e+11,0.0,0.0,84640563.200,2457.600,4237.400,1649.0,0.090,0.280,99.214,0.405,0.0,0.010,1493117775.344,
0.095,0.275,99.239,0.380,0.0,0.010,90135756.800,2457.600,126586.400,96767379.400,0.0,0.0,4525.400,1757.0,0.200,0.0,0.0,2492375040.0,2142208.0,14630502400.0,1.51655174144e+11,0.0,0.0,90256179.200,2457.600,4523.0,1756.600,0.100,0.275,99.235,0.380,0.0,0.010,1493117780.344,
0.140,0.425,98.569,0.836,0.0,0.030,140422348.800,0.0,218093.200,146196093.200,0.0,0.0,5219.600,2638.400,0.200,0.200,0.0,2510266368.0,2142208.0,15333249024.0,1.50934536192e+11,0.0,0.0,140459212.800,0.0,5224.0,2640.0,0.135,0.426,98.568,0.841,0.0,0.030,1493117785.344,
0.110,0.315,98.969,0.596,0.0,0.010,113543577.600,2457.600,169038.800,115008266.600,0.0,0.0,4193.600,2148.400,0.200,0.400,0.0,2527457280.0,2150400.0,15900106752.0,1.5035047936e+11,0.0,0.0,113386291.200,2457.600,4191.600,2147.200,0.115,0.315,98.964,0.591,0.0,0.015,1493117790.344,
0.025,0.040,99.880,0.050,0.0,0.005,11282022.400,0.0,28390.800,19049557.800,0.0,0.0,775.200,352.600,0.0,0.0,0.0,2482745344.0,2150400.0,15956549632.0,1.50338748416e+11,0.0,0.0,11282022.400,0.0,771.600,352.200,0.020,0.045,99.885,0.050,0.0,0.0,1493117795.344,
