"Dstat 0.7.2 CSV output"
"Author:","Dag Wieers <dag@wieers.com>",,,,"URL:","http://dag.wieers.com/home-made/dstat/"
"Host:","osd0.skyhook--8osds.skyhook-pg0.wisc.cloudlab.us",,,,"User:","jlefevre"
"Cmdline:","dstat -av --epoch --integer --noheaders --output 8osds.dstat-osd0.log 5",,,,"Date:","25 Apr 2017 03:36:54 CDT"

"total cpu usage",,,,,,"dsk/total",,"net/total",,"paging",,"system",,"procs",,,"memory usage",,,,"paging",,"dsk/total",,"system",,"total cpu usage",,,,,,"epoch"
"usr","sys","idl","wai","hiq","siq","read","writ","recv","send","in","out","int","csw","run","blk","new","used","buff","cach","free","in","out","read","writ","int","csw","usr","sys","idl","wai","hiq","siq","epoch"
0.015,0.005,99.980,0.0,0.0,0.0,0.0,0.0,3295.0,7474.600,0.0,0.0,141.600,146.200,0.0,0.0,0.0,2479255552.0,1552384.0,15615545344.0,1.50683840512e+11,0.0,0.0,0.0,0.0,141.600,146.200,0.015,0.0,99.985,0.0,0.0,0.0,1493125129.035,
0.060,0.175,99.760,0.005,0.0,0.0,0.0,4915.200,62943.600,43046846.400,0.0,0.0,1965.600,363.400,0.0,0.0,0.0,2552299520.0,1560576.0,15615545344.0,1.50610788352e+11,0.0,0.0,0.0,4915.200,1971.200,363.400,0.060,0.175,99.760,0.005,0.0,0.0,1493125134.035,
0.110,0.295,99.595,0.0,0.0,0.0,0.0,0.0,206667.400,125509695.0,0.0,0.0,5802.800,533.600,0.200,0.0,0.0,2510495744.0,1560576.0,15615545344.0,1.50652592128e+11,0.0,0.0,0.0,0.0,5802.600,534.0,0.110,0.295,99.595,0.0,0.0,0.0,1493125139.035,
0.125,0.375,99.480,0.010,0.0,0.010,0.0,5734.400,203886.400,149738765.0,0.0,0.0,6083.400,645.0,0.200,0.0,0.0,2481766400.0,1568768.0,15615545344.0,1.5068131328e+11,0.0,0.0,0.0,5734.400,6083.200,644.600,0.125,0.380,99.475,0.010,0.0,0.010,1493125144.035,
0.095,0.295,99.595,0.0,0.0,0.015,0.0,0.0,174401.800,115137182.0,0.0,0.0,5276.400,512.400,0.0,0.0,0.0,2481913856.0,1568768.0,15615545344.0,1.50681165824e+11,0.0,0.0,0.0,0.0,5274.200,512.400,0.095,0.290,99.600,0.0,0.0,0.015,1493125149.035,
0.110,0.330,99.550,0.005,0.0,0.005,0.0,2457.600,198496.800,133001611.800,0.0,0.0,5848.600,562.200,0.400,0.0,0.0,2478526464.0,1576960.0,15615545344.0,1.50684545024e+11,0.0,0.0,0.0,2457.600,5845.600,562.200,0.110,0.330,99.550,0.005,0.0,0.005,1493125154.035,
0.120,0.280,99.600,0.0,0.0,0.0,0.0,819.200,180782.600,120952232.400,0.0,0.0,5480.800,494.800,0.0,0.0,0.0,2479538176.0,1576960.0,15615545344.0,1.50683533312e+11,0.0,0.0,0.0,819.200,5480.800,494.800,0.120,0.280,99.600,0.0,0.0,0.0,1493125159.035,
0.105,0.290,99.590,0.010,0.0,0.005,0.0,2457.600,176950.0,112959301.0,0.0,0.0,4793.400,570.400,0.0,0.0,0.0,2510630912.0,1585152.0,15615545344.0,1.50652432384e+11,0.0,0.0,0.0,2457.600,4796.600,570.400,0.105,0.290,99.590,0.010,0.0,0.005,1493125164.035,
0.100,0.265,99.630,0.0,0.0,0.005,0.0,0.0,185709.600,115647998.800,0.0,0.0,3457.0,510.200,0.0,0.0,0.0,2509590528.0,1585152.0,15615545344.0,1.50653472768e+11,0.0,0.0,0.0,0.0,3456.600,510.200,0.100,0.265,99.630,0.0,0.0,0.005,1493125169.035,
0.120,0.380,99.485,0.005,0.0,0.010,0.0,2457.600,245075.800,151894055.400,0.0,0.0,4680.0,661.800,0.0,0.0,0.0,2496069632.0,1593344.0,15615545344.0,1.50666985472e+11,0.0,0.0,0.0,2457.600,4682.0,661.800,0.120,0.380,99.485,0.005,0.0,0.010,1493125174.035,
0.105,0.300,99.585,0.0,0.0,0.010,0.0,0.0,203346.0,124668643.400,0.0,0.0,3851.0,563.0,0.400,0.0,0.0,2496581632.0,1593344.0,15615549440.0,1.50666469376e+11,0.0,0.0,0.0,0.0,3849.0,563.400,0.105,0.305,99.580,0.0,0.0,0.010,1493125179.035,
0.130,0.365,99.495,0.010,0.0,0.0,0.0,3276.800,211253.200,142211584.600,0.0,0.0,4089.200,629.600,0.400,0.0,0.0,2511065088.0,1601536.0,15615549440.0,1.50651977728e+11,0.0,0.0,0.0,3276.800,4091.0,629.600,0.130,0.365,99.490,0.010,0.0,0.005,1493125184.035,
0.130,0.390,99.474,0.0,0.0,0.005,0.0,0.0,245916.0,157713919.600,0.0,0.0,6200.800,679.600,0.0,0.0,0.0,2495692800.0,1601536.0,15615549440.0,1.50667350016e+11,0.0,0.0,0.0,0.0,6197.0,679.200,0.130,0.385,99.484,0.0,0.0,0.0,1493125189.035,
0.090,0.225,99.680,0.005,0.0,0.0,0.0,4096.0,154398.400,100652121.800,0.0,0.0,4130.0,458.0,0.0,0.0,0.0,2479161344.0,1609728.0,15615549440.0,1.5068387328e+11,0.0,0.0,0.0,4096.0,4129.400,458.400,0.090,0.230,99.675,0.005,0.0,0.0,1493125194.035,
0.145,0.375,99.464,0.0,0.0,0.015,0.0,0.0,226966.0,162171322.200,0.0,0.0,6773.800,639.400,0.400,0.0,0.0,2495410176.0,1609728.0,15615549440.0,1.50667624448e+11,0.0,0.0,0.0,0.0,6778.400,639.0,0.145,0.375,99.464,0.0,0.0,0.015,1493125199.035,
0.115,0.335,99.540,0.005,0.0,0.005,0.0,4915.200,195185.200,139635689.400,0.0,0.0,5644.400,659.800,0.0,0.0,0.0,2522075136.0,1617920.0,15615549440.0,1.50640951296e+11,0.0,0.0,0.0,4915.200,5639.800,660.0,0.115,0.335,99.540,0.005,0.0,0.005,1493125204.035,
0.125,0.380,99.489,0.0,0.0,0.005,0.0,0.0,242831.800,160778547.800,0.0,0.0,6857.200,630.600,1.0,0.0,0.0,2510229504.0,1617920.0,15615549440.0,1.50652796928e+11,0.0,0.0,0.0,0.0,6873.600,658.600,0.125,0.380,99.489,0.0,0.0,0.005,1493125209.035,
0.130,0.335,99.509,0.020,0.0,0.005,25395.200,2457.600,227542.600,147399805.200,0.0,0.0,6485.0,612.200,0.400,0.0,0.200,2496278528.0,1626112.0,15615676416.0,1.50666612736e+11,0.0,0.0,25395.200,2457.600,6475.600,584.0,0.130,0.330,99.514,0.020,0.0,0.005,1493125214.035,
0.140,0.320,99.540,0.0,0.0,0.0,0.0,0.0,207720.600,141974170.200,0.0,0.0,5682.400,608.200,0.200,0.0,0.0,2479558656.0,1626112.0,15615676416.0,1.50683332608e+11,0.0,0.0,0.0,0.0,5679.800,608.200,0.140,0.325,99.535,0.0,0.0,0.0,1493125219.035,
0.100,0.310,99.580,0.005,0.0,0.005,0.0,5734.400,198009.200,117815112.0,0.0,0.0,5582.800,549.800,0.0,0.0,0.0,2524397568.0,1634304.0,15615676416.0,1.50638485504e+11,0.0,0.0,0.0,5734.400,5581.800,550.0,0.100,0.305,99.585,0.005,0.0,0.005,1493125224.035,
0.125,0.380,99.479,0.0,0.0,0.015,0.0,819.200,245886.800,155741782.0,0.0,0.0,7251.400,627.600,0.0,0.0,0.0,2523164672.0,1634304.0,15615676416.0,1.506397184e+11,0.0,0.0,0.0,819.200,7252.600,627.400,0.125,0.380,99.479,0.0,0.0,0.015,1493125229.035,
0.155,0.440,99.389,0.005,0.0,0.010,0.0,2457.600,221554.400,136900101.0,0.0,0.0,6639.0,642.200,0.200,0.0,0.0,2692308992.0,1642496.0,15615676416.0,1.50470565888e+11,0.0,0.0,0.0,2457.600,6634.200,642.600,0.155,0.440,99.389,0.005,0.0,0.010,1493125234.035,
0.095,0.335,99.565,0.0,0.0,0.005,0.0,0.0,230693.400,151724841.0,0.0,0.0,6810.600,551.400,0.0,0.0,0.0,2494853120.0,1642496.0,15615676416.0,1.5066802176e+11,0.0,0.0,0.0,0.0,6814.400,551.0,0.095,0.340,99.560,0.0,0.0,0.005,1493125239.035,
0.110,0.285,99.595,0.010,0.0,0.0,0.0,2457.600,166166.0,122651065.600,0.0,0.0,4937.0,562.400,0.200,0.0,0.0,2495848448.0,1650688.0,15615676416.0,1.5066701824e+11,0.0,0.0,0.0,2457.600,4938.800,562.800,0.110,0.285,99.595,0.010,0.0,0.0,1493125244.035,
0.120,0.345,99.525,0.0,0.0,0.010,0.0,0.0,221221.200,138983656.600,0.0,0.0,6500.200,580.0,0.0,0.0,0.0,2495508480.0,1650688.0,15615676416.0,1.50667358208e+11,0.0,0.0,0.0,0.0,6502.600,579.600,0.120,0.340,99.530,0.0,0.0,0.010,1493125249.035,
0.050,0.115,99.825,0.005,0.0,0.005,0.0,2457.600,84122.400,55639970.600,0.0,0.0,2486.600,364.0,0.0,0.0,0.0,2478596096.0,1658880.0,15615676416.0,1.506842624e+11,0.0,0.0,0.0,2457.600,2478.600,364.0,0.050,0.115,99.825,0.005,0.0,0.005,1493125254.035,
