"Dstat 0.7.2 CSV output"
"Author:","Dag Wieers <dag@wieers.com>",,,,"URL:","http://dag.wieers.com/home-made/dstat/"
"Host:","client0.skyhook--8osds.skyhook-pg0.wisc.cloudlab.us",,,,"User:","jlefevre"
"Cmdline:","dstat -av --epoch --integer --noheaders --output 8osds.dstat-client0.log 5",,,,"Date:","25 Apr 2017 03:36:47 CDT"

"total cpu usage",,,,,,"dsk/total",,"net/total",,"paging",,"system",,"procs",,,"memory usage",,,,"paging",,"dsk/total",,"system",,"total cpu usage",,,,,,"epoch"
"usr","sys","idl","wai","hiq","siq","read","writ","recv","send","in","out","int","csw","run","blk","new","used","buff","cach","free","in","out","read","writ","int","csw","usr","sys","idl","wai","hiq","siq","epoch"
0.135,0.030,99.814,0.020,0.0,0.0,0.0,8192.0,54067.600,8588.800,0.0,0.0,1230.400,7222.200,0.200,0.0,1.200,5534113792.0,247123968.0,1.47370561536e+11,15628394496.0,0.0,0.0,0.0,8192.0,1229.400,7213.0,0.135,0.025,99.819,0.020,0.0,0.0,1493125542.220,
1.350,0.396,98.168,0.020,0.0,0.065,0.0,26214.400,143297673.600,211630.0,0.0,0.0,4781.400,10563.0,1.400,0.0,5.800,5837492224.0,247123968.0,1.47370569728e+11,15325007872.0,0.0,0.0,0.0,26214.400,4787.600,10568.800,1.351,0.397,98.167,0.020,0.0,0.065,1493125547.220,
10.672,2.123,86.428,0.166,0.0,0.610,0.0,165478.400,1225895121.800,1913845.200,0.0,0.0,45781.0,44800.600,5.600,0.0,0.0,5814734848.0,247136256.0,1.47370754048e+11,15347568640.0,0.0,0.0,0.0,165478.400,45792.600,44820.600,10.678,2.127,86.419,0.166,0.0,0.610,1493125552.220,
11.445,1.805,86.043,0.177,0.0,0.531,0.0,222822.400,1227970786.200,1870608.0,0.0,0.0,34750.400,45182.0,4.800,0.0,0.0,5816668160.0,247144448.0,1.47371184128e+11,15345197056.0,0.0,0.0,0.0,222822.400,34745.400,45172.800,11.444,1.805,86.044,0.177,0.0,0.531,1493125557.220,
10.997,1.942,86.308,0.137,0.0,0.617,0.0,226918.400,1228267391.400,1838438.0,0.0,0.0,34753.200,43225.400,6.600,0.0,0.400,5884153856.0,247144448.0,1.47371507712e+11,15277387776.0,0.0,0.0,0.0,226918.400,34755.600,43226.600,10.998,1.942,86.307,0.137,0.0,0.617,1493125562.220,
10.984,2.124,86.110,0.096,0.0,0.686,0.0,179404.800,1220439198.600,1862426.600,0.0,0.0,38379.400,43395.600,5.0,0.200,0.0,5841256448.0,247152640.0,1.47371864064e+11,15319920640.0,0.0,0.0,0.0,179404.800,38388.400,43412.200,10.982,2.119,86.117,0.096,0.0,0.686,1493125567.220,
11.485,2.211,85.390,0.167,0.0,0.747,0.0,207257.600,1212924430.800,1871348.400,0.0,0.0,40468.0,44286.600,6.200,0.0,0.0,5827481600.0,247164928.0,1.4737221632e+11,15333330944.0,0.0,0.0,0.0,207257.600,40463.800,44275.0,11.486,2.211,85.389,0.167,0.0,0.747,1493125572.220,
10.714,2.028,86.566,0.096,0.0,0.597,0.0,181043.200,1225859013.600,1873972.200,0.0,0.0,37855.200,45118.600,4.800,0.0,0.0,5846876160.0,247164928.0,1.47372470272e+11,15313682432.0,0.0,0.0,0.0,181043.200,37854.600,45116.600,10.709,2.033,86.566,0.096,0.0,0.597,1493125577.220,
10.442,1.922,86.975,0.045,0.0,0.615,0.0,175308.800,1217185649.0,1771863.400,0.0,0.0,33867.600,44301.400,4.600,0.200,0.0,5835177984.0,247177216.0,1.47372838912e+11,15324999680.0,0.0,0.0,0.0,175308.800,33867.0,44299.600,10.447,1.922,86.970,0.045,0.0,0.615,1493125582.220,
10.557,1.839,86.953,0.066,0.0,0.586,0.0,207257.600,1226366384.0,1930973.800,0.0,0.0,36513.600,47949.200,4.600,0.0,0.0,5794709504.0,247177216.0,1.47373232128e+11,15365074944.0,0.0,0.0,0.0,207257.600,36508.800,47940.200,10.553,1.839,86.957,0.066,0.0,0.586,1493125587.220,
11.473,1.841,85.848,0.050,0.0,0.787,0.0,193331.200,1225614399.0,1879436.400,0.0,0.0,35615.0,45997.0,5.600,0.0,0.0,5834387456.0,247185408.0,1.47373531136e+11,15325089792.0,0.0,0.0,0.0,193331.200,35617.600,46005.600,11.481,1.836,85.845,0.050,0.0,0.787,1493125592.220,
11.258,1.851,86.119,0.050,0.0,0.721,0.0,173670.400,1226152138.800,1896620.0,0.0,0.0,35614.600,46740.200,4.400,0.200,0.0,5836918784.0,247193600.0,1.47373797376e+11,15322284032.0,0.0,0.0,0.0,173670.400,35612.400,46744.600,11.249,1.851,86.128,0.050,0.0,0.721,1493125597.220,
10.155,1.846,87.177,0.111,0.0,0.711,0.0,224460.800,1225484039.0,1895200.0,0.0,0.0,34843.800,45198.0,4.400,0.0,0.0,5844525056.0,247193600.0,1.4737422336e+11,15314251776.0,0.0,0.0,0.0,224460.800,34846.0,45187.200,10.160,1.846,87.172,0.111,0.0,0.711,1493125602.220,
10.354,1.909,87.075,0.157,0.0,0.505,0.0,210534.400,1229218038.400,1943120.600,0.0,0.0,39166.400,46798.800,5.800,0.0,0.0,5820264448.0,247201792.0,1.47374555136e+11,15338172416.0,0.0,0.0,0.0,210534.400,39169.400,46806.200,10.354,1.909,87.076,0.157,0.0,0.505,1493125607.220,
11.066,2.332,85.869,0.136,0.0,0.596,0.0,169574.400,1165470511.800,1711447.600,0.0,0.0,35766.0,42619.200,4.800,0.200,0.0,5854220288.0,247201792.0,1.47374850048e+11,15303921664.0,0.0,0.0,0.0,169574.400,35764.200,42613.200,11.061,2.337,85.870,0.136,0.0,0.596,1493125612.220,
10.840,2.218,86.059,0.187,0.0,0.696,0.0,215449.600,1216540292.400,1813094.400,0.0,0.0,36798.400,43970.800,5.600,0.0,0.0,5827579904.0,247209984.0,1.47375255552e+11,15330148352.0,0.0,0.0,0.0,215449.600,36796.400,43975.600,10.845,2.218,86.054,0.187,0.0,0.696,1493125617.220,
10.877,1.971,86.343,0.157,0.0,0.652,0.0,210534.400,1203246486.0,1685005.0,0.0,0.0,31747.200,41906.800,4.0,0.0,0.0,5869801472.0,247209984.0,1.473755136e+11,15287668736.0,0.0,0.0,0.0,210534.400,31745.200,41907.800,10.872,1.971,86.348,0.157,0.0,0.652,1493125622.220,
9.989,2.058,87.082,0.126,0.0,0.745,0.0,166297.600,1218241141.400,1856932.200,0.0,0.0,33396.400,44037.400,5.800,0.200,0.0,5844889600.0,247242752.0,1.47375853568e+11,15312207872.0,0.0,0.0,0.0,166297.600,33395.0,44031.600,9.990,2.058,87.076,0.126,0.0,0.750,1493125627.220,
8.622,3.203,87.435,0.146,0.0,0.594,0.0,217907.200,964396765.0,1315881.400,0.0,0.0,27071.600,33608.600,4.800,0.0,0.0,5891768320.0,247250944.0,1.47376218112e+11,15264956416.0,0.0,0.0,0.0,217907.200,27076.400,33605.400,8.628,3.203,87.434,0.146,0.0,0.589,1493125632.220,
8.279,2.948,88.068,0.136,0.0,0.569,0.0,208896.0,968785276.400,1333633.200,0.0,0.0,27702.200,33803.800,5.200,0.0,0.0,5891702784.0,247259136.0,1.47376529408e+11,15264702464.0,0.0,0.0,0.0,208896.0,27687.0,33793.800,8.272,2.947,88.075,0.136,0.0,0.569,1493125637.220,
9.764,2.605,86.875,0.136,0.0,0.620,0.0,167116.800,1085372878.800,1500716.400,0.0,0.0,29037.400,35653.800,5.800,0.200,0.0,5839151104.0,247267328.0,1.47376857088e+11,15316918272.0,0.0,0.0,0.0,167116.800,29047.200,35671.200,9.770,2.605,86.870,0.136,0.0,0.620,1493125642.220,
10.344,2.024,86.854,0.187,0.0,0.591,0.0,214630.400,1190937323.0,1786215.600,0.0,0.0,33687.400,43493.600,5.200,0.0,0.0,5860777984.0,247271424.0,1.47377266688e+11,15294877696.0,0.0,0.0,0.0,214630.400,33690.600,43493.800,10.340,2.025,86.858,0.187,0.0,0.591,1493125647.220,
10.796,2.210,86.039,0.131,0.0,0.824,0.0,215449.600,1216595493.800,1837531.200,0.0,0.0,32718.600,41246.0,4.200,0.0,0.200,5855592448.0,247287808.0,1.47377627136e+11,15299686400.0,0.0,0.0,0.0,215449.600,32720.0,41235.600,10.796,2.210,86.039,0.131,0.0,0.824,1493125652.220,
11.579,1.963,85.711,0.126,0.0,0.621,0.0,172032.0,1210735751.600,1878757.800,0.0,0.0,34634.400,44961.400,5.400,0.200,0.0,5887557632.0,247287808.0,1.47377942528e+11,15267405824.0,0.0,0.0,0.0,172032.0,34629.200,44964.200,11.578,1.958,85.716,0.126,0.0,0.621,1493125657.220,
9.630,2.312,87.347,0.172,0.0,0.540,0.0,222822.400,1105680736.0,1564821.600,0.0,0.0,28917.400,39071.600,6.0,0.0,0.0,5887959040.0,247296000.0,1.47378290688e+11,15266648064.0,0.0,0.0,0.0,222822.400,28921.600,39075.0,9.635,2.317,87.337,0.172,0.0,0.540,1493125662.220,
10.135,2.265,86.546,0.439,0.0,0.615,0.0,6264422.400,1146695234.600,1676059.0,0.0,0.0,33225.400,41427.600,5.0,0.200,0.0,5850148864.0,247296000.0,1.4737543168e+11,15307317248.0,0.0,0.0,0.0,6264422.400,33229.200,41423.800,10.135,2.265,86.545,0.439,0.0,0.615,1493125667.220,
8.621,1.550,88.940,0.404,0.0,0.485,0.0,3717529.600,950720546.800,1336323.200,0.0,0.0,26072.600,31203.400,4.800,0.200,1.0,5542678528.0,247304192.0,1.47371106304e+11,15619104768.0,0.0,0.0,0.0,3717529.600,26054.0,31193.800,8.615,1.544,88.952,0.404,0.0,0.485,1493125672.220,
