"Dstat 0.7.2 CSV output"
"Author:","Dag Wieers <dag@wieers.com>",,,,"URL:","http://dag.wieers.com/home-made/dstat/"
"Host:","osd0.skyhook--8osds.skyhook-pg0.wisc.cloudlab.us",,,,"User:","jlefevre"
"Cmdline:","dstat -av --epoch --integer --noheaders --output 8osds.dstat-osd0.log 5",,,,"Date:","25 Apr 2017 03:36:54 CDT"

"total cpu usage",,,,,,"dsk/total",,"net/total",,"paging",,"system",,"procs",,,"memory usage",,,,"paging",,"dsk/total",,"system",,"total cpu usage",,,,,,"epoch"
"usr","sys","idl","wai","hiq","siq","read","writ","recv","send","in","out","int","csw","run","blk","new","used","buff","cach","free","in","out","read","writ","int","csw","usr","sys","idl","wai","hiq","siq","epoch"
0.015,0.005,99.970,0.010,0.0,0.0,0.0,4915.200,8440.800,8754.600,0.0,0.0,217.800,174.600,0.0,0.0,0.0,2466660352.0,1368064.0,15545102336.0,1.5076706304e+11,0.0,0.0,0.0,4915.200,217.800,174.600,0.015,0.005,99.970,0.010,0.0,0.0,1493116894.035,
0.100,0.300,99.575,0.0,0.0,0.025,0.0,2457.600,153726.400,92059775.600,0.0,0.0,4409.800,507.0,0.0,0.0,0.0,2496548864.0,1368064.0,15545110528.0,1.50737166336e+11,0.0,0.0,0.0,2457.600,4412.200,507.0,0.105,0.300,99.570,0.0,0.0,0.025,1493116899.035,
0.105,0.340,99.540,0.005,0.0,0.010,0.0,2457.600,186716.400,127098772.400,0.0,0.0,5496.200,550.0,0.200,0.0,0.0,2511327232.0,1376256.0,15545110528.0,1.50722379776e+11,0.0,0.0,0.0,2457.600,5496.800,550.0,0.105,0.340,99.540,0.005,0.0,0.010,1493116904.035,
0.115,0.400,99.470,0.0,0.0,0.015,0.0,0.0,208878.0,149691731.0,0.0,0.0,5908.600,637.400,0.0,0.0,0.0,2465890304.0,1376256.0,15545110528.0,1.50767816704e+11,0.0,0.0,0.0,0.0,5905.600,637.400,0.115,0.400,99.470,0.0,0.0,0.015,1493116909.035,
0.105,0.345,99.525,0.010,0.0,0.015,0.0,2457.600,177215.400,120998314.800,0.0,0.0,3548.600,603.600,0.200,0.0,0.0,2509848576.0,1384448.0,15545110528.0,1.5072385024e+11,0.0,0.0,0.0,2457.600,3548.800,603.600,0.105,0.345,99.525,0.010,0.0,0.015,1493116914.035,
0.095,0.270,99.625,0.0,0.0,0.010,0.0,0.0,156630.400,115004676.400,0.0,0.0,3196.200,498.800,0.0,0.0,0.0,2465824768.0,1384448.0,15545110528.0,1.50767874048e+11,0.0,0.0,0.0,0.0,3196.0,498.800,0.090,0.270,99.630,0.0,0.0,0.010,1493116919.035,
0.095,0.315,99.575,0.005,0.0,0.010,0.0,3276.800,177698.0,117996083.800,0.0,0.0,3491.600,537.200,0.200,0.0,0.0,2465087488.0,1392640.0,15545110528.0,1.50768603136e+11,0.0,0.0,0.0,3276.800,3491.600,537.200,0.095,0.315,99.575,0.005,0.0,0.010,1493116924.035,
0.095,0.295,99.605,0.005,0.0,0.0,0.0,2457.600,172843.200,112109174.200,0.0,0.0,3208.600,503.0,0.200,0.0,0.0,2465157120.0,1400832.0,15545102336.0,1.50768533504e+11,0.0,0.0,0.0,2457.600,3208.800,503.0,0.095,0.300,99.600,0.005,0.0,0.0,1493116929.035,
0.120,0.395,99.475,0.0,0.0,0.010,0.0,0.0,187098.800,135728666.200,0.0,0.0,3809.400,577.800,0.200,0.0,0.0,2479566848.0,1400832.0,15545110528.0,1.50754115584e+11,0.0,0.0,0.0,0.0,3812.400,579.400,0.125,0.390,99.475,0.0,0.0,0.010,1493116934.035,
0.125,0.365,99.490,0.005,0.0,0.015,0.0,2457.600,205544.400,142138003.200,0.0,0.0,5739.200,607.400,0.400,0.0,0.0,2483769344.0,1409024.0,15545110528.0,1.50749904896e+11,0.0,0.0,0.0,2457.600,5739.200,605.800,0.120,0.365,99.495,0.005,0.0,0.015,1493116939.035,
0.150,0.415,99.419,0.0,0.0,0.015,0.0,0.0,207537.600,147753222.400,0.0,0.0,6293.600,687.200,0.200,0.0,0.0,2553790464.0,1409024.0,15545114624.0,1.5067987968e+11,0.0,0.0,0.0,0.0,6290.400,687.200,0.150,0.415,99.419,0.0,0.0,0.015,1493116944.035,
0.105,0.325,99.555,0.010,0.0,0.005,0.0,2457.600,186887.800,130862370.200,0.0,0.0,5497.400,565.0,0.0,0.0,0.0,2484150272.0,1417216.0,15545114624.0,1.5074951168e+11,0.0,0.0,0.0,2457.600,5501.0,565.400,0.105,0.325,99.555,0.010,0.0,0.005,1493116949.035,
0.115,0.385,99.485,0.0,0.0,0.015,0.0,0.0,210018.0,139711119.400,0.0,0.0,5039.200,600.800,0.400,0.0,0.0,2478645248.0,1417216.0,15545114624.0,1.50755016704e+11,0.0,0.0,0.0,0.0,5038.200,600.800,0.115,0.390,99.480,0.0,0.0,0.015,1493116954.034,
0.100,0.295,99.580,0.010,0.0,0.015,0.0,4096.0,175952.800,118518719.200,0.0,0.0,4236.400,522.200,0.400,0.0,0.0,2482057216.0,1425408.0,15545114624.0,1.50751596544e+11,0.0,0.0,0.0,4096.0,4239.0,521.800,0.100,0.290,99.585,0.010,0.0,0.015,1493116959.035,
0.120,0.325,99.550,0.005,0.0,0.0,0.0,4915.200,188842.400,138142744.400,0.0,0.0,5755.600,594.600,0.600,0.0,0.0,2466230272.0,1433600.0,15545106432.0,1.50767423488e+11,0.0,0.0,0.0,4915.200,5750.400,594.600,0.125,0.325,99.544,0.005,0.0,0.0,1493116964.035,
0.135,0.460,99.400,0.0,0.0,0.005,0.0,2457.600,231470.600,169251670.200,0.0,0.0,6909.800,681.0,0.0,0.0,0.0,2481983488.0,1433600.0,15545114624.0,1.5075166208e+11,0.0,0.0,0.0,2457.600,6915.0,681.0,0.130,0.465,99.400,0.0,0.0,0.005,1493116969.035,
0.130,0.400,99.455,0.005,0.0,0.010,0.0,2457.600,213078.600,153595396.200,0.0,0.0,6096.200,664.800,0.400,0.0,0.0,2504552448.0,1441792.0,15545114624.0,1.50729084928e+11,0.0,0.0,0.0,2457.600,6095.0,665.200,0.135,0.395,99.455,0.005,0.0,0.010,1493116974.035,
0.125,0.360,99.510,0.0,0.0,0.005,0.0,0.0,205414.400,135443516.400,0.0,0.0,5348.200,558.400,0.200,0.0,0.0,2495758336.0,1441792.0,15545114624.0,1.5073787904e+11,0.0,0.0,0.0,0.0,5348.800,558.400,0.120,0.360,99.515,0.0,0.0,0.005,1493116979.035,
0.120,0.285,99.575,0.010,0.0,0.010,0.0,2457.600,191201.200,131809325.0,0.0,0.0,4458.0,588.400,0.0,0.0,0.0,2481127424.0,1449984.0,15545114624.0,1.5075250176e+11,0.0,0.0,0.0,2457.600,4453.400,588.200,0.120,0.285,99.575,0.010,0.0,0.010,1493116984.035,
0.115,0.320,99.545,0.0,0.0,0.020,0.0,0.0,181814.600,126766580.400,0.0,0.0,3622.800,532.200,0.200,0.0,0.0,2464559104.0,1449984.0,15545114624.0,1.5076907008e+11,0.0,0.0,0.0,0.0,3622.800,532.0,0.120,0.320,99.540,0.0,0.0,0.020,1493116989.035,
0.145,0.435,99.399,0.010,0.0,0.010,0.0,3276.800,254530.400,164087700.0,0.0,0.0,7138.800,690.400,0.0,0.0,0.0,2496217088.0,1458176.0,15545114624.0,1.50737403904e+11,0.0,0.0,0.0,3276.800,7143.200,690.400,0.140,0.435,99.404,0.010,0.0,0.010,1493116994.035,
0.130,0.435,99.429,0.005,0.0,0.0,0.0,2457.600,230254.0,163325879.400,0.0,0.0,6706.400,704.800,0.0,0.0,0.0,2465312768.0,1466368.0,15545106432.0,1.50768308224e+11,0.0,0.0,0.0,2457.600,6702.0,704.800,0.130,0.435,99.429,0.005,0.0,0.0,1493116999.035,
0.090,0.295,99.605,0.0,0.0,0.010,0.0,0.0,165095.400,117992586.400,0.0,0.0,4803.200,543.400,0.0,0.0,0.0,2464964608.0,1466368.0,15545114624.0,1.50768648192e+11,0.0,0.0,0.0,0.0,4803.200,543.400,0.090,0.295,99.605,0.0,0.0,0.010,1493117004.035,
0.120,0.280,99.595,0.0,0.0,0.005,0.0,2457.600,190289.0,119567064.200,0.0,0.0,5307.400,555.400,0.200,0.0,0.200,2484568064.0,1474560.0,15545114624.0,1.50749036544e+11,0.0,0.0,0.0,2457.600,5314.600,555.600,0.120,0.280,99.595,0.0,0.0,0.005,1493117009.035,
0.110,0.305,99.585,0.0,0.0,0.0,0.0,0.0,195025.800,131181761.200,0.0,0.0,5337.400,532.800,0.200,0.0,0.0,2467434496.0,1474560.0,15545114624.0,1.50766170112e+11,0.0,0.0,0.0,0.0,5330.200,532.600,0.110,0.305,99.585,0.0,0.0,0.0,1493117014.035,
0.035,0.060,99.900,0.005,0.0,0.0,0.0,2457.600,47414.600,23606516.800,0.0,0.0,1325.800,247.0,0.0,0.0,0.0,2467385344.0,1482752.0,15545114624.0,1.50766211072e+11,0.0,0.0,0.0,2457.600,1325.800,247.0,0.035,0.065,99.895,0.005,0.0,0.0,1493117019.035,
