"Dstat 0.7.2 CSV output"
"Author:","Dag Wieers <dag@wieers.com>",,,,"URL:","http://dag.wieers.com/home-made/dstat/"
"Host:","osd0.skyhook--8osds.skyhook-pg0.wisc.cloudlab.us",,,,"User:","jlefevre"
"Cmdline:","dstat -av --epoch --integer --noheaders --output 8osds.dstat-osd0.log 5",,,,"Date:","25 Apr 2017 03:36:54 CDT"

"total cpu usage",,,,,,"dsk/total",,"net/total",,"paging",,"system",,"procs",,,"memory usage",,,,"paging",,"dsk/total",,"system",,"total cpu usage",,,,,,"epoch"
"usr","sys","idl","wai","hiq","siq","read","writ","recv","send","in","out","int","csw","run","blk","new","used","buff","cach","free","in","out","read","writ","int","csw","usr","sys","idl","wai","hiq","siq","epoch"
0.005,0.0,99.990,0.005,0.0,0.0,0.0,2457.600,6821.200,7925.800,0.0,0.0,193.400,159.200,0.0,0.0,0.0,2473562112.0,1544192.0,15544979456.0,1.50760108032e+11,0.0,0.0,0.0,2457.600,193.400,159.200,0.005,0.005,99.985,0.005,0.0,0.0,1493118174.035,
0.075,0.155,99.770,0.0,0.0,0.0,0.0,0.0,57090.800,29237457.400,0.0,0.0,1276.0,382.200,0.0,0.0,0.0,2597941248.0,1544192.0,15544979456.0,1.50635728896e+11,0.0,0.0,0.0,0.0,1278.600,382.200,0.075,0.150,99.775,0.0,0.0,0.0,1493118179.035,
0.120,0.335,99.520,0.010,0.0,0.015,0.0,2457.600,216307.400,138962074.600,0.0,0.0,4266.800,616.400,0.0,0.0,0.0,2500501504.0,1552384.0,15544979456.0,1.50733160448e+11,0.0,0.0,0.0,2457.600,4265.200,616.400,0.120,0.335,99.520,0.010,0.0,0.015,1493118184.035,
0.125,0.355,99.520,0.0,0.0,0.0,0.0,0.0,190702.200,136579176.600,0.0,0.0,3759.200,620.800,0.400,0.0,0.0,2533597184.0,1552384.0,15544979456.0,1.50700064768e+11,0.0,0.0,0.0,0.0,3761.200,621.200,0.130,0.355,99.515,0.0,0.0,0.0,1493118189.035,
0.110,0.270,99.605,0.005,0.0,0.010,0.0,3276.800,177415.400,125934545.200,0.0,0.0,3377.600,525.0,0.0,0.0,0.0,2469502976.0,1560576.0,15544979456.0,1.50764150784e+11,0.0,0.0,0.0,3276.800,3374.600,524.600,0.105,0.270,99.610,0.005,0.0,0.010,1493118194.035,
0.120,0.335,99.530,0.005,0.0,0.010,0.0,2457.600,185349.800,130027703.800,0.0,0.0,4923.200,549.800,0.200,0.0,0.0,2494087168.0,1568768.0,15544979456.0,1.507395584e+11,0.0,0.0,0.0,2457.600,4926.800,550.200,0.120,0.335,99.530,0.005,0.0,0.010,1493118199.035,
0.105,0.285,99.609,0.0,0.0,0.0,0.0,0.0,171816.800,119295086.200,0.0,0.0,5158.600,554.0,0.0,0.0,0.0,2488655872.0,1568768.0,15544979456.0,1.50744989696e+11,0.0,0.0,0.0,0.0,5156.600,553.600,0.105,0.285,99.610,0.0,0.0,0.0,1493118204.035,
0.105,0.320,99.555,0.010,0.0,0.010,0.0,2457.600,169523.0,118362955.200,0.0,0.0,4980.600,530.600,0.200,0.0,0.0,2492301312.0,1576960.0,15544979456.0,1.50741336064e+11,0.0,0.0,0.0,2457.600,4986.800,531.0,0.105,0.320,99.555,0.010,0.0,0.010,1493118209.035,
0.095,0.285,99.610,0.0,0.0,0.010,0.0,0.0,155025.400,109051954.800,0.0,0.0,4532.0,527.0,0.400,0.0,0.0,2515300352.0,1576960.0,15544979456.0,1.50718337024e+11,0.0,0.0,0.0,0.0,4530.200,527.200,0.095,0.285,99.610,0.0,0.0,0.010,1493118214.034,
0.125,0.380,99.480,0.010,0.0,0.005,0.0,2457.600,203647.800,145789377.400,0.0,0.0,6034.200,593.600,0.200,0.0,0.0,2470338560.0,1585152.0,15544979456.0,1.50763290624e+11,0.0,0.0,0.0,2457.600,6028.400,593.0,0.125,0.380,99.480,0.010,0.0,0.005,1493118219.035,
0.125,0.340,99.525,0.0,0.0,0.010,0.0,0.0,187662.0,134550939.600,0.0,0.0,5469.600,610.400,0.0,0.0,0.0,2487607296.0,1585152.0,15544983552.0,1.50746017792e+11,0.0,0.0,0.0,0.0,5475.200,610.400,0.130,0.340,99.520,0.0,0.0,0.010,1493118224.035,
0.140,0.315,99.534,0.005,0.0,0.005,0.0,4096.0,183950.400,139787332.400,0.0,0.0,5529.400,585.200,0.200,0.0,0.400,2472214528.0,1593344.0,15544987648.0,1.50761398272e+11,0.0,0.0,0.0,4096.0,5523.600,585.200,0.135,0.315,99.539,0.005,0.0,0.005,1493118229.035,
0.145,0.420,99.414,0.010,0.0,0.010,819.200,4915.200,234724.400,154301463.200,0.0,0.0,6639.0,676.800,0.0,0.0,0.0,2517082112.0,1601536.0,15544991744.0,1.507165184e+11,0.0,0.0,819.200,4915.200,6645.400,677.200,0.145,0.420,99.414,0.010,0.0,0.010,1493118234.035,
0.095,0.250,99.640,0.015,0.0,0.0,0.0,7372.800,157526.800,105297229.600,0.0,0.0,4468.600,512.200,0.200,0.0,0.400,2467688448.0,1609728.0,15544995840.0,1.50765899776e+11,0.0,0.0,0.0,7372.800,4462.200,511.800,0.095,0.250,99.640,0.015,0.0,0.0,1493118239.035,
0.130,0.430,99.409,0.020,0.0,0.010,0.0,10649.600,219478.800,148388902.0,0.0,0.0,6401.600,778.800,0.600,0.0,0.400,2511323136.0,1626112.0,15544991744.0,1.507222528e+11,0.0,0.0,0.0,10649.600,6407.600,781.400,0.135,0.430,99.404,0.020,0.0,0.010,1493118244.035,
0.125,0.360,99.500,0.010,0.0,0.005,0.0,4915.200,209280.600,136915850.400,0.0,0.0,5978.400,595.800,0.400,0.0,0.0,2497896448.0,1634304.0,15544995840.0,1.507356672e+11,0.0,0.0,0.0,4915.200,5978.0,593.800,0.120,0.360,99.505,0.010,0.0,0.005,1493118249.035,
0.155,0.451,99.364,0.025,0.0,0.005,0.0,10649.600,248796.0,163789702.600,0.0,0.0,7229.800,773.800,0.200,0.0,0.400,2511589376.0,1650688.0,15545008128.0,1.507219456e+11,0.0,0.0,0.0,10649.600,7226.400,773.600,0.155,0.451,99.364,0.025,0.0,0.005,1493118254.035,
0.145,0.395,99.445,0.010,0.0,0.005,0.0,4915.200,209848.800,147535632.400,0.0,0.0,6164.800,638.800,0.400,0.0,0.0,2512371712.0,1658880.0,15544999936.0,1.50721163264e+11,0.0,0.0,0.0,4915.200,6166.0,638.400,0.145,0.395,99.445,0.010,0.0,0.005,1493118259.035,
0.120,0.370,99.489,0.010,0.0,0.010,0.0,4915.200,218212.0,140954604.0,0.0,0.0,6260.800,649.400,0.0,0.0,0.400,2499375104.0,1667072.0,15545008128.0,1.50734143488e+11,0.0,0.0,0.0,4915.200,6257.400,649.400,0.120,0.370,99.489,0.010,0.0,0.010,1493118264.035,
0.110,0.290,99.590,0.005,0.0,0.005,0.0,12288.0,173144.400,118832363.200,0.0,0.0,5205.200,617.600,0.0,0.0,0.600,2500759552.0,1683456.0,15545008128.0,1.50732742656e+11,0.0,0.0,0.0,12288.0,5208.0,618.0,0.110,0.290,99.590,0.005,0.0,0.005,1493118269.035,
0.145,0.430,99.404,0.015,0.0,0.005,0.0,4915.200,232380.800,153693612.200,0.0,0.0,6969.200,684.0,0.200,0.0,0.0,2527772672.0,1691648.0,15545008128.0,1.50705721344e+11,0.0,0.0,0.0,4915.200,6970.200,684.0,0.145,0.430,99.404,0.015,0.0,0.005,1493118274.035,
0.155,0.436,99.384,0.020,0.0,0.005,0.0,7372.800,241958.400,162161696.0,0.0,0.0,7225.0,800.200,0.200,0.0,0.400,2569932800.0,1708032.0,15545008128.0,1.50663544832e+11,0.0,0.0,0.0,7372.800,7224.0,801.400,0.160,0.436,99.379,0.020,0.0,0.005,1493118279.035,
0.105,0.290,99.590,0.015,0.0,0.0,0.0,10649.600,178581.400,123308118.600,0.0,0.0,5151.0,556.400,0.200,0.0,0.0,2486931456.0,1716224.0,15545016320.0,1.50746529792e+11,0.0,0.0,0.0,10649.600,5155.200,555.200,0.100,0.290,99.595,0.015,0.0,0.0,1493118284.035,
0.115,0.375,99.470,0.020,0.0,0.020,0.0,7372.800,200262.600,135084737.400,0.0,0.0,5692.400,642.800,0.0,0.0,0.400,2470760448.0,1732608.0,15545008128.0,1.50762692608e+11,0.0,0.0,0.0,7372.800,5689.800,642.400,0.115,0.375,99.470,0.020,0.0,0.020,1493118289.035,
0.125,0.335,99.515,0.010,0.0,0.015,0.0,4915.200,185932.400,127406342.0,0.0,0.0,5397.800,606.0,0.0,0.0,0.0,2513235968.0,1740800.0,15545008128.0,1.50720208896e+11,0.0,0.0,0.0,4915.200,5397.600,606.0,0.125,0.335,99.515,0.010,0.0,0.015,1493118294.035,
0.085,0.180,99.725,0.010,0.0,0.0,0.0,4096.0,109592.800,79083542.200,0.0,0.0,3288.400,441.400,0.400,0.0,0.400,2469527552.0,1748992.0,15545016320.0,1.50763900928e+11,0.0,0.0,0.0,4096.0,3284.200,441.400,0.085,0.180,99.725,0.010,0.0,0.0,1493118299.035,
