"Dstat 0.7.2 CSV output"
"Author:","Dag Wieers <dag@wieers.com>",,,,"URL:","http://dag.wieers.com/home-made/dstat/"
"Host:","osd1.skyhook--8osds.skyhook-pg0.wisc.cloudlab.us",,,,"User:","jlefevre"
"Cmdline:","dstat -av --epoch --integer --noheaders --output 8osds.dstat-osd1.log 5",,,,"Date:","25 Apr 2017 03:37:00 CDT"

"total cpu usage",,,,,,"dsk/total",,"net/total",,"paging",,"system",,"procs",,,"memory usage",,,,"paging",,"dsk/total",,"system",,"total cpu usage",,,,,,"epoch"
"usr","sys","idl","wai","hiq","siq","read","writ","recv","send","in","out","int","csw","run","blk","new","used","buff","cach","free","in","out","read","writ","int","csw","usr","sys","idl","wai","hiq","siq","epoch"
0.0,0.010,99.975,0.015,0.0,0.0,0.0,3276.800,4345.800,9395.200,0.0,0.0,187.600,167.400,0.0,0.0,0.0,2467201024.0,1449984.0,16024055808.0,1.50287486976e+11,0.0,0.0,0.0,3276.800,187.600,167.0,0.0,0.010,99.975,0.015,0.0,0.0,1493125130.344,
0.100,0.250,99.645,0.005,0.0,0.0,0.0,4915.200,119059.600,82604639.400,0.0,0.0,2379.800,439.800,0.0,0.0,0.0,2471931904.0,1458176.0,16024055808.0,1.50282747904e+11,0.0,0.0,0.0,4915.200,2382.800,439.800,0.105,0.245,99.645,0.005,0.0,0.0,1493125135.344,
0.155,0.360,99.480,0.0,0.0,0.005,0.0,0.0,225492.400,143902487.800,0.0,0.0,4180.400,602.600,0.0,0.0,0.0,2528047104.0,1458176.0,16024055808.0,1.50226632704e+11,0.0,0.0,0.0,0.0,4180.0,603.0,0.155,0.360,99.480,0.0,0.0,0.005,1493125140.344,
0.115,0.310,99.555,0.010,0.0,0.010,0.0,2457.600,171868.800,118400290.600,0.0,0.0,3506.800,530.400,0.600,0.0,0.0,2498273280.0,1466368.0,16024055808.0,1.50256398336e+11,0.0,0.0,0.0,2457.600,3506.600,530.0,0.110,0.310,99.560,0.010,0.0,0.010,1493125145.344,
0.145,0.360,99.495,0.0,0.0,0.0,0.0,0.0,201565.600,137380186.0,0.0,0.0,4109.600,618.200,0.200,0.0,0.0,2536787968.0,1466368.0,16024055808.0,1.50217883648e+11,0.0,0.0,0.0,0.0,4108.800,618.600,0.145,0.360,99.495,0.0,0.0,0.0,1493125150.344,
0.140,0.395,99.445,0.005,0.0,0.015,0.0,2457.600,240290.200,157062414.0,0.0,0.0,4681.200,645.0,0.0,0.0,0.0,2508730368.0,1474560.0,16024055808.0,1.50245933056e+11,0.0,0.0,0.0,2457.600,4680.400,644.600,0.145,0.395,99.440,0.005,0.0,0.015,1493125155.344,
0.130,0.325,99.535,0.0,0.0,0.010,0.0,0.0,187484.400,127613152.200,0.0,0.0,3856.0,534.400,0.400,0.0,0.0,2468392960.0,1474560.0,16024059904.0,1.50286266368e+11,0.0,0.0,0.0,0.0,3854.600,534.400,0.125,0.325,99.540,0.0,0.0,0.010,1493125160.344,
0.130,0.370,99.480,0.005,0.0,0.015,0.0,4096.0,211005.800,144531883.0,0.0,0.0,4152.0,611.800,0.200,0.0,0.0,2520051712.0,1482752.0,16024059904.0,1.50234599424e+11,0.0,0.0,0.0,4096.0,4152.0,611.800,0.130,0.370,99.480,0.005,0.0,0.015,1493125165.344,
0.120,0.365,99.490,0.005,0.0,0.020,0.0,4915.200,213143.800,134286710.400,0.0,0.0,3824.600,628.400,0.200,0.0,0.0,2530902016.0,1490944.0,16024059904.0,1.50223740928e+11,0.0,0.0,0.0,4915.200,3828.400,628.400,0.125,0.365,99.485,0.005,0.0,0.020,1493125170.344,
0.135,0.335,99.530,0.0,0.0,0.0,0.0,0.0,236904.0,154876225.400,0.0,0.0,4388.800,629.800,0.200,0.0,0.0,2467061760.0,1490944.0,16024059904.0,1.50287581184e+11,0.0,0.0,0.0,0.0,4385.0,629.800,0.130,0.335,99.535,0.0,0.0,0.0,1493125175.344,
0.150,0.395,99.434,0.010,0.0,0.010,0.0,2457.600,246605.0,158446400.400,0.0,0.0,4806.800,658.800,0.0,0.0,0.0,2564792320.0,1499136.0,16024059904.0,1.50189842432e+11,0.0,0.0,0.0,2457.600,4809.0,658.800,0.150,0.395,99.434,0.010,0.0,0.010,1493125180.344,
0.130,0.340,99.520,0.0,0.0,0.010,0.0,0.0,220642.800,139310741.200,0.0,0.0,4167.400,576.400,0.200,0.0,0.0,2530496512.0,1499136.0,16024059904.0,1.5022413824e+11,0.0,0.0,0.0,0.0,4167.600,576.400,0.130,0.340,99.520,0.0,0.0,0.010,1493125185.344,
0.150,0.360,99.475,0.005,0.0,0.010,0.0,2457.600,241103.800,147664266.800,0.0,0.0,4604.200,634.800,0.600,0.0,0.0,2469933056.0,1507328.0,16024059904.0,1.50284693504e+11,0.0,0.0,0.0,2457.600,4601.800,634.800,0.150,0.360,99.475,0.005,0.0,0.010,1493125190.344,
0.140,0.370,99.475,0.0,0.0,0.015,0.0,0.0,251302.400,148069731.0,0.0,0.0,4543.200,614.400,0.600,0.0,0.0,2487009280.0,1507328.0,16024059904.0,1.5026761728e+11,0.0,0.0,0.0,0.0,4546.0,614.400,0.140,0.370,99.475,0.0,0.0,0.015,1493125195.344,
0.140,0.370,99.455,0.010,0.0,0.025,0.0,3276.800,201843.400,139186218.800,0.0,0.0,4084.400,579.600,0.0,0.0,0.0,2511937536.0,1515520.0,16024059904.0,1.50242680832e+11,0.0,0.0,0.0,3276.800,4085.0,579.600,0.145,0.370,99.450,0.010,0.0,0.025,1493125200.344,
0.130,0.340,99.505,0.005,0.0,0.020,0.0,4915.200,204449.600,137659612.800,0.0,0.0,4068.600,587.400,0.0,0.0,0.0,2516303872.0,1523712.0,16024059904.0,1.50238306304e+11,0.0,0.0,0.0,4915.200,4066.800,587.800,0.125,0.340,99.510,0.005,0.0,0.020,1493125205.344,
0.110,0.335,99.540,0.0,0.0,0.015,0.0,0.0,205088.0,130008547.600,0.0,0.0,4091.800,610.0,0.200,0.0,0.0,2486001664.0,1523712.0,16024059904.0,1.50268608512e+11,0.0,0.0,0.0,0.0,4090.200,609.600,0.115,0.335,99.535,0.0,0.0,0.015,1493125210.344,
0.150,0.390,99.445,0.005,0.0,0.010,0.0,2457.600,255120.200,160263441.600,0.0,0.0,4830.200,645.800,0.200,0.0,0.0,2515623936.0,1531904.0,16024059904.0,1.50238978048e+11,0.0,0.0,0.0,2457.600,4833.800,647.800,0.150,0.390,99.445,0.005,0.0,0.010,1493125215.344,
0.140,0.355,99.485,0.0,0.0,0.020,0.0,0.0,239000.200,152231688.0,0.0,0.0,4473.400,632.200,0.200,0.0,0.0,2520494080.0,1531904.0,16024059904.0,1.50234107904e+11,0.0,0.0,0.0,0.0,4472.800,630.600,0.135,0.355,99.490,0.0,0.0,0.020,1493125220.344,
0.125,0.400,99.460,0.010,0.0,0.005,0.0,2457.600,241751.800,152361999.0,0.0,0.0,4595.800,658.0,0.0,0.0,0.0,2501513216.0,1540096.0,16024059904.0,1.50253080576e+11,0.0,0.0,0.0,2457.600,4596.200,657.600,0.125,0.400,99.460,0.010,0.0,0.005,1493125225.344,
0.090,0.250,99.650,0.0,0.0,0.010,0.0,0.0,166460.400,104146114.0,0.0,0.0,3340.400,523.200,0.0,0.0,0.0,2469068800.0,1540096.0,16024059904.0,1.50285524992e+11,0.0,0.0,0.0,0.0,3337.0,523.200,0.090,0.250,99.650,0.0,0.0,0.010,1493125230.344,
0.110,0.330,99.550,0.005,0.0,0.005,0.0,3276.800,199971.800,129786740.200,0.0,0.0,3952.400,545.600,0.0,0.0,0.200,2468626432.0,1548288.0,16024059904.0,1.50285959168e+11,0.0,0.0,0.0,3276.800,3952.400,545.600,0.115,0.330,99.545,0.005,0.0,0.005,1493125235.344,
0.105,0.275,99.600,0.005,0.0,0.015,0.0,2457.600,169315.400,106210797.800,0.0,0.0,3362.400,513.600,0.200,0.0,0.0,2496073728.0,1556480.0,16024059904.0,1.5025850368e+11,0.0,0.0,0.0,2457.600,3362.400,513.600,0.100,0.275,99.605,0.005,0.0,0.015,1493125240.344,
0.150,0.380,99.465,0.0,0.0,0.005,0.0,0.0,229744.400,162047936.0,0.0,0.0,4611.800,667.0,0.0,0.0,0.0,2484637696.0,1556480.0,16024064000.0,1.50269935616e+11,0.0,0.0,0.0,0.0,4616.200,667.0,0.155,0.380,99.460,0.0,0.0,0.005,1493125245.344,
0.095,0.240,99.650,0.010,0.0,0.005,0.0,2457.600,154639.0,99541217.0,0.0,0.0,3095.600,451.600,0.0,0.0,0.0,2487275520.0,1564672.0,16024064000.0,1.502672896e+11,0.0,0.0,0.0,2457.600,3094.200,451.600,0.090,0.245,99.650,0.010,0.0,0.005,1493125250.344,
0.035,0.115,99.845,0.0,0.0,0.005,0.0,0.0,71614.400,42264982.0,0.0,0.0,1495.0,318.0,0.200,0.0,0.0,2496823296.0,1564672.0,16024064000.0,1.50257741824e+11,0.0,0.0,0.0,0.0,1492.400,318.0,0.035,0.115,99.845,0.0,0.0,0.005,1493125255.344,
