"Dstat 0.7.2 CSV output"
"Author:","Dag Wieers <dag@wieers.com>",,,,"URL:","http://dag.wieers.com/home-made/dstat/"
"Host:","osd1.skyhook--8osds.skyhook-pg0.wisc.cloudlab.us",,,,"User:","jlefevre"
"Cmdline:","dstat -av --epoch --integer --noheaders --output 8osds.dstat-osd1.log 5",,,,"Date:","25 Apr 2017 03:37:00 CDT"

"total cpu usage",,,,,,"dsk/total",,"net/total",,"paging",,"system",,"procs",,,"memory usage",,,,"paging",,"dsk/total",,"system",,"total cpu usage",,,,,,"epoch"
"usr","sys","idl","wai","hiq","siq","read","writ","recv","send","in","out","int","csw","run","blk","new","used","buff","cach","free","in","out","read","writ","int","csw","usr","sys","idl","wai","hiq","siq","epoch"
0.0,0.010,99.980,0.010,0.0,0.0,0.0,3276.800,2655.800,7861.200,0.0,0.0,149.800,135.200,0.0,0.0,0.0,2430332928.0,1458176.0,131817472.0,1.66216585216e+11,0.0,0.0,0.0,3276.800,149.600,135.200,0.0,0.010,99.980,0.010,0.0,0.0,1493116440.344,
0.005,0.040,99.725,0.230,0.0,0.0,10407116.800,2457.600,7242.200,11118.600,0.0,0.0,325.400,405.800,0.0,1.800,0.0,2477801472.0,1466368.0,187097088.0,1.66113828864e+11,0.0,0.0,10616832.0,2457.600,326.600,408.0,0.005,0.040,99.710,0.245,0.0,0.0,1493116445.344,
0.085,0.285,99.009,0.616,0.0,0.005,74208051.200,0.0,122957.800,84863662.0,0.0,0.0,4385.600,1552.400,0.0,0.200,0.0,2453594112.0,1466368.0,554627072.0,1.6577050624e+11,0.0,0.0,73998336.0,0.0,4385.400,1550.200,0.085,0.280,99.029,0.601,0.0,0.005,1493116450.344,
0.090,0.260,99.204,0.445,0.0,0.0,90256179.200,2457.600,119644.400,96415612.600,0.0,0.0,4371.0,1796.400,0.0,0.0,0.0,2439757824.0,1474560.0,1005932544.0,1.65333028864e+11,0.0,0.0,90256179.200,2457.600,4371.0,1796.400,0.090,0.265,99.199,0.445,0.0,0.0,1493116455.344,
0.090,0.290,99.079,0.525,0.0,0.015,90260275.200,0.0,106644.200,86517818.200,0.0,0.0,3776.0,1790.600,0.0,0.0,0.0,2479759360.0,1474560.0,1457004544.0,1.64841955328e+11,0.0,0.0,90260275.200,0.0,3775.0,1790.600,0.090,0.285,99.084,0.525,0.0,0.015,1493116460.344,
0.050,0.165,99.515,0.260,0.0,0.010,53589606.400,4096.0,88830.200,65579771.800,0.0,0.0,2202.600,1161.0,0.0,0.0,0.0,2419871744.0,1482752.0,1725423616.0,1.6463341568e+11,0.0,0.0,53589606.400,4096.0,2202.600,1161.0,0.050,0.170,99.510,0.260,0.0,0.010,1493116465.344,
0.050,0.155,99.545,0.240,0.0,0.010,50776473.600,1638.400,65880.400,51571302.200,0.0,0.0,1871.200,1077.200,0.200,0.200,0.200,2438344704.0,1482752.0,1979441152.0,1.64360925184e+11,0.0,0.0,50776473.600,1638.400,1881.400,1078.0,0.050,0.155,99.545,0.240,0.0,0.010,1493116470.344,
0.060,0.180,99.445,0.310,0.0,0.005,64871628.800,4915.200,82650.200,67240276.0,0.0,0.0,2767.400,1349.200,0.0,0.0,0.0,2438692864.0,1490944.0,2303799296.0,1.64036210688e+11,0.0,0.0,64871628.800,4915.200,2757.0,1348.400,0.060,0.175,99.450,0.310,0.0,0.005,1493116475.344,
0.085,0.290,99.255,0.365,0.0,0.005,87105536.0,0.0,98371.800,83536322.400,0.0,0.0,3506.600,1683.600,0.200,0.200,0.0,2482425856.0,1490944.0,2739560448.0,1.63556716544e+11,0.0,0.0,87341465.600,0.0,3507.400,1686.200,0.090,0.290,99.250,0.365,0.0,0.005,1493116480.344,
0.080,0.265,99.235,0.415,0.0,0.005,76483788.800,2457.600,104506.400,86339290.800,0.0,0.0,3885.800,1495.600,0.0,0.0,0.0,2440445952.0,1499136.0,3121106944.0,1.6321714176e+11,0.0,0.0,76247859.200,2457.600,3884.600,1493.0,0.075,0.265,99.240,0.415,0.0,0.005,1493116485.344,
0.125,0.405,98.874,0.581,0.0,0.015,129743257.600,0.0,193183.800,139056478.600,0.0,0.0,5299.200,2451.400,0.0,0.200,0.0,2422444032.0,1499136.0,3769786368.0,1.62586464256e+11,0.0,0.0,129743257.600,0.0,5299.200,2451.400,0.130,0.405,98.869,0.581,0.0,0.015,1493116490.344,
0.130,0.390,98.874,0.600,0.0,0.005,126922752.0,2457.600,201925.0,119249353.600,0.0,0.0,4820.0,2454.200,0.800,0.200,0.0,2497204224.0,1507328.0,4404449280.0,1.6187703296e+11,0.0,0.0,127080038.400,2457.600,4824.200,2456.800,0.130,0.390,98.874,0.600,0.0,0.005,1493116495.344,
0.120,0.420,98.854,0.596,0.0,0.010,124191539.200,0.0,185065.200,135991539.600,0.0,0.0,5523.200,2344.800,0.400,1.0,0.0,2475290624.0,1507328.0,5025083392.0,1.61278312448e+11,0.0,0.0,124296396.800,0.0,5525.0,2344.800,0.120,0.420,98.854,0.596,0.0,0.010,1493116500.344,
0.140,0.416,98.888,0.556,0.0,0.0,132474470.400,5734.400,227126.200,145981652.200,0.0,0.0,7650.800,2494.600,0.0,0.0,0.0,2427351040.0,1515520.0,5687717888.0,1.60663609344e+11,0.0,0.0,132212326.400,5734.400,7644.800,2492.0,0.135,0.416,98.893,0.556,0.0,0.0,1493116505.344,
0.160,0.496,98.618,0.706,0.0,0.020,160768819.200,0.0,240324.400,159395695.600,0.0,0.0,8294.400,2959.0,0.200,0.200,0.0,2474659840.0,1515520.0,6491791360.0,1.59812227072e+11,0.0,0.0,160768819.200,0.0,8299.800,2959.400,0.165,0.496,98.613,0.706,0.0,0.020,1493116510.344,
0.150,0.485,98.769,0.580,0.0,0.015,140773785.600,2457.600,205559.400,149819014.400,0.0,0.0,7356.600,2653.600,0.600,0.800,0.0,2458951680.0,1523712.0,7196979200.0,1.591227392e+11,0.0,0.0,140983500.800,2457.600,7352.600,2655.400,0.145,0.485,98.774,0.581,0.0,0.015,1493116515.344,
0.140,0.450,98.954,0.440,0.0,0.015,130807398.400,0.0,205865.800,138849578.400,0.0,0.0,7067.800,2445.600,0.400,0.600,0.0,2452209664.0,1523712.0,7850405888.0,1.58476054528e+11,0.0,0.0,130807398.400,0.0,7073.0,2446.200,0.140,0.455,98.944,0.445,0.0,0.015,1493116520.344,
0.165,0.556,98.578,0.691,0.0,0.010,162771763.200,2457.600,254194.600,174367420.0,0.0,0.0,8690.200,3157.600,0.0,0.800,0.0,2429493248.0,1531904.0,8664064000.0,1.5768510464e+11,0.0,0.0,162562048.0,2457.600,8683.600,3154.800,0.170,0.551,98.583,0.686,0.0,0.010,1493116525.344,
0.125,0.380,99.064,0.415,0.0,0.015,115640729.600,0.0,190397.0,116916941.0,0.0,0.0,6294.400,2216.200,0.0,0.600,0.0,2460921856.0,1531904.0,9242214400.0,1.57075525632e+11,0.0,0.0,115640729.600,0.0,6298.200,2216.400,0.125,0.380,99.064,0.415,0.0,0.015,1493116530.344,
0.120,0.410,98.979,0.481,0.0,0.010,129743257.600,3276.800,194321.800,127518847.0,0.0,0.0,6618.0,2481.600,0.0,0.200,0.0,2493505536.0,1540096.0,9890783232.0,1.56394364928e+11,0.0,0.0,129743257.600,3276.800,6619.400,2481.600,0.115,0.410,98.984,0.481,0.0,0.010,1493116535.344,
0.130,0.410,98.954,0.491,0.0,0.015,126922752.0,819.200,203775.0,143396478.200,0.0,0.0,6983.600,2414.800,0.200,0.200,0.0,2452418560.0,1540096.0,10524848128.0,1.55801387008e+11,0.0,0.0,126922752.0,819.200,6982.0,2415.0,0.130,0.410,98.954,0.491,0.0,0.015,1493116540.344,
0.140,0.466,98.818,0.556,0.0,0.020,148108083.200,2457.600,221171.200,151679684.600,0.0,0.0,7915.600,2792.400,0.400,0.400,0.0,2461954048.0,1548288.0,11266383872.0,1.55050307584e+11,0.0,0.0,148291584.0,2457.600,7917.800,2794.600,0.140,0.466,98.818,0.556,0.0,0.020,1493116545.344,
0.135,0.441,98.838,0.576,0.0,0.010,139583488.0,0.0,209914.800,140533588.800,0.0,0.0,7454.800,2598.0,0.400,0.400,0.0,2497699840.0,1548288.0,11962920960.0,1.54318024704e+11,0.0,0.0,139399987.200,0.0,7454.400,2595.400,0.135,0.446,98.833,0.576,0.0,0.010,1493116550.344,
0.185,0.526,98.443,0.826,0.0,0.020,172050841.600,2457.600,254726.400,178046497.600,0.0,0.0,9070.200,3238.400,0.200,0.600,0.0,2500734976.0,1556480.0,12823396352.0,1.53454505984e+11,0.0,0.0,172050841.600,2457.600,9071.600,3238.400,0.185,0.521,98.448,0.826,0.0,0.020,1493116555.344,
0.090,0.260,99.314,0.330,0.0,0.005,87435673.600,0.0,158045.800,103577208.200,0.0,0.0,5510.200,1716.800,0.0,0.200,0.0,2439540736.0,1556480.0,13261312000.0,1.53077784576e+11,0.0,0.0,87435673.600,0.0,5503.400,1716.800,0.090,0.260,99.314,0.330,0.0,0.005,1493116560.344,
0.120,0.340,99.059,0.476,0.0,0.005,118078668.800,2457.600,167084.0,120950262.800,0.0,0.0,5976.400,2291.600,0.200,0.0,0.0,2455445504.0,1564672.0,13851328512.0,1.52471855104e+11,0.0,0.0,118288384.0,2457.600,5977.400,2294.0,0.120,0.345,99.049,0.481,0.0,0.005,1493116565.344,
0.115,0.405,98.929,0.540,0.0,0.010,113202790.400,0.0,178045.0,116553418.0,0.0,0.0,6076.200,2163.0,0.400,0.200,0.0,2475294720.0,1564672.0,14416216064.0,1.51887118336e+11,0.0,0.0,112993075.200,0.0,6079.400,2160.600,0.120,0.400,98.934,0.535,0.0,0.010,1493116570.344,
0.145,0.405,98.769,0.661,0.0,0.020,136720384.0,4096.0,218791.800,143783218.600,0.0,0.0,7137.600,2562.800,0.200,0.600,0.200,2469867520.0,1572864.0,15102267392.0,1.51206486016e+11,0.0,0.0,136956313.600,4096.0,7140.400,2565.400,0.140,0.406,98.773,0.661,0.0,0.020,1493116575.344,
0.120,0.370,98.964,0.540,0.0,0.005,112951296.0,4915.200,193767.200,120196696.600,0.0,0.0,6303.800,2183.400,0.0,0.400,0.0,2454921216.0,1581056.0,15666327552.0,1.50657363968e+11,0.0,0.0,112925081.600,4915.200,6297.800,2182.400,0.125,0.370,98.954,0.545,0.0,0.005,1493116580.344,
0.070,0.175,99.435,0.310,0.0,0.010,57788825.600,0.0,88009.200,61932028.400,0.0,0.0,3143.800,1179.0,0.400,0.0,0.0,2448371712.0,1581056.0,15955021824.0,1.503752192e+11,0.0,0.0,57579110.400,0.0,3143.800,1177.400,0.065,0.175,99.445,0.305,0.0,0.010,1493116585.344,
