"Dstat 0.7.2 CSV output"
"Author:","Dag Wieers <dag@wieers.com>",,,,"URL:","http://dag.wieers.com/home-made/dstat/"
"Host:","client0.skyhook--8osds.skyhook-pg0.wisc.cloudlab.us",,,,"User:","jlefevre"
"Cmdline:","dstat -av --epoch --integer --noheaders --output 8osds.dstat-client0.log 5",,,,"Date:","25 Apr 2017 03:36:47 CDT"

"total cpu usage",,,,,,"dsk/total",,"net/total",,"paging",,"system",,"procs",,,"memory usage",,,,"paging",,"dsk/total",,"system",,"total cpu usage",,,,,,"epoch"
"usr","sys","idl","wai","hiq","siq","read","writ","recv","send","in","out","int","csw","run","blk","new","used","buff","cach","free","in","out","read","writ","int","csw","usr","sys","idl","wai","hiq","siq","epoch"
0.115,0.030,99.835,0.020,0.0,0.0,0.0,9011.200,54603.600,8601.0,0.0,0.0,1151.400,7337.800,0.0,0.0,1.400,5516451840.0,252579840.0,1.47566628864e+11,15444533248.0,0.0,0.0,0.0,9011.200,1151.400,7307.0,0.115,0.025,99.840,0.020,0.0,0.0,1493124647.220,
2.224,2.154,95.152,0.065,0.0,0.406,0.0,61440.0,249719754.600,277517.0,0.0,0.0,7468.200,9625.0,3.0,0.0,5.600,5716516864.0,252579840.0,1.47566669824e+11,15244427264.0,0.0,0.0,0.0,61440.0,7469.800,9627.800,2.234,2.159,95.136,0.065,0.0,0.406,1493124652.220,
5.378,5.438,88.723,0.075,0.0,0.386,0.0,161382.400,591009490.400,488038.400,0.0,0.0,14034.400,14463.400,4.400,0.200,0.0,5702684672.0,252588032.0,1.47566931968e+11,15257989120.0,0.0,0.0,0.0,161382.400,14044.800,14484.200,5.372,5.442,88.724,0.075,0.0,0.386,1493124657.220,
4.600,4.982,90.096,0.060,0.0,0.261,0.0,199884.800,517277396.800,327787.0,0.0,0.0,12629.0,12757.800,4.800,0.0,0.200,5720133632.0,252600320.0,1.47567194112e+11,15240265728.0,0.0,0.0,0.0,199884.800,12619.0,12734.0,4.605,4.977,90.096,0.060,0.0,0.261,1493124662.220,
4.225,4.525,90.635,0.075,0.0,0.541,0.0,152371.200,456387075.200,248941.600,0.0,0.0,11088.800,11013.400,2.800,0.200,0.0,5728743424.0,252612608.0,1.4756745216e+11,15231385600.0,0.0,0.0,0.0,152371.200,11087.800,11013.200,4.220,4.525,90.639,0.075,0.0,0.541,1493124667.220,
4.017,4.593,90.743,0.135,0.0,0.511,0.0,186777.600,444816782.200,247540.0,0.0,0.0,11671.600,10753.800,4.200,0.0,0.0,5742907392.0,252624896.0,1.47567673344e+11,15216988160.0,0.0,0.0,0.0,186777.600,11671.200,10753.400,4.022,4.593,90.738,0.135,0.0,0.511,1493124672.220,
4.458,4.739,90.167,0.150,0.0,0.486,0.0,197427.200,507306503.200,335452.800,0.0,0.0,12356.400,12467.200,3.200,0.0,0.0,5697601536.0,252624896.0,1.4756794368e+11,15262023680.0,0.0,0.0,0.0,197427.200,12357.600,12468.0,4.453,4.738,90.173,0.150,0.0,0.486,1493124677.220,
3.937,4.524,91.002,0.140,0.0,0.396,0.0,157286.400,426356022.600,204463.0,0.0,0.0,11221.400,10417.200,3.0,0.200,0.0,5707132928.0,252633088.0,1.4756818944e+11,15252238336.0,0.0,0.0,0.0,157286.400,11221.600,10417.200,3.937,4.524,91.002,0.140,0.0,0.396,1493124682.220,
4.357,4.683,90.308,0.186,0.0,0.466,0.0,185139.200,492651268.0,252423.200,0.0,0.0,11671.200,11848.400,3.0,0.0,0.0,5722439680.0,252637184.0,1.47568422912e+11,15236694016.0,0.0,0.0,0.0,185139.200,11672.400,11850.600,4.358,4.684,90.307,0.186,0.0,0.466,1493124687.220,
4.116,4.441,90.727,0.150,0.0,0.566,0.0,166297.600,484450779.800,296008.200,0.0,0.0,11193.800,11848.400,2.800,0.0,0.0,5713416192.0,252645376.0,1.47568672768e+11,15245459456.0,0.0,0.0,0.0,166297.600,11191.600,11846.200,4.115,4.441,90.728,0.150,0.0,0.566,1493124692.220,
4.156,4.501,90.423,0.120,0.0,0.799,0.0,156467.200,474077260.200,282267.400,0.0,0.0,11247.200,12289.800,4.400,0.200,0.0,5724282880.0,252653568.0,1.47568869376e+11,15234387968.0,0.0,0.0,0.0,156467.200,11247.800,12290.200,4.157,4.506,90.418,0.120,0.0,0.799,1493124697.220,
4.546,4.837,90.046,0.140,0.0,0.431,0.0,190873.600,497850886.0,341143.800,0.0,0.0,12164.600,13221.200,4.600,0.0,0.0,5734744064.0,252653568.0,1.47569123328e+11,15223672832.0,0.0,0.0,0.0,190873.600,12164.0,13220.800,4.546,4.827,90.056,0.140,0.0,0.431,1493124702.220,
4.501,4.431,90.506,0.115,0.0,0.446,0.0,163020.800,498740568.200,291632.600,0.0,0.0,11215.800,12804.600,4.0,0.0,0.0,5726035968.0,252661760.0,1.47569360896e+11,15232135168.0,0.0,0.0,0.0,163020.800,11221.800,12804.800,4.506,4.436,90.496,0.115,0.0,0.446,1493124707.220,
4.591,4.692,90.270,0.121,0.0,0.327,0.0,165478.400,532805410.0,376319.200,0.0,0.0,12230.600,14534.600,4.0,0.200,0.0,5733126144.0,252661760.0,1.47569606656e+11,15224799232.0,0.0,0.0,0.0,165478.400,12232.400,14540.0,4.591,4.692,90.270,0.121,0.0,0.327,1493124712.220,
4.261,4.536,90.443,0.155,0.0,0.606,0.0,192512.0,472106465.400,274339.400,0.0,0.0,11512.600,11927.0,4.200,0.0,0.0,5738086400.0,252678144.0,1.4756984832e+11,15219580928.0,0.0,0.0,0.0,192512.0,11505.0,11921.0,4.256,4.536,90.447,0.155,0.0,0.606,1493124717.220,
4.546,4.667,90.215,0.130,0.0,0.442,0.0,158105.600,512957021.200,310127.800,0.0,0.0,12318.400,12341.800,3.600,0.0,0.0,5720522752.0,252678144.0,1.47570085888e+11,15236907008.0,0.0,0.0,0.0,158105.600,12319.0,12341.800,4.546,4.662,90.220,0.130,0.0,0.442,1493124722.220,
4.461,4.761,89.957,0.095,0.0,0.725,0.0,154828.800,492802135.0,310106.200,0.0,0.0,13013.200,12126.0,4.200,0.200,0.0,5724635136.0,252686336.0,1.47570315264e+11,15232557056.0,0.0,0.0,0.0,154828.800,13012.400,12126.600,4.456,4.766,89.957,0.095,0.0,0.725,1493124727.220,
4.478,4.357,90.714,0.050,0.0,0.401,0.0,194150.400,488910479.400,307442.400,0.0,0.0,11501.600,13417.400,4.400,0.0,0.0,5720141824.0,252694528.0,1.47570581504e+11,15236775936.0,0.0,0.0,0.0,194150.400,11506.400,13419.800,4.482,4.357,90.709,0.050,0.0,0.401,1493124732.220,
7.878,3.151,88.082,0.045,0.0,0.843,0.0,165478.400,913834391.800,1140706.400,0.0,0.0,27091.800,29598.600,3.600,0.0,0.0,5770006528.0,252694528.0,1.47570864128e+11,15186628608.0,0.0,0.0,0.0,165478.400,27098.0,29609.0,7.883,3.146,88.082,0.045,0.0,0.843,1493124737.220,
10.818,2.110,86.275,0.101,0.0,0.697,0.0,163840.0,1229182925.200,1862804.0,0.0,0.0,39779.0,44378.200,4.400,0.200,0.0,5767020544.0,252702720.0,1.4757111808e+11,15189352448.0,0.0,0.0,0.0,163840.0,39780.600,44386.200,10.814,2.110,86.278,0.101,0.0,0.697,1493124742.220,
10.308,1.988,87.102,0.126,0.0,0.475,0.0,5896601.600,1226472484.400,1779255.200,0.0,0.0,34302.800,44648.200,5.800,0.200,0.0,5773017088.0,252706816.0,1.47569074176e+11,15185395712.0,0.0,0.0,0.0,5896601.600,34307.0,44651.200,10.307,1.993,87.099,0.126,0.0,0.475,1493124747.220,
10.854,1.954,86.501,0.061,0.0,0.631,0.0,216268.800,1215827952.400,1712211.600,0.0,0.0,34803.800,43286.800,5.600,0.0,0.200,5757800448.0,252715008.0,1.47569381376e+11,15200296960.0,0.0,0.0,0.0,216268.800,34807.0,43281.200,10.854,1.954,86.501,0.061,0.0,0.631,1493124752.220,
10.945,2.149,86.208,0.152,0.0,0.546,0.0,3688038.400,1227542211.0,1787001.200,0.0,0.0,34525.400,43543.400,4.800,0.200,0.0,5769310208.0,252719104.0,1.47565248512e+11,15192915968.0,0.0,0.0,0.0,3688038.400,34522.600,43546.200,10.951,2.144,86.203,0.152,0.0,0.551,1493124757.220,
11.055,2.116,85.996,0.126,0.0,0.707,0.0,209715.200,1221299166.0,1694940.200,0.0,0.0,34008.0,41777.600,5.400,0.0,0.0,5808861184.0,252727296.0,1.47565514752e+11,15153090560.0,0.0,0.0,0.0,209715.200,34008.400,41774.200,11.049,2.121,86.002,0.126,0.0,0.702,1493124762.220,
10.961,2.209,85.946,0.106,0.0,0.777,0.0,186777.600,1227332734.200,1756712.0,0.0,0.0,35310.200,41970.200,6.800,0.0,0.0,5807247360.0,252735488.0,1.47565846528e+11,15154364416.0,0.0,0.0,0.0,186777.600,35303.200,41970.600,10.974,2.205,85.938,0.106,0.0,0.777,1493124767.220,
10.348,2.075,86.755,0.141,0.0,0.681,0.0,176128.0,1223023025.400,1776225.400,0.0,0.0,33926.400,42849.600,5.0,0.200,0.0,5793611776.0,252735488.0,1.47566260224e+11,15167586304.0,0.0,0.0,0.0,176128.0,33927.0,42849.0,10.341,2.074,86.762,0.141,0.0,0.681,1493124772.220,
11.028,1.966,86.266,0.182,0.0,0.557,0.0,206438.400,1219052112.0,1743944.0,0.0,0.0,37175.600,41784.800,5.200,0.0,0.0,5797523456.0,252743680.0,1.47566505984e+11,15163420672.0,0.0,0.0,0.0,206438.400,37177.200,41777.800,11.027,1.966,86.267,0.182,0.0,0.557,1493124777.220,
10.995,1.971,86.383,0.101,0.0,0.551,0.0,212992.0,1227597905.800,1799368.200,0.0,0.0,33842.200,43527.400,6.400,0.0,0.0,5797523456.0,252743680.0,1.47566907392e+11,15163019264.0,0.0,0.0,0.0,212992.0,33838.400,43528.200,11.003,1.971,86.374,0.101,0.0,0.551,1493124782.220,
10.989,1.973,86.306,0.111,0.0,0.621,0.0,190054.400,1228170146.600,1784351.400,0.0,0.0,35614.200,44821.200,6.0,0.400,0.0,5770661888.0,252755968.0,1.47567218688e+11,15189557248.0,0.0,0.0,0.0,190054.400,35620.0,44828.400,10.977,1.977,86.315,0.111,0.0,0.620,1493124787.220,
10.537,2.045,86.676,0.172,0.0,0.571,0.0,191692.800,1224386395.0,1836860.0,0.0,0.0,37903.600,44003.800,6.0,0.0,0.400,5773008896.0,252755968.0,1.47567611904e+11,15186817024.0,0.0,0.0,0.0,191692.800,37902.800,44006.200,10.537,2.045,86.676,0.172,0.0,0.571,1493124792.220,
10.921,1.941,86.532,0.121,0.0,0.485,0.0,194150.400,1226019858.400,1772705.800,0.0,0.0,35259.200,43823.200,5.400,0.0,0.0,5778882560.0,252764160.0,1.47567980544e+11,15180566528.0,0.0,0.0,0.0,194150.400,35255.200,43815.200,10.926,1.941,86.527,0.121,0.0,0.485,1493124797.220,
10.897,2.274,86.091,0.081,0.0,0.657,0.0,176947.200,1227148106.600,1790143.0,0.0,0.0,36861.200,39973.400,5.400,0.200,0.400,5779570688.0,252772352.0,1.47568275456e+11,15179575296.0,0.0,0.0,0.0,176947.200,36861.400,39972.200,10.898,2.270,86.094,0.081,0.0,0.657,1493124802.220,
10.912,2.265,86.094,0.106,0.0,0.622,0.0,213811.200,1223565214.800,1812432.0,0.0,0.0,39063.0,41720.0,5.0,0.0,0.400,5778202624.0,252780544.0,1.4756861952e+11,15180591104.0,0.0,0.0,0.0,213811.200,39057.800,41714.400,10.915,2.266,86.086,0.106,0.0,0.627,1493124807.220,
10.732,2.133,86.237,0.121,0.0,0.777,0.0,219545.600,1219254312.200,1707222.200,0.0,0.0,34092.800,41273.200,6.400,0.0,0.0,5796425728.0,252788736.0,1.47568992256e+11,15161987072.0,0.0,0.0,0.0,219545.600,34103.200,41277.600,10.723,2.138,86.247,0.121,0.0,0.771,1493124812.220,
10.806,2.163,86.214,0.096,0.0,0.721,0.0,219545.600,1227022029.400,1795664.800,0.0,0.0,37898.800,43562.800,6.0,0.200,0.400,5780103168.0,252788736.0,1.4756933632e+11,15177965568.0,0.0,0.0,0.0,226918.400,37895.800,43566.800,10.812,2.163,86.218,0.086,0.0,0.721,1493124817.220,
7.458,1.350,90.800,0.070,0.0,0.322,0.0,170393.600,841376918.0,1131169.0,0.0,0.0,24638.400,29945.800,3.0,0.0,1.0,5554130944.0,252796928.0,1.47569635328e+11,15403630592.0,0.0,0.0,0.0,163020.800,24624.400,29930.400,7.447,1.344,90.806,0.081,0.0,0.322,1493124822.220,
