"Dstat 0.7.2 CSV output"
"Author:","Dag Wieers <dag@wieers.com>",,,,"URL:","http://dag.wieers.com/home-made/dstat/"
"Host:","osd0.skyhook--8osds.skyhook-pg0.wisc.cloudlab.us",,,,"User:","jlefevre"
"Cmdline:","dstat -av --epoch --integer --noheaders --output 8osds.dstat-osd0.log 5",,,,"Date:","25 Apr 2017 03:36:54 CDT"

"total cpu usage",,,,,,"dsk/total",,"net/total",,"paging",,"system",,"procs",,,"memory usage",,,,"paging",,"dsk/total",,"system",,"total cpu usage",,,,,,"epoch"
"usr","sys","idl","wai","hiq","siq","read","writ","recv","send","in","out","int","csw","run","blk","new","used","buff","cach","free","in","out","read","writ","int","csw","usr","sys","idl","wai","hiq","siq","epoch"
0.010,0.005,99.975,0.010,0.0,0.0,0.0,2457.600,7626.400,8531.400,0.0,0.0,212.600,186.0,0.0,0.0,0.0,2444488704.0,1306624.0,130871296.0,1.66203527168e+11,0.0,0.0,0.0,2457.600,212.600,186.0,0.010,0.005,99.975,0.010,0.0,0.0,1493116444.035,
0.080,0.225,99.239,0.450,0.0,0.005,64871628.800,0.0,102216.800,67851381.800,0.0,0.0,3414.200,1342.600,0.0,0.400,0.0,2436169728.0,1306624.0,454246400.0,1.6588847104e+11,0.0,0.0,64871628.800,0.0,3414.200,1342.600,0.080,0.220,99.244,0.450,0.0,0.005,1493116449.035,
0.075,0.230,99.434,0.255,0.0,0.005,78591590.400,2457.600,93283.400,72391937.0,0.0,0.0,3442.800,1574.0,0.0,0.600,0.0,2493005824.0,1314816.0,848396288.0,1.65437476864e+11,0.0,0.0,78801305.600,2457.600,3444.200,1576.600,0.075,0.235,99.429,0.255,0.0,0.005,1493116454.035,
0.060,0.195,99.525,0.210,0.0,0.010,59617280.0,0.0,86992.600,72162316.600,0.0,0.0,2954.600,1307.800,0.0,0.200,0.0,2433826816.0,1314816.0,1145290752.0,1.65199761408e+11,0.0,0.0,59407564.800,0.0,2953.200,1305.200,0.065,0.190,99.525,0.210,0.0,0.010,1493116459.035,
0.085,0.260,99.334,0.315,0.0,0.005,81794662.400,4096.0,96787.400,79315641.600,0.0,0.0,3527.600,1648.200,0.400,0.0,0.0,2463260672.0,1323008.0,1554276352.0,1.6476133376e+11,0.0,0.0,81794662.400,4096.0,3535.200,1651.0,0.080,0.265,99.334,0.315,0.0,0.005,1493116464.035,
0.075,0.230,99.470,0.220,0.0,0.005,67699507.200,819.200,96527.800,77028443.400,0.0,0.0,3365.800,1421.200,0.0,0.200,0.200,2438025216.0,1323008.0,1892646912.0,1.64448198656e+11,0.0,0.0,67699507.200,819.200,3358.200,1418.400,0.075,0.225,99.475,0.220,0.0,0.005,1493116469.035,
0.065,0.180,99.580,0.170,0.0,0.005,59230617.600,2457.600,77455.200,61953300.600,0.0,0.0,2725.200,1232.400,0.0,0.0,0.0,2440400896.0,1331200.0,2189328384.0,1.64149133312e+11,0.0,0.0,59230617.600,2457.600,2725.400,1232.800,0.065,0.180,99.580,0.170,0.0,0.005,1493116474.035,
0.065,0.215,99.480,0.225,0.0,0.015,66523136.0,0.0,74392.0,67842068.0,0.0,0.0,2214.600,1345.400,0.0,0.200,0.0,2447593472.0,1331200.0,2521567232.0,1.63809701888e+11,0.0,0.0,66732851.200,0.0,2216.0,1347.600,0.070,0.215,99.470,0.230,0.0,0.015,1493116479.035,
0.065,0.205,99.505,0.220,0.0,0.005,65946419.200,2457.600,78950.400,67838940.200,0.0,0.0,2445.0,1373.800,0.200,0.200,0.0,2454405120.0,1339392.0,2851635200.0,1.6347281408e+11,0.0,0.0,65946419.200,2457.600,2444.800,1374.600,0.065,0.205,99.510,0.215,0.0,0.005,1493116484.035,
0.095,0.335,99.210,0.350,0.0,0.010,92290252.800,0.0,122896.400,94526279.600,0.0,0.0,4509.800,1801.0,0.400,0.400,0.0,2464776192.0,1339392.0,3314839552.0,1.62999238656e+11,0.0,0.0,92316467.200,0.0,4511.400,1800.800,0.090,0.335,99.215,0.350,0.0,0.010,1493116489.035,
0.100,0.330,99.109,0.451,0.0,0.010,105239347.200,2457.600,181703.600,113552792.0,0.0,0.0,6067.0,2067.600,0.400,0.600,0.0,2456375296.0,1347584.0,3838750720.0,1.62483720192e+11,0.0,0.0,105003417.600,2457.600,6070.400,2064.400,0.100,0.331,99.109,0.451,0.0,0.010,1493116494.035,
0.090,0.265,99.239,0.401,0.0,0.005,99949772.800,0.0,162520.200,101862600.800,0.0,0.0,5473.0,1986.800,0.0,1.0,0.0,2472071168.0,1347584.0,4339376128.0,1.61967398912e+11,0.0,0.0,100185702.400,0.0,5481.0,1990.400,0.090,0.270,99.229,0.406,0.0,0.005,1493116499.035,
0.130,0.491,98.418,0.941,0.0,0.020,152674304.0,4096.0,237783.0,160735574.400,0.0,0.0,8237.600,2887.800,0.600,0.400,0.0,2470989824.0,1355776.0,5103226880.0,1.61204621312e+11,0.0,0.0,152648089.600,4096.0,8230.800,2887.0,0.135,0.486,98.423,0.936,0.0,0.020,1493116504.035,
0.135,0.425,98.769,0.671,0.0,0.0,128144179.200,4915.200,206489.200,136389222.200,0.0,0.0,7000.600,2445.800,0.400,0.200,0.0,2447327232.0,1363968.0,5743087616.0,1.60588414976e+11,0.0,0.0,127934464.0,4915.200,6997.0,2446.0,0.130,0.425,98.774,0.671,0.0,0.0,1493116509.035,
0.145,0.436,98.568,0.836,0.0,0.015,139393433.600,0.0,206729.800,141370180.400,0.0,0.0,7219.400,2636.200,0.0,0.800,0.200,2485051392.0,1363968.0,6441041920.0,1.59852736512e+11,0.0,0.0,139629363.200,0.0,7221.0,2635.800,0.150,0.436,98.563,0.836,0.0,0.015,1493116514.035,
0.135,0.480,98.644,0.731,0.0,0.010,139861196.800,2457.600,222299.800,145878292.0,0.0,0.0,7552.200,2680.600,0.400,0.200,0.0,2481041408.0,1372160.0,7139409920.0,1.59158370304e+11,0.0,0.0,139625267.200,2457.600,7550.0,2678.0,0.130,0.481,98.649,0.731,0.0,0.010,1493116519.035,
0.105,0.330,99.089,0.471,0.0,0.005,104358707.200,0.0,157506.200,109716677.200,0.0,0.0,5408.200,2035.800,0.200,0.0,0.0,2482765824.0,1372160.0,7660920832.0,1.58635134976e+11,0.0,0.0,104358707.200,0.0,5409.800,2035.800,0.105,0.330,99.089,0.470,0.0,0.005,1493116524.035,
0.145,0.466,98.763,0.616,0.0,0.010,146666291.200,2457.600,251124.800,155909853.400,0.0,0.0,8214.200,2753.400,0.200,0.0,0.0,2467287040.0,1380352.0,8394506240.0,1.5791702016e+11,0.0,0.0,146666291.200,2457.600,8209.400,2753.400,0.145,0.466,98.763,0.616,0.0,0.010,1493116529.035,
0.110,0.386,98.898,0.601,0.0,0.005,123326464.0,0.0,202342.0,126296730.600,0.0,0.0,6690.200,2366.0,0.0,0.600,0.0,2481225728.0,1380352.0,9009500160.0,1.57288087552e+11,0.0,0.0,123509964.800,0.0,6693.600,2368.800,0.110,0.391,98.888,0.606,0.0,0.005,1493116534.035,
0.150,0.511,98.598,0.726,0.0,0.015,157633740.800,3276.800,230599.600,167995585.600,0.0,0.0,7193.800,2972.800,0.0,0.400,0.0,2468638720.0,1388544.0,9797799936.0,1.56512366592e+11,0.0,0.0,157686169.600,3276.800,7191.600,2972.800,0.150,0.506,98.603,0.726,0.0,0.015,1493116539.035,
0.125,0.406,98.843,0.611,0.0,0.015,139295129.600,4915.200,206103.200,147503424.200,0.0,0.0,7278.200,2657.600,0.400,0.800,0.0,2457280512.0,1396736.0,10495725568.0,1.55825790976e+11,0.0,0.0,139059200.0,4915.200,7278.0,2656.400,0.125,0.406,98.848,0.606,0.0,0.015,1493116544.035,
0.110,0.465,98.819,0.581,0.0,0.025,134042419.200,0.0,197433.0,135303488.200,0.0,0.0,6885.800,2537.400,0.200,1.800,0.0,2483765248.0,1396736.0,11167453184.0,1.55127578624e+11,0.0,0.0,134304563.200,0.0,6893.800,2539.200,0.115,0.465,98.804,0.591,0.0,0.025,1493116549.035,
0.140,0.410,98.919,0.515,0.0,0.015,128264601.600,2457.600,190694.800,122070690.400,0.0,0.0,6725.200,2445.600,0.400,0.0,0.0,2546683904.0,1404928.0,11807629312.0,1.54424475648e+11,0.0,0.0,128002457.600,2457.600,6719.400,2443.400,0.140,0.410,98.929,0.506,0.0,0.015,1493116554.035,
0.155,0.481,98.803,0.556,0.0,0.005,139620352.0,2457.600,227275.400,153206202.200,0.0,0.0,7892.800,2707.400,0.200,0.400,0.0,2514726912.0,1413120.0,12505804800.0,1.5375824896e+11,0.0,0.0,139803852.800,2457.600,7894.200,2708.600,0.155,0.481,98.798,0.561,0.0,0.005,1493116559.035,
0.160,0.561,98.594,0.666,0.0,0.020,159353241.600,0.0,237715.200,160339303.0,0.0,0.0,7466.0,3034.200,1.0,0.800,0.0,2549022720.0,1413120.0,13301264384.0,1.52928493568e+11,0.0,0.0,159169740.800,0.0,7462.800,3032.200,0.160,0.561,98.599,0.661,0.0,0.020,1493116564.035,
0.110,0.420,99.084,0.380,0.0,0.005,115640729.600,2457.600,197406.0,133025483.600,0.0,0.0,5304.200,2223.400,0.400,0.800,0.0,2494685184.0,1421312.0,13879951360.0,1.52404135936e+11,0.0,0.0,115640729.600,2457.600,5304.400,2223.400,0.110,0.420,99.084,0.380,0.0,0.005,1493116569.035,
0.125,0.390,98.999,0.476,0.0,0.010,129743257.600,1638.400,208213.800,135376955.0,0.0,0.0,6609.600,2494.400,0.0,0.400,0.0,2496647168.0,1421312.0,14527954944.0,1.51754170368e+11,0.0,0.0,129743257.600,1638.400,6611.800,2494.0,0.125,0.390,98.999,0.476,0.0,0.010,1493116574.035,
0.130,0.360,99.004,0.496,0.0,0.010,121281740.800,8192.0,192751.600,119247070.200,0.0,0.0,5401.400,2324.800,0.0,0.0,0.0,2525089792.0,1429504.0,15133876224.0,1.51119798272e+11,0.0,0.0,121281740.800,8192.0,5399.400,2324.800,0.130,0.360,99.004,0.496,0.0,0.010,1493116579.035,
0.090,0.265,99.324,0.305,0.0,0.015,81794662.400,0.0,164614.0,97587394.600,0.0,0.0,5361.0,1652.800,0.400,0.0,0.0,2465927168.0,1429504.0,15545122816.0,1.50767714304e+11,0.0,0.0,81794662.400,0.0,5359.200,1653.200,0.085,0.265,99.329,0.305,0.0,0.015,1493116584.035,
0.015,0.0,99.985,0.0,0.0,0.0,0.0,2457.600,8101.800,8999.200,0.0,0.0,219.600,173.400,0.0,0.0,0.0,2465918976.0,1437696.0,15545122816.0,1.50767714304e+11,0.0,0.0,0.0,2457.600,219.600,173.400,0.015,0.0,99.985,0.0,0.0,0.0,1493116589.035,
