"Dstat 0.7.2 CSV output"
"Author:","Dag Wieers <dag@wieers.com>",,,,"URL:","http://dag.wieers.com/home-made/dstat/"
"Host:","osd0.skyhook--8osds.skyhook-pg0.wisc.cloudlab.us",,,,"User:","jlefevre"
"Cmdline:","dstat -av --epoch --integer --noheaders --output 8osds.dstat-osd0.log 5",,,,"Date:","25 Apr 2017 03:36:54 CDT"

"total cpu usage",,,,,,"dsk/total",,"net/total",,"paging",,"system",,"procs",,,"memory usage",,,,"paging",,"dsk/total",,"system",,"total cpu usage",,,,,,"epoch"
"usr","sys","idl","wai","hiq","siq","read","writ","recv","send","in","out","int","csw","run","blk","new","used","buff","cach","free","in","out","read","writ","int","csw","usr","sys","idl","wai","hiq","siq","epoch"
0.010,0.0,99.980,0.010,0.0,0.0,0.0,2457.600,7658.600,8070.0,0.0,0.0,206.800,163.800,0.0,0.0,0.0,2445783040.0,1261568.0,130846720.0,1.66202302464e+11,0.0,0.0,0.0,2457.600,206.800,163.800,0.010,0.005,99.975,0.010,0.0,0.0,1493117599.035,
0.065,0.160,99.305,0.465,0.0,0.005,52263321.600,0.0,42461.400,24483972.800,0.0,0.0,1418.400,1108.400,0.0,0.400,0.0,2585980928.0,1261568.0,392282112.0,1.65800669184e+11,0.0,0.0,52473036.800,0.0,1419.600,1110.800,0.065,0.155,99.310,0.465,0.0,0.005,1493117604.035,
0.050,0.190,99.520,0.230,0.0,0.010,52095385.600,2457.600,95682.400,81903616.400,0.0,0.0,2504.400,1208.200,0.400,0.0,0.0,2450481152.0,1269760.0,651493376.0,1.65676949504e+11,0.0,0.0,51885670.400,2457.600,2503.200,1205.800,0.055,0.190,99.515,0.230,0.0,0.010,1493117609.035,
0.055,0.150,99.590,0.195,0.0,0.010,47952691.200,0.0,44535.400,51514448.400,0.0,0.0,1525.400,1013.400,0.0,0.0,0.0,2450608128.0,1269760.0,891895808.0,1.65436420096e+11,0.0,0.0,47952691.200,0.0,1525.400,1013.400,0.050,0.150,99.595,0.195,0.0,0.010,1493117614.035,
0.055,0.170,99.550,0.220,0.0,0.005,50769100.800,4096.0,43745.600,53161396.400,0.0,0.0,1509.800,1066.400,0.0,0.0,0.0,2451922944.0,1277952.0,1146511360.0,1.65180481536e+11,0.0,0.0,50769100.800,4096.0,1509.800,1066.400,0.055,0.170,99.550,0.220,0.0,0.005,1493117619.035,
0.045,0.145,99.620,0.190,0.0,0.0,45128089.600,1638.400,41286.800,44493296.200,0.0,0.0,1344.400,997.400,0.0,0.600,0.0,2466344960.0,1277952.0,1371381760.0,1.6494118912e+11,0.0,0.0,45128089.600,1638.400,1344.400,997.400,0.045,0.145,99.620,0.190,0.0,0.0,1493117624.035,
0.070,0.235,99.370,0.320,0.0,0.005,64871628.800,4915.200,63444.400,71944004.0,0.0,0.0,2532.800,1327.0,0.200,0.200,0.0,2440732672.0,1286144.0,1695608832.0,1.64642566144e+11,0.0,0.0,64871628.800,4915.200,2532.800,1327.0,0.070,0.235,99.370,0.320,0.0,0.005,1493117629.035,
0.050,0.170,99.570,0.210,0.0,0.0,47948595.200,0.0,50594.200,49570440.800,0.0,0.0,1954.0,1037.200,0.200,0.0,0.0,2456723456.0,1286144.0,1935015936.0,1.64387168256e+11,0.0,0.0,47948595.200,0.0,1964.800,1037.600,0.050,0.170,99.570,0.210,0.0,0.0,1493117634.035,
0.050,0.170,99.515,0.260,0.0,0.005,53589606.400,2457.600,47745.600,53855884.0,0.0,0.0,1912.400,1109.0,0.0,0.0,0.0,2455736320.0,1294336.0,2203561984.0,1.64119601152e+11,0.0,0.0,53589606.400,2457.600,1905.800,1108.600,0.050,0.175,99.510,0.260,0.0,0.005,1493117639.035,
0.065,0.180,99.485,0.270,0.0,0.0,56410112.0,0.0,58593.200,59555656.400,0.0,0.0,2202.600,1221.200,0.400,0.200,0.0,2457452544.0,1294336.0,2486886400.0,1.63834560512e+11,0.0,0.0,56619827.200,0.0,2207.800,1226.0,0.070,0.175,99.480,0.275,0.0,0.0,1493117644.035,
0.070,0.160,99.510,0.260,0.0,0.0,53589606.400,2457.600,58616.400,58335897.600,0.0,0.0,2232.0,1098.200,0.0,0.0,0.0,2437242880.0,1302528.0,2752155648.0,1.63589492736e+11,0.0,0.0,53379891.200,2457.600,2222.800,1093.400,0.065,0.160,99.520,0.255,0.0,0.0,1493117649.035,
0.045,0.150,99.605,0.190,0.0,0.010,47948595.200,0.0,45421.600,48013530.800,0.0,0.0,1478.200,1091.600,0.200,0.200,0.0,2453696512.0,1302528.0,2991992832.0,1.6333320192e+11,0.0,0.0,47948595.200,0.0,1483.0,1092.0,0.045,0.150,99.605,0.190,0.0,0.010,1493117654.035,
0.065,0.170,99.535,0.230,0.0,0.0,56410112.0,6553.600,58362.0,59848352.0,0.0,0.0,1913.800,1166.400,0.200,0.0,0.0,2456514560.0,1310720.0,3274051584.0,1.63048316928e+11,0.0,0.0,56410112.0,6553.600,1909.0,1166.0,0.070,0.170,99.530,0.230,0.0,0.0,1493117659.035,
0.035,0.140,99.665,0.155,0.0,0.005,42307584.0,2457.600,56886.600,45617118.600,0.0,0.0,1705.600,965.800,0.0,0.200,0.0,2437570560.0,1318912.0,3486363648.0,1.62854940672e+11,0.0,0.0,42307584.0,2457.600,1705.400,965.800,0.035,0.140,99.665,0.155,0.0,0.005,1493117664.035,
0.060,0.190,99.505,0.235,0.0,0.010,62051123.200,0.0,75662.600,62479144.200,0.0,0.0,2073.400,1228.400,0.0,0.400,0.0,2453209088.0,1318912.0,3797651456.0,1.62528014336e+11,0.0,0.0,62051123.200,0.0,2079.0,1228.800,0.060,0.190,99.505,0.235,0.0,0.010,1493117669.035,
0.060,0.195,99.485,0.255,0.0,0.005,50769100.800,2457.600,73751.400,55552965.200,0.0,0.0,1882.600,1055.0,0.0,0.200,0.0,2437967872.0,1327104.0,4051369984.0,1.62289528832e+11,0.0,0.0,50769100.800,2457.600,1877.0,1054.600,0.055,0.195,99.490,0.255,0.0,0.005,1493117674.035,
0.055,0.110,99.690,0.145,0.0,0.0,41820160.0,0.0,53002.200,41301135.200,0.0,0.0,1471.600,932.800,0.0,0.600,0.0,2452770816.0,1327104.0,4258693120.0,1.62067402752e+11,0.0,0.0,42056089.600,0.0,1473.0,936.0,0.055,0.110,99.685,0.150,0.0,0.0,1493117679.035,
0.085,0.305,99.199,0.400,0.0,0.010,93564108.800,2457.600,114999.600,86394792.600,0.0,0.0,3069.0,1873.800,0.0,0.400,0.0,2509901824.0,1335296.0,4727590912.0,1.6154136576e+11,0.0,0.0,93328179.200,2457.600,3067.600,1870.600,0.090,0.305,99.199,0.395,0.0,0.010,1493117684.035,
0.070,0.235,99.400,0.280,0.0,0.015,76153651.200,0.0,126666.600,90351461.600,0.0,0.0,3084.400,1546.0,0.200,0.200,0.0,2453766144.0,1335296.0,5108445184.0,1.61216647168e+11,0.0,0.0,76153651.200,0.0,3084.400,1546.0,0.070,0.235,99.399,0.280,0.0,0.015,1493117689.035,
0.085,0.265,99.325,0.320,0.0,0.005,78974156.800,4096.0,114999.800,82438823.800,0.0,0.0,2896.0,1556.200,0.0,0.200,0.0,2454683648.0,1343488.0,5502918656.0,1.60821248e+11,0.0,0.0,78974156.800,4096.0,2899.600,1556.200,0.085,0.265,99.325,0.320,0.0,0.005,1493117694.035,
0.075,0.230,99.374,0.310,0.0,0.010,81794662.400,4915.200,106781.200,79539542.800,0.0,0.0,2829.600,1653.0,0.0,0.400,0.0,2485424128.0,1351680.0,5911732224.0,1.6038168576e+11,0.0,0.0,81794662.400,4915.200,2826.0,1653.0,0.075,0.230,99.374,0.310,0.0,0.010,1493117699.035,
0.095,0.320,99.104,0.470,0.0,0.010,95897190.400,0.0,147511.800,109739964.0,0.0,0.0,3784.400,1925.600,0.200,0.800,0.0,2441547776.0,1351680.0,6391181312.0,1.59946113024e+11,0.0,0.0,95897190.400,0.0,3784.400,1925.600,0.095,0.320,99.104,0.470,0.0,0.010,1493117704.035,
0.095,0.255,99.290,0.360,0.0,0.0,81794662.400,2457.600,119980.400,82631168.600,0.0,0.0,2978.800,1614.200,0.0,0.0,0.0,2458456064.0,1359872.0,6801334272.0,1.59519043584e+11,0.0,0.0,81794662.400,2457.600,2980.0,1614.200,0.095,0.255,99.290,0.360,0.0,0.0,1493117709.035,
0.090,0.325,99.240,0.335,0.0,0.010,93102080.0,0.0,120496.800,100282578.400,0.0,0.0,3274.0,1789.0,0.600,0.200,0.200,2443104256.0,1359872.0,7265972224.0,1.5906975744e+11,0.0,0.0,93102080.0,0.0,3272.800,1789.0,0.085,0.325,99.245,0.335,0.0,0.010,1493117714.035,
0.060,0.195,99.545,0.200,0.0,0.0,59230617.600,2457.600,78556.800,60102080.200,0.0,0.0,2112.0,1283.400,0.0,0.200,0.0,2461208576.0,1368064.0,7560740864.0,1.58756876288e+11,0.0,0.0,59230617.600,2457.600,2116.0,1283.600,0.060,0.195,99.545,0.200,0.0,0.0,1493117719.035,
0.085,0.245,99.405,0.255,0.0,0.010,76153651.200,0.0,124285.600,81544355.0,0.0,0.0,2895.600,1556.0,0.200,0.600,0.0,2444627968.0,1368064.0,7942848512.0,1.58391349248e+11,0.0,0.0,76153651.200,0.0,2891.800,1555.800,0.085,0.245,99.405,0.255,0.0,0.010,1493117724.035,
0.110,0.395,98.939,0.551,0.0,0.005,114701926.400,58982.400,157728.0,115677561.200,0.0,0.0,4331.0,2322.800,0.200,0.600,2.800,2497646592.0,2109440.0,8514039808.0,1.57766397952e+11,0.0,0.0,114859212.800,58982.400,4336.600,2325.600,0.110,0.395,98.939,0.551,0.0,0.005,1493117729.035,
0.085,0.250,99.299,0.360,0.0,0.005,85995520.0,4915.200,124447.200,84416591.0,0.0,0.0,3161.600,1729.600,0.200,0.0,0.0,2515136512.0,2121728.0,8943714304.0,1.57319221248e+11,0.0,0.0,85838233.600,4915.200,3156.800,1726.800,0.085,0.250,99.299,0.360,0.0,0.005,1493117734.035,
0.140,0.466,98.718,0.666,0.0,0.010,148579942.400,12288.0,240594.800,162757421.600,0.0,0.0,5729.600,2825.800,0.0,0.200,0.0,2480939008.0,2129920.0,9689460736.0,1.56607664128e+11,0.0,0.0,148763443.200,12288.0,5729.600,2827.600,0.140,0.466,98.718,0.666,0.0,0.010,1493117739.035,
0.130,0.431,99.004,0.426,0.0,0.010,133470617.600,2457.600,202399.400,139049041.200,0.0,0.0,5019.200,2539.800,0.400,0.0,0.0,2488553472.0,2138112.0,10355261440.0,1.55934240768e+11,0.0,0.0,133287116.800,2457.600,5022.800,2538.200,0.135,0.431,98.999,0.426,0.0,0.010,1493117744.035,
0.125,0.390,99.019,0.455,0.0,0.010,122943897.600,0.0,175213.600,126275020.600,0.0,0.0,4395.600,2381.800,0.0,1.400,0.0,2498617344.0,2138112.0,10970460160.0,1.55308978176e+11,0.0,0.0,123153612.800,0.0,4392.400,2384.200,0.120,0.390,99.024,0.456,0.0,0.010,1493117749.035,
0.105,0.370,99.180,0.335,0.0,0.010,99493478.400,2457.600,159791.0,103354600.600,0.0,0.0,3873.400,1922.400,0.400,0.200,0.0,2504798208.0,2146304.0,11468165120.0,1.5480508416e+11,0.0,0.0,99493478.400,2457.600,3873.600,1922.600,0.105,0.370,99.180,0.335,0.0,0.010,1493117754.035,
0.090,0.275,99.345,0.280,0.0,0.010,84997734.400,0.0,126883.0,94482811.400,0.0,0.0,3209.600,1698.600,0.0,0.400,0.0,2474909696.0,2146304.0,11891437568.0,1.54411700224e+11,0.0,0.0,84788019.200,0.0,3208.0,1695.800,0.090,0.275,99.345,0.280,0.0,0.010,1493117759.035,
0.120,0.390,98.949,0.525,0.0,0.015,122723532.800,26214.400,175099.600,121349871.0,0.0,0.0,4373.0,2344.800,0.200,0.600,0.0,2515259392.0,2154496.0,12506251264.0,1.5375652864e+11,0.0,0.0,122880819.200,26214.400,4377.800,2347.200,0.120,0.390,98.949,0.526,0.0,0.015,1493117764.035,
0.115,0.456,98.818,0.606,0.0,0.005,139211571.200,4915.200,216349.400,141169211.0,0.0,0.0,5288.400,2623.400,0.0,1.0,0.0,2537316352.0,2162688.0,13202513920.0,1.53038200832e+11,0.0,0.0,139290214.400,4915.200,5289.400,2623.600,0.115,0.456,98.818,0.606,0.0,0.005,1493117769.035,
0.105,0.300,99.259,0.320,0.0,0.015,104730624.0,0.0,157770.600,120942704.400,0.0,0.0,4068.0,2018.0,0.200,0.200,0.0,2478301184.0,2162688.0,13724180480.0,1.5257554944e+11,0.0,0.0,104494694.400,0.0,4065.200,2015.400,0.110,0.300,99.254,0.320,0.0,0.015,1493117774.035,
0.115,0.320,99.109,0.450,0.0,0.005,101538201.600,2457.600,139685.800,102186228.600,0.0,0.0,3644.600,2042.400,0.0,0.200,0.0,2507599872.0,2170880.0,14234202112.0,1.52036220928e+11,0.0,0.0,101538201.600,2457.600,3648.0,2042.400,0.110,0.320,99.114,0.450,0.0,0.005,1493117779.035,
0.100,0.320,99.149,0.415,0.0,0.015,103016857.600,0.0,166075.200,107260588.600,0.0,0.0,4141.0,1971.200,0.200,0.400,0.0,2501488640.0,2170880.0,14749999104.0,1.51526535168e+11,0.0,0.0,103252787.200,0.0,4136.0,1973.800,0.105,0.320,99.139,0.420,0.0,0.015,1493117784.035,
0.115,0.381,98.928,0.571,0.0,0.005,128264601.600,2457.600,196669.400,137154330.200,0.0,0.0,4843.400,2431.400,0.400,0.0,0.0,2497277952.0,2179072.0,15390179328.0,1.5089055744e+11,0.0,0.0,128028672.0,2457.600,4844.400,2428.800,0.115,0.381,98.933,0.566,0.0,0.005,1493117789.035,
0.035,0.090,99.765,0.105,0.0,0.005,31025561.600,0.0,57463.200,33944848.400,0.0,0.0,1452.800,734.600,0.0,0.0,0.0,2481311744.0,2179072.0,15546617856.0,1.5075008512e+11,0.0,0.0,31025561.600,0.0,1450.400,734.600,0.030,0.090,99.770,0.105,0.0,0.005,1493117794.035,
