"Dstat 0.7.2 CSV output"
"Author:","Dag Wieers <dag@wieers.com>",,,,"URL:","http://dag.wieers.com/home-made/dstat/"
"Host:","osd0.skyhook--8osds.skyhook-pg0.wisc.cloudlab.us",,,,"User:","jlefevre"
"Cmdline:","dstat -av --epoch --integer --noheaders --output 8osds.dstat-osd0.log 5",,,,"Date:","25 Apr 2017 03:36:54 CDT"

"total cpu usage",,,,,,"dsk/total",,"net/total",,"paging",,"system",,"procs",,,"memory usage",,,,"paging",,"dsk/total",,"system",,"total cpu usage",,,,,,"epoch"
"usr","sys","idl","wai","hiq","siq","read","writ","recv","send","in","out","int","csw","run","blk","new","used","buff","cach","free","in","out","read","writ","int","csw","usr","sys","idl","wai","hiq","siq","epoch"
0.015,0.015,99.955,0.015,0.0,0.0,0.0,7372.800,6443.0,8740.400,0.0,0.0,232.400,231.800,0.0,0.0,0.400,2433376256.0,1294336.0,122519552.0,1.66223003648e+11,0.0,0.0,0.0,7372.800,232.400,231.800,0.015,0.020,99.950,0.015,0.0,0.0,1493115004.035,
0.075,0.185,99.300,0.430,0.0,0.010,53589606.400,4915.200,57997.800,36331946.400,0.0,0.0,2321.200,1186.800,0.200,0.0,0.0,2527535104.0,1302528.0,387801088.0,1.65863555072e+11,0.0,0.0,53589606.400,4915.200,2321.200,1186.800,0.080,0.180,99.300,0.430,0.0,0.010,1493115009.035,
0.065,0.200,99.535,0.195,0.0,0.005,42332160.0,2457.600,57202.800,63966126.0,0.0,0.0,2262.0,1008.200,0.200,0.0,0.600,2428493824.0,1310720.0,602259456.0,1.65748129792e+11,0.0,0.0,42332160.0,2457.600,2262.0,1008.200,0.060,0.200,99.540,0.195,0.0,0.005,1493115014.035,
0.060,0.170,99.560,0.205,0.0,0.005,47948595.200,4915.200,35102.0,46304568.600,0.0,0.0,1629.800,1114.400,0.0,0.0,0.0,2459963392.0,1318912.0,839090176.0,1.65479821312e+11,0.0,0.0,47948595.200,4915.200,1629.800,1114.400,0.065,0.170,99.555,0.205,0.0,0.005,1493115019.035,
0.045,0.155,99.645,0.155,0.0,0.0,36667392.0,14745.600,35493.0,42213052.800,0.0,0.0,1442.600,895.400,0.0,0.200,0.400,2428395520.0,1339392.0,1025040384.0,1.65325418496e+11,0.0,0.0,36667392.0,14745.600,1442.600,895.400,0.045,0.155,99.645,0.155,0.0,0.0,1493115024.035,
0.060,0.175,99.540,0.215,0.0,0.010,42316595.200,5734.400,28397.800,44247907.600,0.0,0.0,1447.400,978.200,0.400,0.0,0.200,2431184896.0,1347584.0,1234755584.0,1.65112905728e+11,0.0,0.0,42316595.200,5734.400,1447.600,978.600,0.055,0.175,99.545,0.215,0.0,0.010,1493115029.035,
0.055,0.195,99.595,0.150,0.0,0.005,46491238.400,9011.200,41119.400,45343311.200,0.0,0.0,1718.400,1056.600,0.0,0.200,0.400,2455441408.0,1363968.0,1469255680.0,1.64854132736e+11,0.0,0.0,46674739.200,9011.200,1719.800,1058.600,0.055,0.195,99.590,0.155,0.0,0.005,1493115034.035,
0.050,0.175,99.605,0.165,0.0,0.005,49405952.0,4915.200,41441.800,54985598.600,0.0,0.0,1796.400,1094.200,0.200,0.0,0.0,2429034496.0,1372160.0,1716170752.0,1.64633616384e+11,0.0,0.0,49222451.200,4915.200,1794.800,1091.800,0.055,0.175,99.605,0.160,0.0,0.005,1493115039.035,
0.050,0.130,99.695,0.125,0.0,0.0,33846067.200,2457.600,26261.0,35396994.400,0.0,0.0,1233.200,857.800,0.0,0.0,0.400,2429992960.0,1380352.0,1885519872.0,1.64463300608e+11,0.0,0.0,33846067.200,2457.600,1233.200,857.800,0.045,0.130,99.700,0.125,0.0,0.0,1493115044.035,
0.045,0.205,99.555,0.185,0.0,0.010,45131366.400,4915.200,39296.800,47208223.200,0.0,0.0,1737.400,1025.200,0.200,0.200,0.0,2426904576.0,1388544.0,2111422464.0,1.64240478208e+11,0.0,0.0,45131366.400,4915.200,1737.400,1025.200,0.050,0.205,99.550,0.185,0.0,0.010,1493115049.035,
0.060,0.145,99.655,0.140,0.0,0.0,39487078.400,7372.800,30960.800,41338514.600,0.0,0.0,1441.400,938.600,0.0,0.0,0.400,2426900480.0,1404928.0,2308616192.0,1.64043272192e+11,0.0,0.0,39487078.400,7372.800,1441.400,938.600,0.055,0.145,99.660,0.140,0.0,0.0,1493115054.035,
0.045,0.230,99.550,0.175,0.0,0.0,53589606.400,14745.600,38834.800,56042215.200,0.0,0.0,1834.200,1212.800,0.0,0.0,0.0,2425344000.0,1413120.0,2575187968.0,1.63778248704e+11,0.0,0.0,53589606.400,14745.600,1834.200,1212.800,0.050,0.230,99.545,0.175,0.0,0.0,1493115059.035,
0.050,0.130,99.715,0.095,0.0,0.010,33846067.200,4096.0,32640.400,35405367.600,0.0,0.0,1453.600,951.0,0.200,0.0,0.400,2431004672.0,1421312.0,2745798656.0,1.63601969152e+11,0.0,0.0,33846067.200,4096.0,1453.600,951.0,0.045,0.130,99.720,0.095,0.0,0.010,1493115064.035,
0.050,0.135,99.660,0.150,0.0,0.005,39487078.400,9830.400,30857.400,38775853.0,0.0,0.0,1380.400,949.600,0.0,0.200,0.0,2445860864.0,1437696.0,2943365120.0,1.63389530112e+11,0.0,0.0,39487078.400,9830.400,1380.400,949.600,0.050,0.135,99.660,0.150,0.0,0.005,1493115069.035,
0.060,0.185,99.555,0.195,0.0,0.005,47948595.200,8192.0,34128.400,51019109.600,0.0,0.0,1658.0,1072.0,0.0,0.0,0.400,2448031744.0,1445888.0,3181481984.0,1.63149234176e+11,0.0,0.0,47948595.200,8192.0,1658.0,1072.0,0.065,0.185,99.550,0.195,0.0,0.005,1493115074.035,
0.060,0.170,99.560,0.205,0.0,0.005,45128089.600,7372.800,45995.600,48839778.800,0.0,0.0,1900.800,1069.0,0.0,0.200,0.400,2431340544.0,1462272.0,3407335424.0,1.62940055552e+11,0.0,0.0,45128089.600,7372.800,1900.800,1069.0,0.055,0.170,99.565,0.205,0.0,0.005,1493115079.035,
0.050,0.130,99.660,0.155,0.0,0.005,33846067.200,0.0,36726.600,35407229.0,0.0,0.0,1435.400,850.400,0.400,0.0,0.0,2431619072.0,1462272.0,3577982976.0,1.62769129472e+11,0.0,0.0,33846067.200,0.0,1435.400,850.400,0.055,0.130,99.655,0.155,0.0,0.005,1493115084.035,
0.065,0.170,99.595,0.160,0.0,0.010,42307584.0,7372.800,44830.200,44255952.600,0.0,0.0,1924.800,1047.800,0.0,0.0,0.400,2429353984.0,1478656.0,3789213696.0,1.62560147456e+11,0.0,0.0,42307584.0,7372.800,1924.800,1047.800,0.060,0.170,99.600,0.160,0.0,0.010,1493115089.035,
0.065,0.200,99.545,0.190,0.0,0.0,47948595.200,10649.600,38509.0,49517775.200,0.0,0.0,1853.600,1062.200,0.0,0.0,0.0,2431623168.0,1486848.0,4028678144.0,1.62318405632e+11,0.0,0.0,47948595.200,10649.600,1857.200,1062.200,0.065,0.200,99.545,0.190,0.0,0.0,1493115094.035,
0.035,0.090,99.810,0.065,0.0,0.0,19743539.200,3276.800,22394.600,21306193.0,0.0,0.0,905.200,575.200,0.0,0.0,0.400,2430586880.0,1495040.0,4127371264.0,1.62220740608e+11,0.0,0.0,19743539.200,3276.800,901.600,575.200,0.035,0.090,99.810,0.065,0.0,0.0,1493115099.035,
0.045,0.115,99.780,0.055,0.0,0.005,31025561.600,9830.400,22585.400,32444868.400,0.0,0.0,1157.600,810.600,0.0,0.200,0.200,2430230528.0,1511424.0,4282757120.0,1.6206569472e+11,0.0,0.0,31025561.600,9830.400,1157.600,810.600,0.045,0.115,99.780,0.055,0.0,0.005,1493115104.035,
0.080,0.255,99.415,0.240,0.0,0.010,67204710.400,4915.200,46119.800,63428624.200,0.0,0.0,2188.0,1411.200,0.0,0.200,0.400,2474229760.0,1519616.0,4617461760.0,1.61686982656e+11,0.0,0.0,67388211.200,4915.200,2189.400,1413.600,0.080,0.255,99.415,0.240,0.0,0.010,1493115109.035,
0.060,0.220,99.560,0.155,0.0,0.005,54077030.400,7372.800,49106.200,63436146.0,0.0,0.0,2065.400,1213.0,0.200,0.0,0.0,2429767680.0,1536000.0,4889718784.0,1.61459171328e+11,0.0,0.0,53893529.600,7372.800,2064.0,1210.600,0.060,0.220,99.560,0.155,0.0,0.005,1493115114.035,
0.060,0.180,99.605,0.155,0.0,0.0,50769100.800,4915.200,40897.200,53093053.600,0.0,0.0,1849.400,1135.400,0.200,0.400,0.400,2431037440.0,1544192.0,5143236608.0,1.61204375552e+11,0.0,0.0,50769100.800,4915.200,1849.400,1135.400,0.060,0.185,99.600,0.155,0.0,0.0,1493115119.035,
0.050,0.175,99.690,0.080,0.0,0.005,46255308.800,2457.600,34029.200,44965004.0,0.0,0.0,1491.400,1124.800,0.200,0.400,0.400,2455277568.0,1552384.0,5373394944.0,1.60949968896e+11,0.0,0.0,46465024.0,2457.600,1492.600,1127.200,0.055,0.170,99.690,0.080,0.0,0.005,1493115124.035,
0.075,0.235,99.440,0.245,0.0,0.005,60923904.0,10649.600,59433.800,64724817.800,0.0,0.0,2335.0,1288.800,0.200,0.200,0.0,2451243008.0,1560576.0,5677531136.0,1.60649859072e+11,0.0,0.0,60714188.800,10649.600,2334.0,1286.400,0.070,0.235,99.445,0.245,0.0,0.005,1493115129.035,
0.070,0.185,99.595,0.150,0.0,0.0,53521612.800,9830.400,56400.600,51838237.800,0.0,0.0,2063.0,1186.400,0.200,0.0,0.400,2478252032.0,1576960.0,5946642432.0,1.60353722368e+11,0.0,0.0,53589606.400,9830.400,2068.600,1186.800,0.075,0.185,99.585,0.155,0.0,0.0,1493115134.035,
0.065,0.265,99.420,0.245,0.0,0.005,64939622.400,9830.400,70502.400,74505715.400,0.0,0.0,2878.800,1457.200,0.0,0.0,0.400,2435252224.0,1593344.0,6271221760.0,1.60072126464e+11,0.0,0.0,64871628.800,9830.400,2873.0,1456.800,0.060,0.265,99.429,0.240,0.0,0.005,1493115139.035,
0.050,0.140,99.720,0.080,0.0,0.010,36666572.800,0.0,33262.600,38058369.200,0.0,0.0,1449.600,952.600,0.0,0.200,0.400,2437853184.0,1593344.0,6454415360.0,1.59886331904e+11,0.0,0.0,36666572.800,0.0,1449.800,952.600,0.050,0.140,99.720,0.080,0.0,0.010,1493115144.035,
0.055,0.195,99.555,0.190,0.0,0.005,50769100.800,7372.800,51204.600,53396861.400,0.0,0.0,2072.200,1189.200,0.0,0.0,0.400,2436706304.0,1609728.0,6708637696.0,1.59633240064e+11,0.0,0.0,50769100.800,7372.800,2072.0,1189.200,0.055,0.195,99.555,0.190,0.0,0.005,1493115149.035,
0.075,0.270,99.475,0.170,0.0,0.010,70512640.0,8192.0,64820.200,73129741.0,0.0,0.0,2750.800,1499.0,0.600,0.0,0.400,2453118976.0,1617920.0,7060844544.0,1.59264612352e+11,0.0,0.0,70512640.0,8192.0,2750.800,1499.0,0.080,0.270,99.470,0.170,0.0,0.010,1493115154.035,
0.060,0.175,99.620,0.140,0.0,0.005,43985305.600,11468.800,31649.200,44910988.0,0.0,0.0,1561.0,1022.200,0.200,0.400,0.800,2447486976.0,1634304.0,7281229824.0,1.59049842688e+11,0.0,0.0,44195020.800,11468.800,1562.600,1024.800,0.060,0.175,99.620,0.140,0.0,0.005,1493115159.035,
0.060,0.135,99.710,0.095,0.0,0.0,40629862.400,9011.200,41982.400,44262766.0,0.0,0.0,1885.0,1051.400,0.0,0.0,0.0,2438017024.0,1642496.0,7484416000.0,1.58856118272e+11,0.0,0.0,40420147.200,9011.200,1883.400,1048.800,0.055,0.140,99.710,0.095,0.0,0.0,1493115164.035,
0.045,0.140,99.720,0.095,0.0,0.0,36666572.800,12288.0,39389.200,37564172.200,0.0,0.0,1523.0,936.800,0.0,0.200,0.400,2454351872.0,1658880.0,7666573312.0,1.58657609728e+11,0.0,0.0,36666572.800,12288.0,1527.0,936.800,0.045,0.135,99.725,0.095,0.0,0.0,1493115169.035,
0.060,0.180,99.635,0.120,0.0,0.005,53589606.400,9830.400,41124.0,56825644.600,0.0,0.0,1889.0,1173.400,0.0,0.0,0.400,2439610368.0,1675264.0,7933931520.0,1.5840497664e+11,0.0,0.0,53589606.400,9830.400,1885.200,1173.400,0.060,0.180,99.635,0.120,0.0,0.005,1493115174.035,
0.065,0.250,99.555,0.125,0.0,0.005,62051123.200,0.0,56477.0,64896990.600,0.0,0.0,2490.200,1357.800,0.400,0.0,0.400,2438389760.0,1675264.0,8244572160.0,1.58095556608e+11,0.0,0.0,62051123.200,0.0,2490.0,1357.800,0.065,0.250,99.555,0.125,0.0,0.005,1493115179.035,
0.060,0.195,99.595,0.145,0.0,0.005,53589606.400,7372.800,42716.800,55345656.600,0.0,0.0,1944.800,1238.400,0.200,0.0,0.400,2457616384.0,1691648.0,8512745472.0,1.57808140288e+11,0.0,0.0,53589606.400,7372.800,1945.200,1238.400,0.065,0.195,99.590,0.145,0.0,0.005,1493115184.035,
0.040,0.135,99.735,0.085,0.0,0.005,31025561.600,10649.600,24029.200,33192125.200,0.0,0.0,1219.200,797.0,0.0,0.200,0.400,2440556544.0,1699840.0,8668549120.0,1.57669388288e+11,0.0,0.0,31025561.600,10649.600,1218.800,797.0,0.035,0.135,99.740,0.085,0.0,0.005,1493115189.035,
0.055,0.165,99.650,0.130,0.0,0.0,42307584.0,11468.800,38995.400,42600247.400,0.0,0.0,1555.800,996.0,0.200,0.0,0.400,2457559040.0,1716224.0,8879247360.0,1.57441671168e+11,0.0,0.0,42307584.0,11468.800,1563.0,996.400,0.055,0.165,99.650,0.130,0.0,0.0,1493115194.035,
0.085,0.295,99.350,0.265,0.0,0.005,73333145.600,9011.200,60360.200,74231205.800,0.0,0.0,2582.0,1574.200,0.0,0.0,0.0,2469761024.0,1724416.0,9246347264.0,1.57062361088e+11,0.0,0.0,73333145.600,9011.200,2574.800,1573.800,0.085,0.295,99.350,0.265,0.0,0.005,1493115199.035,
0.070,0.235,99.475,0.220,0.0,0.0,59230617.600,8192.0,53690.200,66101487.800,0.0,0.0,2263.600,1264.0,0.200,0.0,0.400,2440884224.0,1740800.0,9543012352.0,1.56794556416e+11,0.0,0.0,59230617.600,8192.0,2263.600,1264.0,0.070,0.235,99.475,0.220,0.0,0.0,1493115204.035,
0.050,0.215,99.580,0.150,0.0,0.005,53589606.400,2457.600,49240.400,52726527.200,0.0,0.0,1968.400,1155.0,0.0,0.0,0.200,2459680768.0,1748992.0,9809874944.0,1.56508889088e+11,0.0,0.0,53589606.400,2457.600,1969.400,1155.200,0.050,0.215,99.580,0.150,0.0,0.005,1493115209.035,
0.080,0.275,99.420,0.220,0.0,0.005,70512640.0,0.0,57743.200,77086029.600,0.0,0.0,2662.0,1455.600,0.0,0.400,0.0,2447110144.0,1748992.0,10162253824.0,1.56169080832e+11,0.0,0.0,70512640.0,0.0,2661.0,1455.400,0.085,0.275,99.415,0.220,0.0,0.005,1493115214.035,
0.065,0.210,99.620,0.100,0.0,0.005,50769100.800,7372.800,45179.200,50446671.400,0.0,0.0,1958.600,1118.600,0.0,0.200,0.0,2463793152.0,1765376.0,10417299456.0,1.55897335808e+11,0.0,0.0,50769100.800,7372.800,1958.800,1118.600,0.065,0.210,99.620,0.100,0.0,0.005,1493115219.035,
0.050,0.185,99.635,0.125,0.0,0.005,47948595.200,0.0,46942.400,52794953.800,0.0,0.0,1834.600,1106.0,0.200,0.0,0.0,2447269888.0,1765376.0,10655318016.0,1.55675840512e+11,0.0,0.0,47948595.200,0.0,1834.400,1106.0,0.045,0.185,99.640,0.125,0.0,0.005,1493115224.035,
0.065,0.195,99.590,0.150,0.0,0.0,50769100.800,4915.200,44750.400,53117805.0,0.0,0.0,1714.800,1151.400,0.200,0.0,0.400,2447294464.0,1773568.0,10910445568.0,1.55420680192e+11,0.0,0.0,50769100.800,4915.200,1714.800,1151.400,0.065,0.195,99.590,0.150,0.0,0.0,1493115229.035,
0.050,0.160,99.655,0.135,0.0,0.0,39487078.400,4915.200,40592.400,39944383.400,0.0,0.0,1674.600,915.600,0.0,0.0,0.400,2461659136.0,1781760.0,11108782080.0,1.55207970816e+11,0.0,0.0,39487078.400,4915.200,1674.600,915.600,0.050,0.160,99.655,0.135,0.0,0.0,1493115234.035,
0.065,0.200,99.600,0.130,0.0,0.005,50769100.800,12288.0,52049.200,54468579.600,0.0,0.0,2135.400,1105.200,0.600,0.0,0.0,2447044608.0,1798144.0,11362627584.0,1.54968723456e+11,0.0,0.0,50769100.800,12288.0,2135.400,1105.200,0.065,0.200,99.600,0.130,0.0,0.005,1493115239.035,
0.045,0.140,99.730,0.080,0.0,0.005,39487078.400,9830.400,33303.400,40781581.800,0.0,0.0,1511.200,960.200,0.0,0.0,0.0,2452836352.0,1814528.0,11558809600.0,1.54766733312e+11,0.0,0.0,39487078.400,9830.400,1511.200,960.200,0.045,0.140,99.730,0.080,0.0,0.005,1493115244.035,
0.065,0.140,99.710,0.085,0.0,0.0,36666572.800,819.200,38541.200,38869622.200,0.0,0.0,1679.400,939.800,0.0,0.200,0.400,2449653760.0,1814528.0,11742625792.0,1.54586099712e+11,0.0,0.0,36666572.800,819.200,1679.400,939.800,0.070,0.140,99.705,0.085,0.0,0.0,1493115249.035,
0.055,0.230,99.565,0.145,0.0,0.005,50769100.800,10649.600,46180.800,53128713.200,0.0,0.0,1983.800,1138.600,0.0,0.0,0.0,2449195008.0,1830912.0,11995697152.0,1.5433347072e+11,0.0,0.0,50769100.800,10649.600,1983.800,1138.600,0.055,0.230,99.565,0.145,0.0,0.005,1493115254.035,
0.065,0.195,99.580,0.155,0.0,0.005,56410112.0,4915.200,55175.400,55323212.600,0.0,0.0,2162.600,1216.0,0.0,0.400,0.400,2467913728.0,1839104.0,12277141504.0,1.54033299456e+11,0.0,0.0,56410112.0,4915.200,2163.200,1216.0,0.060,0.200,99.580,0.155,0.0,0.005,1493115259.035,
0.070,0.230,99.530,0.165,0.0,0.005,62051123.200,10649.600,60164.400,68567078.400,0.0,0.0,2590.400,1325.800,0.0,0.200,0.0,2450010112.0,1855488.0,12588339200.0,1.53739988992e+11,0.0,0.0,62051123.200,10649.600,2589.800,1325.800,0.070,0.230,99.530,0.165,0.0,0.005,1493115264.035,
0.070,0.255,99.490,0.180,0.0,0.005,62051123.200,5734.400,54175.0,64439881.800,0.0,0.0,2279.200,1335.200,0.0,0.0,0.400,2454360064.0,1863680.0,12899057664.0,1.53424912384e+11,0.0,0.0,62051123.200,5734.400,2281.800,1335.200,0.070,0.250,99.495,0.180,0.0,0.005,1493115269.035,
0.060,0.250,99.510,0.180,0.0,0.0,67692134.400,3276.800,45976.0,51273049.200,0.0,0.0,2231.0,1385.600,0.400,0.400,0.0,2557513728.0,1871872.0,13236912128.0,1.52983896064e+11,0.0,0.0,67692134.400,3276.800,2228.800,1385.600,0.060,0.250,99.510,0.180,0.0,0.0,1493115274.035,
0.085,0.285,99.445,0.180,0.0,0.005,64871628.800,9830.400,64318.0,81280071.400,0.0,0.0,2865.200,1467.600,0.0,0.0,0.800,2486046720.0,1888256.0,13562843136.0,1.5272941568e+11,0.0,0.0,64871628.800,9830.400,2866.800,1470.200,0.085,0.290,99.440,0.180,0.0,0.005,1493115279.035,
0.035,0.150,99.720,0.090,0.0,0.005,33846067.200,4915.200,33959.200,41982668.200,0.0,0.0,1480.800,868.600,0.0,0.0,0.400,2454495232.0,1896448.0,13730725888.0,1.52593076224e+11,0.0,0.0,33846067.200,4915.200,1478.800,866.0,0.035,0.145,99.725,0.090,0.0,0.005,1493115284.035,
0.045,0.125,99.755,0.070,0.0,0.005,33846067.200,13107.200,25543.800,33457864.200,0.0,0.0,1244.200,822.600,0.0,0.0,0.0,2471673856.0,1912832.0,13899309056.0,1.52407298048e+11,0.0,0.0,33846067.200,13107.200,1244.400,822.600,0.045,0.125,99.755,0.070,0.0,0.005,1493115289.035,
0.060,0.200,99.575,0.155,0.0,0.010,50926387.200,0.0,44459.600,55080806.400,0.0,0.0,1875.400,1139.800,0.0,0.200,0.400,2457350144.0,1912832.0,14155116544.0,1.52165814272e+11,0.0,0.0,51109888.0,0.0,1876.800,1142.800,0.060,0.205,99.570,0.155,0.0,0.010,1493115294.035,
0.060,0.215,99.575,0.145,0.0,0.005,56252825.600,13107.200,51999.800,59013914.600,0.0,0.0,2058.800,1214.0,0.200,0.0,0.400,2458415104.0,1929216.0,14436421632.0,1.5188342784e+11,0.0,0.0,56069324.800,13107.200,2057.200,1211.0,0.065,0.210,99.575,0.145,0.0,0.005,1493115299.035,
0.055,0.125,99.735,0.080,0.0,0.005,31182848.0,5734.400,29695.800,31979394.400,0.0,0.0,1274.600,824.400,0.200,0.0,0.400,2461630464.0,1937408.0,14592872448.0,1.51723753472e+11,0.0,0.0,31340134.400,5734.400,1276.0,826.400,0.055,0.125,99.735,0.080,0.0,0.005,1493115304.035,
0.050,0.150,99.695,0.100,0.0,0.005,44457164.800,12288.0,37643.400,44715419.600,0.0,0.0,1641.600,1104.0,0.200,0.0,0.400,2468290560.0,1953792.0,14815055872.0,1.51494893568e+11,0.0,0.0,44509593.600,12288.0,1642.0,1104.400,0.050,0.150,99.695,0.100,0.0,0.005,1493115309.035,
0.065,0.155,99.685,0.095,0.0,0.0,37180211.200,9830.400,38767.200,41303011.600,0.0,0.0,1565.400,987.400,0.0,0.0,0.600,2458796032.0,1970176.0,15000317952.0,1.51319109632e+11,0.0,0.0,36970496.0,9830.400,1563.600,985.0,0.060,0.155,99.690,0.095,0.0,0.0,1493115314.035,
0.065,0.220,99.530,0.175,0.0,0.010,56410112.0,8192.0,60984.0,58986863.400,0.0,0.0,2324.400,1281.600,0.200,0.0,0.800,2459078656.0,1978368.0,15281999872.0,1.51037136896e+11,0.0,0.0,56410112.0,8192.0,2325.400,1282.0,0.065,0.225,99.525,0.175,0.0,0.010,1493115319.034,
0.045,0.115,99.740,0.100,0.0,0.0,28205056.0,10649.600,27689.400,29514713.400,0.0,0.0,1129.400,761.200,0.0,0.0,0.0,2458804224.0,1994752.0,15424053248.0,1.50895341568e+11,0.0,0.0,28205056.0,10649.600,1128.400,760.800,0.050,0.110,99.740,0.100,0.0,0.0,1493115324.035,
0.030,0.100,99.815,0.055,0.0,0.0,22564044.800,0.0,21207.400,23598460.600,0.0,0.0,1001.0,631.600,0.0,0.0,0.400,2460004352.0,1994752.0,15536877568.0,1.5078131712e+11,0.0,0.0,22564044.800,0.0,1001.0,631.600,0.025,0.105,99.815,0.055,0.0,0.0,1493115329.035,
0.025,0.010,99.960,0.005,0.0,0.0,0.0,7372.800,7972.400,10525.400,0.0,0.0,270.600,271.0,0.0,0.0,0.400,2460200960.0,2011136.0,15536877568.0,1.50781104128e+11,0.0,0.0,0.0,7372.800,270.600,271.0,0.025,0.005,99.965,0.005,0.0,0.0,1493115334.035,
