"Dstat 0.7.2 CSV output"
"Author:","Dag Wieers <dag@wieers.com>",,,,"URL:","http://dag.wieers.com/home-made/dstat/"
"Host:","osd1.skyhook--8osds.skyhook-pg0.wisc.cloudlab.us",,,,"User:","jlefevre"
"Cmdline:","dstat -av --epoch --integer --noheaders --output 8osds.dstat-osd1.log 5",,,,"Date:","25 Apr 2017 03:37:00 CDT"

"total cpu usage",,,,,,"dsk/total",,"net/total",,"paging",,"system",,"procs",,,"memory usage",,,,"paging",,"dsk/total",,"system",,"total cpu usage",,,,,,"epoch"
"usr","sys","idl","wai","hiq","siq","read","writ","recv","send","in","out","int","csw","run","blk","new","used","buff","cach","free","in","out","read","writ","int","csw","usr","sys","idl","wai","hiq","siq","epoch"
0.0,0.015,99.985,0.0,0.0,0.0,0.0,4915.200,6219.400,10878.600,0.0,0.0,236.800,243.800,0.0,0.0,0.0,2439753728.0,1482752.0,123449344.0,1.66215507968e+11,0.0,0.0,0.0,4915.200,236.800,243.800,0.0,0.010,99.990,0.0,0.0,0.0,1493115000.344,
0.010,0.010,99.970,0.010,0.0,0.0,0.0,7372.800,4253.800,9432.800,0.0,0.0,199.400,203.600,0.0,0.0,0.400,2438410240.0,1499136.0,123449344.0,1.66216835072e+11,0.0,0.0,0.0,7372.800,199.0,203.600,0.010,0.015,99.965,0.010,0.0,0.0,1493115005.344,
0.090,0.230,99.185,0.480,0.0,0.015,62051123.200,8192.0,83234.600,62535002.0,0.0,0.0,2241.0,1372.800,0.0,0.200,0.0,2448306176.0,1507328.0,433717248.0,1.6589666304e+11,0.0,0.0,62051123.200,8192.0,2240.800,1372.800,0.090,0.230,99.185,0.480,0.0,0.015,1493115010.344,
0.050,0.180,99.565,0.205,0.0,0.0,50465177.600,2457.600,47534.0,52618721.400,0.0,0.0,1993.200,1115.400,0.200,0.200,0.400,2443866112.0,1515520.0,686526464.0,1.65648285696e+11,0.0,0.0,50648678.400,2457.600,1994.200,1117.800,0.050,0.175,99.565,0.210,0.0,0.0,1493115015.344,
0.065,0.160,99.615,0.160,0.0,0.0,45432012.800,4915.200,33922.400,50176967.600,0.0,0.0,1643.600,1101.200,0.0,0.200,0.400,2430033920.0,1523712.0,913203200.0,1.6543543296e+11,0.0,0.0,45248512.0,4915.200,1642.600,1098.800,0.065,0.160,99.620,0.155,0.0,0.0,1493115020.344,
0.070,0.190,99.485,0.250,0.0,0.005,59230617.600,10649.600,43731.400,56828508.200,0.0,0.0,1965.0,1221.0,0.0,0.0,0.0,2463174656.0,1540096.0,1208967168.0,1.65106511872e+11,0.0,0.0,59230617.600,10649.600,1965.0,1221.0,0.070,0.190,99.485,0.250,0.0,0.005,1493115025.344,
0.075,0.170,99.580,0.170,0.0,0.005,47955148.800,8192.0,43187.200,55273887.400,0.0,0.0,1877.0,1066.800,0.0,0.400,0.600,2433683456.0,1548288.0,1449136128.0,1.6489582592e+11,0.0,0.0,47955148.800,8192.0,1877.200,1066.800,0.075,0.170,99.580,0.170,0.0,0.005,1493115030.344,
0.045,0.180,99.580,0.190,0.0,0.005,47948595.200,10649.600,38330.400,50158603.800,0.0,0.0,1717.800,1054.0,0.0,0.200,0.0,2433449984.0,1564672.0,1688879104.0,1.64656300032e+11,0.0,0.0,47948595.200,10649.600,1717.600,1054.0,0.050,0.180,99.575,0.190,0.0,0.005,1493115035.344,
0.035,0.045,99.860,0.060,0.0,0.0,16828825.600,0.0,12621.0,14754088.600,0.0,0.0,640.400,480.400,0.200,0.0,0.400,2448506880.0,1564672.0,1772859392.0,1.64557262848e+11,0.0,0.0,16923033.600,0.0,641.0,482.0,0.030,0.050,99.860,0.060,0.0,0.0,1493115040.344,
0.055,0.140,99.630,0.170,0.0,0.005,39581286.400,10649.600,34041.600,44279813.0,0.0,0.0,1557.400,918.400,0.0,0.0,0.0,2434162688.0,1581056.0,1970933760.0,1.64373516288e+11,0.0,0.0,39487078.400,10649.600,1556.800,916.800,0.055,0.135,99.635,0.170,0.0,0.005,1493115045.344,
0.045,0.125,99.665,0.165,0.0,0.0,41168076.800,4915.200,36805.800,41292783.600,0.0,0.0,1613.800,938.400,0.0,0.200,0.400,2444673024.0,1589248.0,2177228800.0,1.6415670272e+11,0.0,0.0,41351577.600,4915.200,1615.0,940.800,0.050,0.125,99.655,0.170,0.0,0.0,1493115050.344,
0.065,0.200,99.505,0.220,0.0,0.010,57552896.0,7372.800,47256.800,61970216.200,0.0,0.0,2092.800,1246.800,0.0,0.200,0.0,2437390336.0,1605632.0,2464542720.0,1.63876655104e+11,0.0,0.0,57369395.200,7372.800,2091.600,1244.400,0.065,0.200,99.510,0.215,0.0,0.010,1493115055.344,
0.075,0.210,99.555,0.155,0.0,0.005,59230617.600,5734.400,40072.0,61294229.0,0.0,0.0,1948.200,1282.200,0.200,0.0,0.400,2439426048.0,1605632.0,2760695808.0,1.63578466304e+11,0.0,0.0,59230617.600,5734.400,1957.600,1282.400,0.070,0.210,99.560,0.155,0.0,0.005,1493115060.344,
0.065,0.175,99.560,0.195,0.0,0.005,45128089.600,9011.200,38241.800,46924096.0,0.0,0.0,1637.800,1025.800,0.0,0.200,0.400,2455625728.0,1622016.0,2986336256.0,1.63336609792e+11,0.0,0.0,45128089.600,9011.200,1628.400,1025.600,0.065,0.180,99.555,0.195,0.0,0.005,1493115065.344,
0.075,0.205,99.545,0.175,0.0,0.0,53589606.400,9830.400,43447.200,55812791.200,0.0,0.0,1597.800,1168.800,0.0,0.0,0.400,2458214400.0,1638400.0,3254288384.0,1.63066052608e+11,0.0,0.0,53589606.400,9830.400,1598.800,1168.800,0.075,0.200,99.550,0.175,0.0,0.0,1493115070.344,
0.075,0.215,99.530,0.175,0.0,0.005,56435507.200,10649.600,43189.200,60157809.0,0.0,0.0,1648.400,1241.200,0.0,0.400,0.600,2440749056.0,1646592.0,3536474112.0,1.62801324032e+11,0.0,0.0,56435507.200,10649.600,1647.400,1241.200,0.075,0.215,99.530,0.175,0.0,0.005,1493115075.344,
0.070,0.155,99.660,0.105,0.0,0.010,45128089.600,7372.800,46042.0,47228918.400,0.0,0.0,1453.400,1052.0,0.0,0.200,0.0,2439598080.0,1662976.0,3762114560.0,1.62576818176e+11,0.0,0.0,45128089.600,7372.800,1453.400,1052.0,0.070,0.155,99.660,0.105,0.0,0.010,1493115080.344,
0.035,0.130,99.765,0.070,0.0,0.0,33846067.200,0.0,25916.600,31436601.800,0.0,0.0,1006.0,804.600,0.0,0.0,0.400,2469416960.0,1662976.0,3930968064.0,1.62378145792e+11,0.0,0.0,33846067.200,0.0,1006.0,804.600,0.040,0.130,99.760,0.070,0.0,0.0,1493115085.344,
0.065,0.160,99.655,0.115,0.0,0.005,50769100.800,10649.600,44102.200,55564459.800,0.0,0.0,1543.200,1141.600,0.0,0.200,0.0,2455572480.0,1679360.0,4184961024.0,1.62137980928e+11,0.0,0.0,50769100.800,10649.600,1548.800,1146.0,0.060,0.165,99.655,0.115,0.0,0.005,1493115090.344,
0.075,0.200,99.590,0.135,0.0,0.0,56410112.0,9830.400,40539.400,60473835.600,0.0,0.0,1644.400,1241.200,0.0,0.400,0.400,2439864320.0,1687552.0,4467302400.0,1.6187133952e+11,0.0,0.0,56410112.0,9830.400,1638.800,1236.800,0.075,0.195,99.595,0.135,0.0,0.0,1493115095.344,
0.050,0.105,99.780,0.065,0.0,0.0,31025561.600,9011.200,21638.800,28202861.600,0.0,0.0,940.200,797.0,0.0,0.0,0.400,2470805504.0,1703936.0,4622581760.0,1.61685102592e+11,0.0,0.0,31025561.600,9011.200,940.800,798.200,0.050,0.105,99.780,0.065,0.0,0.0,1493115100.344,
0.050,0.175,99.605,0.165,0.0,0.005,50769100.800,4915.200,41431.400,57363899.600,0.0,0.0,1470.800,1128.800,0.200,0.0,0.200,2443218944.0,1712128.0,4875890688.0,1.61459372032e+11,0.0,0.0,50769100.800,4915.200,1470.200,1127.600,0.050,0.175,99.605,0.165,0.0,0.005,1493115105.344,
0.080,0.190,99.505,0.220,0.0,0.005,62051123.200,4915.200,40239.200,53906833.800,0.0,0.0,1593.200,1325.400,0.400,0.0,0.400,2503606272.0,1720320.0,5184921600.0,1.610899456e+11,0.0,0.0,62051123.200,4915.200,1593.200,1325.600,0.085,0.190,99.500,0.220,0.0,0.005,1493115110.344,
0.050,0.160,99.585,0.200,0.0,0.005,42307584.0,10649.600,55729.800,55316343.200,0.0,0.0,1555.400,971.400,0.0,0.0,0.0,2443583488.0,1736704.0,5398016000.0,1.609368576e+11,0.0,0.0,42307584.0,10649.600,1555.400,971.200,0.050,0.160,99.585,0.200,0.0,0.005,1493115115.344,
0.070,0.180,99.525,0.220,0.0,0.005,47948595.200,8192.0,39354.0,50138470.0,0.0,0.0,1420.600,1089.0,0.0,0.200,0.400,2444034048.0,1744896.0,5637758976.0,1.60696655872e+11,0.0,0.0,47948595.200,8192.0,1421.0,1089.0,0.065,0.180,99.530,0.220,0.0,0.005,1493115120.344,
0.070,0.185,99.450,0.285,0.0,0.010,56410112.0,7372.800,43463.200,59006414.0,0.0,0.0,1557.200,1210.400,0.0,0.0,0.400,2448404480.0,1761280.0,5919809536.0,1.60410218496e+11,0.0,0.0,56410112.0,7372.800,1557.0,1210.800,0.070,0.185,99.450,0.285,0.0,0.010,1493115125.344,
0.075,0.170,99.465,0.285,0.0,0.005,59230617.600,5734.400,51367.0,60309791.0,0.0,0.0,1691.0,1254.0,0.200,0.0,0.0,2465280000.0,1761280.0,6214971392.0,1.6009818112e+11,0.0,0.0,59230617.600,5734.400,1695.600,1254.0,0.075,0.170,99.465,0.285,0.0,0.005,1493115130.344,
0.070,0.245,99.360,0.320,0.0,0.005,70512640.0,9830.400,71316.800,70208615.800,0.0,0.0,2060.0,1510.800,0.200,0.400,0.400,2479747072.0,1777664.0,6568660992.0,1.59730008064e+11,0.0,0.0,70512640.0,9830.400,2055.200,1510.400,0.070,0.245,99.360,0.320,0.0,0.005,1493115135.344,
0.090,0.230,99.395,0.270,0.0,0.015,64871628.800,9830.400,57057.200,73023952.600,0.0,0.0,2199.0,1450.800,0.200,0.0,0.800,2452729856.0,1794048.0,6892519424.0,1.59433150464e+11,0.0,0.0,64871628.800,9830.400,2199.0,1450.800,0.090,0.230,99.395,0.270,0.0,0.015,1493115140.344,
0.060,0.160,99.585,0.190,0.0,0.005,45128089.600,8192.0,37890.400,45658741.800,0.0,0.0,1345.600,1008.0,0.0,0.200,0.0,2468929536.0,1802240.0,7117406208.0,1.59192055808e+11,0.0,0.0,45128089.600,8192.0,1352.0,1008.400,0.065,0.160,99.580,0.190,0.0,0.005,1493115145.344,
0.080,0.195,99.525,0.200,0.0,0.0,54795468.800,10649.600,47288.600,51233045.400,0.0,0.0,1651.0,1260.400,0.200,0.200,0.800,2488799232.0,1818624.0,7393366016.0,1.5889620992e+11,0.0,0.0,55031398.400,10649.600,1648.600,1262.800,0.075,0.200,99.525,0.200,0.0,0.0,1493115150.344,
0.065,0.175,99.610,0.140,0.0,0.010,46742732.800,4915.200,38417.200,56606475.800,0.0,0.0,1537.600,1098.400,0.200,0.200,0.400,2450833408.0,1826816.0,7626231808.0,1.5870130176e+11,0.0,0.0,46506803.200,4915.200,1533.600,1095.600,0.065,0.170,99.615,0.140,0.0,0.010,1493115155.344,
0.075,0.195,99.565,0.160,0.0,0.005,53589606.400,9830.400,41514.600,54092841.0,0.0,0.0,1694.0,1228.0,0.0,0.0,0.400,2470285312.0,1843200.0,7893372928.0,1.58414692352e+11,0.0,0.0,53589606.400,9830.400,1694.0,1228.0,0.075,0.195,99.565,0.160,0.0,0.005,1493115160.344,
0.100,0.295,99.299,0.295,0.0,0.010,87435673.600,4915.200,79482.800,88860968.400,0.0,0.0,3031.600,1801.800,0.0,0.200,0.800,2483777536.0,1843200.0,8330268672.0,1.57964304384e+11,0.0,0.0,87435673.600,4915.200,3031.800,1801.800,0.100,0.295,99.299,0.295,0.0,0.010,1493115165.344,
0.065,0.205,99.550,0.175,0.0,0.005,56410112.0,8192.0,56529.200,63582170.600,0.0,0.0,2212.600,1223.400,0.0,0.0,0.0,2454380544.0,1859584.0,8613421056.0,1.57710532608e+11,0.0,0.0,56410112.0,8192.0,2212.400,1223.400,0.070,0.205,99.545,0.175,0.0,0.005,1493115170.344,
0.045,0.085,99.795,0.075,0.0,0.0,22564044.800,15564.800,17466.600,22154838.200,0.0,0.0,813.800,672.600,0.0,0.200,0.800,2474090496.0,1875968.0,8725929984.0,1.57578297344e+11,0.0,0.0,22564044.800,15564.800,814.200,673.0,0.045,0.085,99.795,0.075,0.0,0.0,1493115175.344,
0.075,0.220,99.465,0.235,0.0,0.005,62051123.200,4915.200,52556.200,66340029.0,0.0,0.0,1910.200,1343.800,0.200,0.0,0.400,2454802432.0,1884160.0,9036496896.0,1.57287010304e+11,0.0,0.0,62051123.200,4915.200,1909.800,1343.400,0.070,0.220,99.470,0.235,0.0,0.005,1493115180.344,
0.060,0.140,99.670,0.125,0.0,0.005,39487078.400,7372.800,30869.800,41308272.800,0.0,0.0,1224.0,922.200,0.200,0.0,0.400,2454077440.0,1900544.0,9234227200.0,1.57089988608e+11,0.0,0.0,39487078.400,7372.800,1224.200,922.200,0.060,0.140,99.670,0.125,0.0,0.005,1493115185.344,
0.070,0.180,99.565,0.185,0.0,0.0,47948595.200,8192.0,36784.0,44577293.0,0.0,0.0,1508.600,1084.600,0.600,0.600,0.600,2490036224.0,1908736.0,9471660032.0,1.568165888e+11,0.0,0.0,47948595.200,8192.0,1508.600,1085.800,0.075,0.180,99.560,0.185,0.0,0.0,1493115190.344,
0.060,0.150,99.670,0.120,0.0,0.0,36666572.800,10649.600,33462.600,43926589.200,0.0,0.0,1458.800,891.0,0.200,0.200,0.400,2461753344.0,1925120.0,9656369152.0,1.56660146176e+11,0.0,0.0,36666572.800,10649.600,1458.600,889.800,0.055,0.150,99.675,0.120,0.0,0.0,1493115195.344,
0.070,0.205,99.510,0.210,0.0,0.005,64620134.400,4915.200,49380.200,59607908.0,0.0,0.0,2218.800,1375.200,0.200,0.200,0.400,2508742656.0,1925120.0,9980358656.0,1.5628916736e+11,0.0,0.0,64856064.0,4915.200,2220.400,1377.600,0.070,0.210,99.505,0.210,0.0,0.005,1493115200.344,
0.055,0.160,99.620,0.155,0.0,0.010,39738572.800,8192.0,44290.0,46838327.400,0.0,0.0,1779.0,905.200,0.0,0.200,0.0,2478546944.0,1941504.0,10177396736.0,1.56122308608e+11,0.0,0.0,39502643.200,8192.0,1777.400,902.800,0.055,0.155,99.625,0.155,0.0,0.010,1493115205.344,
0.050,0.185,99.550,0.215,0.0,0.0,50769100.800,10649.600,39754.0,49736466.0,0.0,0.0,1846.400,1117.200,0.0,0.200,0.200,2491293696.0,1957888.0,10431803392.0,1.55855138816e+11,0.0,0.0,50769100.800,10649.600,1846.400,1117.200,0.050,0.185,99.550,0.215,0.0,0.0,1493115210.344,
0.070,0.205,99.485,0.235,0.0,0.005,53589606.400,0.0,47279.600,59284094.0,0.0,0.0,2200.200,1174.600,0.0,0.200,0.400,2475864064.0,1957888.0,10700320768.0,1.55602051072e+11,0.0,0.0,53589606.400,0.0,2200.200,1174.600,0.070,0.205,99.485,0.235,0.0,0.005,1493115215.344,
0.075,0.220,99.435,0.260,0.0,0.010,59230617.600,7372.800,54392.400,63720429.400,0.0,0.0,2357.600,1244.800,0.0,0.0,0.0,2477375488.0,1974272.0,10996023296.0,1.55304820736e+11,0.0,0.0,59230617.600,7372.800,2357.600,1244.800,0.075,0.220,99.435,0.260,0.0,0.010,1493115220.344,
0.095,0.190,99.425,0.285,0.0,0.005,59230617.600,4915.200,43730.0,61528216.0,0.0,0.0,2048.0,1254.800,0.0,0.200,0.400,2477580288.0,1982464.0,11292819456.0,1.55007811584e+11,0.0,0.0,59230617.600,4915.200,2048.0,1254.800,0.100,0.190,99.420,0.285,0.0,0.005,1493115225.344,
0.055,0.145,99.605,0.190,0.0,0.005,45128089.600,8192.0,37718.800,43411237.600,0.0,0.0,1318.600,1011.800,0.200,0.200,0.0,2492923904.0,1998848.0,11518767104.0,1.54766503936e+11,0.0,0.0,45285376.0,8192.0,1319.400,1013.400,0.050,0.145,99.610,0.190,0.0,0.005,1493115230.344,
0.070,0.145,99.610,0.170,0.0,0.005,42307584.0,3276.800,40160.600,49607387.200,0.0,0.0,1383.0,975.0,0.0,0.200,0.400,2460422144.0,1998848.0,11730092032.0,1.54587680768e+11,0.0,0.0,42150297.600,3276.800,1382.200,973.400,0.070,0.145,99.610,0.170,0.0,0.005,1493115235.344,
0.075,0.225,99.355,0.330,0.0,0.015,64871628.800,12288.0,51476.800,64979011.800,0.0,0.0,1854.0,1353.800,0.400,0.200,0.0,2481238016.0,2015232.0,12053766144.0,1.542431744e+11,0.0,0.0,64871628.800,12288.0,1856.200,1354.200,0.080,0.225,99.350,0.330,0.0,0.015,1493115240.344,
0.075,0.155,99.585,0.180,0.0,0.005,50769100.800,9830.400,35569.200,55950120.600,0.0,0.0,1461.200,1089.0,0.0,0.0,0.400,2462892032.0,2031616.0,12308303872.0,1.54006966272e+11,0.0,0.0,50769100.800,9830.400,1459.200,1088.600,0.075,0.155,99.585,0.180,0.0,0.005,1493115245.344,
0.090,0.235,99.410,0.260,0.0,0.005,67692134.400,7372.800,53883.800,70790107.200,0.0,0.0,1923.600,1393.0,0.0,0.200,0.0,2463387648.0,2039808.0,12646764544.0,1.53668001792e+11,0.0,0.0,67692134.400,7372.800,1923.400,1393.0,0.085,0.235,99.415,0.260,0.0,0.005,1493115250.344,
0.060,0.150,99.640,0.145,0.0,0.005,42307584.0,7372.800,41587.800,42144389.800,0.0,0.0,1336.200,966.0,0.0,0.0,0.400,2480803840.0,2056192.0,12858433536.0,1.53438900224e+11,0.0,0.0,42307584.0,7372.800,1337.400,966.0,0.060,0.150,99.640,0.145,0.0,0.005,1493115255.344,
0.050,0.125,99.700,0.125,0.0,0.0,36666572.800,4915.200,40060.800,40567133.0,0.0,0.0,1283.0,868.600,0.200,0.0,0.0,2462724096.0,2064384.0,13041627136.0,1.53273778176e+11,0.0,0.0,36666572.800,4915.200,1281.800,868.600,0.050,0.125,99.700,0.125,0.0,0.0,1493115260.344,
0.055,0.100,99.690,0.155,0.0,0.0,36666572.800,2457.600,32857.200,38363771.800,0.0,0.0,1159.800,854.200,0.0,0.0,0.400,2462883840.0,2072576.0,13224493056.0,1.5309074432e+11,0.0,0.0,36666572.800,2457.600,1160.0,854.200,0.055,0.105,99.685,0.155,0.0,0.0,1493115265.344,
0.050,0.125,99.655,0.165,0.0,0.005,43880448.0,9011.200,38644.0,44248086.800,0.0,0.0,1299.200,955.600,0.0,0.400,0.0,2473566208.0,2080768.0,13444976640.0,1.52859570176e+11,0.0,0.0,44011520.0,9011.200,1299.600,957.400,0.050,0.120,99.660,0.165,0.0,0.005,1493115270.344,
0.065,0.175,99.590,0.165,0.0,0.005,49196236.800,9011.200,34839.600,50180403.200,0.0,0.0,1504.0,1119.800,0.0,0.0,0.800,2482196480.0,2097152.0,13690339328.0,1.52605560832e+11,0.0,0.0,49065164.800,9011.200,1503.400,1118.0,0.070,0.175,99.585,0.165,0.0,0.005,1493115275.344,
0.070,0.215,99.465,0.250,0.0,0.0,59230617.600,4915.200,48107.800,63992929.200,0.0,0.0,1834.800,1241.600,0.0,0.0,0.0,2484228096.0,2105344.0,13986054144.0,1.52307806208e+11,0.0,0.0,59230617.600,4915.200,1834.800,1241.600,0.065,0.215,99.470,0.250,0.0,0.0,1493115280.344,
0.050,0.115,99.675,0.155,0.0,0.005,31025561.600,8192.0,25459.600,32435317.400,0.0,0.0,982.800,778.400,0.0,0.0,0.400,2483785728.0,2113536.0,14141235200.0,1.52153059328e+11,0.0,0.0,31025561.600,8192.0,982.800,778.400,0.055,0.115,99.670,0.155,0.0,0.005,1493115285.344,
0.070,0.105,99.670,0.150,0.0,0.005,42307584.0,10649.600,40330.600,44765535.400,0.0,0.0,1325.400,941.200,0.0,0.400,0.0,2469601280.0,2129920.0,14353182720.0,1.51955279872e+11,0.0,0.0,42307584.0,10649.600,1325.400,941.200,0.065,0.105,99.675,0.150,0.0,0.005,1493115290.344,
0.060,0.105,99.665,0.170,0.0,0.0,36666572.800,4915.200,42319.400,38783552.600,0.0,0.0,1254.200,859.0,0.0,0.200,0.400,2467131392.0,2138112.0,14536515584.0,1.51774408704e+11,0.0,0.0,36666572.800,4915.200,1254.200,859.0,0.060,0.105,99.665,0.170,0.0,0.0,1493115295.344,
0.060,0.140,99.605,0.190,0.0,0.005,45128089.600,3276.800,51131.200,47207043.400,0.0,0.0,1474.800,1008.400,0.0,0.0,0.400,2469314560.0,2146304.0,14762160128.0,1.515465728e+11,0.0,0.0,45128089.600,3276.800,1474.800,1008.400,0.065,0.140,99.600,0.190,0.0,0.005,1493115300.344,
0.095,0.215,99.305,0.375,0.0,0.010,67692134.400,13107.200,55158.0,69568972.200,0.0,0.0,1931.400,1424.400,0.200,0.400,0.800,2486870016.0,2154496.0,15100755968.0,1.51190413312e+11,0.0,0.0,67692134.400,13107.200,1931.400,1424.400,0.095,0.215,99.305,0.375,0.0,0.010,1493115305.344,
0.055,0.125,99.665,0.150,0.0,0.005,33846067.200,9011.200,30299.400,36626159.0,0.0,0.0,1109.0,846.800,0.0,0.0,0.0,2470027264.0,2170880.0,15269855232.0,1.51038140416e+11,0.0,0.0,33846067.200,9011.200,1109.200,846.800,0.050,0.125,99.670,0.150,0.0,0.005,1493115310.344,
0.070,0.150,99.530,0.250,0.0,0.0,47948595.200,9830.400,43110.400,50140548.800,0.0,0.0,1576.0,1160.0,0.0,0.0,0.400,2469539840.0,2187264.0,15509598208.0,1.5079886848e+11,0.0,0.0,47948595.200,9830.400,1575.800,1160.0,0.075,0.150,99.525,0.250,0.0,0.0,1493115315.344,
0.050,0.125,99.650,0.165,0.0,0.010,33846067.200,9830.400,35865.600,35408433.0,0.0,0.0,1436.0,858.800,0.0,0.200,0.400,2470711296.0,2195456.0,15678828544.0,1.50628458496e+11,0.0,0.0,33846067.200,9830.400,1436.0,858.800,0.050,0.125,99.645,0.170,0.0,0.010,1493115320.344,
0.070,0.135,99.595,0.200,0.0,0.0,42307584.0,3276.800,34345.200,40687168.0,0.0,0.0,1304.200,1001.800,0.0,0.200,0.400,2490220544.0,2203648.0,15890374656.0,1.50397394944e+11,0.0,0.0,42307584.0,3276.800,1304.200,1001.800,0.065,0.135,99.605,0.195,0.0,0.0,1493115325.344,
0.020,0.055,99.880,0.040,0.0,0.005,11282022.400,4915.200,17467.0,15383928.800,0.0,0.0,619.800,428.400,0.0,0.0,0.400,2471264256.0,2211840.0,15946784768.0,1.50359932928e+11,0.0,0.0,11282022.400,4915.200,620.600,428.400,0.020,0.055,99.880,0.040,0.0,0.005,1493115330.344,
0.020,0.010,99.955,0.015,0.0,0.0,0.0,7372.800,5705.0,11211.600,0.0,0.0,245.600,269.600,0.0,0.0,0.400,2473259008.0,2228224.0,15946784768.0,1.50357921792e+11,0.0,0.0,0.0,7372.800,245.0,269.600,0.020,0.010,99.955,0.015,0.0,0.0,1493115335.344,
