"Dstat 0.7.2 CSV output"
"Author:","Dag Wieers <dag@wieers.com>",,,,"URL:","http://dag.wieers.com/home-made/dstat/"
"Host:","osd1.skyhook--8osds.skyhook-pg0.wisc.cloudlab.us",,,,"User:","jlefevre"
"Cmdline:","dstat -av --epoch --integer --noheaders --output 8osds.dstat-osd1.log 5",,,,"Date:","25 Apr 2017 03:37:00 CDT"

"total cpu usage",,,,,,"dsk/total",,"net/total",,"paging",,"system",,"procs",,,"memory usage",,,,"paging",,"dsk/total",,"system",,"total cpu usage",,,,,,"epoch"
"usr","sys","idl","wai","hiq","siq","read","writ","recv","send","in","out","int","csw","run","blk","new","used","buff","cach","free","in","out","read","writ","int","csw","usr","sys","idl","wai","hiq","siq","epoch"
0.005,0.015,99.975,0.005,0.0,0.0,4096.0,2457.600,4268.200,9274.600,0.0,0.0,198.800,195.0,0.0,0.0,0.0,2447081472.0,1589248.0,131870720.0,1.66199652352e+11,0.0,0.0,4096.0,2457.600,198.800,195.0,0.005,0.015,99.975,0.005,0.0,0.0,1493116140.344,
0.205,0.500,97.488,1.771,0.0,0.035,181938585.600,4915.200,25326.800,18599760.0,0.0,0.0,2250.400,3244.0,0.0,1.600,0.800,2455474176.0,1597440.0,1042092032.0,1.65281030144e+11,0.0,0.0,182148300.800,4915.200,2251.200,3246.400,0.205,0.500,97.483,1.776,0.0,0.035,1493116145.344,
0.381,0.826,95.273,3.485,0.0,0.035,345171558.400,10649.600,36406.0,35390922.800,0.0,0.0,4021.200,5795.600,0.600,2.400,0.0,2492514304.0,1613824.0,2769158144.0,1.6351690752e+11,0.0,0.0,345239552.0,10649.600,4021.800,5796.400,0.381,0.826,95.273,3.485,0.0,0.035,1493116150.344,
0.380,0.811,95.459,3.319,0.0,0.030,333097369.600,4915.200,39051.200,35048421.400,0.0,0.0,4013.600,5707.400,0.200,2.0,0.800,2482634752.0,1622016.0,4433727488.0,1.61862209536e+11,0.0,0.0,333108019.200,4915.200,4013.400,5707.200,0.380,0.816,95.455,3.319,0.0,0.030,1493116155.344,
0.335,0.741,96.100,2.798,0.0,0.025,305552588.800,16384.0,38260.0,32825475.800,0.0,0.0,3708.800,5217.0,0.400,2.400,0.400,2447515648.0,1638400.0,5960454144.0,1.603705856e+11,0.0,0.0,305447731.200,16384.0,3708.200,5216.200,0.340,0.736,96.106,2.793,0.0,0.025,1493116160.344,
0.380,0.956,95.070,3.559,0.0,0.035,358964428.800,9830.400,41046.400,37471087.800,0.0,0.0,4317.800,6091.400,1.400,1.600,0.400,2454605824.0,1646592.0,7755386880.0,1.58568554496e+11,0.0,0.0,358990643.200,9830.400,4317.800,6091.200,0.375,0.961,95.069,3.559,0.0,0.035,1493116165.344,
0.376,0.861,95.924,2.819,0.0,0.020,334025523.200,8192.0,37592.200,34504288.600,0.0,0.0,4044.200,5725.600,1.400,2.200,0.800,2467942400.0,1654784.0,9425457152.0,1.56885139456e+11,0.0,0.0,334025523.200,8192.0,4045.600,5727.800,0.376,0.856,95.923,2.825,0.0,0.020,1493116170.344,
0.330,0.886,96.316,2.443,0.0,0.025,334077952.0,4915.200,37004.200,35104481.200,0.0,0.0,3964.200,5655.400,0.600,2.0,0.0,2476994560.0,1662976.0,11095166976.0,1.5520636928e+11,0.0,0.0,334077952.0,4915.200,3963.0,5653.200,0.330,0.886,96.316,2.443,0.0,0.025,1493116175.344,
0.411,0.992,95.268,3.300,0.0,0.030,371011584.0,10649.600,43298.0,39186577.0,0.0,0.0,4549.0,6397.600,0.200,1.600,0.800,2455691264.0,1679360.0,12950786048.0,1.5337203712e+11,0.0,0.0,370801868.800,10649.600,4548.0,6395.600,0.411,0.991,95.273,3.295,0.0,0.030,1493116180.344,
0.295,0.760,96.758,2.171,0.0,0.015,291136307.200,8192.0,36234.200,29810747.400,0.0,0.0,3493.600,4951.800,0.800,1.400,0.0,2490388480.0,1687552.0,14406533120.0,1.5188158464e+11,0.0,0.0,291398451.200,8192.0,3494.800,4954.600,0.295,0.761,96.753,2.177,0.0,0.015,1493116185.344,
0.335,0.776,96.415,2.463,0.0,0.010,301327155.200,7372.800,34342.800,32162918.0,0.0,0.0,3619.400,5172.0,0.800,2.200,0.800,2464768000.0,1703936.0,15913406464.0,1.50400315392e+11,0.0,0.0,301248512.0,7372.800,3619.200,5171.200,0.335,0.781,96.415,2.458,0.0,0.010,1493116190.344,
0.010,0.035,99.885,0.070,0.0,0.0,8304230.400,819.200,7186.200,897547.400,0.0,0.0,350.800,411.0,0.0,0.0,0.0,2461306880.0,1703936.0,15954935808.0,1.50362247168e+11,0.0,0.0,8120729.600,819.200,350.200,409.0,0.010,0.035,99.885,0.070,0.0,0.0,1493116195.344,
