"Dstat 0.7.2 CSV output"
"Author:","Dag Wieers <dag@wieers.com>",,,,"URL:","http://dag.wieers.com/home-made/dstat/"
"Host:","osd1.skyhook--8osds.skyhook-pg0.wisc.cloudlab.us",,,,"User:","jlefevre"
"Cmdline:","dstat -av --epoch --integer --noheaders --output 8osds.dstat-osd1.log 5",,,,"Date:","25 Apr 2017 03:37:00 CDT"

"total cpu usage",,,,,,"dsk/total",,"net/total",,"paging",,"system",,"procs",,,"memory usage",,,,"paging",,"dsk/total",,"system",,"total cpu usage",,,,,,"epoch"
"usr","sys","idl","wai","hiq","siq","read","writ","recv","send","in","out","int","csw","run","blk","new","used","buff","cach","free","in","out","read","writ","int","csw","usr","sys","idl","wai","hiq","siq","epoch"
0.0,0.010,99.990,0.0,0.0,0.0,0.0,3276.800,5232.800,10275.0,0.0,0.0,205.800,193.800,0.0,0.0,0.0,2463678464.0,1830912.0,15955017728.0,1.50359666688e+11,0.0,0.0,0.0,3276.800,205.800,193.800,0.0,0.010,99.990,0.0,0.0,0.0,1493115725.344,
0.090,0.330,99.575,0.0,0.0,0.005,0.0,4915.200,156636.0,102973463.200,0.0,0.0,4699.400,507.600,0.0,0.0,0.0,2496634880.0,1839104.0,15955017728.0,1.5032670208e+11,0.0,0.0,0.0,4915.200,4703.0,507.600,0.095,0.330,99.570,0.0,0.0,0.005,1493115730.344,
0.145,0.450,99.400,0.0,0.0,0.005,0.0,0.0,226562.600,159148613.800,0.0,0.0,4756.400,682.400,0.0,0.0,0.0,2553618432.0,1839104.0,15955017728.0,1.50269718528e+11,0.0,0.0,0.0,0.0,4754.800,682.400,0.145,0.450,99.399,0.0,0.0,0.005,1493115735.344,
0.085,0.255,99.650,0.0,0.0,0.010,0.0,2457.600,155602.200,109511337.800,0.0,0.0,3164.600,469.600,0.0,0.0,0.0,2463694848.0,1847296.0,15955017728.0,1.5035963392e+11,0.0,0.0,0.0,2457.600,3162.600,469.600,0.080,0.255,99.655,0.0,0.0,0.010,1493115740.344,
0.120,0.390,99.485,0.0,0.0,0.005,0.0,0.0,216832.400,147118224.0,0.0,0.0,4253.600,618.600,0.400,0.0,0.0,2481250304.0,1847296.0,15955021824.0,1.50342074368e+11,0.0,0.0,0.0,0.0,4254.800,619.0,0.120,0.390,99.485,0.0,0.0,0.005,1493115745.344,
0.140,0.395,99.435,0.010,0.0,0.020,8192.0,2457.600,214620.800,152846439.800,0.0,0.0,4215.800,647.200,0.200,0.0,0.200,2494246912.0,1855488.0,15955062784.0,1.50329028608e+11,0.0,0.0,8192.0,2457.600,4219.0,646.800,0.140,0.400,99.430,0.010,0.0,0.020,1493115750.344,
0.115,0.280,99.595,0.0,0.0,0.010,0.0,3276.800,177849.200,118483054.200,0.0,0.0,3529.400,555.600,0.0,0.0,0.0,2497437696.0,1863680.0,15955062784.0,1.50325829632e+11,0.0,0.0,0.0,3276.800,3528.200,555.600,0.120,0.275,99.595,0.0,0.0,0.010,1493115755.344,
0.120,0.320,99.545,0.005,0.0,0.010,0.0,4096.0,202877.0,136154270.0,0.0,0.0,5682.600,561.400,0.400,0.0,0.0,2478157824.0,1871872.0,15955062784.0,1.50345101312e+11,0.0,0.0,0.0,4096.0,5679.200,561.400,0.115,0.320,99.550,0.005,0.0,0.010,1493115760.344,
0.140,0.405,99.445,0.0,0.0,0.010,0.0,4915.200,208769.800,150419984.400,0.0,0.0,6144.800,615.400,0.0,0.0,0.0,2465456128.0,1880064.0,15955062784.0,1.50357794816e+11,0.0,0.0,0.0,4915.200,6144.800,615.400,0.145,0.405,99.440,0.0,0.0,0.010,1493115765.344,
0.135,0.335,99.519,0.0,0.0,0.010,0.0,0.0,224014.0,138692522.800,0.0,0.0,6329.600,622.800,0.400,0.0,0.0,2477498368.0,1880064.0,15955062784.0,1.50345752576e+11,0.0,0.0,0.0,0.0,6329.600,622.800,0.130,0.340,99.520,0.0,0.0,0.010,1493115770.344,
0.155,0.486,99.354,0.0,0.0,0.005,0.0,2457.600,228589.0,162192643.600,0.0,0.0,6929.800,730.0,0.200,0.0,0.0,2584109056.0,1888256.0,15955062784.0,1.50239133696e+11,0.0,0.0,0.0,2457.600,6934.800,730.0,0.155,0.481,99.359,0.0,0.0,0.005,1493115775.344,
0.125,0.360,99.510,0.0,0.0,0.005,0.0,0.0,205110.600,155055906.400,0.0,0.0,5067.0,600.400,0.200,0.0,0.0,2490056704.0,1888256.0,15955062784.0,1.50333186048e+11,0.0,0.0,0.0,0.0,5065.200,600.400,0.125,0.365,99.505,0.0,0.0,0.005,1493115780.344,
0.130,0.415,99.440,0.0,0.0,0.015,0.0,2457.600,194225.600,144667690.600,0.0,0.0,3949.0,608.200,0.400,0.0,0.0,2540011520.0,1896448.0,15955062784.0,1.5028322304e+11,0.0,0.0,0.0,2457.600,3949.600,608.200,0.130,0.410,99.445,0.0,0.0,0.015,1493115785.344,
0.125,0.330,99.530,0.0,0.0,0.015,0.0,819.200,203419.0,144918370.800,0.0,0.0,3987.0,591.600,0.200,0.0,0.0,2517471232.0,1896448.0,15955062784.0,1.50305763328e+11,0.0,0.0,0.0,819.200,3983.200,591.600,0.125,0.330,99.530,0.0,0.0,0.015,1493115790.344,
0.115,0.310,99.560,0.0,0.0,0.015,0.0,3276.800,185917.400,130982306.200,0.0,0.0,4241.400,586.800,0.400,0.0,0.0,2488500224.0,1904640.0,15955062784.0,1.50334726144e+11,0.0,0.0,0.0,3276.800,4245.200,587.200,0.115,0.310,99.560,0.0,0.0,0.015,1493115795.344,
0.125,0.325,99.545,0.0,0.0,0.005,0.0,4915.200,189079.0,135408855.800,0.0,0.0,5444.600,572.600,0.0,0.0,0.0,2462347264.0,1912832.0,15955062784.0,1.50360870912e+11,0.0,0.0,0.0,4915.200,5440.800,572.200,0.130,0.325,99.540,0.0,0.0,0.005,1493115800.344,
0.120,0.335,99.535,0.0,0.0,0.010,0.0,0.0,193624.0,131783456.0,0.0,0.0,5523.0,579.200,0.200,0.0,0.0,2498576384.0,1912832.0,15955062784.0,1.50324641792e+11,0.0,0.0,0.0,0.0,5527.800,579.200,0.115,0.335,99.540,0.0,0.0,0.010,1493115805.344,
0.130,0.360,99.505,0.0,0.0,0.005,0.0,2457.600,192383.200,148443058.400,0.0,0.0,5822.400,592.400,0.200,0.0,0.0,2462973952.0,1921024.0,15955062784.0,1.50360236032e+11,0.0,0.0,0.0,2457.600,5817.600,592.400,0.130,0.360,99.505,0.0,0.0,0.005,1493115810.344,
0.165,0.430,99.394,0.0,0.0,0.010,0.0,0.0,239035.400,160054954.0,0.0,0.0,6902.800,688.800,0.0,0.0,0.0,2481532928.0,1921024.0,15955062784.0,1.50341677056e+11,0.0,0.0,0.0,0.0,6909.600,688.800,0.165,0.430,99.394,0.0,0.0,0.010,1493115815.344,
0.125,0.385,99.490,0.0,0.0,0.0,0.0,2457.600,209747.600,149658087.200,0.0,0.0,5957.0,647.0,0.0,0.0,0.0,2462068736.0,1929216.0,15955062784.0,1.50361133056e+11,0.0,0.0,0.0,2457.600,5950.200,647.0,0.130,0.385,99.485,0.0,0.0,0.0,1493115820.344,
0.090,0.270,99.640,0.0,0.0,0.0,0.0,0.0,147042.400,102814670.400,0.0,0.0,4334.0,508.0,0.200,0.0,0.0,2480398336.0,1929216.0,15955066880.0,1.5034279936e+11,0.0,0.0,0.0,0.0,4342.0,508.0,0.085,0.270,99.645,0.0,0.0,0.0,1493115825.344,
0.115,0.310,99.570,0.0,0.0,0.005,0.0,4096.0,172974.600,122834089.600,0.0,0.0,5176.0,529.0,0.200,0.0,0.0,2480836608.0,1937408.0,15955066880.0,1.50342352896e+11,0.0,0.0,0.0,4096.0,5171.400,529.0,0.115,0.310,99.570,0.0,0.0,0.005,1493115830.344,
0.105,0.290,99.595,0.010,0.0,0.0,0.0,4915.200,174575.400,113811442.400,0.0,0.0,5070.400,517.0,0.0,0.0,0.0,2480271360.0,1945600.0,15955066880.0,1.50342909952e+11,0.0,0.0,0.0,4915.200,5068.800,517.400,0.105,0.295,99.590,0.010,0.0,0.0,1493115835.344,
0.120,0.390,99.480,0.0,0.0,0.010,0.0,0.0,208892.400,150285461.400,0.0,0.0,6074.400,612.0,0.0,0.0,0.0,2471170048.0,1945600.0,15955066880.0,1.50352011264e+11,0.0,0.0,0.0,0.0,6072.600,611.600,0.125,0.385,99.480,0.0,0.0,0.010,1493115840.344,
0.105,0.265,99.625,0.005,0.0,0.0,0.0,2457.600,164808.400,102770873.600,0.0,0.0,4625.800,482.0,0.200,0.0,0.0,2482298880.0,1953792.0,15955066880.0,1.5034087424e+11,0.0,0.0,0.0,2457.600,4630.400,482.0,0.100,0.270,99.625,0.005,0.0,0.0,1493115845.344,
0.040,0.105,99.850,0.0,0.0,0.005,0.0,0.0,63483.0,38837435.0,0.0,0.0,1904.600,277.200,0.0,0.0,0.0,2463588352.0,1953792.0,15955066880.0,1.50359584768e+11,0.0,0.0,0.0,0.0,1900.200,277.200,0.040,0.105,99.850,0.0,0.0,0.005,1493115850.344,
