"Dstat 0.7.2 CSV output"
"Author:","Dag Wieers <dag@wieers.com>",,,,"URL:","http://dag.wieers.com/home-made/dstat/"
"Host:","osd1.skyhook--8osds.skyhook-pg0.wisc.cloudlab.us",,,,"User:","jlefevre"
"Cmdline:","dstat -av --epoch --integer --noheaders --output 8osds.dstat-osd1.log 5",,,,"Date:","25 Apr 2017 03:37:00 CDT"

"total cpu usage",,,,,,"dsk/total",,"net/total",,"paging",,"system",,"procs",,,"memory usage",,,,"paging",,"dsk/total",,"system",,"total cpu usage",,,,,,"epoch"
"usr","sys","idl","wai","hiq","siq","read","writ","recv","send","in","out","int","csw","run","blk","new","used","buff","cach","free","in","out","read","writ","int","csw","usr","sys","idl","wai","hiq","siq","epoch"
0.0,0.015,99.985,0.0,0.0,0.0,0.0,4096.0,3067.800,8664.400,0.0,0.0,164.400,151.800,0.0,0.0,0.0,2471251968.0,1482752.0,16024158208.0,1.50283300864e+11,0.0,0.0,0.0,4096.0,164.600,152.200,0.0,0.010,99.990,0.0,0.0,0.0,1493125980.344,
0.971,0.480,98.534,0.0,0.0,0.015,0.0,4915.200,171777.0,95973263.200,0.0,0.0,5426.0,634.0,0.600,0.0,0.0,2537156608.0,1490944.0,16024158208.0,1.50217388032e+11,0.0,0.0,0.0,4915.200,5430.800,633.600,0.976,0.480,98.529,0.0,0.0,0.015,1493125985.344,
1.481,0.641,97.863,0.0,0.0,0.015,0.0,0.0,246190.0,154882342.800,0.0,0.0,7381.0,711.600,1.0,0.0,0.0,2610286592.0,1490944.0,16024158208.0,1.50144258048e+11,0.0,0.0,0.0,0.0,7375.800,711.600,1.481,0.641,97.863,0.0,0.0,0.015,1493125990.344,
0.840,0.355,98.794,0.010,0.0,0.0,0.0,2457.600,195590.400,120726784.400,0.0,0.0,4200.0,557.800,1.600,0.0,0.0,2480193536.0,1499136.0,16024158208.0,1.50274342912e+11,0.0,0.0,0.0,2457.600,4200.0,557.800,0.836,0.355,98.799,0.010,0.0,0.0,1493125995.344,
1.306,0.530,98.149,0.0,0.0,0.015,0.0,0.0,236651.200,148506727.200,0.0,0.0,5273.400,632.600,1.400,0.0,0.0,2499600384.0,1499136.0,16024158208.0,1.50254936064e+11,0.0,0.0,0.0,0.0,5275.0,635.0,1.306,0.530,98.149,0.0,0.0,0.015,1493126000.344,
1.341,0.546,98.088,0.005,0.0,0.020,0.0,2457.600,248750.600,152402556.200,0.0,0.0,5183.600,663.800,1.600,0.0,0.0,2512080896.0,1507328.0,16024158208.0,1.5024244736e+11,0.0,0.0,0.0,2457.600,5186.0,661.400,1.346,0.550,98.078,0.005,0.0,0.020,1493126005.344,
1.101,0.390,98.504,0.0,0.0,0.005,7372.800,0.0,195380.400,118100133.0,0.0,0.0,4299.200,576.0,0.800,0.0,0.200,2543194112.0,1507328.0,16024195072.0,1.5021129728e+11,0.0,0.0,7372.800,0.0,4298.400,576.0,1.096,0.385,98.514,0.0,0.0,0.005,1493126010.344,
1.176,0.470,98.339,0.0,0.0,0.015,0.0,3276.800,218279.200,140370144.600,0.0,0.0,4707.400,632.800,1.0,0.0,0.0,2522189824.0,1515520.0,16024195072.0,1.50232293376e+11,0.0,0.0,0.0,3276.800,4708.0,633.0,1.176,0.470,98.339,0.0,0.0,0.015,1493126015.344,
1.256,0.540,98.174,0.005,0.0,0.025,0.0,4915.200,232925.200,145373192.200,0.0,0.0,5613.600,635.800,1.600,0.0,0.0,2506502144.0,1523712.0,16024195072.0,1.50247972864e+11,0.0,0.0,0.0,4915.200,5609.800,635.600,1.256,0.540,98.174,0.005,0.0,0.025,1493126020.344,
1.201,0.505,98.288,0.0,0.0,0.005,0.0,0.0,214556.200,138601637.0,0.0,0.0,6692.600,570.200,1.800,0.0,0.0,2525659136.0,1523712.0,16024195072.0,1.50228815872e+11,0.0,0.0,0.0,0.0,6692.800,570.200,1.201,0.510,98.283,0.0,0.0,0.005,1493126025.344,
1.451,0.586,97.923,0.010,0.0,0.030,0.0,2457.600,237655.0,167537067.200,0.0,0.0,7670.800,742.0,2.0,0.0,0.0,2544185344.0,1531904.0,16024195072.0,1.50210281472e+11,0.0,0.0,0.0,2457.600,7672.600,742.0,1.452,0.581,97.927,0.010,0.0,0.030,1493126030.344,
1.241,0.480,98.268,0.0,0.0,0.010,0.0,0.0,215749.200,129231513.800,0.0,0.0,6953.800,574.0,1.600,0.0,0.0,2594660352.0,1531904.0,16024195072.0,1.50159806464e+11,0.0,0.0,0.0,0.0,6957.800,574.400,1.241,0.480,98.269,0.0,0.0,0.010,1493126035.344,
1.241,0.526,98.218,0.005,0.0,0.010,0.0,2457.600,235585.0,149110225.0,0.0,0.0,7352.400,648.200,1.800,0.0,0.0,2548842496.0,1540096.0,16024199168.0,1.50205612032e+11,0.0,0.0,0.0,2457.600,7351.800,648.200,1.246,0.526,98.213,0.005,0.0,0.010,1493126040.344,
1.206,0.495,98.283,0.0,0.0,0.015,0.0,0.0,206806.800,137425192.600,0.0,0.0,6504.800,587.200,1.400,0.0,0.0,2567962624.0,1540096.0,16024199168.0,1.50186491904e+11,0.0,0.0,0.0,0.0,6504.800,587.200,1.207,0.496,98.283,0.0,0.0,0.015,1493126045.344,
1.131,0.455,98.393,0.010,0.0,0.010,0.0,4096.0,215889.600,136759126.0,0.0,0.0,6276.0,596.200,0.600,0.0,0.0,2518171648.0,1548288.0,16024199168.0,1.50236274688e+11,0.0,0.0,0.0,4096.0,6274.400,596.200,1.131,0.455,98.394,0.010,0.0,0.010,1493126050.344,
1.186,0.520,98.269,0.005,0.0,0.020,0.0,4915.200,202760.800,128110952.0,0.0,0.0,6131.200,606.0,0.400,0.0,0.0,2594500608.0,1556480.0,16024199168.0,1.50159937536e+11,0.0,0.0,0.0,4915.200,6129.400,605.600,1.186,0.520,98.269,0.005,0.0,0.020,1493126055.344,
0.961,0.415,98.614,0.0,0.0,0.010,0.0,0.0,176510.200,119966110.400,0.0,0.0,5743.0,556.600,0.200,0.0,0.0,2529435648.0,1556480.0,16024199168.0,1.50225002496e+11,0.0,0.0,0.0,0.0,5741.0,556.600,0.956,0.415,98.619,0.0,0.0,0.010,1493126060.344,
0.840,0.365,98.774,0.010,0.0,0.010,0.0,2457.600,132046.800,102297258.800,0.0,0.0,3113.0,498.800,0.600,0.0,0.0,2523009024.0,1564672.0,16024199168.0,1.50231420928e+11,0.0,0.0,0.0,2457.600,3113.0,498.800,0.840,0.370,98.769,0.010,0.0,0.010,1493126065.344,
0.990,0.425,98.564,0.0,0.0,0.020,0.0,0.0,175954.400,114979245.200,0.0,0.0,3921.0,513.200,0.600,0.0,0.0,2532466688.0,1564672.0,16024199168.0,1.50221963264e+11,0.0,0.0,0.0,0.0,3921.0,513.200,0.990,0.420,98.569,0.0,0.0,0.020,1493126070.344,
1.066,0.460,98.449,0.005,0.0,0.020,0.0,2457.600,165494.0,122054518.0,0.0,0.0,5143.600,538.800,0.400,0.0,0.0,2508406784.0,1572864.0,16024199168.0,1.50246014976e+11,0.0,0.0,0.0,2457.600,5143.600,538.800,1.070,0.460,98.444,0.005,0.0,0.020,1493126075.344,
1.121,0.470,98.389,0.0,0.0,0.020,0.0,0.0,172558.0,121217308.200,0.0,0.0,4370.400,577.800,0.600,0.0,0.0,2562498560.0,1572864.0,16024199168.0,1.501919232e+11,0.0,0.0,0.0,0.0,4371.600,577.800,1.121,0.470,98.389,0.0,0.0,0.020,1493126080.344,
0.630,0.270,99.085,0.010,0.0,0.005,0.0,3276.800,129249.600,79250518.600,0.0,0.0,2773.200,426.400,0.200,0.0,0.0,2528210944.0,1581056.0,16024199168.0,1.50226202624e+11,0.0,0.0,0.0,3276.800,2776.200,426.800,0.630,0.270,99.085,0.010,0.0,0.005,1493126085.344,
0.705,0.260,99.025,0.0,0.0,0.010,0.0,4915.200,115655.400,81570449.800,0.0,0.0,2693.0,442.0,1.0,0.0,0.0,2512580608.0,1589248.0,16024199168.0,1.50241824768e+11,0.0,0.0,0.0,4915.200,2688.800,441.600,0.705,0.260,99.025,0.0,0.0,0.010,1493126090.344,
0.841,0.280,98.869,0.0,0.0,0.010,0.0,0.0,119842.600,94385315.400,0.0,0.0,2610.400,470.800,0.0,0.0,0.400,2489163776.0,1589248.0,16024203264.0,1.50265237504e+11,0.0,0.0,0.0,0.0,2610.400,470.800,0.840,0.280,98.869,0.0,0.0,0.010,1493126095.344,
0.415,0.175,99.405,0.005,0.0,0.0,0.0,7372.800,46202.600,47182376.200,0.0,0.0,1328.200,353.800,0.200,0.0,0.0,2489659392.0,1605632.0,16024203264.0,1.50264725504e+11,0.0,0.0,0.0,7372.800,1328.200,353.800,0.415,0.175,99.405,0.005,0.0,0.0,1493126100.344,
0.660,0.250,99.085,0.0,0.0,0.005,0.0,0.0,87846.600,73727055.800,0.0,0.0,2042.600,387.0,0.600,0.0,0.0,2488020992.0,1605632.0,16024203264.0,1.50266363904e+11,0.0,0.0,0.0,0.0,2042.600,387.0,0.660,0.250,99.085,0.0,0.0,0.005,1493126105.344,
1.026,0.435,98.524,0.015,0.0,0.0,0.0,5734.400,158847.800,120573372.800,0.0,0.0,4364.400,546.200,0.400,0.0,0.0,2489360384.0,1622016.0,16024199168.0,1.50265012224e+11,0.0,0.0,0.0,5734.400,4373.0,546.200,1.021,0.435,98.529,0.015,0.0,0.0,1493126110.344,
0.750,0.320,98.915,0.010,0.0,0.005,0.0,4915.200,141449.0,85855993.0,0.0,0.0,3867.200,489.600,0.200,0.0,0.400,2488205312.0,1630208.0,16024207360.0,1.50266150912e+11,0.0,0.0,0.0,4915.200,3858.600,489.600,0.750,0.320,98.915,0.010,0.0,0.005,1493126115.344,
0.720,0.300,98.965,0.010,0.0,0.005,0.0,11468.800,124007.800,82561096.400,0.0,0.0,3901.0,463.600,0.0,0.0,0.0,2488397824.0,1646592.0,16024207360.0,1.50265942016e+11,0.0,0.0,0.0,11468.800,3901.200,463.600,0.720,0.300,98.965,0.010,0.0,0.005,1493126120.344,
0.005,0.010,99.980,0.005,0.0,0.0,0.0,5734.400,3716.600,11191.0,0.0,0.0,176.800,185.600,0.0,0.0,0.0,2488573952.0,1662976.0,16024211456.0,1.50265745408e+11,0.0,0.0,0.0,5734.400,176.800,185.600,0.005,0.010,99.980,0.005,0.0,0.0,1493126125.344,
