"Dstat 0.7.2 CSV output"
"Author:","Dag Wieers <dag@wieers.com>",,,,"URL:","http://dag.wieers.com/home-made/dstat/"
"Host:","osd0.skyhook--8osds.skyhook-pg0.wisc.cloudlab.us",,,,"User:","jlefevre"
"Cmdline:","dstat -av --epoch --integer --noheaders --output 8osds.dstat-osd0.log 5",,,,"Date:","25 Apr 2017 03:36:54 CDT"

"total cpu usage",,,,,,"dsk/total",,"net/total",,"paging",,"system",,"procs",,,"memory usage",,,,"paging",,"dsk/total",,"system",,"total cpu usage",,,,,,"epoch"
"usr","sys","idl","wai","hiq","siq","read","writ","recv","send","in","out","int","csw","run","blk","new","used","buff","cach","free","in","out","read","writ","int","csw","usr","sys","idl","wai","hiq","siq","epoch"
0.015,0.005,99.975,0.005,0.0,0.0,0.0,2457.600,5859.0,8440.600,0.0,0.0,203.600,194.600,0.0,0.0,0.0,2445066240.0,1462272.0,130867200.0,1.6620279808e+11,0.0,0.0,0.0,2457.600,203.600,194.600,0.015,0.010,99.970,0.005,0.0,0.0,1493118589.035,
0.160,0.270,99.129,0.435,0.0,0.005,53589606.400,4915.200,67360.200,37598119.200,0.0,0.0,2508.200,1201.600,0.200,0.0,0.400,2541428736.0,1470464.0,397815808.0,1.65839478784e+11,0.0,0.0,53589606.400,4915.200,2511.200,1202.0,0.160,0.265,99.135,0.435,0.0,0.005,1493118594.035,
0.155,0.315,99.340,0.180,0.0,0.010,62051123.200,7372.800,112999.400,83389185.400,0.0,0.0,3770.800,1351.600,0.200,0.200,0.400,2438078464.0,1486848.0,708841472.0,1.65631787008e+11,0.0,0.0,62051123.200,7372.800,3767.800,1351.200,0.160,0.315,99.335,0.180,0.0,0.010,1493118599.035,
0.235,0.335,99.159,0.265,0.0,0.005,81794662.400,4915.200,113436.0,85554793.0,0.0,0.0,3283.800,1726.800,0.400,0.0,0.0,2438008832.0,1495040.0,1116872704.0,1.65223817216e+11,0.0,0.0,81794662.400,4915.200,3284.400,1727.200,0.230,0.340,99.159,0.265,0.0,0.005,1493118604.034,
0.210,0.390,99.060,0.335,0.0,0.005,80651878.400,10649.600,89224.800,72735186.400,0.0,0.0,2629.400,1622.400,0.600,0.200,0.400,2506199040.0,1511424.0,1522487296.0,1.64749996032e+11,0.0,0.0,80835379.200,10649.600,2630.200,1624.200,0.215,0.385,99.060,0.335,0.0,0.005,1493118609.035,
0.195,0.375,99.164,0.255,0.0,0.010,80902553.600,2457.600,123576.600,93316476.800,0.0,0.0,3243.400,1642.400,0.200,0.400,0.200,2460606464.0,1511424.0,1925738496.0,1.64392337408e+11,0.0,0.0,81007411.200,2457.600,3245.400,1643.800,0.190,0.375,99.169,0.255,0.0,0.010,1493118614.035,
0.215,0.410,98.999,0.370,0.0,0.005,92316467.200,13107.200,125006.0,96616631.0,0.0,0.0,3354.800,1824.0,0.200,0.200,0.400,2454728704.0,1527808.0,2386894848.0,1.63937042432e+11,0.0,0.0,92028108.800,13107.200,3351.400,1820.400,0.215,0.415,98.994,0.370,0.0,0.005,1493118619.035,
0.240,0.395,99.029,0.325,0.0,0.010,90256179.200,4915.200,122279.400,91570132.200,0.0,0.0,3360.400,1794.600,0.400,0.0,0.400,2481586176.0,1536000.0,2837139456.0,1.6345993216e+11,0.0,0.0,90256179.200,4915.200,3363.400,1795.0,0.245,0.390,99.029,0.325,0.0,0.010,1493118624.035,
0.250,0.425,98.909,0.405,0.0,0.010,98160640.0,7372.800,148679.0,102570779.400,0.0,0.0,3848.0,1949.600,0.0,1.0,0.200,2471526400.0,1552384.0,3329994752.0,1.62977120256e+11,0.0,0.0,98344140.800,7372.800,3849.800,1950.600,0.245,0.425,98.914,0.405,0.0,0.010,1493118629.035,
0.215,0.445,98.984,0.340,0.0,0.015,93646028.800,6553.600,162902.0,100884389.600,0.0,0.0,3911.800,1875.800,0.400,0.0,0.400,2461163520.0,1560576.0,3797385216.0,1.6252008448e+11,0.0,0.0,93462528.0,6553.600,3907.0,1874.400,0.215,0.445,98.984,0.340,0.0,0.015,1493118634.035,
0.130,0.325,99.325,0.210,0.0,0.010,64871628.800,2457.600,94347.0,70677290.400,0.0,0.0,2621.600,1379.200,0.200,0.200,0.0,2446934016.0,1568768.0,4121178112.0,1.62210512896e+11,0.0,0.0,64871628.800,2457.600,2621.600,1379.200,0.135,0.325,99.320,0.210,0.0,0.010,1493118639.035,
0.250,0.465,98.849,0.410,0.0,0.025,100342988.800,8192.0,133512.400,92967208.600,0.0,0.0,4749.600,1993.0,0.600,0.200,0.400,2512818176.0,1576960.0,4623740928.0,1.61642057728e+11,0.0,0.0,100552704.0,8192.0,4756.0,1995.400,0.245,0.465,98.849,0.415,0.0,0.025,1493118644.035,
0.260,0.455,98.909,0.360,0.0,0.015,105553920.0,11468.800,170370.800,119445772.400,0.0,0.0,5353.400,2041.600,0.200,0.200,0.0,2466836480.0,1593344.0,5150486528.0,1.6116127744e+11,0.0,0.0,105344204.800,11468.800,5347.400,2039.200,0.260,0.460,98.910,0.355,0.0,0.015,1493118649.035,
0.250,0.480,98.814,0.435,0.0,0.020,106718003.200,9830.400,164684.600,110140837.600,0.0,0.0,4158.400,2113.200,0.400,0.800,0.400,2473951232.0,1609728.0,5686022144.0,1.60618610688e+11,0.0,0.0,106927718.400,9830.400,4163.600,2116.600,0.250,0.476,98.818,0.436,0.0,0.020,1493118654.035,
0.295,0.556,98.598,0.521,0.0,0.030,124563456.0,2457.600,184697.400,134706335.400,0.0,0.0,4837.0,2405.200,0.0,0.0,0.0,2445123584.0,1609728.0,6307074048.0,1.60026386432e+11,0.0,0.0,124353740.800,2457.600,4831.400,2401.800,0.295,0.556,98.598,0.521,0.0,0.030,1493118659.035,
0.265,0.475,98.814,0.435,0.0,0.010,107179212.800,7372.800,156878.800,108898908.400,0.0,0.0,4883.0,2108.600,0.0,0.200,0.400,2464018432.0,1626112.0,6841720832.0,1.59472828416e+11,0.0,0.0,107179212.800,7372.800,4888.600,2109.0,0.265,0.475,98.814,0.435,0.0,0.010,1493118664.035,
0.295,0.506,98.703,0.481,0.0,0.015,121281740.800,8192.0,180925.0,123822547.400,0.0,0.0,5716.400,2328.800,0.0,0.600,0.400,2481291264.0,1634304.0,7447945216.0,1.58849323008e+11,0.0,0.0,121281740.800,8192.0,5719.600,2328.400,0.295,0.511,98.699,0.481,0.0,0.015,1493118669.035,
0.190,0.345,99.124,0.330,0.0,0.010,81333452.800,7372.800,127119.400,83503636.0,0.0,0.0,4391.600,1628.800,0.0,0.200,0.0,2492985344.0,1650688.0,7856549888.0,1.58429007872e+11,0.0,0.0,81464524.800,7372.800,4385.0,1630.600,0.190,0.345,99.119,0.335,0.0,0.010,1493118674.035,
0.240,0.530,98.839,0.380,0.0,0.010,106051993.600,10649.600,157141.400,117408766.0,0.0,0.0,5615.200,2110.800,0.400,0.200,0.400,2458632192.0,1658880.0,8386277376.0,1.57933625344e+11,0.0,0.0,106130636.800,10649.600,5614.200,2111.400,0.245,0.525,98.839,0.380,0.0,0.010,1493118679.035,
0.175,0.365,99.214,0.245,0.0,0.0,80562585.600,4096.0,116430.600,81976465.200,0.0,0.0,3965.0,1594.400,0.600,0.0,0.0,2468892672.0,1667072.0,8789082112.0,1.57520551936e+11,0.0,0.0,80352870.400,4096.0,3968.600,1593.200,0.175,0.365,99.219,0.240,0.0,0.0,1493118684.035,
0.345,0.636,98.428,0.576,0.0,0.015,136301772.800,7372.800,210047.0,140047904.200,0.0,0.0,7356.400,2695.800,0.200,0.800,0.400,2489659392.0,1683456.0,9471856640.0,1.56816994304e+11,0.0,0.0,136511488.0,7372.800,7355.0,2697.800,0.340,0.636,98.433,0.576,0.0,0.015,1493118689.035,
0.220,0.450,98.939,0.375,0.0,0.015,100620697.600,4915.200,126598.800,104413190.0,0.0,0.0,4390.800,1955.800,0.200,0.600,0.0,2497515520.0,1691648.0,9974042624.0,1.56306944e+11,0.0,0.0,100410982.400,4915.200,4392.200,1952.600,0.220,0.450,98.939,0.375,0.0,0.015,1493118694.035,
0.240,0.401,98.959,0.375,0.0,0.025,98717696.0,7372.800,153304.600,110157098.400,0.0,0.0,5308.0,2000.200,0.200,0.400,0.400,2455908352.0,1708032.0,10466709504.0,1.55855867904e+11,0.0,0.0,98717696.0,7372.800,5303.200,2000.200,0.240,0.401,98.958,0.376,0.0,0.025,1493118699.035,
0.245,0.455,98.824,0.465,0.0,0.010,103609139.200,8192.0,135865.200,99321308.600,0.0,0.0,4891.600,2019.800,0.800,0.600,0.0,2514026496.0,1716224.0,10985828352.0,1.5527862272e+11,0.0,0.0,103818854.400,8192.0,4899.200,2022.200,0.250,0.460,98.809,0.470,0.0,0.010,1493118704.035,
0.235,0.441,98.884,0.436,0.0,0.005,96646758.400,2457.600,161251.800,106477607.600,0.0,0.0,5535.0,1947.400,0.400,0.600,0.400,2490331136.0,1724416.0,11468509184.0,1.54819629056e+11,0.0,0.0,96437043.200,2457.600,5531.400,1945.200,0.235,0.436,98.894,0.431,0.0,0.005,1493118709.035,
0.285,0.525,98.619,0.561,0.0,0.010,115640729.600,8192.0,175516.400,123713316.200,0.0,0.0,6317.400,2206.400,0.200,0.0,0.400,2475872256.0,1732608.0,12046659584.0,1.54255929344e+11,0.0,0.0,115640729.600,8192.0,6314.800,2206.200,0.280,0.526,98.624,0.561,0.0,0.010,1493118714.035,
0.336,0.571,98.443,0.631,0.0,0.020,140826214.400,12288.0,200679.0,142698494.0,0.0,0.0,5565.600,2635.400,0.800,0.200,0.0,2489954304.0,1748992.0,12751761408.0,1.53536729088e+11,0.0,0.0,141025280.0,12288.0,5568.800,2637.800,0.336,0.576,98.438,0.631,0.0,0.020,1493118719.035,
0.365,0.626,98.298,0.696,0.0,0.015,147756646.400,9830.400,208301.400,145312768.0,0.0,0.0,5303.200,2802.600,0.600,0.800,0.400,2545815552.0,1765376.0,13490257920.0,1.52742354944e+11,0.0,0.0,147741081.600,9830.400,5304.200,2802.800,0.366,0.626,98.298,0.696,0.0,0.015,1493118724.035,
0.175,0.335,99.265,0.220,0.0,0.005,69621350.400,7372.800,121834.200,86550688.400,0.0,0.0,3278.0,1446.600,0.200,0.0,0.0,2478137344.0,1773568.0,13838262272.0,1.52462020608e+11,0.0,0.0,69437849.600,7372.800,3272.400,1444.0,0.175,0.330,99.270,0.220,0.0,0.005,1493118729.035,
0.305,0.496,98.679,0.506,0.0,0.015,118288384.0,2457.600,178464.200,120985284.0,0.0,0.0,6197.400,2347.0,0.200,0.600,0.400,2496671744.0,1781760.0,14429630464.0,1.51852109824e+11,0.0,0.0,118461235.200,2457.600,6198.600,2348.800,0.310,0.496,98.674,0.506,0.0,0.015,1493118734.035,
0.190,0.325,99.174,0.305,0.0,0.005,79147008.0,4915.200,105021.0,83047900.800,0.0,0.0,2917.800,1571.200,0.400,0.200,0.0,2479820800.0,1789952.0,14825168896.0,1.51473414144e+11,0.0,0.0,78974156.800,4915.200,2917.0,1569.400,0.185,0.330,99.174,0.305,0.0,0.005,1493118739.035,
0.250,0.475,98.719,0.546,0.0,0.010,107179212.800,10649.600,148572.800,115593922.400,0.0,0.0,3836.800,2087.800,0.400,0.0,0.400,2467237888.0,1806336.0,15361118208.0,1.5095003136e+11,0.0,0.0,107179212.800,10649.600,3836.400,2088.200,0.250,0.470,98.724,0.546,0.0,0.010,1493118744.035,
0.095,0.155,99.600,0.140,0.0,0.010,36666572.800,9011.200,60356.600,38354397.800,0.0,0.0,1541.600,857.200,0.200,0.0,0.0,2466066432.0,1814528.0,15545147392.0,1.5076716544e+11,0.0,0.0,36666572.800,9011.200,1541.600,856.800,0.095,0.160,99.595,0.140,0.0,0.010,1493118749.035,
0.020,0.010,99.970,0.0,0.0,0.0,0.0,3276.800,6890.800,8896.200,0.0,0.0,200.200,191.400,0.0,0.0,0.0,2465951744.0,1822720.0,15545155584.0,1.50767263744e+11,0.0,0.0,0.0,3276.800,200.200,191.400,0.020,0.005,99.975,0.0,0.0,0.0,1493118754.035,
