"Dstat 0.7.2 CSV output"
"Author:","Dag Wieers <dag@wieers.com>",,,,"URL:","http://dag.wieers.com/home-made/dstat/"
"Host:","client0.skyhook--8osds.skyhook-pg0.wisc.cloudlab.us",,,,"User:","jlefevre"
"Cmdline:","dstat -av --epoch --integer --noheaders --output 8osds.dstat-client0.log 5",,,,"Date:","25 Apr 2017 03:36:47 CDT"

"total cpu usage",,,,,,"dsk/total",,"net/total",,"paging",,"system",,"procs",,,"memory usage",,,,"paging",,"dsk/total",,"system",,"total cpu usage",,,,,,"epoch"
"usr","sys","idl","wai","hiq","siq","read","writ","recv","send","in","out","int","csw","run","blk","new","used","buff","cach","free","in","out","read","writ","int","csw","usr","sys","idl","wai","hiq","siq","epoch"
0.150,0.060,99.784,0.005,0.0,0.0,0.0,22937.600,55269.400,9398.400,0.0,0.0,1396.200,7377.600,0.400,0.0,2.0,5503340544.0,189521920.0,1.47586002944e+11,15501328384.0,0.0,0.0,0.0,22937.600,1396.200,7384.800,0.150,0.060,99.784,0.005,0.0,0.0,1493118587.220,
0.161,0.045,99.774,0.020,0.0,0.0,0.0,12288.0,57768.800,19075.0,0.0,0.0,1623.200,7719.600,0.0,0.0,6.600,5506715648.0,189534208.0,1.4758600704e+11,15497936896.0,0.0,0.0,0.0,12288.0,1624.600,7712.400,0.161,0.040,99.779,0.020,0.0,0.0,1493118592.220,
1.905,3.512,93.987,0.157,0.0,0.440,0.0,3925606.400,928182176.200,1261616.600,0.0,0.0,35631.0,28651.200,2.800,0.0,0.0,5703589888.0,189542400.0,1.47583045632e+11,15304015872.0,0.0,0.0,0.0,3925606.400,35645.0,28669.200,1.905,3.511,93.988,0.157,0.0,0.440,1493118597.220,
1.394,3.671,94.526,0.045,0.0,0.364,0.0,219545.600,734577008.0,853190.0,0.0,0.0,22414.0,22897.400,2.800,0.0,0.400,5719281664.0,189554688.0,1.47583414272e+11,15287943168.0,0.0,0.0,0.0,219545.600,22418.800,22899.400,1.399,3.676,94.516,0.045,0.0,0.364,1493118602.220,
1.418,3.744,94.388,0.136,0.0,0.313,0.0,204800.0,740416480.800,826126.400,0.0,0.0,20751.800,22384.0,2.200,0.0,0.400,5726220288.0,189562880.0,1.47583647744e+11,15280762880.0,0.0,0.0,0.0,204800.0,20734.400,22363.800,1.418,3.745,94.388,0.136,0.0,0.313,1493118607.220,
1.453,3.779,94.304,0.141,0.0,0.323,0.0,163840.0,762488362.600,858240.800,0.0,0.0,23160.400,22665.600,1.800,0.200,0.0,5732491264.0,189571072.0,1.4758393856e+11,15274192896.0,0.0,0.0,0.0,163840.0,23166.600,22677.0,1.448,3.780,94.308,0.141,0.0,0.323,1493118612.220,
1.780,2.980,94.756,0.050,0.0,0.434,0.0,212172.800,871710383.400,1020510.200,0.0,0.0,22381.200,28041.200,2.200,0.0,0.400,5727379456.0,189575168.0,1.4758428672e+11,15278952448.0,0.0,0.0,0.0,212172.800,22387.800,28051.600,1.780,2.974,94.762,0.050,0.0,0.434,1493118617.220,
1.758,2.991,94.902,0.040,0.0,0.308,0.0,247398.400,932697091.600,1200427.800,0.0,0.0,25646.600,30816.600,2.200,0.0,0.0,5749112832.0,189595648.0,1.47584569344e+11,15256915968.0,0.0,0.0,0.0,247398.400,25650.200,30817.200,1.763,2.991,94.897,0.040,0.0,0.308,1493118622.220,
1.756,2.866,94.898,0.096,0.0,0.384,0.0,171212.800,919498895.400,1128802.400,0.0,0.0,23885.0,30288.200,1.600,0.200,0.400,5734051840.0,189612032.0,1.47584868352e+11,15271661568.0,0.0,0.0,0.0,171212.800,23881.400,30279.0,1.761,2.866,94.894,0.096,0.0,0.383,1493118627.220,
2.156,2.651,94.677,0.111,0.0,0.405,0.0,217088.0,1087093557.800,1475866.200,0.0,0.0,30894.400,36192.200,1.800,0.0,0.200,5763190784.0,189624320.0,1.475852288e+11,15242149888.0,0.0,0.0,0.0,217088.0,30880.200,36197.0,2.146,2.652,94.685,0.111,0.0,0.405,1493118632.220,
2.068,3.175,94.322,0.091,0.0,0.344,0.0,185958.400,963282376.200,1237530.400,0.0,0.0,28686.400,30910.800,2.0,0.0,0.400,5769510912.0,189636608.0,1.4758547456e+11,15235571712.0,0.0,0.0,0.0,185958.400,28700.400,30906.800,2.072,3.174,94.318,0.091,0.0,0.344,1493118637.220,
1.656,3.186,94.683,0.106,0.0,0.369,0.0,169574.400,796692625.0,882950.800,0.0,0.0,22350.800,24437.800,2.400,0.200,0.400,5747466240.0,189636608.0,1.47585748992e+11,15257341952.0,0.0,0.0,0.0,169574.400,22352.0,24437.400,1.656,3.186,94.683,0.106,0.0,0.369,1493118642.220,
1.928,3.051,94.601,0.116,0.0,0.304,0.0,214630.400,999167546.0,1420049.0,0.0,0.0,32668.200,35126.800,1.600,0.0,0.0,5762011136.0,189644800.0,1.4758612992e+11,15242407936.0,0.0,0.0,0.0,214630.400,32652.400,35115.800,1.923,3.051,94.606,0.116,0.0,0.304,1493118647.220,
1.604,2.870,94.955,0.106,0.0,0.464,0.0,177766.400,897886185.200,1089876.800,0.0,0.0,25274.0,28488.600,2.400,0.0,0.400,5741764608.0,189652992.0,1.47586420736e+11,15262355456.0,0.0,0.0,0.0,177766.400,25281.200,28492.200,1.610,2.877,94.943,0.106,0.0,0.464,1493118652.220,
1.996,2.714,94.754,0.066,0.0,0.470,0.0,184320.0,1056279395.400,1436774.400,0.0,0.0,29652.0,35472.800,2.0,0.200,0.0,5746282496.0,189661184.0,1.47586699264e+11,15257550848.0,0.0,0.0,0.0,184320.0,29647.400,35467.800,1.990,2.712,94.757,0.066,0.0,0.475,1493118657.220,
2.096,2.545,94.783,0.025,0.0,0.550,0.0,226918.400,1052087936.0,1326435.200,0.0,0.0,28002.200,33789.200,2.400,0.0,0.600,5747826688.0,189669376.0,1.47587121152e+11,15255576576.0,0.0,0.0,0.0,226918.400,28010.200,33798.600,2.096,2.545,94.788,0.025,0.0,0.545,1493118662.220,
2.256,2.508,94.767,0.020,0.0,0.449,0.0,179404.800,1084159514.400,1495073.800,0.0,0.0,28281.600,36975.0,2.600,0.0,0.0,5722443776.0,189677568.0,1.47587387392e+11,15280685056.0,0.0,0.0,0.0,179404.800,28284.800,36973.600,2.255,2.508,94.768,0.020,0.0,0.449,1493118667.220,
2.320,2.846,94.319,0.076,0.0,0.440,0.0,171212.800,1042109261.200,1389693.200,0.0,0.0,29414.800,34699.400,2.200,0.200,0.400,5739462656.0,189689856.0,1.47587620864e+11,15263420416.0,0.0,0.0,0.0,171212.800,29412.800,34705.600,2.320,2.846,94.318,0.076,0.0,0.440,1493118672.220,
1.668,3.502,94.316,0.171,0.0,0.343,0.0,212172.800,853711740.800,1081900.0,0.0,0.0,24481.400,28714.200,1.800,0.0,0.400,5746728960.0,189698048.0,1.47587989504e+11,15255777280.0,0.0,0.0,0.0,212172.800,24481.400,28709.400,1.673,3.497,94.311,0.171,0.0,0.348,1493118677.220,
1.628,3.231,94.596,0.187,0.0,0.358,0.0,217907.200,837355089.0,1011454.800,0.0,0.0,23718.200,26864.0,2.400,0.0,0.0,5743661056.0,189718528.0,1.47588308992e+11,15258505216.0,0.0,0.0,0.0,217907.200,23719.200,26865.600,1.624,3.232,94.600,0.187,0.0,0.358,1493118682.220,
1.887,2.822,94.725,0.152,0.0,0.415,0.0,167936.0,1012508086.800,1449494.200,0.0,0.0,31339.0,35278.400,2.400,0.200,0.400,5706719232.0,189722624.0,1.47588603904e+11,15295148032.0,0.0,0.0,0.0,167936.0,31342.600,35276.200,1.891,2.827,94.720,0.152,0.0,0.410,1493118687.220,
1.532,3.256,94.638,0.171,0.0,0.403,0.0,235110.400,811363085.600,919870.400,0.0,0.0,20917.200,24315.0,2.200,0.0,0.0,5752066048.0,189747200.0,1.47588972544e+11,15249408000.0,0.0,0.0,0.0,235110.400,20908.400,24311.200,1.532,3.251,94.643,0.171,0.0,0.403,1493118692.220,
1.756,3.164,94.529,0.141,0.0,0.409,0.0,204800.0,914089048.200,1150051.200,0.0,0.0,24720.200,29479.600,1.600,0.0,0.400,5756948480.0,189771776.0,1.4758930432e+11,15244169216.0,0.0,0.0,0.0,204800.0,24711.0,29473.200,1.752,3.170,94.527,0.141,0.0,0.409,1493118697.220,
1.608,3.111,94.560,0.363,0.0,0.358,0.0,4716134.400,845012673.0,1058159.400,0.0,0.0,23185.200,28213.800,2.200,0.200,0.0,5745897472.0,189775872.0,1.47582803968e+11,15261716480.0,0.0,0.0,0.0,4716134.400,23188.400,28215.600,1.613,3.105,94.561,0.363,0.0,0.358,1493118702.220,
1.825,2.954,94.570,0.146,0.0,0.504,0.0,215449.600,933801251.0,1206053.800,0.0,0.0,26354.600,30945.400,1.200,0.0,0.400,5714403328.0,189792256.0,1.47583148032e+11,15292850176.0,0.0,0.0,0.0,215449.600,26370.600,30987.400,1.825,2.955,94.570,0.146,0.0,0.504,1493118707.220,
2.196,2.540,94.769,0.046,0.0,0.450,0.0,167936.0,1136661042.200,1635894.800,0.0,0.0,33766.200,37245.800,3.0,0.200,0.0,5723017216.0,189796352.0,1.4758342656e+11,15283953664.0,0.0,0.0,0.0,167936.0,33760.0,37212.600,2.196,2.540,94.769,0.046,0.0,0.450,1493118712.220,
2.275,2.670,94.544,0.137,0.0,0.374,0.0,217907.200,1113662564.800,1622184.600,0.0,0.0,33956.0,37953.800,1.600,0.0,0.400,5727985664.0,189829120.0,1.47583782912e+11,15278596096.0,0.0,0.0,0.0,217907.200,33956.400,37956.400,2.271,2.670,94.548,0.137,0.0,0.374,1493118717.220,
2.407,2.635,94.350,0.132,0.0,0.476,0.0,253952.0,1111972103.600,1511954.0,0.0,0.0,34155.800,34971.600,1.800,0.0,0.400,5732622336.0,189841408.0,1.47584114688e+11,15273615360.0,0.0,0.0,0.0,253952.0,34156.200,34966.600,2.407,2.640,94.345,0.132,0.0,0.476,1493118722.220,
2.061,2.723,94.585,0.126,0.0,0.505,0.0,173670.400,1005118751.200,1362505.600,0.0,0.0,30900.600,31559.800,2.0,0.200,0.0,5738172416.0,189849600.0,1.47584413696e+11,15267758080.0,0.0,0.0,0.0,173670.400,30899.600,31563.400,2.061,2.718,94.590,0.126,0.0,0.505,1493118727.220,
1.850,2.979,94.511,0.181,0.0,0.479,0.0,223641.600,950964897.600,1266540.400,0.0,0.0,27142.600,31692.200,2.400,0.0,0.400,5746130944.0,189857792.0,1.4758475776e+11,15259447296.0,0.0,0.0,0.0,223641.600,27131.800,31680.800,1.855,2.978,94.507,0.181,0.0,0.479,1493118732.219,
1.705,2.977,94.613,0.116,0.0,0.588,0.0,176947.200,916910043.0,1129009.600,0.0,0.0,23728.800,30293.400,3.600,0.0,0.0,5756252160.0,189861888.0,1.47585130496e+11,15248949248.0,0.0,0.0,0.0,176947.200,23731.400,30294.800,1.700,2.982,94.613,0.116,0.0,0.588,1493118737.220,
1.841,2.507,95.056,0.146,0.0,0.449,0.0,169574.400,1012211109.800,1273464.400,0.0,0.0,24966.0,33657.600,2.400,0.200,0.400,5751803904.0,189886464.0,1.47585396736e+11,15253106688.0,0.0,0.0,0.0,169574.400,24975.600,33666.200,1.846,2.507,95.052,0.146,0.0,0.449,1493118742.220,
1.848,2.847,94.734,0.101,0.0,0.470,0.0,222003.200,958735407.600,1203240.800,0.0,0.0,26656.400,30621.800,1.400,0.0,0.0,5744541696.0,189890560.0,1.47585773568e+11,15259987968.0,0.0,0.0,0.0,222003.200,26648.600,30624.0,1.843,2.843,94.743,0.101,0.0,0.470,1493118747.220,
0.286,0.989,98.605,0.040,0.0,0.080,0.0,189235.200,206023631.200,122748.600,0.0,0.0,4052.200,11425.200,0.400,0.0,1.0,5494341632.0,189915136.0,1.47585978368e+11,15509958656.0,0.0,0.0,0.0,189235.200,4046.0,11412.600,0.286,0.989,98.605,0.040,0.0,0.080,1493118752.220,
