"Dstat 0.7.2 CSV output"
"Author:","Dag Wieers <dag@wieers.com>",,,,"URL:","http://dag.wieers.com/home-made/dstat/"
"Host:","client0.skyhook--8osds.skyhook-pg0.wisc.cloudlab.us",,,,"User:","jlefevre"
"Cmdline:","dstat -av --epoch --integer --noheaders --output 8osds.dstat-client0.log 5",,,,"Date:","25 Apr 2017 03:36:47 CDT"

"total cpu usage",,,,,,"dsk/total",,"net/total",,"paging",,"system",,"procs",,,"memory usage",,,,"paging",,"dsk/total",,"system",,"total cpu usage",,,,,,"epoch"
"usr","sys","idl","wai","hiq","siq","read","writ","recv","send","in","out","int","csw","run","blk","new","used","buff","cach","free","in","out","read","writ","int","csw","usr","sys","idl","wai","hiq","siq","epoch"
0.040,0.030,99.819,0.110,0.0,0.0,0.0,159744.0,52654.0,3429.400,0.0,0.0,1120.400,7387.200,0.0,0.0,0.0,5531537408.0,247713792.0,1.4737790976e+11,15623032832.0,0.0,0.0,0.0,159744.0,1119.800,7386.800,0.040,0.030,99.819,0.110,0.0,0.0,1493125977.220,
1.561,0.497,97.811,0.045,0.0,0.085,0.0,50790.400,180898792.800,278415.400,0.0,0.0,6016.200,10866.200,1.0,0.0,5.0,5851488256.0,247713792.0,1.4737795072e+11,15303041024.0,0.0,0.0,0.0,50790.400,6034.200,10879.800,1.566,0.502,97.801,0.045,0.0,0.085,1493125982.220,
11.132,2.382,85.719,0.081,0.0,0.686,0.0,164659.200,1229016968.200,1902141.400,0.0,0.0,45463.0,41032.800,4.800,0.200,0.0,5822447616.0,247726080.0,1.47378204672e+11,15331815424.0,0.0,0.0,0.0,164659.200,45462.600,41024.600,11.136,2.382,85.715,0.081,0.0,0.686,1493125987.220,
10.952,2.191,86.099,0.091,0.0,0.666,0.0,218726.400,1230236692.0,1942831.0,0.0,0.0,38820.800,42688.800,5.600,0.0,0.0,5799161856.0,247734272.0,1.47378589696e+11,15354707968.0,0.0,0.0,0.0,218726.400,38822.600,42702.600,10.946,2.191,86.105,0.091,0.0,0.666,1493125992.220,
10.636,1.948,86.176,0.570,0.0,0.671,0.0,9670656.0,1228457300.400,1864841.400,0.0,0.0,37887.400,45567.200,4.0,0.600,0.0,5845876736.0,247738368.0,1.47391881216e+11,15294697472.0,0.0,0.0,0.0,9682944.0,37883.600,45570.600,10.642,1.943,86.174,0.570,0.0,0.671,1493125997.220,
11.204,2.034,85.698,0.333,0.0,0.732,0.0,3627417.600,1228779963.600,1818415.800,0.0,0.0,36199.0,42902.800,7.200,0.0,0.0,5848002560.0,247746560.0,1.4737137664e+11,15313068032.0,0.0,0.0,0.0,3615129.600,36197.600,42897.600,11.208,2.039,85.684,0.333,0.0,0.737,1493126002.220,
11.631,1.985,85.602,0.136,0.0,0.646,0.0,208076.800,1218979667.600,1838159.600,0.0,0.0,37988.400,44994.400,6.0,0.0,0.0,5846994944.0,247746560.0,1.4737176576e+11,15313686528.0,0.0,0.0,0.0,208076.800,37990.800,44989.200,11.631,1.980,85.611,0.136,0.0,0.641,1493126007.220,
10.786,2.169,86.217,0.126,0.0,0.701,0.0,185139.200,1227401187.600,1843598.800,0.0,0.0,36186.800,43950.0,5.200,0.200,0.200,5904752640.0,247754752.0,1.4737201152e+11,15255674880.0,0.0,0.0,0.0,185139.200,36185.600,43957.400,10.780,2.174,86.218,0.126,0.0,0.701,1493126012.220,
10.930,1.901,86.373,0.111,0.0,0.686,0.0,204800.0,1222420733.600,1805979.400,0.0,0.0,33336.800,44796.800,5.800,0.0,0.0,5854220288.0,247754752.0,1.4737235968e+11,15305859072.0,0.0,0.0,0.0,204800.0,33331.0,44787.400,10.935,1.901,86.368,0.111,0.0,0.686,1493126017.220,
11.273,1.757,86.253,0.136,0.0,0.581,0.0,226099.200,1226425717.600,1945931.400,0.0,0.0,35659.800,48827.200,5.200,0.0,0.0,5887041536.0,247762944.0,1.47372773376e+11,15272615936.0,0.0,0.0,0.0,226099.200,35667.600,48839.0,11.263,1.757,86.264,0.136,0.0,0.581,1493126022.220,
10.191,2.167,86.871,0.126,0.0,0.645,0.0,181862.400,1181733601.200,1791205.200,0.0,0.0,32500.600,43035.400,4.200,0.0,0.0,5850619904.0,247775232.0,1.4737301504e+11,15308783616.0,0.0,0.0,0.0,181862.400,32498.200,43028.200,10.197,2.167,86.865,0.126,0.0,0.645,1493126027.220,
9.402,2.440,87.488,0.146,0.0,0.524,0.0,167936.0,1134563780.800,1711119.800,0.0,0.0,31683.0,41773.200,4.400,0.200,0.0,5867597824.0,247775232.0,1.47373412352e+11,15291408384.0,0.0,0.0,0.0,167936.0,31682.800,41775.400,9.397,2.440,87.492,0.146,0.0,0.524,1493126032.220,
9.390,2.070,87.855,0.076,0.0,0.610,0.0,205619.200,1200730353.200,1854786.400,0.0,0.0,32830.600,46165.0,5.600,0.0,0.0,5882359808.0,247783424.0,1.4737371136e+11,15276339200.0,0.0,0.0,0.0,205619.200,32831.0,46164.200,9.394,2.070,87.851,0.076,0.0,0.609,1493126037.220,
9.620,2.136,87.638,0.111,0.0,0.495,0.0,180224.0,1168627333.200,1806252.600,0.0,0.0,37850.0,44181.800,5.0,0.200,0.0,5877186560.0,247787520.0,1.47373993984e+11,15281225728.0,0.0,0.0,0.0,180224.0,37849.800,44182.0,9.621,2.136,87.637,0.111,0.0,0.495,1493126042.220,
10.275,1.940,87.083,0.101,0.0,0.601,0.0,174489.600,1185521920.800,1814215.600,0.0,0.0,34800.0,45623.600,5.800,0.0,0.200,5898915840.0,247795712.0,1.47374354432e+11,15259127808.0,0.0,0.0,0.0,174489.600,34804.0,45621.800,10.280,1.935,87.083,0.101,0.0,0.601,1493126047.220,
10.778,1.977,86.312,0.106,0.0,0.827,0.0,208076.800,1204759108.600,1785760.400,0.0,0.0,35757.600,43708.400,5.200,0.0,0.0,5883428864.0,247795712.0,1.47374698496e+11,15274270720.0,0.0,0.0,0.0,208076.800,35748.800,43695.400,10.772,1.977,86.318,0.106,0.0,0.827,1493126052.220,
10.921,2.003,86.294,0.126,0.0,0.656,0.0,222822.400,1229048059.400,1843041.200,0.0,0.0,33641.800,44323.0,4.800,0.0,0.0,5846122496.0,247803904.0,1.47375013888e+11,15311253504.0,0.0,0.0,0.0,222822.400,33646.400,44344.400,10.916,2.008,86.295,0.126,0.0,0.656,1493126057.220,
8.257,3.518,87.675,0.116,0.0,0.434,0.0,176128.0,896553114.800,1155517.800,0.0,0.0,24192.800,28234.200,5.800,0.200,0.0,5839220736.0,247812096.0,1.47375415296e+11,15317745664.0,0.0,0.0,0.0,176128.0,24180.0,28211.600,8.254,3.519,87.677,0.116,0.0,0.434,1493126062.220,
7.960,3.265,88.060,0.091,0.0,0.624,0.0,199884.800,909002068.600,1195342.600,0.0,0.0,26612.600,30263.0,4.0,0.0,0.0,5823090688.0,247816192.0,1.47375714304e+11,15333572608.0,0.0,0.0,0.0,199884.800,26631.600,30275.600,7.959,3.265,88.062,0.091,0.0,0.624,1493126067.220,
8.226,3.256,87.797,0.131,0.0,0.590,0.0,179404.800,924083648.600,1241089.200,0.0,0.0,27426.800,31789.400,4.0,0.0,0.0,5851455488.0,247824384.0,1.4737598464e+11,15304929280.0,0.0,0.0,0.0,179404.800,27409.0,31778.0,8.236,3.251,87.792,0.131,0.0,0.590,1493126072.220,
7.981,3.623,87.812,0.086,0.0,0.499,0.0,163840.0,885404934.0,1089760.600,0.0,0.0,23046.600,26896.600,4.800,0.200,0.0,5866041344.0,247824384.0,1.47376349184e+11,15289978880.0,0.0,0.0,0.0,163840.0,23047.800,26899.0,7.976,3.628,87.812,0.086,0.0,0.499,1493126077.220,
7.589,3.368,88.140,0.125,0.0,0.778,0.0,203161.600,889837949.600,1157594.400,0.0,0.0,24397.600,28859.400,5.0,0.0,0.0,5812117504.0,247836672.0,1.47376672768e+11,15343566848.0,0.0,0.0,0.0,203161.600,24407.400,28876.400,7.593,3.363,88.141,0.125,0.0,0.778,1493126082.220,
7.858,2.932,88.656,0.101,0.0,0.453,0.0,183500.800,980949453.400,1342550.400,0.0,0.0,27691.800,34079.0,3.600,0.200,0.200,5862416384.0,247840768.0,1.47376955392e+11,15292981248.0,0.0,0.0,0.0,184320.0,27687.800,34073.800,7.853,2.937,88.656,0.101,0.0,0.453,1493126087.220,
7.631,3.503,88.245,0.136,0.0,0.484,0.0,169574.400,861568111.0,991009.600,0.0,0.0,22428.200,24885.0,4.400,0.0,0.0,5870051328.0,247857152.0,1.47377229824e+11,15285055488.0,0.0,0.0,0.0,168755.200,22431.200,24870.400,7.637,3.504,88.239,0.136,0.0,0.484,1493126092.220,
6.556,3.190,89.790,0.111,0.0,0.353,0.0,202342.400,714595060.400,693320.400,0.0,0.0,17148.0,20033.800,4.400,0.200,0.0,5847552000.0,247865344.0,1.47377504256e+11,15307272192.0,0.0,0.0,0.0,202342.400,17136.800,20033.0,6.549,3.189,89.798,0.111,0.0,0.353,1493126097.220,
6.015,2.925,90.033,0.125,0.0,0.902,0.0,165478.400,703817678.800,657711.800,0.0,0.0,16026.0,19733.0,3.200,0.0,0.0,5847195648.0,247869440.0,1.47377778688e+11,15307350016.0,0.0,0.0,0.0,165478.400,16035.0,19738.800,6.021,2.920,90.033,0.125,0.0,0.902,1493126102.220,
6.317,3.068,90.011,0.091,0.0,0.513,0.0,164659.200,751182157.0,749782.800,0.0,0.0,18061.200,21200.400,4.800,0.200,0.0,5835722752.0,247881728.0,1.4737811456e+11,15318474752.0,0.0,0.0,0.0,164659.200,18052.800,21197.600,6.318,3.073,90.005,0.091,0.0,0.513,1493126107.220,
8.220,3.035,88.181,0.121,0.0,0.443,0.0,195788.800,906862736.800,1081567.400,0.0,0.0,23281.600,28079.200,4.0,0.0,0.0,5859999744.0,247881728.0,1.47378405376e+11,15293906944.0,0.0,0.0,0.0,195788.800,23287.0,28077.400,8.216,3.036,88.185,0.121,0.0,0.443,1493126112.220,
8.454,2.648,87.916,0.443,0.0,0.539,0.0,9436364.800,1046953484.800,1447189.600,0.0,0.0,28787.600,37312.400,4.400,0.600,0.400,5853696000.0,247894016.0,1.47392774144e+11,15285829632.0,0.0,0.0,0.0,9436364.800,28796.200,37322.400,8.458,2.648,87.907,0.448,0.0,0.539,1493126117.220,
5.824,2.233,91.536,0.075,0.0,0.332,0.0,240844.800,684803188.800,809557.800,0.0,0.0,16691.800,23907.400,2.600,0.0,0.0,5884276736.0,247894016.0,1.47373903872e+11,15274119168.0,0.0,0.0,0.0,240844.800,16676.800,23896.800,5.814,2.233,91.551,0.070,0.0,0.332,1493126122.220,
0.296,0.211,99.373,0.095,0.0,0.025,0.0,148275.200,24980269.200,16515.400,0.0,0.0,1638.400,8114.600,0.200,0.0,1.0,5511360512.0,247902208.0,1.47374047232e+11,15646883840.0,0.0,0.0,0.0,148275.200,1636.800,8113.600,0.296,0.211,99.373,0.095,0.0,0.025,1493126127.220,
