"Dstat 0.7.2 CSV output"
"Author:","Dag Wieers <dag@wieers.com>",,,,"URL:","http://dag.wieers.com/home-made/dstat/"
"Host:","client0.skyhook--8osds.skyhook-pg0.wisc.cloudlab.us",,,,"User:","jlefevre"
"Cmdline:","dstat -av --epoch --integer --noheaders --output 8osds.dstat-client0.log 5",,,,"Date:","25 Apr 2017 03:36:47 CDT"

"total cpu usage",,,,,,"dsk/total",,"net/total",,"paging",,"system",,"procs",,,"memory usage",,,,"paging",,"dsk/total",,"system",,"total cpu usage",,,,,,"epoch"
"usr","sys","idl","wai","hiq","siq","read","writ","recv","send","in","out","int","csw","run","blk","new","used","buff","cach","free","in","out","read","writ","int","csw","usr","sys","idl","wai","hiq","siq","epoch"
0.110,0.125,99.709,0.045,0.0,0.010,0.0,80281.600,6195648.600,5745.200,0.0,0.0,1526.800,7489.400,0.0,0.0,1.0,5500309504.0,251273216.0,1.47566411776e+11,15462199296.0,0.0,0.0,0.0,80281.600,1522.600,7489.0,0.110,0.125,99.714,0.045,0.0,0.005,1493123592.220,
0.030,0.040,99.920,0.010,0.0,0.0,0.0,15564.800,49520.0,3092.600,0.0,0.0,1034.0,6846.400,0.0,0.200,0.0,5500665856.0,251273216.0,1.47566432256e+11,15461822464.0,0.0,0.0,0.0,15564.800,1032.800,6846.0,0.030,0.045,99.910,0.015,0.0,0.0,1493123597.220,
5.833,4.326,89.209,0.146,0.0,0.487,0.0,135987.200,686830260.800,789562.200,0.0,0.0,24382.400,17655.0,4.400,0.200,5.0,5722578944.0,251281408.0,1.47566538752e+11,15239794688.0,0.0,0.0,0.0,135987.200,24396.400,17665.400,5.838,4.331,89.204,0.141,0.0,0.487,1493123602.220,
5.642,4.562,89.143,0.161,0.0,0.492,0.0,177766.400,676648306.200,674891.200,0.0,0.0,17860.800,20131.600,4.800,0.0,0.0,5730656256.0,251289600.0,1.47566870528e+11,15231377408.0,0.0,0.0,0.0,177766.400,17861.200,20142.800,5.637,4.552,89.157,0.161,0.0,0.492,1493123607.220,
5.418,4.089,89.605,0.371,0.0,0.517,0.0,4256563.200,646975367.400,613950.800,0.0,0.0,15641.200,18205.800,5.600,0.0,0.0,5715566592.0,251310080.0,1.47563184128e+11,15250132992.0,0.0,0.0,0.0,4256563.200,15634.200,18186.800,5.429,4.094,89.589,0.371,0.0,0.517,1493123612.220,
5.465,4.279,89.618,0.121,0.0,0.517,0.0,166297.600,637440485.400,597984.0,0.0,0.0,17921.800,17826.0,4.400,0.0,0.0,5717045248.0,251318272.0,1.47563487232e+11,15248343040.0,0.0,0.0,0.0,166297.600,17917.200,17826.200,5.470,4.274,89.618,0.121,0.0,0.517,1493123617.220,
4.940,4.172,90.191,0.165,0.0,0.532,0.0,192512.0,559015066.400,478068.800,0.0,0.0,16468.400,15649.400,3.0,0.0,0.0,5716865024.0,251318272.0,1.47563728896e+11,15248281600.0,0.0,0.0,0.0,192512.0,16485.400,15657.400,4.939,4.177,90.187,0.165,0.0,0.532,1493123622.220,
5.249,4.275,89.278,0.145,0.0,1.054,0.0,157286.400,601104350.0,546517.400,0.0,0.0,17086.400,16798.400,2.800,0.200,0.0,5741387776.0,251326464.0,1.4756390912e+11,15223570432.0,0.0,0.0,0.0,157286.400,17072.400,16788.0,5.244,4.270,89.287,0.145,0.0,1.054,1493123627.220,
5.129,4.083,90.329,0.101,0.0,0.357,0.0,194969.600,583441407.400,516676.200,0.0,0.0,15843.400,16895.0,3.600,0.0,0.0,5746290688.0,251326464.0,1.4756421632e+11,15218360320.0,0.0,0.0,0.0,194969.600,15839.600,16895.200,5.119,4.093,90.325,0.101,0.0,0.362,1493123632.220,
5.613,4.286,89.523,0.171,0.0,0.407,0.0,185958.400,641732386.200,656577.0,0.0,0.0,17732.400,18862.400,3.0,0.200,0.0,5715124224.0,251334656.0,1.47564494848e+11,15249240064.0,0.0,0.0,0.0,185958.400,17734.400,18862.200,5.620,4.282,89.525,0.171,0.0,0.402,1493123637.220,
5.445,4.148,89.974,0.176,0.0,0.256,0.0,172032.0,630194021.600,567272.600,0.0,0.0,15262.0,17787.400,3.600,0.0,0.0,5727649792.0,251342848.0,1.47564732416e+11,15236468736.0,0.0,0.0,0.0,172032.0,15265.600,17788.0,5.439,4.147,89.982,0.176,0.0,0.256,1493123642.220,
5.604,4.316,89.532,0.126,0.0,0.423,0.0,198246.400,662526851.200,680070.200,0.0,0.0,18332.800,19975.400,4.600,0.0,0.0,5732925440.0,251342848.0,1.47565031424e+11,15230894080.0,0.0,0.0,0.0,198246.400,18326.400,19974.800,5.608,4.316,89.528,0.126,0.0,0.423,1493123647.220,
4.719,4.332,90.387,0.146,0.0,0.417,0.0,158924.800,528494865.0,453500.400,0.0,0.0,16594.200,15337.0,2.800,0.200,0.0,5722726400.0,251351040.0,1.47565277184e+11,15240839168.0,0.0,0.0,0.0,158924.800,16611.600,15345.200,4.715,4.333,90.390,0.146,0.0,0.417,1493123652.220,
4.604,4.121,90.671,0.156,0.0,0.447,0.0,190054.400,531854692.600,481091.400,0.0,0.0,16048.0,15737.600,3.400,0.0,0.200,5734617088.0,251355136.0,1.47565543424e+11,15228678144.0,0.0,0.0,0.0,190054.400,16040.400,15729.400,4.608,4.120,90.669,0.156,0.0,0.447,1493123657.220,
5.490,4.126,89.311,0.411,0.0,0.662,0.0,3514368.0,663828951.600,665490.0,0.0,0.0,17390.800,19897.400,4.400,0.200,0.0,5737250816.0,251363328.0,1.47561476096e+11,15230103552.0,0.0,0.0,0.0,3514368.0,17386.0,19900.200,5.495,4.122,89.310,0.411,0.0,0.662,1493123662.220,
5.438,4.012,89.982,0.121,0.0,0.447,0.0,193331.200,693670867.400,711150.0,0.0,0.0,17204.400,21364.0,4.200,0.200,0.0,5728808960.0,251363328.0,1.4756173824e+11,15238283264.0,0.0,0.0,0.0,193331.200,17202.800,21361.200,5.434,4.017,89.981,0.121,0.0,0.447,1493123667.220,
5.552,4.209,89.725,0.070,0.0,0.443,0.0,170393.600,686935305.0,761589.0,0.0,0.0,19444.600,21532.600,5.0,0.0,0.200,5721337856.0,251371520.0,1.47562041344e+11,15245443072.0,0.0,0.0,0.0,170393.600,19445.400,21532.600,5.552,4.209,89.725,0.070,0.0,0.443,1493123672.220,
5.357,4.228,89.743,0.055,0.0,0.617,0.0,205619.200,608460993.200,563385.600,0.0,0.0,17704.0,17806.400,4.200,0.0,0.0,5746479104.0,251383808.0,1.47562278912e+11,15220051968.0,0.0,0.0,0.0,205619.200,17700.200,17806.400,5.357,4.228,89.743,0.055,0.0,0.617,1493123677.220,
5.017,4.237,90.434,0.020,0.0,0.292,0.0,158924.800,575640839.600,481868.0,0.0,0.0,15900.400,16250.200,4.0,0.200,0.0,5727543296.0,251383808.0,1.4756251648e+11,15238750208.0,0.0,0.0,0.0,158924.800,15902.600,16250.200,5.017,4.242,90.428,0.020,0.0,0.292,1493123682.220,
4.397,4.241,90.955,0.126,0.0,0.282,0.0,191692.800,504414847.800,417837.600,0.0,0.0,13883.400,14776.800,2.800,0.0,0.200,5729476608.0,251392000.0,1.47562807296e+11,15236517888.0,0.0,0.0,0.0,191692.800,13884.800,14778.600,4.392,4.236,90.965,0.126,0.0,0.282,1493123687.220,
4.918,4.215,90.299,0.146,0.0,0.422,0.0,193331.200,596172819.800,560464.800,0.0,0.0,15623.200,18005.600,4.800,0.0,0.0,5707317248.0,251396096.0,1.47563040768e+11,15258439680.0,0.0,0.0,0.0,193331.200,15630.0,18019.200,4.924,4.215,90.293,0.146,0.0,0.422,1493123692.220,
5.206,4.024,90.398,0.101,0.0,0.272,0.0,160563.200,596634630.400,530769.0,0.0,0.0,14960.200,17162.400,3.200,0.200,0.0,5752127488.0,251404288.0,1.47563347968e+11,15213314048.0,0.0,0.0,0.0,160563.200,14953.600,17147.0,5.200,4.023,90.405,0.101,0.0,0.272,1493123697.220,
4.871,4.113,90.438,0.070,0.0,0.507,0.0,192512.0,571842503.600,497539.0,0.0,0.0,14614.200,16474.400,4.600,0.0,0.0,5732560896.0,251404288.0,1.47563589632e+11,15232638976.0,0.0,0.0,0.0,192512.0,14613.800,16474.400,4.872,4.114,90.436,0.070,0.0,0.507,1493123702.220,
5.197,4.460,89.515,0.130,0.0,0.697,0.0,199065.600,647385160.400,638971.800,0.0,0.0,17589.400,18978.600,4.400,0.0,0.0,5708824576.0,251416576.0,1.47563876352e+11,15256076288.0,0.0,0.0,0.0,199065.600,17593.400,18979.0,5.197,4.460,89.515,0.130,0.0,0.697,1493123707.220,
5.387,4.208,89.733,0.035,0.0,0.637,0.0,168755.200,649286865.800,631789.200,0.0,0.0,16410.800,19522.800,4.200,0.200,0.0,5749669888.0,251416576.0,1.47564126208e+11,15214981120.0,0.0,0.0,0.0,168755.200,16403.400,19522.800,5.387,4.208,89.733,0.035,0.0,0.637,1493123712.220,
5.518,4.422,89.618,0.146,0.0,0.296,0.0,197427.200,607362221.600,582693.400,0.0,0.0,17156.400,17752.0,3.600,0.0,0.0,5738733568.0,251428864.0,1.4756442112e+11,15225610240.0,0.0,0.0,0.0,197427.200,17158.400,17752.0,5.523,4.417,89.618,0.146,0.0,0.296,1493123717.220,
4.629,4.056,90.813,0.136,0.0,0.367,0.0,192512.0,525645965.800,398805.0,0.0,0.0,13893.400,14881.600,2.800,0.0,0.0,5728645120.0,251428864.0,1.47564732416e+11,15235387392.0,0.0,0.0,0.0,192512.0,13891.600,14881.200,4.624,4.061,90.813,0.136,0.0,0.367,1493123722.220,
5.344,4.655,89.598,0.060,0.0,0.342,0.0,158105.600,594182039.600,492460.200,0.0,0.0,16960.200,16376.400,4.0,0.200,0.0,5733965824.0,251437056.0,1.475649536e+11,15229837312.0,0.0,0.0,0.0,158105.600,16960.0,16377.800,5.354,4.650,89.593,0.060,0.0,0.342,1493123727.220,
5.495,3.988,90.060,0.020,0.0,0.437,0.0,189235.200,625923513.400,568486.0,0.0,0.0,15177.0,17641.0,5.200,0.0,0.0,5722279936.0,251441152.0,1.4756521984e+11,15241252864.0,0.0,0.0,0.0,189235.200,15181.600,17647.600,5.485,3.998,90.059,0.020,0.0,0.437,1493123732.220,
5.440,4.399,89.689,0.025,0.0,0.447,0.0,199884.800,628091301.800,581370.600,0.0,0.0,16858.600,18280.200,3.800,0.0,0.0,5724753920.0,251453440.0,1.47565473792e+11,15238512640.0,0.0,0.0,0.0,199884.800,16865.400,18273.200,5.440,4.394,89.694,0.025,0.0,0.447,1493123737.220,
5.259,4.218,90.055,0.080,0.0,0.387,0.0,163840.0,610398975.600,553596.0,0.0,0.0,16756.400,17160.400,5.0,0.200,0.0,5707255808.0,251453440.0,1.47565756416e+11,15255728128.0,0.0,0.0,0.0,163840.0,16746.0,17160.200,5.269,4.218,90.046,0.080,0.0,0.387,1493123742.220,
4.762,3.973,90.843,0.085,0.0,0.337,0.0,195788.800,568476048.400,490250.400,0.0,0.0,14674.400,16289.200,4.400,0.0,0.0,5725077504.0,251465728.0,1.47566014464e+11,15237636096.0,0.0,0.0,0.0,195788.800,14675.200,16288.200,4.757,3.978,90.843,0.085,0.0,0.337,1493123747.220,
5.160,4.341,89.886,0.166,0.0,0.447,0.0,199884.800,596843664.600,517461.800,0.0,0.0,15469.400,16439.0,3.800,0.0,0.0,5732802560.0,251473920.0,1.47566309376e+11,15229607936.0,0.0,0.0,0.0,199884.800,15474.0,16441.200,5.155,4.341,89.890,0.166,0.0,0.447,1493123752.220,
5.372,4.351,89.860,0.191,0.0,0.226,0.0,158105.600,665149099.0,669991.800,0.0,0.0,17414.400,20045.600,3.800,0.200,0.0,5728518144.0,251473920.0,1.47566559232e+11,15233642496.0,0.0,0.0,0.0,158105.600,17412.0,20048.400,5.377,4.346,89.860,0.191,0.0,0.226,1493123757.220,
5.402,4.271,89.794,0.151,0.0,0.382,0.0,176947.200,649493640.600,629439.400,0.0,0.0,18543.400,18650.200,4.200,0.0,0.0,5745598464.0,251482112.0,1.4756681728e+11,15216295936.0,0.0,0.0,0.0,176947.200,18543.200,18649.200,5.406,4.271,89.790,0.151,0.0,0.382,1493123762.220,
5.246,4.513,89.719,0.050,0.0,0.472,0.0,196608.0,632685221.0,608196.400,0.0,0.0,17546.400,18823.400,4.0,0.0,0.0,5739610112.0,251482112.0,1.47567058944e+11,15222042624.0,0.0,0.0,0.0,196608.0,17546.0,18826.800,5.237,4.513,89.727,0.050,0.0,0.472,1493123767.220,
4.828,4.112,90.243,0.050,0.0,0.766,0.0,169574.400,587913547.400,562828.0,0.0,0.0,15962.600,18021.400,4.0,0.200,0.0,5722939392.0,251490304.0,1.47567333376e+11,15238430720.0,0.0,0.0,0.0,169574.400,15960.800,18024.600,4.833,4.112,90.239,0.050,0.0,0.766,1493123772.220,
5.358,3.991,90.073,0.181,0.0,0.397,0.0,190873.600,601725632.0,581229.200,0.0,0.0,15985.200,17965.400,4.0,0.0,0.0,5713027072.0,251490304.0,1.47567628288e+11,15248048128.0,0.0,0.0,0.0,190873.600,15997.600,17982.0,5.358,3.986,90.077,0.181,0.0,0.397,1493123777.220,
6.409,3.979,88.948,0.402,0.0,0.262,0.0,5121638.400,725376633.400,804099.400,0.0,0.0,19928.200,22381.0,3.400,0.0,0.0,5713018880.0,251510784.0,1.4756575232e+11,15249911808.0,0.0,0.0,0.0,5121638.400,19926.800,22365.0,6.413,3.979,88.944,0.402,0.0,0.262,1493123782.220,
5.474,4.356,89.531,0.302,0.0,0.337,0.0,3812556.800,606164491.600,551245.0,0.0,0.0,17740.200,17397.0,4.600,0.200,0.0,5734051840.0,251518976.0,1.47566051328e+11,15228571648.0,0.0,0.0,0.0,3812556.800,17728.400,17389.200,5.469,4.361,89.531,0.302,0.0,0.337,1493123787.220,
4.909,4.134,90.520,0.171,0.0,0.267,0.0,190054.400,589811030.200,557751.800,0.0,0.0,17343.400,16751.600,4.0,0.0,0.0,5742256128.0,251518976.0,1.4756632576e+11,15220092928.0,0.0,0.0,0.0,190873.600,17347.200,16756.0,4.913,4.128,90.521,0.171,0.0,0.267,1493123792.220,
6.022,4.119,89.124,0.297,0.0,0.438,0.0,3367731.200,678598525.400,721558.0,0.0,0.0,20572.200,20176.600,4.200,0.0,0.0,5730271232.0,251527168.0,1.4756274176e+11,15235653632.0,0.0,0.0,0.0,3366912.0,20578.400,20176.400,6.023,4.120,89.122,0.297,0.0,0.438,1493123797.220,
5.228,4.258,89.955,0.156,0.0,0.402,0.0,181862.400,595177031.600,546614.400,0.0,0.0,16515.600,17546.800,3.800,0.0,0.0,5735600128.0,251527168.0,1.47563036672e+11,15230029824.0,0.0,0.0,0.0,181862.400,16506.600,17550.400,5.223,4.263,89.956,0.156,0.0,0.402,1493123802.220,
5.385,3.991,90.116,0.151,0.0,0.357,0.0,228556.800,648995655.600,612780.200,0.0,0.0,16888.400,18908.0,3.800,0.0,0.0,5729726464.0,251539456.0,1.47563270144e+11,15235657728.0,0.0,0.0,0.0,228556.800,16888.400,18897.0,5.384,3.995,90.112,0.151,0.0,0.357,1493123807.220,
4.346,4.155,90.991,0.100,0.0,0.407,0.0,156467.200,465458146.400,356654.600,0.0,0.0,14214.400,12820.600,2.200,0.200,0.0,5756235776.0,251539456.0,1.47563503616e+11,15208914944.0,0.0,0.0,0.0,156467.200,14212.0,12820.600,4.341,4.150,91.002,0.100,0.0,0.407,1493123812.220,
4.879,4.185,90.363,0.166,0.0,0.407,0.0,193331.200,564366261.200,512781.400,0.0,0.0,15422.600,16859.200,3.400,0.0,0.0,5751566336.0,251547648.0,1.47563757568e+11,15213322240.0,0.0,0.0,0.0,193331.200,15423.600,16862.0,4.890,4.182,90.355,0.166,0.0,0.407,1493123817.220,
4.822,4.276,90.030,0.140,0.0,0.731,0.0,181043.200,569853495.400,513157.400,0.0,0.0,16085.0,16104.800,3.600,0.200,0.0,5714731008.0,251555840.0,1.47564040192e+11,15249866752.0,0.0,0.0,0.0,188416.0,16101.0,16118.400,4.816,4.280,90.028,0.145,0.0,0.731,1493123822.220,
4.893,4.100,90.490,0.110,0.0,0.406,0.0,167116.800,593415885.600,560078.400,0.0,0.0,15410.800,18224.800,4.200,0.0,0.0,5711327232.0,251555840.0,1.47564306432e+11,15253004288.0,0.0,0.0,0.0,159744.0,15408.800,18211.600,4.894,4.101,90.493,0.105,0.0,0.407,1493123827.220,
4.616,4.008,90.918,0.105,0.0,0.352,0.0,172032.0,572178329.0,485394.800,0.0,0.0,14094.400,16760.800,4.400,0.0,0.0,5716451328.0,251576320.0,1.4756458496e+11,15247581184.0,0.0,0.0,0.0,172032.0,14085.0,16763.400,4.620,4.007,90.915,0.105,0.0,0.352,1493123832.220,
4.837,4.074,90.511,0.171,0.0,0.407,0.0,191692.800,591395831.400,607279.400,0.0,0.0,16412.800,17897.600,4.800,0.0,0.0,5746618368.0,251576320.0,1.47564802048e+11,15217197056.0,0.0,0.0,0.0,191692.800,16407.0,17891.400,4.828,4.074,90.520,0.171,0.0,0.407,1493123837.220,
1.705,1.665,96.394,0.140,0.0,0.095,0.0,165478.400,214039909.600,112861.0,0.0,0.0,4544.200,11717.400,1.0,0.200,1.0,5498871808.0,251584512.0,1.47565010944e+11,15464726528.0,0.0,0.0,0.0,165478.400,4544.400,11718.200,1.705,1.660,96.398,0.140,0.0,0.095,1493123842.220,
