"Dstat 0.7.2 CSV output"
"Author:","Dag Wieers <dag@wieers.com>",,,,"URL:","http://dag.wieers.com/home-made/dstat/"
"Host:","osd0.skyhook--8osds.skyhook-pg0.wisc.cloudlab.us",,,,"User:","jlefevre"
"Cmdline:","dstat -av --epoch --integer --noheaders --output 8osds.dstat-osd0.log 5",,,,"Date:","25 Apr 2017 03:36:54 CDT"

"total cpu usage",,,,,,"dsk/total",,"net/total",,"paging",,"system",,"procs",,,"memory usage",,,,"paging",,"dsk/total",,"system",,"total cpu usage",,,,,,"epoch"
"usr","sys","idl","wai","hiq","siq","read","writ","recv","send","in","out","int","csw","run","blk","new","used","buff","cach","free","in","out","read","writ","int","csw","usr","sys","idl","wai","hiq","siq","epoch"
0.010,0.005,99.985,0.0,0.0,0.0,0.0,0.0,5463.400,8126.400,0.0,0.0,171.400,160.200,0.0,0.0,0.0,2471755776.0,1789952.0,15545016320.0,1.50761631744e+11,0.0,0.0,0.0,0.0,171.400,160.200,0.010,0.010,99.980,0.0,0.0,0.0,1493119159.035,
0.090,0.170,99.725,0.010,0.0,0.005,0.0,4096.0,43176.800,26669453.200,0.0,0.0,1345.0,284.800,0.0,0.0,0.0,2523918336.0,1798144.0,15545020416.0,1.50709456896e+11,0.0,0.0,0.0,4096.0,1345.0,284.800,0.090,0.165,99.730,0.010,0.0,0.005,1493119164.035,
0.245,0.465,99.284,0.005,0.0,0.0,0.0,4915.200,179002.400,121729776.400,0.0,0.0,5360.200,556.0,0.0,0.0,0.200,2498469888.0,1806336.0,15545020416.0,1.50734897152e+11,0.0,0.0,0.0,4915.200,5364.600,556.200,0.245,0.465,99.284,0.005,0.0,0.0,1493119169.035,
0.315,0.470,99.199,0.0,0.0,0.015,0.0,0.0,187509.800,130478735.400,0.0,0.0,5633.600,584.0,0.200,0.0,0.0,2513342464.0,1806336.0,15545020416.0,1.50720024576e+11,0.0,0.0,0.0,0.0,5633.0,584.200,0.315,0.470,99.199,0.0,0.0,0.015,1493119174.035,
0.275,0.500,99.204,0.005,0.0,0.015,0.0,2457.600,203796.800,130363136.0,0.0,0.0,4189.400,596.0,0.200,0.0,0.0,2527272960.0,1814528.0,15545020416.0,1.50706085888e+11,0.0,0.0,0.0,2457.600,4189.400,595.800,0.280,0.505,99.194,0.005,0.0,0.015,1493119179.035,
0.305,0.465,99.219,0.0,0.0,0.010,0.0,0.0,202975.800,133583286.200,0.0,0.0,5929.600,626.800,0.800,0.0,0.0,2492919808.0,1814528.0,15545020416.0,1.5074043904e+11,0.0,0.0,0.0,0.0,5926.600,627.0,0.305,0.460,99.224,0.0,0.0,0.010,1493119184.035,
0.265,0.430,99.275,0.010,0.0,0.020,0.0,2457.600,176674.200,118085860.400,0.0,0.0,3639.800,551.0,0.400,0.0,0.0,2499547136.0,1822720.0,15545020416.0,1.5073380352e+11,0.0,0.0,0.0,2457.600,3644.200,550.600,0.260,0.430,99.280,0.010,0.0,0.020,1493119189.035,
0.225,0.430,99.344,0.0,0.0,0.0,0.0,0.0,168160.400,112051666.600,0.0,0.0,4866.800,531.600,0.600,0.0,0.0,2493374464.0,1822720.0,15545020416.0,1.50739976192e+11,0.0,0.0,0.0,0.0,4862.200,532.0,0.225,0.430,99.344,0.0,0.0,0.0,1493119194.035,
0.225,0.370,99.390,0.005,0.0,0.010,0.0,3276.800,152229.600,103280277.0,0.0,0.0,4449.600,492.600,0.400,0.0,0.0,2481340416.0,1830912.0,15545020416.0,1.50752002048e+11,0.0,0.0,0.0,3276.800,4449.0,492.200,0.225,0.370,99.390,0.005,0.0,0.010,1493119199.035,
0.350,0.556,99.064,0.010,0.0,0.020,0.0,4915.200,211803.400,153398927.800,0.0,0.0,6196.600,678.600,0.600,0.0,0.0,2496663552.0,1839104.0,15545020416.0,1.5073667072e+11,0.0,0.0,0.0,4915.200,6198.800,679.0,0.355,0.561,99.054,0.010,0.0,0.020,1493119204.035,
0.295,0.506,99.189,0.0,0.0,0.010,0.0,0.0,187966.800,138765916.600,0.0,0.0,4971.400,636.0,0.600,0.0,0.0,2499641344.0,1839104.0,15545020416.0,1.50733692928e+11,0.0,0.0,0.0,0.0,4970.800,637.800,0.290,0.501,99.199,0.0,0.0,0.010,1493119209.035,
0.325,0.500,99.149,0.015,0.0,0.010,25395.200,2457.600,195286.600,141461463.400,0.0,0.0,4547.400,648.600,0.400,0.0,0.200,2485743616.0,1847296.0,15545147392.0,1.50747455488e+11,0.0,0.0,25395.200,2457.600,4545.800,646.400,0.330,0.500,99.144,0.015,0.0,0.010,1493119214.035,
0.290,0.530,99.169,0.0,0.0,0.010,0.0,0.0,189730.0,144547592.400,0.0,0.0,3894.800,635.800,0.200,0.0,0.0,2486927360.0,1847296.0,15545147392.0,1.50746271744e+11,0.0,0.0,0.0,0.0,3895.600,635.800,0.285,0.530,99.174,0.0,0.0,0.010,1493119219.035,
0.245,0.380,99.359,0.005,0.0,0.010,0.0,2457.600,167712.800,109153684.0,0.0,0.0,3367.600,534.200,0.600,0.0,0.0,2503876608.0,1855488.0,15545147392.0,1.50729314304e+11,0.0,0.0,0.0,2457.600,3367.400,534.600,0.250,0.380,99.354,0.005,0.0,0.010,1493119224.034,
0.345,0.565,99.084,0.0,0.0,0.005,0.0,0.0,230232.800,149611879.0,0.0,0.0,6284.200,663.200,0.400,0.0,0.0,2515529728.0,1855488.0,15545147392.0,1.50717661184e+11,0.0,0.0,0.0,0.0,6289.0,662.800,0.345,0.565,99.085,0.0,0.0,0.005,1493119229.035,
0.270,0.435,99.279,0.010,0.0,0.005,0.0,3276.800,180107.200,119488889.200,0.0,0.0,5300.800,548.800,0.600,0.0,0.0,2512519168.0,1863680.0,15545147392.0,1.50720663552e+11,0.0,0.0,0.0,3276.800,5298.0,548.800,0.270,0.436,99.279,0.010,0.0,0.005,1493119234.034,
0.390,0.671,98.924,0.010,0.0,0.005,0.0,2457.600,262178.400,174454784.400,0.0,0.0,8167.0,752.600,0.800,0.0,0.0,2499616768.0,1871872.0,15545147392.0,1.5073355776e+11,0.0,0.0,0.0,2457.600,8168.0,753.0,0.390,0.671,98.924,0.010,0.0,0.005,1493119239.035,
0.355,0.576,99.054,0.0,0.0,0.015,0.0,0.0,230298.600,146769766.0,0.0,0.0,6854.0,681.200,0.600,0.0,0.0,2528681984.0,1871872.0,15545147392.0,1.50704492544e+11,0.0,0.0,0.0,0.0,6850.400,680.800,0.350,0.576,99.059,0.0,0.0,0.015,1493119244.035,
0.295,0.495,99.189,0.005,0.0,0.015,0.0,2457.600,197978.400,141310770.0,0.0,0.0,4233.0,597.800,0.0,0.0,0.0,2483236864.0,1880064.0,15545151488.0,1.50749925376e+11,0.0,0.0,0.0,2457.600,4233.0,597.800,0.295,0.495,99.190,0.005,0.0,0.015,1493119249.035,
0.280,0.450,99.260,0.0,0.0,0.010,0.0,0.0,177090.400,118160490.400,0.0,0.0,3581.800,543.200,0.600,0.0,0.0,2529808384.0,1880064.0,15545151488.0,1.50703353856e+11,0.0,0.0,0.0,0.0,3586.0,543.200,0.280,0.455,99.255,0.0,0.0,0.010,1493119254.035,
0.340,0.540,99.089,0.005,0.0,0.025,0.0,2457.600,233337.200,152896812.0,0.0,0.0,4872.0,693.800,0.200,0.0,0.0,2529075200.0,1888256.0,15545151488.0,1.50704078848e+11,0.0,0.0,0.0,2457.600,4870.400,693.800,0.340,0.535,99.094,0.005,0.0,0.025,1493119259.035,
0.330,0.670,98.970,0.0,0.0,0.030,0.0,0.0,251623.400,172152915.200,0.0,0.0,4951.600,723.800,0.400,0.0,0.0,2501103616.0,1888256.0,15545151488.0,1.50732050432e+11,0.0,0.0,0.0,0.0,4949.400,723.800,0.330,0.675,98.965,0.0,0.0,0.030,1493119264.035,
0.260,0.450,99.260,0.010,0.0,0.020,0.0,4096.0,159494.400,122045617.0,0.0,0.0,3332.800,568.400,0.200,0.0,0.0,2501013504.0,1896448.0,15545151488.0,1.50732132352e+11,0.0,0.0,0.0,4096.0,3335.200,568.400,0.265,0.445,99.260,0.010,0.0,0.020,1493119269.035,
0.295,0.520,99.150,0.005,0.0,0.030,0.0,4915.200,202712.200,139841953.600,0.0,0.0,3958.400,617.200,0.200,0.0,0.0,2482814976.0,1904640.0,15545151488.0,1.50750322688e+11,0.0,0.0,0.0,4915.200,3955.600,617.600,0.290,0.520,99.155,0.005,0.0,0.030,1493119274.035,
0.260,0.415,99.305,0.0,0.0,0.020,0.0,0.0,165184.200,113119958.600,0.0,0.0,3932.600,540.200,0.200,0.0,0.0,2515034112.0,1904640.0,15545151488.0,1.50718103552e+11,0.0,0.0,0.0,0.0,3936.200,539.800,0.265,0.415,99.300,0.0,0.0,0.020,1493119279.035,
0.225,0.390,99.359,0.010,0.0,0.015,0.0,2457.600,156973.800,111087910.800,0.0,0.0,4817.600,586.800,0.0,0.0,0.0,2483281920.0,1912832.0,15545151488.0,1.50749847552e+11,0.0,0.0,0.0,2457.600,4814.0,586.800,0.220,0.390,99.364,0.010,0.0,0.015,1493119284.035,
0.010,0.010,99.980,0.0,0.0,0.0,0.0,0.0,6769.800,9566.400,0.0,0.0,203.200,202.800,0.0,0.0,0.0,2482102272.0,1912832.0,15545151488.0,1.507510272e+11,0.0,0.0,0.0,0.0,203.200,202.800,0.010,0.010,99.980,0.0,0.0,0.0,1493119289.035,
