"Dstat 0.7.2 CSV output"
"Author:","Dag Wieers <dag@wieers.com>",,,,"URL:","http://dag.wieers.com/home-made/dstat/"
"Host:","client0.skyhook--8osds.skyhook-pg0.wisc.cloudlab.us",,,,"User:","jlefevre"
"Cmdline:","dstat -av --epoch --integer --noheaders --output 8osds.dstat-client0.log 5",,,,"Date:","25 Apr 2017 03:36:47 CDT"

"total cpu usage",,,,,,"dsk/total",,"net/total",,"paging",,"system",,"procs",,,"memory usage",,,,"paging",,"dsk/total",,"system",,"total cpu usage",,,,,,"epoch"
"usr","sys","idl","wai","hiq","siq","read","writ","recv","send","in","out","int","csw","run","blk","new","used","buff","cach","free","in","out","read","writ","int","csw","usr","sys","idl","wai","hiq","siq","epoch"
0.030,0.025,99.930,0.010,0.0,0.005,0.0,17203.200,49319.200,3334.800,0.0,0.0,1512.800,7549.0,0.0,0.0,0.0,5476970496.0,187723776.0,1.47672334336e+11,15443165184.0,0.0,0.0,0.0,17203.200,1512.800,7552.800,0.030,0.020,99.935,0.010,0.0,0.005,1493113742.220,
0.649,3.324,95.690,0.091,0.0,0.246,0.0,102400.0,402007636.600,421638.600,0.0,0.0,13733.200,11142.200,2.600,0.200,5.800,5673791488.0,187731968.0,1.47672436736e+11,15246233600.0,0.0,0.0,0.0,102400.0,13735.800,11143.800,0.649,3.329,95.685,0.091,0.0,0.246,1493113747.220,
0.743,5.380,93.400,0.156,0.0,0.321,0.0,210534.400,579201472.0,503535.200,0.0,0.0,15046.800,15064.800,2.200,0.0,0.0,5689032704.0,187772928.0,1.4767269888e+11,15230689280.0,0.0,0.0,0.0,210534.400,15045.400,15065.0,0.743,5.379,93.400,0.156,0.0,0.321,1493113752.220,
0.588,4.631,94.360,0.100,0.0,0.321,0.0,205619.200,449433114.200,304550.600,0.0,0.0,11929.0,12358.0,2.0,0.0,0.800,5704347648.0,187789312.0,1.47673001984e+11,15215054848.0,0.0,0.0,0.0,205619.200,11929.0,12357.800,0.588,4.631,94.360,0.100,0.0,0.321,1493113757.220,
0.520,4.303,94.397,0.110,0.0,0.670,0.0,167116.800,384873957.600,236554.600,0.0,0.0,10676.200,10551.600,1.600,0.200,0.0,5711331328.0,187834368.0,1.4767321088e+11,15207817216.0,0.0,0.0,0.0,167116.800,10675.600,10549.200,0.520,4.298,94.401,0.110,0.0,0.670,1493113762.220,
0.567,4.801,94.134,0.151,0.0,0.347,0.0,200704.0,459599164.400,280146.400,0.0,0.0,12113.800,12533.200,2.400,0.0,0.800,5710225408.0,187838464.0,1.4767341568e+11,15208714240.0,0.0,0.0,0.0,200704.0,12129.400,12551.400,0.567,4.806,94.130,0.151,0.0,0.346,1493113767.220,
0.508,4.751,94.304,0.166,0.0,0.271,0.0,215449.600,457483098.200,255980.0,0.0,0.0,11318.800,11817.600,2.800,0.0,0.600,5698842624.0,187863040.0,1.4767368192e+11,15219806208.0,0.0,0.0,0.0,215449.600,11305.400,11796.200,0.508,4.751,94.299,0.166,0.0,0.277,1493113772.220,
0.573,4.375,94.696,0.105,0.0,0.251,0.0,156467.200,467051989.600,270933.0,0.0,0.0,11979.600,11866.800,2.0,0.200,0.0,5704450048.0,187883520.0,1.47673923584e+11,15213936640.0,0.0,0.0,0.0,156467.200,11977.600,11878.0,0.573,4.370,94.706,0.105,0.0,0.246,1493113777.220,
0.578,4.503,94.381,0.241,0.0,0.297,0.0,4292608.0,449786866.400,244710.400,0.0,0.0,10860.800,11670.600,2.200,0.0,0.400,5689774080.0,187965440.0,1.47669078016e+11,15233376256.0,0.0,0.0,0.0,4292608.0,10862.600,11669.600,0.583,4.503,94.376,0.241,0.0,0.297,1493113782.220,
0.538,4.622,94.478,0.116,0.0,0.246,0.0,182681.600,409855723.200,221036.600,0.0,0.0,10319.800,11027.800,2.200,0.200,0.200,5709684736.0,188039168.0,1.47669315584e+11,15213154304.0,0.0,0.0,0.0,182681.600,10320.0,11023.200,0.533,4.628,94.478,0.116,0.0,0.246,1493113787.220,
0.552,4.490,94.546,0.161,0.0,0.251,0.0,170393.600,471224657.600,272936.200,0.0,0.0,10520.0,12135.200,2.400,0.0,0.400,5707165696.0,188063744.0,1.47669495808e+11,15215468544.0,0.0,0.0,0.0,170393.600,10518.200,12132.400,0.552,4.494,94.542,0.161,0.0,0.251,1493113792.220,
0.638,4.918,93.937,0.156,0.0,0.352,0.0,197427.200,531385157.0,402097.0,0.0,0.0,13415.800,14580.0,2.0,0.0,0.0,5678153728.0,188096512.0,1.47669786624e+11,15244156928.0,0.0,0.0,0.0,197427.200,13415.800,14586.400,0.638,4.913,93.942,0.156,0.0,0.352,1493113797.220,
0.513,4.309,94.842,0.136,0.0,0.201,0.0,192512.0,413266895.200,205867.200,0.0,0.0,10233.600,10978.200,2.200,0.200,0.400,5709082624.0,188100608.0,1.47670011904e+11,15212998656.0,0.0,0.0,0.0,192512.0,10243.600,10975.400,0.518,4.304,94.842,0.136,0.0,0.201,1493113802.220,
0.608,4.874,94.021,0.181,0.0,0.317,0.0,194150.400,473431140.400,284248.400,0.0,0.0,12098.400,11801.0,1.400,0.0,0.0,5707100160.0,188157952.0,1.47670274048e+11,15214661632.0,0.0,0.0,0.0,194150.400,12097.800,11808.600,0.603,4.879,94.021,0.181,0.0,0.317,1493113807.220,
0.598,4.780,94.150,0.136,0.0,0.336,0.0,192512.0,513533262.400,328438.800,0.0,0.0,11773.600,13992.800,2.400,0.0,0.0,5691248640.0,188227584.0,1.4767050752e+11,15230210048.0,0.0,0.0,0.0,192512.0,11766.0,13981.200,0.598,4.776,94.155,0.136,0.0,0.336,1493113812.220,
0.522,4.498,94.564,0.125,0.0,0.291,0.0,154828.800,452316704.400,272143.400,0.0,0.0,10274.200,12758.200,2.600,0.200,0.0,5699915776.0,188284928.0,1.47670736896e+11,15221256192.0,0.0,0.0,0.0,154828.800,10282.200,12761.400,0.527,4.502,94.554,0.125,0.0,0.291,1493113817.220,
0.553,4.375,94.580,0.176,0.0,0.316,0.0,192512.0,447130430.0,235153.800,0.0,0.0,10416.600,11721.600,2.200,0.0,0.0,5689225216.0,188301312.0,1.47671007232e+11,15231660032.0,0.0,0.0,0.0,192512.0,10408.600,11719.600,0.553,4.375,94.580,0.176,0.0,0.316,1493113822.220,
0.563,4.864,94.211,0.161,0.0,0.201,0.0,188416.0,451185564.0,275962.600,0.0,0.0,11752.0,11843.600,2.600,0.0,0.200,5692645376.0,188346368.0,1.47671191552e+11,15228010496.0,0.0,0.0,0.0,188416.0,11756.800,11841.200,0.558,4.864,94.215,0.161,0.0,0.201,1493113827.220,
0.477,4.181,95.025,0.106,0.0,0.211,0.0,150732.800,401188815.600,212183.800,0.0,0.0,9725.600,10828.200,2.800,0.200,0.0,5688582144.0,188350464.0,1.47671412736e+11,15231848448.0,0.0,0.0,0.0,150732.800,9727.0,10833.0,0.477,4.181,95.020,0.106,0.0,0.216,1493113832.220,
0.543,4.510,94.605,0.101,0.0,0.241,0.0,199884.800,410949978.800,214801.200,0.0,0.0,10564.600,11077.0,2.400,0.0,0.0,5695721472.0,188362752.0,1.47671638016e+11,15224471552.0,0.0,0.0,0.0,199884.800,10560.800,11072.0,0.543,4.510,94.605,0.101,0.0,0.241,1493113837.220,
0.607,4.779,93.757,0.411,0.0,0.446,0.0,3973939.200,496500877.200,351738.200,0.0,0.0,12260.200,13171.400,3.0,0.0,0.0,5720829952.0,188416000.0,1.47670966272e+11,15199981568.0,0.0,0.0,0.0,3973939.200,12257.600,13176.600,0.607,4.779,93.762,0.411,0.0,0.441,1493113842.220,
0.572,4.690,94.290,0.156,0.0,0.291,0.0,150732.800,455152436.800,283450.200,0.0,0.0,11842.200,11962.0,2.800,0.200,0.0,5671772160.0,188424192.0,1.47671228416e+11,15248769024.0,0.0,0.0,0.0,150732.800,11851.800,11968.400,0.572,4.690,94.290,0.156,0.0,0.291,1493113847.220,
0.591,4.606,94.131,0.185,0.0,0.486,0.0,191692.800,469342770.400,291005.600,0.0,0.0,11621.200,12766.0,2.200,0.0,0.0,5711843328.0,188452864.0,1.47671453696e+11,15208443904.0,0.0,0.0,0.0,191692.800,11614.600,12763.800,0.592,4.607,94.130,0.185,0.0,0.486,1493113852.220,
0.552,4.452,94.449,0.090,0.0,0.456,0.0,156467.200,471330965.600,231788.800,0.0,0.0,11124.400,11557.200,2.0,0.0,0.0,5696086016.0,188485632.0,1.47671707648e+11,15223914496.0,0.0,0.0,0.0,159744.0,11130.0,11554.600,0.552,4.452,94.450,0.090,0.0,0.456,1493113857.220,
0.592,4.624,94.407,0.095,0.0,0.281,0.0,187596.800,507625765.800,343736.600,0.0,0.0,11738.800,13202.200,2.400,0.0,0.0,5695844352.0,188518400.0,1.47671937024e+11,15223894016.0,0.0,0.0,0.0,184320.0,11736.200,13206.600,0.592,4.619,94.412,0.095,0.0,0.281,1493113862.220,
0.583,4.755,94.295,0.101,0.0,0.266,0.0,192512.0,518060425.800,366975.600,0.0,0.0,12011.0,14464.600,2.0,0.0,0.0,5705375744.0,188526592.0,1.47672219648e+11,15214071808.0,0.0,0.0,0.0,192512.0,12012.600,14460.800,0.583,4.755,94.295,0.101,0.0,0.266,1493113867.220,
0.563,4.450,94.515,0.085,0.0,0.387,0.0,183500.800,477442229.0,318389.0,0.0,0.0,12281.400,12813.800,2.400,0.200,0.0,5718290432.0,188563456.0,1.47672436736e+11,15200903168.0,0.0,0.0,0.0,183500.800,12275.600,12806.200,0.563,4.455,94.510,0.085,0.0,0.387,1493113872.220,
0.497,4.191,94.809,0.211,0.0,0.291,0.0,186777.600,426850973.0,232265.200,0.0,0.0,10289.800,11643.400,1.600,0.0,0.0,5712764928.0,188596224.0,1.47672682496e+11,15206150144.0,0.0,0.0,0.0,186777.600,10290.600,11646.600,0.497,4.191,94.809,0.211,0.0,0.291,1493113877.220,
0.558,4.587,94.434,0.146,0.0,0.276,0.0,190054.400,470650727.200,301544.200,0.0,0.0,11634.600,12329.400,2.400,0.0,0.0,5694914560.0,188608512.0,1.47672920064e+11,15223750656.0,0.0,0.0,0.0,190054.400,11642.200,12329.400,0.558,4.587,94.434,0.146,0.0,0.276,1493113882.220,
0.588,4.952,94.058,0.075,0.0,0.327,0.0,150732.800,485345511.600,328247.400,0.0,0.0,13171.800,12815.600,2.400,0.200,0.0,5689516032.0,188624896.0,1.47673153536e+11,15228899328.0,0.0,0.0,0.0,150732.800,13160.200,12820.400,0.593,4.951,94.053,0.075,0.0,0.327,1493113887.220,
0.648,5.005,94.061,0.030,0.0,0.256,0.0,190054.400,518740195.600,344367.0,0.0,0.0,12863.400,13165.400,2.400,0.0,0.0,5682786304.0,188653568.0,1.476733952e+11,15235358720.0,0.0,0.0,0.0,190054.400,12863.400,13160.600,0.643,5.010,94.060,0.030,0.0,0.256,1493113892.220,
0.603,4.476,94.344,0.271,0.0,0.306,0.0,3823206.400,469310165.800,301271.800,0.0,0.0,12597.400,12701.200,2.600,0.200,0.0,5725175808.0,188706816.0,1.47670413312e+11,15195897856.0,0.0,0.0,0.0,3823206.400,12605.400,12705.600,0.608,4.466,94.349,0.271,0.0,0.306,1493113897.220,
0.503,4.418,94.713,0.106,0.0,0.261,0.0,149913.600,407314636.200,287329.600,0.0,0.0,11909.0,11983.0,2.600,0.200,0.0,5702463488.0,188731392.0,1.47670597632e+11,15218401280.0,0.0,0.0,0.0,149913.600,11901.0,11979.400,0.498,4.428,94.707,0.106,0.0,0.261,1493113902.220,
0.513,4.675,94.420,0.156,0.0,0.236,0.0,216268.800,413883890.400,209909.200,0.0,0.0,10447.0,10920.400,1.800,0.0,0.0,5708828672.0,188755968.0,1.4767091712e+11,15211692032.0,0.0,0.0,0.0,216268.800,10446.600,10916.0,0.513,4.670,94.425,0.156,0.0,0.236,1493113907.220,
0.623,4.848,94.052,0.206,0.0,0.271,0.0,840499.200,532606745.600,426710.400,0.0,0.0,12684.800,14455.400,2.200,0.200,0.0,5698043904.0,188768256.0,1.47672682496e+11,15220699136.0,0.0,0.0,0.0,840499.200,12695.600,14477.400,0.623,4.848,94.047,0.211,0.0,0.271,1493113912.220,
0.518,4.358,94.652,0.266,0.0,0.206,0.0,2242150.400,434056025.200,255518.0,0.0,0.0,10276.200,12366.200,2.800,0.200,0.0,5691801600.0,188813312.0,1.4766782464e+11,15231754240.0,0.0,0.0,0.0,2242150.400,10273.800,12349.800,0.518,4.358,94.657,0.261,0.0,0.206,1493113917.220,
0.523,4.388,94.738,0.141,0.0,0.211,0.0,183500.800,403611744.200,219500.0,0.0,0.0,10178.200,11051.600,2.600,0.0,0.0,5703958528.0,188837888.0,1.47668062208e+11,15219335168.0,0.0,0.0,0.0,183500.800,10169.600,11050.400,0.523,4.388,94.738,0.141,0.0,0.211,1493113922.220,
0.553,4.778,94.278,0.095,0.0,0.296,0.0,188416.0,416486446.800,229100.800,0.0,0.0,11334.600,10869.400,3.0,0.0,0.0,5693820928.0,188866560.0,1.47668307968e+11,15229198336.0,0.0,0.0,0.0,188416.0,11334.800,10869.400,0.553,4.783,94.272,0.095,0.0,0.296,1493113927.220,
0.538,4.668,94.382,0.161,0.0,0.251,0.0,158924.800,417974535.600,248353.600,0.0,0.0,11108.600,11505.200,2.200,0.400,0.400,5714665472.0,188891136.0,1.47668488192e+11,15208148992.0,0.0,0.0,0.0,158924.800,11108.600,11504.0,0.538,4.663,94.388,0.161,0.0,0.251,1493113932.220,
0.593,4.778,94.172,0.161,0.0,0.296,0.0,190054.400,478782601.200,329029.600,0.0,0.0,14001.0,11675.800,2.400,0.0,0.0,5707825152.0,188915712.0,1.47668721664e+11,15214731264.0,0.0,0.0,0.0,190054.400,14002.800,11673.800,0.593,4.778,94.172,0.161,0.0,0.296,1493113937.220,
0.477,3.954,95.217,0.151,0.0,0.201,0.0,179404.800,401885761.800,236201.0,0.0,0.0,10407.200,11082.200,1.800,0.200,0.0,5718757376.0,188952576.0,1.47668987904e+11,15203495936.0,0.0,0.0,0.0,179404.800,10412.400,11087.0,0.477,3.954,95.217,0.151,0.0,0.201,1493113942.220,
0.543,4.581,94.479,0.136,0.0,0.261,0.0,181862.400,494816055.600,334692.200,0.0,0.0,12477.600,12559.400,2.200,0.0,0.0,5704507392.0,188960768.0,1.47669221376e+11,15217504256.0,0.0,0.0,0.0,181862.400,12477.200,12553.400,0.548,4.586,94.469,0.136,0.0,0.261,1493113947.220,
0.567,4.632,94.309,0.125,0.0,0.366,0.0,197427.200,510886135.400,379397.200,0.0,0.0,12346.200,14056.800,2.200,0.0,0.200,5722038272.0,189001728.0,1.47669508096e+11,15199645696.0,0.0,0.0,0.0,197427.200,12342.800,14057.600,0.562,4.627,94.319,0.125,0.0,0.366,1493113952.220,
0.532,4.405,94.731,0.095,0.0,0.236,0.0,161382.400,441400153.200,257917.400,0.0,0.0,10593.200,11704.400,3.200,0.200,0.0,5693640704.0,189018112.0,1.47669712896e+11,15227822080.0,0.0,0.0,0.0,165478.400,10603.600,11717.600,0.532,4.400,94.741,0.085,0.0,0.241,1493113957.220,
0.493,4.606,94.570,0.106,0.0,0.226,0.0,180224.0,409399727.800,246790.800,0.0,0.0,10821.800,11967.800,2.800,0.0,0.0,5716369408.0,189067264.0,1.47669946368e+11,15204810752.0,0.0,0.0,0.0,176128.0,10813.200,11962.200,0.498,4.610,94.555,0.116,0.0,0.221,1493113962.220,
0.577,4.885,94.080,0.065,0.0,0.392,0.0,189235.200,478492863.0,286108.600,0.0,0.0,12254.400,12604.0,2.600,0.0,0.0,5687455744.0,189075456.0,1.47670204416e+11,15233458176.0,0.0,0.0,0.0,189235.200,12250.0,12600.800,0.572,4.886,94.085,0.065,0.0,0.392,1493113967.220,
0.578,4.691,94.404,0.080,0.0,0.246,0.0,122880.0,456990860.400,310210.600,0.0,0.0,11766.0,12600.200,2.400,0.200,0.0,5687308288.0,189079552.0,1.47670413312e+11,15233392640.0,0.0,0.0,0.0,122880.0,11770.800,12598.600,0.583,4.690,94.400,0.080,0.0,0.246,1493113972.220,
0.564,4.514,94.661,0.060,0.0,0.201,0.0,199065.600,436793717.200,281869.200,0.0,0.0,11564.400,12173.400,1.800,0.0,0.0,5722271744.0,189132800.0,1.47670667264e+11,15198121984.0,0.0,0.0,0.0,199065.600,11559.0,12171.600,0.559,4.514,94.665,0.060,0.0,0.201,1493113977.219,
0.543,4.406,94.750,0.020,0.0,0.281,0.0,183500.800,418555650.0,228374.400,0.0,0.0,10272.200,11350.600,3.0,0.0,0.0,5704835072.0,189140992.0,1.47670884352e+11,15215333376.0,0.0,0.0,0.0,183500.800,10275.800,11351.600,0.542,4.405,94.751,0.020,0.0,0.281,1493113982.220,
0.563,4.458,94.637,0.085,0.0,0.256,0.0,156467.200,515983218.400,397972.800,0.0,0.0,11986.400,14519.400,2.0,0.200,0.0,5714235392.0,189157376.0,1.47671097344e+11,15205703680.0,0.0,0.0,0.0,156467.200,11990.600,14522.800,0.563,4.459,94.636,0.085,0.0,0.256,1493113987.220,
0.553,4.502,94.638,0.116,0.0,0.191,0.0,172032.0,475370497.400,338524.800,0.0,0.0,12841.800,13308.600,1.600,0.0,0.0,5703168000.0,189173760.0,1.47671351296e+11,15216500736.0,0.0,0.0,0.0,172032.0,12850.200,13315.800,0.553,4.506,94.634,0.116,0.0,0.191,1493113992.220,
0.617,4.825,94.011,0.095,0.0,0.451,0.0,190054.400,480212289.200,321593.600,0.0,0.0,12375.800,12463.0,2.0,0.0,0.0,5713891328.0,189202432.0,1.47671605248e+11,15205494784.0,0.0,0.0,0.0,190054.400,12359.800,12453.600,0.617,4.825,94.011,0.095,0.0,0.451,1493113997.220,
0.558,4.227,94.814,0.131,0.0,0.271,0.0,157286.400,477866948.800,280553.200,0.0,0.0,11239.400,12632.400,2.800,0.200,0.0,5724270592.0,189210624.0,1.47671801856e+11,15194910720.0,0.0,0.0,0.0,157286.400,11241.800,12638.400,0.558,4.222,94.818,0.131,0.0,0.271,1493114002.220,
0.638,4.844,94.076,0.136,0.0,0.306,0.0,191692.800,540226239.200,421439.0,0.0,0.0,13159.200,14599.200,1.600,0.0,0.0,5709934592.0,189231104.0,1.47672051712e+11,15208976384.0,0.0,0.0,0.0,191692.800,13156.200,14593.0,0.643,4.844,94.071,0.136,0.0,0.306,1493114007.220,
0.679,4.876,94.034,0.131,0.0,0.281,0.0,206438.400,573349065.200,464649.800,0.0,0.0,13439.400,14653.0,2.400,0.0,0.0,5692911616.0,189259776.0,1.47672322048e+11,15225700352.0,0.0,0.0,0.0,206438.400,13441.200,14650.400,0.674,4.875,94.039,0.131,0.0,0.281,1493114012.220,
0.542,4.193,94.918,0.085,0.0,0.261,0.0,152371.200,466852338.800,279352.600,0.0,0.0,11235.600,12375.400,2.200,0.200,0.0,5710774272.0,189276160.0,1.47672576e+11,15207567360.0,0.0,0.0,0.0,152371.200,11234.0,12375.600,0.542,4.193,94.918,0.085,0.0,0.261,1493114017.220,
0.602,4.599,94.298,0.135,0.0,0.366,0.0,186777.600,514349969.200,366459.600,0.0,0.0,12320.0,13586.400,2.600,0.0,0.0,5687848960.0,189292544.0,1.47672793088e+11,15230259200.0,0.0,0.0,0.0,186777.600,12335.0,13598.800,0.602,4.599,94.298,0.135,0.0,0.366,1493114022.220,
0.561,4.327,94.456,0.155,0.0,0.501,0.0,192512.0,481113369.800,344956.800,0.0,0.0,11822.200,13035.600,2.200,0.0,0.0,5702828032.0,189292544.0,1.47673071616e+11,15215001600.0,0.0,0.0,0.0,192512.0,11809.200,13026.600,0.561,4.332,94.451,0.155,0.0,0.501,1493114027.220,
0.552,4.415,94.486,0.140,0.0,0.406,0.0,155648.0,470697829.800,327811.0,0.0,0.0,11915.800,12706.0,2.600,0.200,0.0,5702823936.0,189325312.0,1.47673284608e+11,15214759936.0,0.0,0.0,0.0,155648.0,11916.600,12709.400,0.552,4.415,94.486,0.140,0.0,0.406,1493114032.220,
0.552,4.508,94.423,0.151,0.0,0.366,0.0,190054.400,483109654.400,301924.800,0.0,0.0,11774.0,12952.400,1.600,0.0,0.400,5697998848.0,189337600.0,1.47673542656e+11,15219314688.0,0.0,0.0,0.0,190054.400,11782.200,12951.0,0.552,4.503,94.428,0.151,0.0,0.366,1493114037.220,
0.537,4.253,94.848,0.151,0.0,0.211,0.0,194150.400,459976342.0,290010.600,0.0,0.0,10342.800,13292.600,1.800,0.0,0.0,5712445440.0,189362176.0,1.47673772032e+11,15204614144.0,0.0,0.0,0.0,194150.400,10336.600,13297.400,0.537,4.253,94.848,0.151,0.0,0.211,1493114042.220,
0.607,4.646,94.214,0.156,0.0,0.376,0.0,167936.0,507286475.0,356685.200,0.0,0.0,11626.400,14125.600,2.400,0.200,0.800,5697941504.0,189390848.0,1.47674038272e+11,15218823168.0,0.0,0.0,0.0,167936.0,11632.600,14123.800,0.607,4.646,94.214,0.156,0.0,0.376,1493114047.220,
0.578,4.163,94.546,0.402,0.0,0.311,0.0,4316364.800,461614741.600,306016.400,0.0,0.0,10878.200,13099.600,2.200,0.0,0.400,5686652928.0,189435904.0,1.47669209088e+11,15234895872.0,0.0,0.0,0.0,4316364.800,10875.200,13096.200,0.583,4.163,94.541,0.402,0.0,0.311,1493114052.220,
0.563,4.030,94.971,0.176,0.0,0.261,0.0,163020.800,454998489.600,319904.200,0.0,0.0,10536.400,12943.800,2.400,0.200,0.400,5720690688.0,189464576.0,1.47669426176e+11,15200612352.0,0.0,0.0,0.0,163020.800,10532.800,12937.800,0.563,4.025,94.975,0.176,0.0,0.261,1493114057.220,
0.211,1.752,97.802,0.176,0.0,0.060,0.0,159744.0,182078756.200,88581.200,0.0,0.0,4301.600,10312.600,0.600,0.0,1.800,5478723584.0,189472768.0,1.47669569536e+11,15442427904.0,0.0,0.0,0.0,159744.0,4296.800,10315.800,0.206,1.752,97.807,0.176,0.0,0.060,1493114062.220,
