"Dstat 0.7.2 CSV output"
"Author:","Dag Wieers <dag@wieers.com>",,,,"URL:","http://dag.wieers.com/home-made/dstat/"
"Host:","client0.skyhook--8osds.skyhook-pg0.wisc.cloudlab.us",,,,"User:","jlefevre"
"Cmdline:","dstat -av --epoch --integer --noheaders --output 8osds.dstat-client0.log 5",,,,"Date:","25 Apr 2017 03:36:47 CDT"

"total cpu usage",,,,,,"dsk/total",,"net/total",,"paging",,"system",,"procs",,,"memory usage",,,,"paging",,"dsk/total",,"system",,"total cpu usage",,,,,,"epoch"
"usr","sys","idl","wai","hiq","siq","read","writ","recv","send","in","out","int","csw","run","blk","new","used","buff","cach","free","in","out","read","writ","int","csw","usr","sys","idl","wai","hiq","siq","epoch"
0.155,0.040,99.799,0.0,0.0,0.005,0.0,9011.200,55603.800,9445.400,0.0,0.0,1492.800,7427.200,0.200,0.0,1.400,5502906368.0,186429440.0,1.47584692224e+11,15506165760.0,0.0,0.0,0.0,9011.200,1492.800,7427.200,0.155,0.040,99.799,0.0,0.0,0.005,1493117317.220,
0.146,0.040,99.774,0.035,0.0,0.005,0.0,28672.0,82878.400,47752.200,0.0,0.0,1921.200,8679.200,0.0,0.0,5.800,5499514880.0,186437632.0,1.47584692224e+11,15509549056.0,0.0,0.0,0.0,28672.0,1923.0,8689.400,0.151,0.045,99.764,0.035,0.0,0.005,1493117322.220,
0.211,0.141,99.353,0.296,0.0,0.0,0.0,3766681.600,168637.200,124087.600,0.0,0.0,2763.200,11301.800,1.0,0.0,0.0,5497905152.0,186458112.0,1.4758207488e+11,15513755648.0,0.0,0.0,0.0,3766681.600,2764.200,11302.0,0.206,0.141,99.357,0.296,0.0,0.0,1493117327.220,
0.196,0.075,99.578,0.146,0.0,0.005,0.0,219545.600,165627.200,118880.600,0.0,0.0,2723.400,11140.800,0.0,0.0,0.0,5497544704.0,186474496.0,1.47582394368e+11,15513780224.0,0.0,0.0,0.0,219545.600,2720.600,11130.400,0.196,0.070,99.583,0.146,0.0,0.005,1493117332.220,
0.176,0.100,99.614,0.095,0.0,0.015,0.0,188416.0,169588.800,113703.200,0.0,0.0,2878.0,10959.0,0.0,0.400,0.0,5497311232.0,186503168.0,1.4758285312e+11,15513526272.0,0.0,0.0,0.0,188416.0,2878.400,10959.400,0.176,0.105,99.608,0.095,0.0,0.015,1493117337.220,
0.186,0.105,99.629,0.075,0.0,0.005,0.0,217907.200,164317.600,113115.600,0.0,0.0,2659.0,10783.800,0.0,0.0,0.0,5497245696.0,186523648.0,1.47583168512e+11,15513255936.0,0.0,0.0,0.0,217907.200,2660.400,10798.200,0.186,0.100,99.634,0.075,0.0,0.005,1493117342.220,
0.161,0.085,99.699,0.045,0.0,0.010,0.0,226918.400,163102.600,115135.400,0.0,0.0,3285.400,11003.0,0.0,0.200,0.0,5497184256.0,186544128.0,1.47583553536e+11,15512911872.0,0.0,0.0,0.0,226918.400,3283.800,10988.200,0.161,0.085,99.699,0.045,0.0,0.010,1493117347.220,
0.171,0.121,99.649,0.045,0.0,0.015,0.0,182681.600,165172.200,117729.400,0.0,0.0,2832.600,11092.600,0.200,0.0,0.0,5497249792.0,186548224.0,1.47583967232e+11,15512428544.0,0.0,0.0,0.0,182681.600,2833.600,11095.200,0.171,0.126,99.644,0.045,0.0,0.015,1493117352.220,
0.181,0.095,99.629,0.085,0.0,0.010,0.0,188416.0,167227.400,120074.200,0.0,0.0,2673.600,11096.400,0.200,0.0,0.0,5497102336.0,186564608.0,1.47584352256e+11,15512174592.0,0.0,0.0,0.0,188416.0,2673.0,11097.0,0.181,0.095,99.629,0.085,0.0,0.010,1493117357.220,
0.166,0.080,99.633,0.100,0.0,0.020,0.0,217088.0,171062.800,125709.600,0.0,0.0,2842.200,11273.400,0.200,0.0,0.0,5496995840.0,186585088.0,1.47584790528e+11,15511822336.0,0.0,0.0,0.0,217088.0,2841.800,11270.400,0.166,0.075,99.638,0.100,0.0,0.020,1493117362.220,
0.206,0.110,99.639,0.030,0.0,0.015,0.0,194150.400,164082.400,116842.200,0.0,0.0,2807.600,11070.200,0.0,0.200,0.0,5496463360.0,186597376.0,1.47585142784e+11,15511990272.0,0.0,0.0,0.0,194150.400,2807.800,11070.200,0.206,0.110,99.639,0.030,0.0,0.015,1493117367.220,
0.070,0.040,99.859,0.030,0.0,0.0,0.0,225280.0,104360.0,34999.400,0.0,0.0,1783.800,8517.600,0.0,0.0,1.200,5484417024.0,186605568.0,1.47585568768e+11,15523602432.0,0.0,0.0,0.0,225280.0,1783.600,8519.200,0.070,0.040,99.859,0.030,0.0,0.0,1493117372.220,
